[phase 0 initial]
[[573 238 200 -258 239 -379 -162 -59 81 170 -309 11 -322 -24 -228 210 109 126 -853 155 -151 -405 -194 -204 -359 143 -137 -104 -262 -195 272]
[-314 -270 199 94 -121 -236 178 351 204 61 -448 -143 466 868 -51 426 -393 -31 -616 -33 -76 -301 234 -75 372 -464 78 -12 121 391 31]
[-190 54 -215 410 179 110 -290 -47 296 538 270 -32 194 350 -46 232 -637 -35 -137 44 -309 519 431 -420 91 -308 -105 -22 483 900 63]
[253 -345 194 405 -49 -144 504 -321 362 146 -465 -419 -64 -4 -179 285 -328 61 -790 340 -137 267 521 -228 363 425 -177 181 6 543 334]
[292 15 77 336 136 326 -407 267 569 -300 -206 298 73 -114 79 132 -665 22 -245 203 -216 231 304 -84 -402 -433 111 -115 -609 634 -99]
[221 66 -400 149 -405 646 -346 -234 229 -513 -75 -40 395 -450 -56 -199 25 71 -381 -81 -68 341 417 -408 5 613 -352 -92 -543 422 -1]
[40 213 -408 -429 323 -155 -659 -142 152 782 685 -374 115 -74 296 39 139 -22 -304 -197 -241 -9 155 -325 185 656 329 -367 -183 156 257]
[-255 190 -400 -200 564 -315 61 401 -624 392 310 -112 17 -170 510 -565 419 -201 263 408 59 184 -86 566 98 427 77 -270 -84 -607 -2]
[63 -215 100 383 177 -136 797 -138 -172 485 -120 417 85 -299 36 -668 364 -82 6 -64 -53 104 195 506 -76 90 -311 540 486 -601 89]
[-109 269 154 146 221 683 -150 -170 -77 -559 92 -171 -27 -92 86 -304 -356 -13 922 -178 264 72 -829 -419 -421 -650 372 332 -160 146 -433]
[307 900 -424 23 390 -118 -489 -317 -268 169 357 -242 -168 111 185 262 538 -301 -4 -271 -164 -52 -794 -836 -246 102 -1110 -113 141 91 -224]
[474 -100 -21 195 132 -280 207 88 187 277 -215 -196 46 -252 -332 -143 -472 361 -731 298 -428 -553 132 546 -83 -21 267 286 741 -41 313]
[-247 270 77 25 -534 448 82 282 17 -544 -362 3 76 -66 -713 162 -609 -467 -594 -13 86 -339 89 -71 183 -54 284 244 146 571 229]
[481 278 140 122 334 138 355 468 755 308 14 684 -410 -457 189 421 320 -180 -48 39 26 48 172 -14 -141 675 -114 221 -760 -98 411]
[-640 -329 -584 -345 170 103 -175 665 -295 -699 389 313 162 253 -396 136 -327 44 410 -125 242 -461 193 160 140 274 469 1 -275 -222 114]
[-145 717 64 -206 -365 259 -322 147 401 -464 -76 500 173 -109 -192 -445 115 217 -135 -136 59 -486 311 803 136 -314 340 -368 86 -562 -119]
[-22 703 54 440 518 -97 -694 -102 -320 -776 -145 531 -191 -219 -149 -75 -35 -238 -28 -103 -226 -318 -443 15 -346 76 36 203 -591 -149 -330]
[-381 111 123 244 76 127 22 436 -417 16 -791 77 91 -479 -35 -331 218 382 -73 -119 -63 -149 -68 442 -233 2 36 -91 489 -504 -253]
[-25 887 -364 -169 361 -34 98 275 35 385 463 -218 478 388 -458 72 187 -245 -570 216 -336 -321 -396 -671 417 -100 -257 -198 -280 183 367]
[404 -421 716 -393 39 -431 30 729 414 -141 -343 -180 55 49 338 547 146 326 -24 590 342 440 -429 -46 457 -218 243 -42 -865 -153 284]
[289 158 -247 -331 -337 -20 657 -325 -387 87 -482 -504 302 -100 -273 -557 765 -343 -209 -73 171 -331 170 224 -105 123 -159 446 198 -53 -75]
[206 -197 -239 -176 -176 -559 170 281 489 489 -538 -81 -209 -242 -502 434 -436 -384 -329 -194 355 -282 138 166 48 143 -158 278 283 62 136]
[-390 360 -144 -2 -67 -774 138 90 -40 293 659 181 -99 375 477 213 -207 40 580 25 368 -430 -334 271 474 -298 146 89 55 -180 -84]
[407 310 284 25 115 460 -160 -37 36 -345 -845 -262 -23 75 41 -122 -219 197 255 262 375 141 -328 -569 -152 -84 -590 -307 -285 -812 -228]
[255 -1 292 -87 37 -551 198 616 -147 583 79 -13 1 147 44 373 97 149 -27 -362 -237 -380 191 -116 -418 -302 376 -15 -339 -123 -353]
[-78 130 -217 633 193 15 70 -206 117 181 492 459 -686 -798 -984 13 -92 333 -209 315 54 138 130 -2 205 772 -46 261 174 55 -106]
[-562 -245 217 -209 -27 374 -100 19 -615 172 -47 -126 15 94 -298 601 -376 422 436 85 -127 297 21 -402 356 -757 -359 294 521 410 -339]
[516 -123 -185 530 69 221 192 -247 180 -390 139 -347 -585 -84 497 -263 -97 -755 -170 183 -167 -198 498 498 111 80 181 -44 -680 -344 121]
[62 -293 -689 11 305 260 555 362 -391 372 -172 -288 304 -104 229 271 68 86 -785 -7 -382 -226 338 -284 816 408 -136 29 193 79 188]
[208 52 332 -90 62 251 -600 242 -269 111 -214 -124 379 -404 -159 -436 -105 597 -863 -259 97 24 458 227 67 69 -130 -257 -465 2 113]
[156 -263 -362 79 65 515 286 -36 131 -463 -293 182 1031 266 -432 -166 70 502 -107 247 566 -457 120 155 -387 8 268 -273 -485 -278 -178]]
[phase 0 refreshed]
[[-32 91 528 -175 360 -111 -140 232 136 427 207 736 219 58 142 -104 127 19 248 194 266 3 267 323 -51 127 151 139 -220 59 -673]
[573 238 200 -258 239 -379 -162 -59 81 170 -309 11 -322 -24 -228 210 109 126 -853 155 -151 -405 -194 -204 -359 143 -137 -104 -262 -195 272]
[253 -345 194 405 -49 -144 504 -321 362 146 -465 -419 -64 -4 -179 285 -328 61 -790 340 -137 267 521 -228 363 425 -177 181 6 543 334]
[-190 54 -215 410 179 110 -290 -47 296 538 270 -32 194 350 -46 232 -637 -35 -137 44 -309 519 431 -420 91 -308 -105 -22 483 900 63]
[292 15 77 336 136 326 -407 267 569 -300 -206 298 73 -114 79 132 -665 22 -245 203 -216 231 304 -84 -402 -433 111 -115 -609 634 -99]
[-71 51 -477 -187 -541 320 61 -501 -340 -213 131 -338 322 -336 -135 -331 690 49 -136 -284 148 110 113 -324 407 1046 -463 23 66 -212 98]
[-314 -270 199 94 -121 -236 178 351 204 61 -448 -143 466 868 -51 426 -393 -31 -616 -33 -76 -301 234 -75 372 -464 78 -12 121 391 31]
[-19 -475 278 11 397 -350 236 144 477 433 128 -434 -143 -68 526 213 -351 -101 32 228 -66 34 326 395 409 200 857 -83 -464 206 158]
[63 -215 100 383 177 -136 797 -138 -172 485 -120 417 85 -299 36 -668 364 -82 6 -64 -53 104 195 506 -76 90 -311 540 486 -601 89]
[-255 190 -400 -200 564 -315 61 401 -624 392 310 -112 17 -170 510 -565 419 -201 263 408 59 184 -86 566 98 427 77 -270 -84 -607 -2]
[-180 0 799 40 396 102 621 -526 -148 314 40 -152 55 76 -30 -255 108 45 625 153 609 111 -345 -240 293 335 235 767 235 114 -673]
[-162 -123 -321 70 -284 235 -428 285 278 -378 214 -624 283 71 -140 315 -945 317 116 207 -224 -252 131 244 352 -254 715 -150 517 755 -48]
[248 212 262 463 464 -313 406 -31 57 -180 -200 -302 -426 117 415 436 48 -380 332 154 11 -9 -623 -116 -22 -354 -582 171 -140 141 -323]
[-247 270 77 25 -534 448 82 282 17 -544 -362 3 76 -66 -713 162 -609 -467 -594 -13 86 -339 89 -71 183 -54 284 244 146 571 229]
[481 278 140 122 334 138 355 468 755 308 14 684 -410 -457 189 421 320 -180 -48 39 26 48 172 -14 -141 675 -114 221 -760 -98 411]
[-25 318 59 73 91 -191 -595 275 -177 712 193 58 230 120 122 543 104 -96 -148 -326 -459 -365 -612 -365 22 435 554 392 219 365 157]
[-366 472 279 4 -546 395 -25 -262 576 -595 -326 277 63 139 -39 -17 259 -83 -194 -94 350 334 700 29 582 132 -104 -473 -649 22 -98]
[-22 703 54 440 518 -97 -694 -102 -320 -776 -145 531 -191 -219 -149 -75 -35 -238 -28 -103 -226 -318 -443 15 -346 76 36 203 -591 -149 -330]
[-381 111 123 244 76 127 22 436 -417 16 -791 77 91 -479 -35 -331 218 382 -73 -119 -63 -149 -68 442 -233 2 36 -91 489 -504 -253]
[-390 360 -144 -2 -67 -774 138 90 -40 293 659 181 -99 375 477 213 -207 40 580 25 368 -430 -334 271 474 -298 146 89 55 -180 -84]
[-58 235 -668 277 -371 448 -491 13 134 -31 246 -127 -623 79 -21 98 -342 39 -426 442 309 823 -125 -492 -1 484 159 -229 -268 409 451]
[-50 -539 -560 252 -215 140 164 -131 63 300 454 -449 493 -420 -80 -684 106 303 -414 -23 57 -21 131 143 300 12 -413 -197 168 2 -630]
[516 -123 -185 530 69 221 192 -247 180 -390 139 -347 -585 -84 497 -263 -97 -755 -170 183 -167 -198 498 498 111 80 181 -44 -680 -344 121]
[-339 -195 -604 -40 51 -100 735 -149 -339 -707 65 -128 -142 -172 -77 -340 -493 -195 510 144 -51 -157 -310 405 -455 -145 210 -41 -181 119 258]
[198 173 -313 -195 407 -69 -91 -149 -276 -84 473 -676 -616 -367 140 -636 653 -13 -533 111 41 229 -126 149 -46 -413 -13 -225 -39 -387 323]
[-154 557 -656 -326 -109 234 -137 -51 -453 479 253 -117 560 254 -140 -610 456 -439 444 -369 -1 -79 80 32 -377 -610 -87 243 675 304 -346]
[323 453 -230 22 -619 -282 89 7 -24 -87 -95 -402 327 131 -27 223 457 -21 -288 -73 -511 791 417 189 241 699 -185 17 629 410 252]
[-224 152 41 -479 138 854 -164 -284 478 104 -242 42 -115 -67 -395 202 -247 161 -959 -85 -262 -17 269 -115 -34 158 226 -37 -415 565 -88]
[424 212 -612 433 537 -123 395 459 107 -77 103 -54 -578 107 256 304 -328 -307 -63 327 -126 -139 -253 0 65 -38 374 -356 274 201 214]
[-254 -6 -250 56 -116 -602 243 -162 -485 83 190 -182 6 271 -363 344 -257 118 -308 -690 -222 -377 46 261 43 -507 -990 -277 544 446 311]
[157 20 -100 651 -350 147 659 244 -29 -66 -387 -382 92 129 -546 743 490 -322 -199 187 479 -358 1 346 683 -24 -352 -80 766 -508 274]]
[phase 1 initial]
[[-32 91 528 -175 360 -111 -140 232 136 427 207 736 219 58 142 -104 127 19 248 194 266 3 267 323 -51 127 151 139 -220 59 -673]
[573 238 200 -258 239 -379 -162 -59 81 170 -309 11 -322 -24 -228 210 109 126 -853 155 -151 -405 -194 -204 -359 143 -137 -104 -262 -195 272]
[253 -345 194 405 -49 -144 504 -321 362 146 -465 -419 -64 -4 -179 285 -328 61 -790 340 -137 267 521 -228 363 425 -177 181 6 543 334]
[-190 54 -215 410 179 110 -290 -47 296 538 270 -32 194 350 -46 232 -637 -35 -137 44 -309 519 431 -420 91 -308 -105 -22 483 900 63]
[292 15 77 336 136 326 -407 267 569 -300 -206 298 73 -114 79 132 -665 22 -245 203 -216 231 304 -84 -402 -433 111 -115 -609 634 -99]
[-71 51 -477 -187 -541 320 61 -501 -340 -213 131 -338 322 -336 -135 -331 690 49 -136 -284 148 110 113 -324 407 1046 -463 23 66 -212 98]
[-314 -270 199 94 -121 -236 178 351 204 61 -448 -143 466 868 -51 426 -393 -31 -616 -33 -76 -301 234 -75 372 -464 78 -12 121 391 31]
[-19 -475 278 11 397 -350 236 144 477 433 128 -434 -143 -68 526 213 -351 -101 32 228 -66 34 326 395 409 200 857 -83 -464 206 158]
[63 -215 100 383 177 -136 797 -138 -172 485 -120 417 85 -299 36 -668 364 -82 6 -64 -53 104 195 506 -76 90 -311 540 486 -601 89]
[-255 190 -400 -200 564 -315 61 401 -624 392 310 -112 17 -170 510 -565 419 -201 263 408 59 184 -86 566 98 427 77 -270 -84 -607 -2]
[-180 0 799 40 396 102 621 -526 -148 314 40 -152 55 76 -30 -255 108 45 625 153 609 111 -345 -240 293 335 235 767 235 114 -673]
[-162 -123 -321 70 -284 235 -428 285 278 -378 214 -624 283 71 -140 315 -945 317 116 207 -224 -252 131 244 352 -254 715 -150 517 755 -48]
[248 212 262 463 464 -313 406 -31 57 -180 -200 -302 -426 117 415 436 48 -380 332 154 11 -9 -623 -116 -22 -354 -582 171 -140 141 -323]
[-247 270 77 25 -534 448 82 282 17 -544 -362 3 76 -66 -713 162 -609 -467 -594 -13 86 -339 89 -71 183 -54 284 244 146 571 229]
[481 278 140 122 334 138 355 468 755 308 14 684 -410 -457 189 421 320 -180 -48 39 26 48 172 -14 -141 675 -114 221 -760 -98 411]
[-25 318 59 73 91 -191 -595 275 -177 712 193 58 230 120 122 543 104 -96 -148 -326 -459 -365 -612 -365 22 435 554 392 219 365 157]
[-366 472 279 4 -546 395 -25 -262 576 -595 -326 277 63 139 -39 -17 259 -83 -194 -94 350 334 700 29 582 132 -104 -473 -649 22 -98]
[-22 703 54 440 518 -97 -694 -102 -320 -776 -145 531 -191 -219 -149 -75 -35 -238 -28 -103 -226 -318 -443 15 -346 76 36 203 -591 -149 -330]
[-381 111 123 244 76 127 22 436 -417 16 -791 77 91 -479 -35 -331 218 382 -73 -119 -63 -149 -68 442 -233 2 36 -91 489 -504 -253]
[-390 360 -144 -2 -67 -774 138 90 -40 293 659 181 -99 375 477 213 -207 40 580 25 368 -430 -334 271 474 -298 146 89 55 -180 -84]
[-58 235 -668 277 -371 448 -491 13 134 -31 246 -127 -623 79 -21 98 -342 39 -426 442 309 823 -125 -492 -1 484 159 -229 -268 409 451]
[-50 -539 -560 252 -215 140 164 -131 63 300 454 -449 493 -420 -80 -684 106 303 -414 -23 57 -21 131 143 300 12 -413 -197 168 2 -630]
[516 -123 -185 530 69 221 192 -247 180 -390 139 -347 -585 -84 497 -263 -97 -755 -170 183 -167 -198 498 498 111 80 181 -44 -680 -344 121]
[-339 -195 -604 -40 51 -100 735 -149 -339 -707 65 -128 -142 -172 -77 -340 -493 -195 510 144 -51 -157 -310 405 -455 -145 210 -41 -181 119 258]
[198 173 -313 -195 407 -69 -91 -149 -276 -84 473 -676 -616 -367 140 -636 653 -13 -533 111 41 229 -126 149 -46 -413 -13 -225 -39 -387 323]
[-154 557 -656 -326 -109 234 -137 -51 -453 479 253 -117 560 254 -140 -610 456 -439 444 -369 -1 -79 80 32 -377 -610 -87 243 675 304 -346]
[323 453 -230 22 -619 -282 89 7 -24 -87 -95 -402 327 131 -27 223 457 -21 -288 -73 -511 791 417 189 241 699 -185 17 629 410 252]
[-224 152 41 -479 138 854 -164 -284 478 104 -242 42 -115 -67 -395 202 -247 161 -959 -85 -262 -17 269 -115 -34 158 226 -37 -415 565 -88]
[424 212 -612 433 537 -123 395 459 107 -77 103 -54 -578 107 256 304 -328 -307 -63 327 -126 -139 -253 0 65 -38 374 -356 274 201 214]
[-254 -6 -250 56 -116 -602 243 -162 -485 83 190 -182 6 271 -363 344 -257 118 -308 -690 -222 -377 46 261 43 -507 -990 -277 544 446 311]
[157 20 -100 651 -350 147 659 244 -29 -66 -387 -382 92 129 -546 743 490 -322 -199 187 479 -358 1 346 683 -24 -352 -80 766 -508 274]]
