[phase 0]
score=0.8358189679459915
squared_norm=2329409
coefficients=[-2 1 -2 0 3 -2 2 0 1 -1 1 0 1 0 0 0 0 -1 -1 0 1 -1 0 1 0 1 0 -1 0 0 0]
vector=[-32 91 528 -175 360 -111 -140 232 136 427 207 736 219 58 142 -104 127 19 248 194 266 3 267 323 -51 127 151 139 -220 59 -673]

[phase 1]
score=0
squared_norm=2329409
coefficients=[1 0 0 0 0 0 0 0 0 0 0 0 0 0 0 0 0 0 0 0 0 0 0 0 0 0 0 0 0 0 0]
vector=[-32 91 528 -175 360 -111 -140 232 136 427 207 736 219 58 142 -104 127 19 248 194 266 3 267 323 -51 127 151 139 -220 59 -673]

