[phase 0]
squared_norm=2318264
coefficients=[-1 2 -2 2 1 0 0 -1 -3 1 1 -1 -2 -1 0 -2 0 0 1 -1 -1 -2 0 1 -1 -1 -1 0 0 0 1 0 0 1 -1 0 0]
vector=[-2 -3 370 -273 -363 -494 289 -295 51 138 -128 -161 -40 -31 206 -300 -628 212 144 -87 146 3 115 117 -73 254 471 189 -465 72 363 3 26 46 -244 -243 -209]

[phase 1]
squared_norm=2318264
coefficients=[1 0 0 0 0 0 0 0 0 0 0 0 0 0 0 0 0 0 0 0 0 0 0 0 0 0 0 0 0 0 0 0 0 0 0 0 0]
vector=[-2 -3 370 -273 -363 -494 289 -295 51 138 -128 -161 -40 -31 206 -300 -628 212 144 -87 146 3 115 117 -73 254 471 189 -465 72 363 3 26 46 -244 -243 -209]

