[phase 0 initial]
[[71 -402 370 284 192 -203 -104 -188 -222 82 -222 311 -362 512 114 402 -370 -240 -414 225 -322 540 255 -42 242 189 57 -448 110 152 167 166]
[-19 586 -83 200 356 70 416 11 265 -48 272 -351 -314 -577 -87 489 517 196 229 209 202 -54 181 -114 19 544 11 -190 -162 53 -313 56]
[139 -110 -340 226 -667 -512 -185 -203 289 5 412 111 485 -105 113 63 610 -124 -98 247 339 -80 83 -229 -99 87 -65 786 -188 -136 176 -6]
[269 -261 171 304 93 -1 -353 -106 125 459 118 -276 19 -68 328 401 814 42 -472 598 -2 72 59 -770 -95 -76 76 63 481 340 83 55]
[-316 39 754 -119 140 36 -117 -481 -120 462 -283 -14 -301 -744 558 -144 -24 56 -180 -229 -61 -9 79 -236 -12 241 251 -101 336 261 -655 26]
[-157 218 -25 -145 -248 277 -17 288 -653 -124 636 67 357 481 -260 89 93 68 400 -714 -491 119 -743 326 394 -466 -270 -190 104 -361 263 -186]
[-632 -407 -265 -267 100 50 130 618 -11 -263 307 557 -11 5 366 295 84 -106 502 -149 -111 358 -585 172 -2 -367 -46 -715 4 -47 122 -167]
[1005 116 -128 204 -68 45 240 -443 -479 -110 171 111 -270 -253 -209 561 78 -233 -85 -365 -201 557 423 -133 467 337 -210 -231 88 -521 719 197]
[-55 26 135 347 664 -396 59 154 107 -349 43 445 390 -404 508 438 364 112 273 -262 709 148 4 -324 498 502 4 -427 172 -25 288 48]
[-489 -448 -478 -333 301 258 -219 179 261 618 -333 -28 -82 158 -13 -309 467 330 -186 662 75 453 249 245 -332 594 -14 -202 318 190 97 56]
[92 -371 763 518 -743 -256 -702 -635 -410 216 -100 52 48 -288 73 381 -540 -281 -433 -129 194 -354 250 -309 562 -400 186 -64 12 -647 260 120]
[22 533 -128 127 70 444 474 -25 -668 884 13 -271 293 -154 -246 177 -18 39 74 164 -226 -279 233 218 208 -196 -478 -698 502 -517 221 18]
[520 89 553 257 -661 485 91 -526 103 -406 582 -771 -222 -601 117 216 253 135 237 -64 -414 152 -426 -598 -305 267 48 356 308 -186 -329 8]
[581 34 -295 -32 -65 -685 217 -36 -525 -276 -294 -99 278 569 -15 -85 21 -244 213 -111 471 -3 -67 453 878 56 -357 269 -170 91 424 -43]
[-586 263 -152 -155 74 -117 -1 -349 -155 -250 -772 -93 246 -228 0 -207 -206 856 613 -20 852 -238 -68 511 -52 474 -124 -403 -82 176 -449 0]
[14 401 190 -11 -704 -25 -147 49 -219 -400 -34 494 -59 122 -39 -16 -66 560 30 -690 20 -291 -683 227 7 -87 75 236 -95 -400 98 -119]
[318 472 -106 358 -192 249 242 -325 423 -162 555 -647 -124 -232 -442 -61 -455 74 171 -19 -117 310 256 293 90 -96 441 -58 -671 -396 10 291]
[-437 -594 -237 37 -396 -267 -603 12 374 -139 -91 -32 458 96 -534 -328 11 170 -234 -323 845 -353 -253 -448 -276 349 -42 322 17 -443 90 -178]
[527 -290 15 -166 284 430 -157 -345 120 -291 -421 407 107 -423 -394 -649 78 336 43 -527 411 -21 775 223 -36 666 242 718 289 -1 35 -184]
[334 359 -314 78 -501 823 -479 -437 -319 -179 203 -317 -290 -438 -605 25 415 375 369 -87 -404 -194 -357 239 -306 269 -665 168 -10 -259 590 -301]
[-66 90 356 220 -410 -27 93 -421 42 93 -220 -366 177 41 294 448 61 143 -89 -66 358 -211 -56 -210 674 -638 375 671 59 13 -215 36]
[-291 713 214 815 47 597 -305 -151 -293 -432 25 -91 430 97 -86 555 -54 -5 -176 29 -364 -91 -219 -32 36 -67 -189 -284 360 -218 391 135]
[-78 -110 -404 -464 -20 354 306 96 -74 769 -29 -206 -195 -1012 -334 -139 203 -222 57 -72 -357 -53 36 37 423 178 108 -635 331 23 -578 40]
[-57 -61 -218 -86 98 70 -345 33 482 -531 242 155 -558 -630 -397 592 682 -523 72 286 137 169 453 -202 -440 -43 117 -18 -442 -1010 150 177]
[866 -341 202 192 51 -86 29 55 -237 -62 47 -783 128 -395 126 705 -77 81 72 984 95 209 308 -414 -55 296 255 42 -159 250 298 536]
[73 -883 93 -354 266 -178 -166 95 374 -93 -800 -102 -73 279 477 -386 247 -58 -70 -287 445 857 431 -216 100 17 -293 190 304 145 307 -135]
[287 -130 -243 -126 -150 -313 -532 -823 -443 -63 -177 58 404 623 -171 227 -98 -283 -784 163 197 4 -58 -285 653 99 -604 123 67 274 180 6]
[180 55 -393 -172 175 -431 323 245 406 -154 195 126 -500 538 31 -243 341 129 112 340 188 46 -71 347 -36 -398 209 30 112 471 485 110]
[476 -415 412 -277 80 407 -256 30 168 142 -350 -457 -396 -164 62 -131 -529 -711 23 13 367 81 136 -435 -386 -786 341 -444 64 -386 -7 492]
[124 -47 -192 -588 -279 499 402 120 241 60 -249 -14 -160 220 102 276 125 -97 820 -150 -503 95 -364 614 25 -212 -313 -149 122 127 -391 -537]
[169 271 -770 55 341 561 567 502 447 -10 104 -71 -76 -38 32 592 0 111 -246 -289 -220 87 -657 132 -271 -147 66 -442 -129 63 -189 287]
[665 -449 -511 -622 -118 -160 539 181 238 -148 -189 625 -4 427 137 54 378 -186 91 615 -232 133 58 -28 -228 -185 164 -278 -449 296 144 407]]
[phase 0 refreshed]
[[-275 -291 -490 -67 413 -418 192 9 -105 -327 -242 330 270 -86 -183 -224 -20 -166 -18 -280 48 154 -162 110 174 -249 -238 -442 71 -487 282 -409]
[-19 586 -83 200 356 70 416 11 265 -48 272 -351 -314 -577 -87 489 517 196 229 209 202 -54 181 -114 19 544 11 -190 -162 53 -313 56]
[71 -402 370 284 192 -203 -104 -188 -222 82 -222 311 -362 512 114 402 -370 -240 -414 225 -322 540 255 -42 242 189 57 -448 110 152 167 166]
[139 -110 -340 226 -667 -512 -185 -203 289 5 412 111 485 -105 113 63 610 -124 -98 247 339 -80 83 -229 -99 87 -65 786 -188 -136 176 -6]
[269 -261 171 304 93 -1 -353 -106 125 459 118 -276 19 -68 328 401 814 42 -472 598 -2 72 59 -770 -95 -76 76 63 481 340 83 55]
[239 -269 708 214 -105 -48 -549 134 -53 26 13 466 434 259 778 173 -133 82 62 -191 459 48 -15 -320 305 207 231 205 263 409 319 401]
[-316 39 754 -119 140 36 -117 -481 -120 462 -283 -14 -301 -744 558 -144 -24 56 -180 -229 -61 -9 79 -236 -12 241 251 -101 336 261 -655 26]
[-124 285 134 370 -219 -504 386 -429 -198 460 262 81 607 -265 -55 98 282 -148 -233 -449 306 -280 -102 -673 -167 476 -449 127 447 -226 -358 -150]
[-357 -116 225 -200 -313 468 -62 609 94 64 549 227 -281 91 549 519 104 60 520 131 -159 204 -423 62 -176 -118 192 -273 -67 440 -160 242]
[147 -22 30 -208 -243 -163 -643 -576 -380 -181 -46 -144 215 -194 -83 -609 293 88 -165 -378 -360 106 -56 472 626 -496 173 641 -128 -450 302 -258]
[14 401 190 -11 -704 -25 -147 49 -219 -400 -34 494 -59 122 -39 -16 -66 560 30 -690 20 -291 -683 227 7 -87 75 236 -95 -400 98 -119]
[312 -80 -425 595 314 -170 81 -422 443 -30 431 -593 165 -386 -297 116 339 -50 -319 299 -71 536 153 -367 169 -421 279 -437 -119 -543 375 -63]
[581 34 -295 -32 -65 -685 217 -36 -525 -276 -294 -99 278 569 -15 -85 21 -244 213 -111 471 -3 -67 453 878 56 -357 269 -170 91 424 -43]
[804 31 411 288 -431 -306 -24 87 -243 219 56 319 -265 377 266 -233 -581 61 -213 -216 111 238 -425 -181 -451 628 -73 -713 112 280 186 376]
[294 -427 23 -290 -288 500 -938 725 -234 -79 129 -328 -189 342 335 68 198 -396 -320 369 -118 374 -145 -94 -119 -76 399 -326 267 295 420 635]
[-569 590 2 -341 268 -151 77 -397 141 -101 -150 -528 423 -245 -46 67 77 23 136 -685 439 -50 160 -272 506 683 -155 906 -194 -219 -213 246]
[257 226 501 237 -50 251 -163 -73 -330 -468 -53 569 62 127 79 -615 -442 83 -422 -683 -416 582 24 625 0 137 779 -284 313 -99 -155 211]
[649 266 -178 -387 530 -26 45 -42 47 -74 -63 73 -328 -256 -670 -338 521 -138 523 69 99 -485 289 60 -548 80 -703 263 -288 -469 140 -289]
[437 594 237 -37 396 267 603 -12 -374 139 91 32 -458 -96 534 328 -11 -170 234 323 -845 353 253 448 276 -349 42 -322 -17 443 -90 178]
[-489 -448 -478 -333 301 258 -219 179 261 618 -333 -28 -82 158 -13 -309 467 330 -186 662 75 453 249 245 -332 594 -14 -202 318 190 97 56]
[-509 -110 214 174 -275 424 137 96 493 337 -72 -273 152 270 336 -323 -647 -103 451 -156 540 51 -431 494 525 145 109 440 -163 277 197 63]
[177 -79 262 839 -106 -345 -79 -666 153 -357 93 265 -70 -228 229 215 844 -100 335 258 443 371 -549 126 -97 -208 -58 -238 87 -65 -52 -369]
[208 480 -818 201 -489 366 378 -231 780 -426 -77 468 -78 -444 -410 250 464 -41 310 208 -360 286 -312 373 -152 -399 126 260 -332 -523 101 97]
[139 117 284 531 92 488 -247 122 -360 -777 233 -429 -354 -135 159 447 102 608 59 -41 541 85 183 249 155 569 347 -319 96 284 320 -102]
[161 -164 194 332 -388 284 -400 570 659 7 -447 174 258 -232 -39 123 62 412 -179 -34 129 -234 362 -157 547 -647 233 -143 113 -506 330 93]
[-209 515 60 481 168 -312 467 -215 -14 517 185 -210 244 -115 -213 282 161 258 -624 -33 -508 111 -641 -177 -25 -277 202 537 -238 86 16 -249]
[287 -130 -243 -126 -150 -313 -532 -823 -443 -63 -177 58 404 623 -171 227 -98 -283 -784 163 197 4 -58 -285 653 99 -604 123 67 274 180 6]
[-292 259 285 -662 -590 -236 345 -37 556 249 304 -99 -229 -365 330 -199 -89 133 -412 201 81 -57 97 7 -318 -112 -100 657 -81 -25 -63 228]
[196 17 141 265 50 53 413 596 456 -367 182 229 768 -91 357 365 72 113 116 531 326 -313 611 -411 -84 157 258 264 377 -628 140 357]
[264 32 252 -44 428 364 -184 35 148 -202 -62 -554 611 -66 342 246 -157 -221 -304 -156 -261 -72 929 -192 110 -328 319 19 404 -423 131 -222]
[169 271 -770 55 341 561 567 502 447 -10 104 -71 -76 -38 32 592 0 111 -246 -289 -220 87 -657 132 -271 -147 66 -442 -129 63 -189 287]
[-235 8 101 -19 -249 279 462 102 -252 -550 211 271 607 791 201 -284 180 -477 410 -111 114 -77 -510 799 205 -616 67 134 -283 -269 380 -108]]
[phase 1 initial]
[[-275 -291 -490 -67 413 -418 192 9 -105 -327 -242 330 270 -86 -183 -224 -20 -166 -18 -280 48 154 -162 110 174 -249 -238 -442 71 -487 282 -409]
[-19 586 -83 200 356 70 416 11 265 -48 272 -351 -314 -577 -87 489 517 196 229 209 202 -54 181 -114 19 544 11 -190 -162 53 -313 56]
[71 -402 370 284 192 -203 -104 -188 -222 82 -222 311 -362 512 114 402 -370 -240 -414 225 -322 540 255 -42 242 189 57 -448 110 152 167 166]
[139 -110 -340 226 -667 -512 -185 -203 289 5 412 111 485 -105 113 63 610 -124 -98 247 339 -80 83 -229 -99 87 -65 786 -188 -136 176 -6]
[269 -261 171 304 93 -1 -353 -106 125 459 118 -276 19 -68 328 401 814 42 -472 598 -2 72 59 -770 -95 -76 76 63 481 340 83 55]
[239 -269 708 214 -105 -48 -549 134 -53 26 13 466 434 259 778 173 -133 82 62 -191 459 48 -15 -320 305 207 231 205 263 409 319 401]
[-316 39 754 -119 140 36 -117 -481 -120 462 -283 -14 -301 -744 558 -144 -24 56 -180 -229 -61 -9 79 -236 -12 241 251 -101 336 261 -655 26]
[-124 285 134 370 -219 -504 386 -429 -198 460 262 81 607 -265 -55 98 282 -148 -233 -449 306 -280 -102 -673 -167 476 -449 127 447 -226 -358 -150]
[-357 -116 225 -200 -313 468 -62 609 94 64 549 227 -281 91 549 519 104 60 520 131 -159 204 -423 62 -176 -118 192 -273 -67 440 -160 242]
[147 -22 30 -208 -243 -163 -643 -576 -380 -181 -46 -144 215 -194 -83 -609 293 88 -165 -378 -360 106 -56 472 626 -496 173 641 -128 -450 302 -258]
[14 401 190 -11 -704 -25 -147 49 -219 -400 -34 494 -59 122 -39 -16 -66 560 30 -690 20 -291 -683 227 7 -87 75 236 -95 -400 98 -119]
[312 -80 -425 595 314 -170 81 -422 443 -30 431 -593 165 -386 -297 116 339 -50 -319 299 -71 536 153 -367 169 -421 279 -437 -119 -543 375 -63]
[581 34 -295 -32 -65 -685 217 -36 -525 -276 -294 -99 278 569 -15 -85 21 -244 213 -111 471 -3 -67 453 878 56 -357 269 -170 91 424 -43]
[804 31 411 288 -431 -306 -24 87 -243 219 56 319 -265 377 266 -233 -581 61 -213 -216 111 238 -425 -181 -451 628 -73 -713 112 280 186 376]
[294 -427 23 -290 -288 500 -938 725 -234 -79 129 -328 -189 342 335 68 198 -396 -320 369 -118 374 -145 -94 -119 -76 399 -326 267 295 420 635]
[-569 590 2 -341 268 -151 77 -397 141 -101 -150 -528 423 -245 -46 67 77 23 136 -685 439 -50 160 -272 506 683 -155 906 -194 -219 -213 246]
[257 226 501 237 -50 251 -163 -73 -330 -468 -53 569 62 127 79 -615 -442 83 -422 -683 -416 582 24 625 0 137 779 -284 313 -99 -155 211]
[649 266 -178 -387 530 -26 45 -42 47 -74 -63 73 -328 -256 -670 -338 521 -138 523 69 99 -485 289 60 -548 80 -703 263 -288 -469 140 -289]
[437 594 237 -37 396 267 603 -12 -374 139 91 32 -458 -96 534 328 -11 -170 234 323 -845 353 253 448 276 -349 42 -322 -17 443 -90 178]
[-489 -448 -478 -333 301 258 -219 179 261 618 -333 -28 -82 158 -13 -309 467 330 -186 662 75 453 249 245 -332 594 -14 -202 318 190 97 56]
[-509 -110 214 174 -275 424 137 96 493 337 -72 -273 152 270 336 -323 -647 -103 451 -156 540 51 -431 494 525 145 109 440 -163 277 197 63]
[177 -79 262 839 -106 -345 -79 -666 153 -357 93 265 -70 -228 229 215 844 -100 335 258 443 371 -549 126 -97 -208 -58 -238 87 -65 -52 -369]
[208 480 -818 201 -489 366 378 -231 780 -426 -77 468 -78 -444 -410 250 464 -41 310 208 -360 286 -312 373 -152 -399 126 260 -332 -523 101 97]
[139 117 284 531 92 488 -247 122 -360 -777 233 -429 -354 -135 159 447 102 608 59 -41 541 85 183 249 155 569 347 -319 96 284 320 -102]
[161 -164 194 332 -388 284 -400 570 659 7 -447 174 258 -232 -39 123 62 412 -179 -34 129 -234 362 -157 547 -647 233 -143 113 -506 330 93]
[-209 515 60 481 168 -312 467 -215 -14 517 185 -210 244 -115 -213 282 161 258 -624 -33 -508 111 -641 -177 -25 -277 202 537 -238 86 16 -249]
[287 -130 -243 -126 -150 -313 -532 -823 -443 -63 -177 58 404 623 -171 227 -98 -283 -784 163 197 4 -58 -285 653 99 -604 123 67 274 180 6]
[-292 259 285 -662 -590 -236 345 -37 556 249 304 -99 -229 -365 330 -199 -89 133 -412 201 81 -57 97 7 -318 -112 -100 657 -81 -25 -63 228]
[196 17 141 265 50 53 413 596 456 -367 182 229 768 -91 357 365 72 113 116 531 326 -313 611 -411 -84 157 258 264 377 -628 140 357]
[264 32 252 -44 428 364 -184 35 148 -202 -62 -554 611 -66 342 246 -157 -221 -304 -156 -261 -72 929 -192 110 -328 319 19 404 -423 131 -222]
[169 271 -770 55 341 561 567 502 447 -10 104 -71 -76 -38 32 592 0 111 -246 -289 -220 87 -657 132 -271 -147 66 -442 -129 63 -189 287]
[-235 8 101 -19 -249 279 462 102 -252 -550 211 271 607 791 201 -284 180 -477 410 -111 114 -77 -510 799 205 -616 67 134 -283 -269 380 -108]]
