[phase 0]
score=2.040864170587046
squared_norm=2240856
coefficients=[0 -2 -1 1 1 -1 1 0 0 -1 -1 1 0 1 0 0 1 1 0 0 0 0 0 1 0 0 0 0 -1 0 0 0]
vector=[-275 -291 -490 -67 413 -418 192 9 -105 -327 -242 330 270 -86 -183 -224 -20 -166 -18 -280 48 154 -162 110 174 -249 -238 -442 71 -487 282 -409]

[phase 1]
score=0
squared_norm=2240856
coefficients=[1 0 0 0 0 0 0 0 0 0 0 0 0 0 0 0 0 0 0 0 0 0 0 0 0 0 0 0 0 0 0 0]
vector=[-275 -291 -490 -67 413 -418 192 9 -105 -327 -242 330 270 -86 -183 -224 -20 -166 -18 -280 48 154 -162 110 174 -249 -238 -442 71 -487 282 -409]

