phase	depth	k	node	parent	z_k	nodes_at_depth	parent_rho	rho	bound_r2	remaining	center	delta	legal_lo	legal_hi	offset	P	Ptheta	N	Q	M
0	1	31	1	0	0	5	0	0	2.4277839660644531	2.4277839660644531	0	2.5907441374692692	-2	2	0	0.42530316114425659	0.42530316114425659	252177	8.0929829865017274e-06	2.0408641705870463
0	2	30	3	1	0	21	0	0	2.4277839660644531	2.4277839660644531	0	2.6391376164068721	-2	2	0	0.42075088620185852	0.42075088620185852	142326	1.4339362945540844e-05	2.0408641705870463
0	3	29	12	3	0	75	0	0	2.4277839660644531	2.4277839660644531	0	2.5874699514891111	-2	2	0	0.42561739683151245	0.42561739683151245	77607	2.6297423822426409e-05	2.0408641705870463
0	4	28	36	12	-1	221	0	0.40453306839035769	2.4277839660644531	2.4277839660644531	0	2.4497851916961326	-2	2	-0.4081990549169906	0.19431141018867493	0.19431141018867493	18105	0.00011272378738398489	2.0408641705870463
0	5	27	124	36	0	581	0.40453306839035769	0.40458061153866254	2.4277839660644531	2.0232508976740955	-0.011333879776298156	2.338080736726643	-2	2	0.004847514287366227	0.44973605871200562	0.44973605871200562	10915	0.00018697793592185489	2.0408641705870463
0	6	26	371	124	0	1373	0.40458061153866254	0.40712734824854979	2.4277839660644531	2.0232033545257906	-0.078074127155867076	2.2005684475789282	-2	2	0.035479072346858591	0.45106545090675354	0.45106545090675354	6691	0.00030501631603453092	2.0408641705870463
0	7	25	847	371	0	2895	0.40712734824854979	0.40721377217971683	2.4277839660644531	2.0206566178159036	-0.013819683011813645	2.1131354301192564	-2	2	0.0065398946110300756	0.47806501388549805	0.47806501388549805	4237	0.00048167669827402557	2.0408641705870463
0	8	24	1873	847	0	5347	0.40721377217971683	0.41354010590016765	2.4277839660644531	2.0205701938847365	0.10903133913560312	1.9485532042780567	-1	2	-0.055955022883760301	0.50837802886962891	0.50837802886962891	2819	0.00072396742482690537	2.0408641705870463
0	9	23	4443	1873	1	9081	0.41354010590016765	0.57091720507638199	2.4277839660644531	2.0142438601642856	0.47372350271321856	1.8827785062421436	-1	2	0.27952119462909203	0.36119258403778076	0.36119258403778076	1320	0.0015461092201417017	2.0408641705870463
0	10	22	9364	4443	0	13109	0.57091720507638199	0.57181700653542278	2.4277839660644531	1.8568667609880711	0.036047613912047416	1.6375461468058896	-1	1	-0.022013189663301992	0.61850255727767944	0.61850255727767944	990	0.0020614789601889356	2.0408641705870463
0	11	21	15411	9364	0	20499	0.57181700653542278	0.61839590333634598	2.4277839660644531	1.8559669595290305	-0.29283418663410021	1.848469537020291	-2	1	0.15841980663968372	0.4557642936706543	0.4557642936706543	589	0.0034649646359712163	2.0408641705870463
0	12	20	25963	15411	0	28013	0.61839590333634598	0.62043418076035683	2.4277839660644531	1.8093880627281071	-0.056029943800165571	1.6693769017676314	-1	1	0.033563387477589912	0.60719257593154907	0.60719257593154907	410	0.0049777174892366985	2.0408641705870463
0	13	19	36318	25963	0	33515	0.62043418076035683	0.65169729534084297	2.4277839660644531	1.8073497853040963	-0.19903528399998394	1.5133349343460711	-1	1	0.13152097363429285	0.58204931020736694	0.58204931020736694	283	0.0072115341716856756	2.0408641705870463
0	14	18	45638	36318	0	42053	0.65169729534084297	0.65307172473985042	2.4277839660644531	1.7760866707236103	-0.04551561060151698	1.6361805762590458	-1	1	0.02781820739223272	0.61586374044418335	0.61586374044418335	190	0.01074139037151077	2.0408641705870463
0	15	17	74457	45638	1	48365	0.65307172473985042	0.84776723376384533	2.4277839660644531	1.7747122413246028	0.48717461023297093	1.5483014634514827	-1	2	0.33121804885712353	0.3857232928276062	0.3857232928276062	91	0.022427078797659847	2.0408641705870463
0	16	16	135265	74457	1	48433	0.84776723376384533	0.87076523278759088	2.4277839660644531	1.5800167323006078	1.1579760562325656	1.3094143172316475	0	2	-0.12064634864124388	0.63740706443786621	0.63740706443786621	64	0.031888502665422598	2.0408641705870463
0	17	15	194798	135265	0	47871	0.87076523278759088	0.90124592392023317	2.4277839660644531	1.5570187332768621	0.18649673527142699	1.3329251041055161	-1	1	-0.1399153896171676	0.61983060836791992	0.61983060836791992	44	0.046383276604251053	2.0408641705870463
0	18	14	265398	194798	0	40677	0.90124592392023317	0.90168130604728025	2.4277839660644531	1.5265380421442198	-0.020230318728651744	1.1979018691339021	-1	1	0.016888126857401528	0.71952205896377563	0.71952205896377563	33	0.061844368805668071	2.0408641705870463
0	19	13	355077	265398	1	29899	0.90168130604728025	0.90186919381399677	2.4277839660644531	1.5261026600171728	0.98803234961304343	1.0785778968280402	0	2	0.011095768253875647	0.75744247436523438	0.75744247436523438	27	0.075587561873594306	2.0408641705870463
0	20	12	410297	355077	0	20540	0.90186919381399677	0.93851068670312732	2.4277839660644531	1.5259147722504565	0.16170622905027965	1.0435308876792371	0	1	-0.15496065421686422	0.78528368473052979	0.78528368473052979	21	0.097184008123192681	2.0408641705870463
0	21	11	414628	410297	1	12474	0.93851068670312732	0.99872344636339194	2.4277839660644531	1.4892732793613257	0.81274594649728571	0.9312668854268058	0	1	0.20107453237413733	0.79303437471389771	0.79303437471389771	18	0.11338134281039146	2.0408641705870463
0	22	10	416205	414628	-1	7357	0.99872344636339194	1.0033151853024391	2.4277839660644531	1.4290605197010611	-1.0501406352883824	0.88455847651861463	-1	-1	0.056684364707828554	1	1	17	0.1200508335639439	2.0408641705870463
0	23	9	417139	416205	-1	3894	1.0033151853024391	1.0373004834396158	2.4277839660644531	1.424468780762014	-1.123624455360777	0.80035989204140423	-1	-1	0.1544610825580722	1	1	16	0.12755401066169039	2.0408641705870463
0	24	8	417544	417139	0	2052	1.0373004834396158	1.2183650044595469	2.4277839660644531	1.3904834826248373	-0.29670619718489699	0.82222912149122718	-1	0	0.36085586052556601	0.72888809442520142	0.72888809442520142	11	0.18553310641700421	2.0408641705870463
0	25	7	418140	417544	0	1012	1.2183650044595469	1.3706773267395094	2.4277839660644531	1.2094189616049063	-0.26555029927981733	0.74828607249764589	-1	0	0.35487804603052098	0.77786409854888916	0.77786409854888916	9	0.22676268562078292	2.0408641705870463
0	26	6	419402	418140	1	478	1.3706773267395094	1.6631967400689054	2.4277839660644531	1.0571066393249438	0.64415739271767636	0.67645669755236171	0	1	0.52603900378232171	0.70107591152191162	0.70107591152191162	7	0.29155202436957806	2.0408641705870463
0	27	5	419841	419402	-1	212	1.6631967400689054	1.6706547163341943	2.4277839660644531	0.76458722599554785	-1.0545728186705725	0.55255995302769101	-1	-1	0.098763615371593325	1	1	6	0.34014402843117436	2.0408641705870463
0	28	4	419973	419841	1	96	1.6706547163341943	1.7643105352292752	2.4277839660644531	0.75712924973025897	1.1986934139429459	0.5649384073641277	1	1	-0.35170810012723958	1	1	5	0.40817283411740923	2.0408641705870463
0	29	3	420024	419973	1	46	1.7643105352292752	1.9561220033999813	2.4277839660644531	0.66347343083517796	1.2967307933945993	0.55187040006505694	1	1	-0.5376820234598908	1	1	4	0.51021604264676157	2.0408641705870463
0	30	2	420109	420024	-1	24	1.9561220033999813	1.9973638379083749	2.4277839660644531	0.47166196266447175	-0.86980980303814148	0.44027570720602027	-1	-1	-0.29570152254831999	1	1	3	0.68028805686234872	2.0408641705870463
0	31	1	420182	420109	-2	14	1.9973638379083749	2.1362631921943853	2.4277839660644531	0.43042012815607811	-1.75603976545047	0.42945257890481969	-2	-2	-0.56807258014766604	1	1	2	1.0204320852935231	2.0408641705870463
0	32	0	420233	420182	0	1	2.1362631921943853	2.1370468139648438	2.4277839660644531	0.29152077387006764	-0.017965868934319461	0.34652114013506236	0	0	0.051846386420513806	1	1	1	2.0408641705870463	2.0408641705870463
1	1	31	1	0	0	5	0	0	2.1370468139648438	2.1370468139648438	0	2.4306729201246635	-2	2	0	0.44166389107704163	0.44166389107704163	53684	0	0
1	2	30	3	1	0	21	0	0	2.1370468139648438	2.1370468139648438	0	2.4760763689110648	-2	2	0	0.43680763244628906	0.43680763244628906	32245	0	0
1	3	29	12	3	0	67	0	0	2.1370468139648438	2.1370468139648438	0	2.4276010323676593	-2	2	0	0.44199898838996887	0.44199898838996887	19356	0	0
1	4	28	27	12	0	181	0	0	2.1370468139648438	2.1370468139648438	0	2.3945552241208392	-2	2	0	0.44565796852111816	0.44565796852111816	11487	0	0
1	5	27	62	27	0	423	0	0	2.1370468139648438	2.1370468139648438	0	2.1626504472085997	-2	2	0	0.47442060708999634	0.47442060708999634	7614	0	0
1	6	26	141	62	0	773	0	0	2.1370468139648438	2.1370468139648438	0	1.9911117475733382	-1	1	0	0.57720661163330078	0.57720661163330078	5385	0	0
1	7	25	245	141	0	1485	0	0	2.1370468139648438	2.1370468139648438	0	2.0991148809387097	-2	2	0	0.48336967825889587	0.48336967825889587	3524	0	0
1	8	24	567	245	0	2521	0	0	2.1370468139648438	2.1370468139648438	0	1.9515099579145807	-1	1	0	0.58217304944992065	0.58217304944992065	2479	0	0
1	9	23	865	567	0	3987	0	0	2.1370468139648438	2.1370468139648438	0	1.9373630517225084	-1	1	0	0.58399224281311035	0.58399224281311035	1670	0	0
1	10	22	1588	865	0	5477	0	0	2.1370468139648438	2.1370468139648438	0	1.7744526501772611	-1	1	0	0.60681909322738647	0.60681909322738647	1247	0	0
1	11	21	2395	1588	0	6917	0	0	2.1370468139648438	2.1370468139648438	0	1.7182500317354923	-1	1	0	0.61557966470718384	0.61557966470718384	892	0	0
1	12	20	3746	2395	0	8081	0	0	2.1370468139648438	2.1370468139648438	0	1.665773718274423	-1	1	0	0.62421929836273193	0.62421929836273193	653	0	0
1	13	19	5349	3746	0	8379	0	0	2.1370468139648438	2.1370468139648438	0	1.5438078271213747	-1	1	0	0.6461939811706543	0.6461939811706543	500	0	0
1	14	18	7526	5349	0	8645	0	0	2.1370468139648438	2.1370468139648438	0	1.5533376667176939	-1	1	0	0.64437472820281982	0.64437472820281982	373	0	0
1	15	17	10669	7526	0	8399	0	0	2.1370468139648438	2.1370468139648438	0	1.5172680528490465	-1	1	0	0.65135747194290161	0.65135747194290161	270	0	0
1	16	16	14108	10669	0	7189	0	0	2.1370468139648438	2.1370468139648438	0	1.4098150150755084	-1	1	0	0.67381232976913452	0.67381232976913452	215	0	0
1	17	15	21033	14108	0	6349	0	0	2.1370468139648438	2.1370468139648438	0	1.4709283947838943	-1	1	0	0.66072762012481689	0.66072762012481689	158	0	0
1	18	14	30138	21033	0	5367	0	0	2.1370468139648438	2.1370468139648438	0	1.4264893906551561	-1	1	0	0.67015719413757324	0.67015719413757324	119	0	0
1	19	13	36463	30138	0	3883	0	0	2.1370468139648438	2.1370468139648438	0	1.2497174190871039	-1	1	0	0.71242988109588623	0.71242988109588623	90	0	0
1	20	12	67968	36463	0	3067	0	0	2.1370468139648438	2.1370468139648438	0	1.4189180880305399	-1	1	0	0.67180883884429932	0.67180883884429932	63	0	0
1	21	11	73295	67968	0	2023	0	0	2.1370468139648438	2.1370468139648438	0	1.2313229168609809	-1	1	0	0.71730285882949829	0.71730285882949829	48	0	0
1	22	10	84084	73295	0	1351	0	0	2.1370468139648438	2.1370468139648438	0	1.2924640850701652	-1	1	0	0.7014651894569397	0.7014651894569397	31	0	0
1	23	9	85077	84084	0	805	0	0	2.1370468139648438	2.1370468139648438	0	1.1665421407676151	-1	1	0	0.73522990942001343	0.73522990942001343	26	0	0
1	24	8	85748	85077	0	441	0	0	2.1370468139648438	2.1370468139648438	0	1.0492675926752697	-1	1	0	0.77081948518753052	0.77081948518753052	21	0	0
1	25	7	86003	85748	0	217	0	0	2.1370468139648438	2.1370468139648438	0	1.0328277773584962	-1	1	0	0.7761351466178894	0.7761351466178894	18	0	0
1	26	6	86130	86003	0	107	0	0	2.1370468139648438	2.1370468139648438	0	1.0008656325752598	-1	1	0	0.78669595718383789	0.78669595718383789	15	0	0
1	27	5	86163	86130	0	55	0	0	2.1370468139648438	2.1370468139648438	0	1.0229107700026463	-1	1	0	0.77938008308410645	0.77938008308410645	10	0	0
1	28	4	86226	86163	0	33	0	0	2.1370468139648438	2.1370468139648438	0	1.0429003336048204	-1	1	0	0.772868812084198	0.772868812084198	7	0	0
1	29	3	86245	86226	0	9	0	0	2.1370468139648438	2.1370468139648438	0	0.94699336595455785	0	0	0	1	1	6	0	0
1	30	2	86250	86245	0	3	0	0	2.1370468139648438	2.1370468139648438	0	0.96752311520915102	0	0	0	1	1	5	0	0
1	31	1	86251	86250	0	1	0	0	2.1370468139648438	2.1370468139648438	0	0.95983155224392369	0	0	0	1	1	4	0	0
1	32	0	86258	86251	1	3	0	2.1370468139648438	2.1370468139648438	2.1370468139648438	0	1.000000000002	-1	1	0.99999999999800004	0.10650698095560074	0.10650698095560074	1	0	0
