[phase 0 initial]
[[136 116 76 100 -412 34 -222 371 77 106 -300 -127 -228 -282 107 -133 -750 -189 -423 23 -404 579 -5 36 -100 -172 620 -64 -651 -20 207 90 -172 -171 -36 431 -358 -76]
[178 94 -130 247 480 364 122 138 156 -151 681 147 166 -8 -348 560 272 -111 297 -354 56 -152 -314 -300 570 597 -289 175 816 28 -356 -1 -337 -191 93 473 -68 35]
[-130 -54 -208 -116 836 50 136 -397 -169 -66 331 316 -185 129 212 508 -393 622 177 154 80 704 195 113 -524 36 -6 -121 14 148 -298 453 80 -57 534 168 113 1]
[44 27 348 792 383 253 258 482 -112 -17 6 251 76 -160 -1 -237 321 -135 64 -439 -402 -62 -196 -388 417 118 -754 336 32 -318 391 -31 -177 -114 -742 -455 156 2]
[150 -216 -228 461 -152 -297 169 -580 609 147 878 80 709 157 -40 551 106 -202 107 472 177 173 244 -368 -197 -6 -104 -26 457 452 -76 -58 -260 -162 427 46 395 -19]
[367 104 -75 -792 -53 241 -845 161 -99 -204 218 14 -336 -428 292 424 425 18 209 -119 21 -708 -271 199 134 618 285 -29 47 271 134 -283 -170 -175 -583 313 -220 93]
[-57 494 227 342 -3 -216 159 100 770 94 237 288 556 -369 373 418 374 -461 -79 116 -736 -684 2 -140 529 450 267 681 493 375 56 -52 -647 -109 -466 -454 96 71]
[409 -280 -71 81 -419 356 80 324 458 483 650 251 91 -144 148 32 335 -312 113 -51 161 492 -295 -615 -526 373 97 -345 274 -344 189 -82 57 -865 258 314 227 -94]
[55 -15 -500 -252 62 45 -483 -42 93 561 731 675 268 -13 573 -27 569 -612 -35 175 522 -361 -82 -110 150 261 182 397 371 314 262 -254 175 -465 272 -120 482 76]
[-282 -103 -343 451 -274 -450 508 -253 533 -238 -82 -113 204 268 159 -159 245 -564 -187 208 -598 -763 310 173 -257 126 294 -96 -133 342 113 -173 -47 792 136 272 -484 -19]
[-256 496 354 68 482 -136 -432 20 468 49 511 795 62 16 728 108 -625 -214 -98 394 -587 -12 488 -178 -489 209 220 130 -315 62 108 146 27 526 -27 467 -330 -21]
[351 -371 476 -244 -700 -492 -282 146 -844 -301 -104 -308 -620 165 263 66 274 -116 182 -216 -386 -540 -259 494 -39 -68 -65 -347 -612 155 -299 -200 -447 575 -697 -608 -116 -26]
[-11 502 180 -185 -423 -257 -355 -745 727 -2 -334 313 387 -469 58 71 -271 -251 158 621 382 121 603 -246 13 690 197 623 171 192 -180 -567 53 -5 -236 33 79 61]
[730 -173 335 630 -572 308 -35 -4 46 -211 281 290 170 -128 269 94 625 -307 653 355 126 84 179 -480 -738 706 246 -575 115 -71 -32 -527 -408 230 224 135 196 -49]
[26 -375 -118 -243 265 151 -249 -198 518 168 223 -152 46 188 515 -420 -101 277 102 -40 216 -54 -1 -527 -417 426 -257 408 -216 -52 395 285 294 1 -57 547 -810 -65]
[313 436 208 -511 -127 196 118 -395 -458 174 -216 -213 -987 183 -298 -102 -234 -416 61 -518 533 640 -196 84 26 95 -389 -26 -323 -51 -66 -150 -202 -303 -164 272 168 -72]
[-230 -303 -319 297 277 -558 563 -320 58 186 -128 -363 682 -88 139 342 -187 948 206 504 424 -552 208 -113 -139 -408 142 626 219 173 101 399 337 152 -3 -308 388 47]
[337 -482 128 -625 456 -602 -54 -356 -576 -7 81 -720 -645 339 330 -267 315 281 401 -373 368 -770 -105 -310 44 -331 -557 165 -607 155 261 -547 -21 14 -683 -181 69 4]
[-199 117 557 -377 741 122 129 300 -60 -16 575 24 -284 -122 366 367 -365 42 5 -269 -541 263 270 437 406 -128 271 -13 -373 93 -460 107 -90 293 -63 -379 85 35]
[-517 712 496 -176 -215 -235 1074 -163 727 178 -304 -111 -92 -400 103 -199 -624 290 -481 -38 -151 296 249 21 -345 6 298 164 -539 -248 254 -98 420 -99 253 139 56 220]
[-638 -307 -181 -445 283 -324 -731 -433 -951 -533 -20 438 -218 296 352 28 136 195 -279 64 62 -321 337 589 -261 -281 372 -233 61 380 166 -118 111 904 872 212 -82 72]
[-51 662 233 21 224 -99 -490 197 -1070 61 402 201 -283 55 116 701 80 -70 -6 -77 593 -340 -239 192 -106 129 -572 252 378 81 580 -105 -212 46 -165 -303 521 -123]
[37 -560 -10 -73 -996 -232 323 321 -246 -209 -435 -1061 -182 38 32 -185 -64 99 48 234 330 84 -619 357 -397 -47 103 108 -392 -132 -169 160 374 -174 229 387 -409 -299]
[31 -93 325 -273 -1046 -114 -403 449 -380 -429 -597 -124 -631 -406 -106 -153 154 -753 16 47 68 79 -32 537 78 107 310 -636 83 -402 19 -124 -85 -361 -168 -219 -264 -461]
[21 358 17 383 -178 230 9 631 142 147 28 512 416 106 -283 -246 409 -317 53 240 -234 -358 -419 -186 292 -560 -45 310 305 -637 404 -230 64 410 -1 106 553 -188]
[-652 133 99 -204 -258 -678 114 90 286 101 -322 296 147 42 110 -27 -406 122 -62 229 -64 307 100 564 -350 593 -24 41 305 83 -168 136 989 -11 67 -144 -30 202]
[-73 -952 -329 -756 -1001 32 -387 16 273 -167 -287 -1 107 -63 -192 -24 570 -152 431 10 420 -65 -595 186 257 320 -288 -360 318 -234 130 -97 313 -688 -658 -218 413 95]
[-172 208 -249 -772 -168 -146 256 -592 -28 -84 -111 79 -700 98 -72 50 606 -1151 89 79 -305 -117 50 613 88 602 22 99 665 127 63 -83 429 328 -130 226 -218 91]
[-169 111 -303 30 330 172 235 855 -477 62 -712 517 -45 -283 -256 107 -280 338 -337 -415 -480 457 -346 0 392 -734 671 633 124 -123 -114 112 381 -625 301 197 218 -421]
[-38 -239 -105 -368 -660 -344 -208 200 -495 -287 -23 -212 79 -204 -8 318 388 -53 -13 -45 588 -1262 -442 286 348 120 58 -71 -46 594 -302 113 358 141 -234 -810 417 -30]
[338 181 247 -233 -213 3 -579 -342 60 84 897 479 -605 -145 -262 229 -360 207 346 348 339 488 -93 77 -283 19 245 -520 -239 10 -202 -560 -325 -703 672 606 -44 -347]
[-51 56 -35 -156 44 184 148 161 -516 -113 113 -531 -91 436 -136 -140 669 72 211 92 127 174 423 240 -664 -318 -490 -873 15 236 273 5 354 1090 -30 -106 -140 296]
[286 -196 -27 223 -365 -45 378 306 202 83 -146 -725 -402 131 -496 -765 -190 210 -256 -564 -250 -387 -992 205 47 -454 -20 -297 -48 -157 70 145 -267 106 -232 -25 -512 -334]
[-142 545 242 -61 400 -147 -384 345 -320 314 373 573 -34 129 95 372 196 -321 219 101 -140 -368 -321 65 585 290 -524 125 -74 440 -240 -5 93 258 -22 -308 -83 -450]
[-96 -472 -457 -470 40 -538 -273 -447 573 522 -522 38 627 151 16 -199 -419 164 -431 300 159 393 331 128 -30 -651 449 260 -762 479 219 -282 42 -194 94 213 -170 244]
[-250 -34 145 -518 552 379 -93 -261 -680 -23 -296 -447 235 -160 165 -244 399 344 136 -490 -470 -583 214 206 270 -719 -62 -17 -182 21 322 -107 -156 171 -649 -796 225 -115]
[10 444 506 101 -681 -459 -181 -1032 867 -227 -811 -540 489 72 102 -102 -292 -337 158 381 1 -124 189 -29 -439 -456 -8 396 163 75 -12 -182 -181 699 204 22 -239 -370]
[-217 -65 -200 -278 343 -149 -41 -79 240 56 356 -216 346 446 -222 -42 8 544 -394 -18 909 578 344 96 170 -319 -291 -593 113 -75 -513 -69 744 -326 115 -28 -595 -307]]
[phase 0 refreshed]
[[-100 -93 444 66 -539 -437 -388 427 -578 258 105 130 -394 -381 -280 108 130 -4 122 108 58 -86 -200 111 456 283 53 72 -157 -175 -217 169 281 -403 86 -234 279 69]
[136 116 76 100 -412 34 -222 371 77 106 -300 -127 -228 -282 107 -133 -750 -189 -423 23 -404 579 -5 36 -100 -172 620 -64 -651 -20 207 90 -172 -171 -36 431 -358 -76]
[178 94 -130 247 480 364 122 138 156 -151 681 147 166 -8 -348 560 272 -111 297 -354 56 -152 -314 -300 570 597 -289 175 816 28 -356 -1 -337 -191 93 473 -68 35]
[-130 -54 -208 -116 836 50 136 -397 -169 -66 331 316 -185 129 212 508 -393 622 177 154 80 704 195 113 -524 36 -6 -121 14 148 -298 453 80 -57 534 168 113 1]
[-282 -103 -343 451 -274 -450 508 -253 533 -238 -82 -113 204 268 159 -159 245 -564 -187 208 -598 -763 310 173 -257 126 294 -96 -133 342 113 -173 -47 792 136 272 -484 -19]
[44 27 348 792 383 253 258 482 -112 -17 6 251 76 -160 -1 -237 321 -135 64 -439 -402 -62 -196 -388 417 118 -754 336 32 -318 391 -31 -177 -114 -742 -455 156 2]
[150 -216 -228 461 -152 -297 169 -580 609 147 878 80 709 157 -40 551 106 -202 107 472 177 173 244 -368 -197 -6 -104 -26 457 452 -76 -58 -260 -162 427 46 395 -19]
[367 104 -75 -792 -53 241 -845 161 -99 -204 218 14 -336 -428 292 424 425 18 209 -119 21 -708 -271 199 134 618 285 -29 47 271 134 -283 -170 -175 -583 313 -220 93]
[-187 440 19 226 833 -166 295 -297 601 28 568 604 371 -240 585 926 -19 161 98 270 -656 20 197 -27 5 486 261 560 507 523 -242 401 -567 -166 68 -286 209 72]
[-199 117 557 -377 741 122 129 300 -60 -16 575 24 -284 -122 366 367 -365 42 5 -269 -541 263 270 437 406 -128 271 -13 -373 93 -460 107 -90 293 -63 -379 85 35]
[119 -35 -604 -377 -164 145 -397 -53 -456 -362 -565 -91 308 27 230 -397 -744 977 -495 -4 760 -40 -302 91 -398 -575 153 52 -396 -11 453 -282 287 244 98 524 -375 239]
[-153 -221 -394 -45 295 253 555 254 213 32 21 374 -599 96 559 -170 81 -52 -4 -161 -534 260 -34 39 -1110 541 489 -536 -302 -306 80 256 350 32 501 708 -539 -93]
[-137 645 -276 -145 -271 -712 136 -571 -358 -140 -190 317 -498 -143 396 376 -622 154 -401 64 97 -229 -191 432 -168 415 372 562 -502 628 41 -35 -248 164 224 548 -203 289]
[492 381 -130 -256 -329 224 168 -153 -211 -288 -886 -259 127 454 -208 -10 58 157 80 -415 219 -193 -728 -110 101 -32 -132 265 824 -107 -484 16 -968 44 -331 -152 -299 -81]
[244 495 -407 4 305 343 -637 -416 273 542 -252 347 115 57 57 -111 218 -940 -16 206 278 352 130 -271 369 10 -66 663 505 389 391 97 -485 -697 -279 -186 392 -230]
[-104 -609 -70 -167 772 424 -286 -68 -760 -78 207 -435 -87 244 -444 319 -141 273 263 -345 574 423 221 -136 264 -584 84 -84 624 -118 11 255 -15 227 538 532 251 -283]
[211 -542 59 -360 -21 -212 -266 165 -278 356 118 -673 -746 -456 -65 612 -142 261 566 296 17 43 232 171 -236 163 627 -200 -482 60 -67 540 355 -329 -254 366 89 -246]
[-30 264 -323 -155 -669 -487 115 -55 449 67 -704 -105 -373 -142 -1042 -108 341 -372 435 515 26 -659 138 456 884 46 311 -59 236 -424 -269 305 195 105 -60 -285 -175 -323]
[-540 92 -261 268 88 -410 562 -433 -213 -665 -512 502 612 91 310 85 -284 556 -167 409 555 188 139 366 -349 -428 -181 69 798 -141 -111 188 -23 63 617 -725 148 -167]
[-91 200 -144 134 -52 -108 -109 -606 730 -77 -17 214 541 435 110 -231 600 -392 -158 449 -551 5 -66 98 267 -425 -315 666 59 367 439 -64 -553 461 116 -533 130 -167]
[126 -291 237 -160 -938 -537 -107 145 241 -234 585 478 -253 -77 326 -106 102 -563 -95 48 -298 -290 -355 155 198 -84 265 -564 -56 -3 -330 231 -268 -438 223 241 -273 -56]
[-117 -113 -474 -22 700 -361 -29 -163 243 -400 -3 238 32 549 109 -126 502 76 144 -88 -444 -656 -281 -488 -28 463 -36 32 657 86 -361 -131 -363 -34 606 517 -762 25]
[25 366 232 477 283 52 214 -109 -225 -39 -48 315 -245 122 211 -26 227 -130 282 -20 178 513 125 278 -726 532 -680 -385 -16 335 829 -63 446 -49 -189 -45 543 181]
[352 -88 -6 -667 -329 -13 315 -748 -615 -294 -143 -18 -677 -379 169 346 623 461 150 329 -92 -104 -249 -17 -645 -110 97 -111 52 -285 301 152 -168 -24 -16 -96 96 140]
[-135 149 -315 79 161 141 356 -419 503 489 147 512 -43 169 -558 -175 167 -284 161 480 -260 130 -313 -252 -195 49 72 146 524 192 -134 354 576 -330 503 -142 213 -227]
[581 -163 60 -324 -305 -550 -65 240 -445 280 -31 93 -491 -71 453 396 190 -250 174 4 -537 165 723 204 -37 -222 833 -199 -498 160 112 183 60 144 -126 95 -56 56]
[432 -273 260 -32 -19 -180 -782 83 92 -64 763 -257 480 -578 -711 326 -33 -127 273 -209 239 62 117 35 405 212 -556 182 -138 154 -11 -63 399 -759 -687 16 12 8]
[269 -641 191 53 306 -226 201 -571 162 -72 628 155 -2 -97 -2 736 449 457 741 -84 -279 -5 -169 -629 -5 409 -485 -221 -56 608 -243 31 -174 114 -64 509 -54 -374]
[126 521 304 -43 36 132 -223 542 690 -125 -539 97 95 -300 360 193 -355 -256 491 511 -143 386 -140 -285 -53 697 126 22 -95 -284 364 -262 -316 -747 -618 -208 134 -80]
[408 35 463 -410 127 -715 -305 -679 -5 252 -153 -685 -185 -10 270 -186 67 222 104 268 229 123 -38 -197 -126 -73 209 70 -90 681 -173 231 -303 -27 173 -839 577 145]
[280 34 -238 -444 -229 -123 -447 -477 309 -422 14 -497 -132 191 -25 -247 116 49 364 135 -360 -219 -303 -77 -702 311 208 -371 -347 421 296 358 151 -488 124 475 -11 206]
[-120 211 399 -481 -575 463 -122 228 -428 61 92 -158 -162 270 45 -791 -351 269 -98 -455 238 12 -15 -202 264 -492 273 9 -202 -229 328 -625 733 58 291 828 254 386]
[429 592 -173 351 -303 327 254 131 -123 233 -356 -355 -330 -63 -320 -27 125 -419 -276 -283 -439 575 -172 -770 4 -195 -343 331 -31 -58 194 271 -1120 92 -652 280 -593 6]
[44 -858 -462 -594 -131 27 -308 -263 -139 -166 105 -164 330 148 611 -513 597 41 136 -540 1075 -23 407 -264 -75 -554 -436 -151 106 401 106 -577 -251 216 -560 -336 52 -52]
[67 9 38 612 179 -142 592 -427 26 -86 113 -278 145 635 -174 -178 155 360 208 -412 644 -585 69 -392 -219 -209 -737 -157 -470 184 -223 -330 -506 332 138 -113 260 -106]
[-108 -215 -139 -372 -157 -37 -1130 -37 -629 -300 -588 337 -414 -283 -57 -64 637 63 -370 467 724 -461 3 -106 -338 -5 -261 17 -63 40 -52 -596 390 -277 -233 -24 510 291]
[49 -31 -89 913 -215 -710 383 -402 32 512 20 209 74 -274 -245 -359 25 -198 152 -178 271 -385 86 54 628 -257 -430 313 -616 -50 -33 -333 697 231 139 -776 537 260]
[-237 61 -564 -763 652 510 -204 -15 -316 -130 64 446 96 341 674 565 648 404 -54 498 173 137 38 356 -335 233 778 -315 387 -156 35 178 292 541 154 98 -432 -23]]
[phase 1 initial]
[[-100 -93 444 66 -539 -437 -388 427 -578 258 105 130 -394 -381 -280 108 130 -4 122 108 58 -86 -200 111 456 283 53 72 -157 -175 -217 169 281 -403 86 -234 279 69]
[136 116 76 100 -412 34 -222 371 77 106 -300 -127 -228 -282 107 -133 -750 -189 -423 23 -404 579 -5 36 -100 -172 620 -64 -651 -20 207 90 -172 -171 -36 431 -358 -76]
[178 94 -130 247 480 364 122 138 156 -151 681 147 166 -8 -348 560 272 -111 297 -354 56 -152 -314 -300 570 597 -289 175 816 28 -356 -1 -337 -191 93 473 -68 35]
[-130 -54 -208 -116 836 50 136 -397 -169 -66 331 316 -185 129 212 508 -393 622 177 154 80 704 195 113 -524 36 -6 -121 14 148 -298 453 80 -57 534 168 113 1]
[-282 -103 -343 451 -274 -450 508 -253 533 -238 -82 -113 204 268 159 -159 245 -564 -187 208 -598 -763 310 173 -257 126 294 -96 -133 342 113 -173 -47 792 136 272 -484 -19]
[44 27 348 792 383 253 258 482 -112 -17 6 251 76 -160 -1 -237 321 -135 64 -439 -402 -62 -196 -388 417 118 -754 336 32 -318 391 -31 -177 -114 -742 -455 156 2]
[150 -216 -228 461 -152 -297 169 -580 609 147 878 80 709 157 -40 551 106 -202 107 472 177 173 244 -368 -197 -6 -104 -26 457 452 -76 -58 -260 -162 427 46 395 -19]
[367 104 -75 -792 -53 241 -845 161 -99 -204 218 14 -336 -428 292 424 425 18 209 -119 21 -708 -271 199 134 618 285 -29 47 271 134 -283 -170 -175 -583 313 -220 93]
[-187 440 19 226 833 -166 295 -297 601 28 568 604 371 -240 585 926 -19 161 98 270 -656 20 197 -27 5 486 261 560 507 523 -242 401 -567 -166 68 -286 209 72]
[-199 117 557 -377 741 122 129 300 -60 -16 575 24 -284 -122 366 367 -365 42 5 -269 -541 263 270 437 406 -128 271 -13 -373 93 -460 107 -90 293 -63 -379 85 35]
[119 -35 -604 -377 -164 145 -397 -53 -456 -362 -565 -91 308 27 230 -397 -744 977 -495 -4 760 -40 -302 91 -398 -575 153 52 -396 -11 453 -282 287 244 98 524 -375 239]
[-153 -221 -394 -45 295 253 555 254 213 32 21 374 -599 96 559 -170 81 -52 -4 -161 -534 260 -34 39 -1110 541 489 -536 -302 -306 80 256 350 32 501 708 -539 -93]
[-137 645 -276 -145 -271 -712 136 -571 -358 -140 -190 317 -498 -143 396 376 -622 154 -401 64 97 -229 -191 432 -168 415 372 562 -502 628 41 -35 -248 164 224 548 -203 289]
[492 381 -130 -256 -329 224 168 -153 -211 -288 -886 -259 127 454 -208 -10 58 157 80 -415 219 -193 -728 -110 101 -32 -132 265 824 -107 -484 16 -968 44 -331 -152 -299 -81]
[244 495 -407 4 305 343 -637 -416 273 542 -252 347 115 57 57 -111 218 -940 -16 206 278 352 130 -271 369 10 -66 663 505 389 391 97 -485 -697 -279 -186 392 -230]
[-104 -609 -70 -167 772 424 -286 -68 -760 -78 207 -435 -87 244 -444 319 -141 273 263 -345 574 423 221 -136 264 -584 84 -84 624 -118 11 255 -15 227 538 532 251 -283]
[211 -542 59 -360 -21 -212 -266 165 -278 356 118 -673 -746 -456 -65 612 -142 261 566 296 17 43 232 171 -236 163 627 -200 -482 60 -67 540 355 -329 -254 366 89 -246]
[-30 264 -323 -155 -669 -487 115 -55 449 67 -704 -105 -373 -142 -1042 -108 341 -372 435 515 26 -659 138 456 884 46 311 -59 236 -424 -269 305 195 105 -60 -285 -175 -323]
[-540 92 -261 268 88 -410 562 -433 -213 -665 -512 502 612 91 310 85 -284 556 -167 409 555 188 139 366 -349 -428 -181 69 798 -141 -111 188 -23 63 617 -725 148 -167]
[-91 200 -144 134 -52 -108 -109 -606 730 -77 -17 214 541 435 110 -231 600 -392 -158 449 -551 5 -66 98 267 -425 -315 666 59 367 439 -64 -553 461 116 -533 130 -167]
[126 -291 237 -160 -938 -537 -107 145 241 -234 585 478 -253 -77 326 -106 102 -563 -95 48 -298 -290 -355 155 198 -84 265 -564 -56 -3 -330 231 -268 -438 223 241 -273 -56]
[-117 -113 -474 -22 700 -361 -29 -163 243 -400 -3 238 32 549 109 -126 502 76 144 -88 -444 -656 -281 -488 -28 463 -36 32 657 86 -361 -131 -363 -34 606 517 -762 25]
[25 366 232 477 283 52 214 -109 -225 -39 -48 315 -245 122 211 -26 227 -130 282 -20 178 513 125 278 -726 532 -680 -385 -16 335 829 -63 446 -49 -189 -45 543 181]
[352 -88 -6 -667 -329 -13 315 -748 -615 -294 -143 -18 -677 -379 169 346 623 461 150 329 -92 -104 -249 -17 -645 -110 97 -111 52 -285 301 152 -168 -24 -16 -96 96 140]
[-135 149 -315 79 161 141 356 -419 503 489 147 512 -43 169 -558 -175 167 -284 161 480 -260 130 -313 -252 -195 49 72 146 524 192 -134 354 576 -330 503 -142 213 -227]
[581 -163 60 -324 -305 -550 -65 240 -445 280 -31 93 -491 -71 453 396 190 -250 174 4 -537 165 723 204 -37 -222 833 -199 -498 160 112 183 60 144 -126 95 -56 56]
[432 -273 260 -32 -19 -180 -782 83 92 -64 763 -257 480 -578 -711 326 -33 -127 273 -209 239 62 117 35 405 212 -556 182 -138 154 -11 -63 399 -759 -687 16 12 8]
[269 -641 191 53 306 -226 201 -571 162 -72 628 155 -2 -97 -2 736 449 457 741 -84 -279 -5 -169 -629 -5 409 -485 -221 -56 608 -243 31 -174 114 -64 509 -54 -374]
[126 521 304 -43 36 132 -223 542 690 -125 -539 97 95 -300 360 193 -355 -256 491 511 -143 386 -140 -285 -53 697 126 22 -95 -284 364 -262 -316 -747 -618 -208 134 -80]
[408 35 463 -410 127 -715 -305 -679 -5 252 -153 -685 -185 -10 270 -186 67 222 104 268 229 123 -38 -197 -126 -73 209 70 -90 681 -173 231 -303 -27 173 -839 577 145]
[280 34 -238 -444 -229 -123 -447 -477 309 -422 14 -497 -132 191 -25 -247 116 49 364 135 -360 -219 -303 -77 -702 311 208 -371 -347 421 296 358 151 -488 124 475 -11 206]
[-120 211 399 -481 -575 463 -122 228 -428 61 92 -158 -162 270 45 -791 -351 269 -98 -455 238 12 -15 -202 264 -492 273 9 -202 -229 328 -625 733 58 291 828 254 386]
[429 592 -173 351 -303 327 254 131 -123 233 -356 -355 -330 -63 -320 -27 125 -419 -276 -283 -439 575 -172 -770 4 -195 -343 331 -31 -58 194 271 -1120 92 -652 280 -593 6]
[44 -858 -462 -594 -131 27 -308 -263 -139 -166 105 -164 330 148 611 -513 597 41 136 -540 1075 -23 407 -264 -75 -554 -436 -151 106 401 106 -577 -251 216 -560 -336 52 -52]
[67 9 38 612 179 -142 592 -427 26 -86 113 -278 145 635 -174 -178 155 360 208 -412 644 -585 69 -392 -219 -209 -737 -157 -470 184 -223 -330 -506 332 138 -113 260 -106]
[-108 -215 -139 -372 -157 -37 -1130 -37 -629 -300 -588 337 -414 -283 -57 -64 637 63 -370 467 724 -461 3 -106 -338 -5 -261 17 -63 40 -52 -596 390 -277 -233 -24 510 291]
[49 -31 -89 913 -215 -710 383 -402 32 512 20 209 74 -274 -245 -359 25 -198 152 -178 271 -385 86 54 628 -257 -430 313 -616 -50 -33 -333 697 231 139 -776 537 260]
[-237 61 -564 -763 652 510 -204 -15 -316 -130 64 446 96 341 674 565 648 404 -54 498 173 137 38 356 -335 233 778 -315 387 -156 35 178 292 541 154 98 -432 -23]]
