[phase 0]
score=3.014770168207875
squared_norm=2773149
coefficients=[1 0 0 1 -1 0 1 2 -1 0 -1 0 0 -1 0 1 1 0 0 -1 1 -1 0 0 1 1 -1 0 -1 1 1 0 -1 0 0 0 0 0]
vector=[-100 -93 444 66 -539 -437 -388 427 -578 258 105 130 -394 -381 -280 108 130 -4 122 108 58 -86 -200 111 456 283 53 72 -157 -175 -217 169 281 -403 86 -234 279 69]

[phase 1]
score=0
squared_norm=2773149
coefficients=[1 0 0 0 0 0 0 0 0 0 0 0 0 0 0 0 0 0 0 0 0 0 0 0 0 0 0 0 0 0 0 0 0 0 0 0 0 0]
vector=[-100 -93 444 66 -539 -437 -388 427 -578 258 105 130 -394 -381 -280 108 130 -4 122 108 58 -86 -200 111 456 283 53 72 -157 -175 -217 169 281 -403 86 -234 279 69]

