phase	depth	k	node	parent	z_k	nodes_at_depth	parent_rho	rho	bound_r2	remaining	center	delta	legal_lo	legal_hi	offset	P	Ptheta	N	Q	M
0	1	37	1	0	0	5	0	0	0.66926407814025879	0.66926407814025879	0	2.6212217814135785	-2	2	0	0.40511173613535967	0.40511173613535967	4827405	3.1820584298051377e-06	3.0147701682078747
0	2	36	3	1	0	29	0	0	0.66926407814025879	0.66926407814025879	0	2.9741222869316384	-2	2	0	0.37827169369812152	0.37827169369812152	2879898	5.3338989000073858e-06	3.0147701682078747
0	3	35	12	3	0	133	0	0	0.66926407814025879	0.66926407814025879	0	3.2901162012100604	-3	3	0	0.31744199991226196	0.31744199991226196	1887041	8.1403026083341426e-06	3.0147701682078747
0	4	34	41	12	0	519	0	0	0.66926407814025879	0.66926407814025879	0	3.039248948212224	-3	3	0	0.33412346492799716	0.33412346492799716	748894	1.1459500263521199e-05	3.0147701682078747
0	5	33	116	41	0	1679	0	0	0.66926407814025879	0.66926407814025879	0	2.8437466800273796	-2	2	0	0.38737944242927114	0.38737944242927114	354671	8.5001879719736729e-06	3.0147701682078747
0	6	32	438	116	-1	4613	0	0.10076004466647036	0.66926407814025879	0.66926407814025879	0	2.5772383316708432	-2	2	-0.38801223298261767	0.19883684813976288	0.19883684813976288	84989	3.5472474887431017e-05	3.0147701682078747
0	7	31	1780	438	0	11899	0.10076004466647036	0.10337272726903868	0.66926407814025879	0.56850403347378842	-0.16540564352446277	2.4399098020740855	-2	2	0.067791704178513892	0.38731613466653125	0.38731613466653125	46636	6.4644698692166447e-05	3.0147701682078747
0	8	30	6050	1780	1	25835	0.10337272726903868	0.14127996220223846	0.66926407814025879	0.56589135087122011	0.44050635346851197	2.1617259392524746	-1	2	0.25881802885936644	0.33253219228189895	0.33253219228189895	20471	0.00014727029301000804	3.0147701682078747
0	9	29	14062	6050	1	57525	0.14127996220223846	0.15491525831772796	0.66926407814025879	0.5279841159380203	0.63691168790554764	2.2593858824297577	-1	2	0.16070221333948717	0.38395644827067799	0.38395644827067799	10620	0.00028387666367305788	3.0147701682078747
0	10	28	33930	14062	-1	117559	0.15491525831772796	0.16420636799797694	0.66926407814025879	0.51434881982253089	-0.71089017293875634	2.1510867953126489	-2	1	-0.13440174877705158	0.41180250645014027	0.41180250645014027	5958	0.00050600372074653818	3.0147701682078747
0	11	27	89498	33930	0	217553	0.16420636799797694	0.16696112874029193	0.66926407814025879	0.50505771014228185	-0.14919392129131456	2.0201317238280785	-2	1	0.073853560899779999	0.46421341178075903	0.46421341178075903	3698	0.00081524342028336258	3.0147701682078747
0	12	26	214388	89498	-1	391161	0.16696112874029193	0.18066674171550404	0.66926407814025879	0.50230294939996689	-0.66228977311594139	2.0444563601100296	-2	1	-0.16518338736557012	0.40515484802194168	0.40515484802194168	2007	0.0015021276373731313	3.0147701682078747
0	13	25	502418	214388	1	618385	0.18066674171550404	0.1862312850053599	0.66926407814025879	0.48859733642475478	0.80325797979542768	1.843562694658361	-1	2	0.10671837783147999	0.46938490867614746	0.46938490867614746	1284	0.0023479518443986565	3.0147701682078747
0	14	24	967343	502418	1	905726	0.1862312850053599	0.19431862365186003	0.66926407814025879	0.48303279313489889	1.2372544051479577	1.8335796417020769	0	3	-0.12939410961594169	0.45687886391760613	0.45687886391760613	800	0.0037684627102598433	3.0147701682078747
0	15	23	2014305	967343	0	1078494	0.19431862365186003	0.2146442035586146	0.66926407814025879	0.47494545448839876	-0.35933966157502717	1.7370229224708384	-2	1	0.20687099572864723	0.42331522072381944	0.42331522072381944	452	0.0066698455048846781	3.0147701682078747
0	16	22	3509744	2014305	0	1011924	0.2146442035586146	0.22486278425799588	0.66926407814025879	0.45461987458164416	-0.23846942743782196	1.5906023815084593	-1	1	0.14992397233283894	0.53329867423057908	0.53329867423057908	279	0.010805627843038977	3.0147701682078747
0	17	21	6683014	3509744	-1	890022	0.22486278425799588	0.22639198299114552	0.66926407814025879	0.4444012938822629	-1.0926255780029757	1.5790163380536146	-2	0	0.058660303741474372	0.58282703161239624	0.58282703161239624	193	0.015620570819729921	3.0147701682078747
0	18	20	7648434	6683014	1	752166	0.22639198299114552	0.22798020320057727	0.66926407814025879	0.4428720951491133	0.91057564745582686	1.4932743450615615	0	2	0.059884744447602875	0.59795922931968015	0.59795922931968015	133	0.02266744487374342	3.0147701682078747
0	19	19	7738767	7648434	-1	656567	0.22798020320057727	0.24733649493702647	0.66926407814025879	0.44128387493968152	-1.311356801492267	1.48664168682016	-2	0	0.20943634518835613	0.53443922205088201	0.53443922205088201	83	0.03632253214708283	3.0147701682078747
0	20	18	7852414	7738767	0	531261	0.24733649493702647	0.24811555260826079	0.66926407814025879	0.42192758320323231	0.057030589141864145	1.3272172352891516	-1	1	-0.042970048629182613	0.66921936468453158	0.66921936468453158	66	0.045678335881937496	3.0147701682078747
0	21	17	8056634	7852414	0	400728	0.24811555260826079	0.25266445384459435	0.66926407814025879	0.421148525531998	0.12851198997176644	1.2365396223093155	-1	1	-0.10392872792200723	0.66286517177321269	0.66286517177321269	49	0.061525921800160706	3.0147701682078747
0	22	16	8166223	8056634	1	280763	0.25266445384459435	0.26956966135980065	0.66926407814025879	0.41659962429566444	0.76911086804490625	1.1461796009331802	0	1	0.20144236711865379	0.71627404440266029	0.71627404440266029	37	0.081480274816429041	3.0147701682078747
0	23	15	8265000	8166223	1	174545	0.26956966135980065	0.33271225198918536	0.66926407814025879	0.39969441678045814	1.3998722714084202	1.0060605795417976	1	2	-0.39746341278031072	0.59683958897472655	0.59683958897472655	22	0.13703500764581247	3.0147701682078747
0	24	14	8333492	8265000	0	107554	0.33271225198918536	0.35292160733450922	0.66926407814025879	0.33655182615107343	0.2253803342583908	0.91974146047915506	0	1	-0.24504748773745078	0.763832688331604	0.763832688331604	19	0.15867211411620394	3.0147701682078747
0	25	13	8364475	8333492	-1	65756	0.35292160733450922	0.35432820199175613	0.66926407814025879	0.31634247080574956	-0.94056109129932375	0.89138453820958696	-1	-1	-0.066681556783634285	1	1	18	0.16748723156710416	3.0147701682078747
0	26	12	8366783	8364475	0	35004	0.35432820199175613	0.35942757400632336	0.66926407814025879	0.31493587614850266	-0.10034097004897627	0.78855323068331518	0	0	0.12724692023901357	1	1	17	0.17733942165928673	3.0147701682078747
0	27	11	8369011	8366783	0	16985	0.35942757400632336	0.46035781518819924	0.66926407814025879	0.30983650413393543	-0.41268488558733274	0.72305977174761671	-1	0	0.5707479543356202	0.61846339702606201	0.61846339702606201	14	0.21534072630056247	3.0147701682078747
0	28	10	8370625	8369011	-1	9084	0.46035781518819924	0.46143364365641554	0.66926407814025879	0.20890626295205955	-0.95289476581931432	0.65640726813945116	-1	-1	-0.071762206890552502	1	1	13	0.23190539755445189	3.0147701682078747
0	29	9	8371003	8370625	0	4331	0.46143364365641554	0.56957481745536709	0.66926407814025879	0.20783043448384325	0.42147182714808895	0.58428882898026546	0	1	-0.72134158012855698	0.63125354051589966	0.63125354051589966	10	0.30147701682078748	3.0147701682078747
0	30	8	8371627	8371003	-1	2191	0.56957481745536709	0.58047561818767046	0.66926407814025879	0.099689260684891715	-1.143997906176673	0.43546290397876347	-1	-1	0.33067777957889027	1	1	9	0.33497446313420831	3.0147701682078747
0	31	7	8371721	8371627	2	1054	0.58047561818767046	0.59290218892874136	0.66926407814025879	0.088788459952588369	1.8547149818944595	0.38835012134528191	2	2	0.37410833709092012	1	1	8	0.37684627102598434	3.0147701682078747
0	32	6	8371798	8371721	1	456	0.59290218892874136	0.59745651842740066	0.66926407814025879	0.076361889211517417	1.08200728585041	0.33579834144348802	1	1	-0.24421587521215052	1	1	7	0.43068145260112495	3.0147701682078747
0	33	5	8371842	8371798	0	217	0.59745651842740066	0.60301555988380706	0.66926407814025879	0.071807559712858154	-0.091329820615265428	0.32824470738899619	0	0	0.27823699380179889	1	1	6	0.50246169470131241	3.0147701682078747
0	34	4	8371859	8371842	-1	104	0.60301555988380706	0.62410792307127405	0.66926407814025879	0.066248518256451741	-0.83312429737215565	0.29574579025873093	-1	-1	-0.56425385626572877	1	1	5	0.60295403364157496	3.0147701682078747
0	35	3	8371867	8371859	1	43	0.62410792307127405	0.62443316141623029	0.66926407814025879	0.04515615506898478	0.97902717407915552	0.2471237916695227	1	1	0.084867692338143272	1	1	4	0.75369254205196867	3.0147701682078747
0	36	2	8371883	8371867	0	20	0.62443316141623029	0.65917514212626782	0.66926407814025879	0.044830916724028502	0.20099859679803767	0.22832556866090525	0	0	-0.88031576129149214	1	1	3	1.0049233894026248	3.0147701682078747
0	37	1	8371899	8371883	0	10	0.65917514212626782	0.65922392836870636	0.66926407814025879	0.010088936013990973	0.0079370268839902315	0.11413841842040609	0	0	-0.069538609294162251	1	1	2	1.5073850841039373	3.0147701682078747
0	38	0	8371907	8371899	1	7	0.65922392836870636	0.66117024421691895	0.66926407814025879	0.010040149771552402	0.94988187699576798	0.11383039264071541	1	1	0.44028771087894414	1	1	1	3.0147701682078747	3.0147701682078747
1	1	37	1	0	0	5	0	0	0.66117024421691895	0.66117024421691895	0	2.6053235215819823	-2	2	0	0.42391365766525269	0.42391365766525269	2132106	0	0
1	2	36	3	1	0	25	0	0	0.66117024421691895	0.66117024421691895	0	2.9560836115231495	-2	2	0	0.39470019936561584	0.39470019936561584	1213329	0	0
1	3	35	12	3	0	93	0	0	0.66117024421691895	0.66117024421691895	0	2.9038689298333966	-2	2	0	0.39858883619308472	0.39858883619308472	692172	0	0
1	4	34	33	12	0	297	0	0	0.66117024421691895	0.66117024421691895	0	2.7617983461174584	-2	2	0	0.40994000434875488	0.40994000434875488	407887	0	0
1	5	33	82	33	0	875	0	0	0.66117024421691895	0.66117024421691895	0	2.6858134425957458	-2	2	0	0.41651815176010132	0.41651815176010132	243076	0	0
1	6	32	189	82	0	2027	0	0	0.66117024421691895	0.66117024421691895	0	2.3809560769807678	-2	2	0	0.4471929669380188	0.4471929669380188	160753	0	0
1	7	31	478	189	0	5273	0	0	0.66117024421691895	0.66117024421691895	0	2.8178969878335378	-2	2	0	0.40531682968139648	0.40531682968139648	88644	0	0
1	8	30	1085	478	0	11791	0	0	0.66117024421691895	0.66117024421691895	0	2.5911770901684736	-2	2	0	0.42526167631149292	0.42526167631149292	51885	0	0
1	9	29	2414	1085	0	23137	0	0	0.66117024421691895	0.66117024421691895	0	2.4259035768041	-2	2	0	0.44218450784683228	0.44218450784683228	31952	0	0
1	10	28	5973	2414	0	40891	0	0	0.66117024421691895	0.66117024421691895	0	2.2870544810329667	-2	2	0	0.45828336477279663	0.45828336477279663	20325	0	0
1	11	27	14120	5973	0	69519	0	0	0.66117024421691895	0.66117024421691895	0	2.3094728590758349	-2	2	0	0.45555511116981506	0.45555511116981506	12580	0	0
1	12	26	30049	14120	0	105799	0	0	0.66117024421691895	0.66117024421691895	0	2.1441413295757181	-2	2	0	0.47697550058364868	0.47697550058364868	8265	0	0
1	13	25	65662	30049	0	154207	0	0	0.66117024421691895	0.66117024421691895	0	2.1391167432390734	-2	2	0	0.47767636179924011	0.47767636179924011	5282	0	0
1	14	24	130337	65662	0	201923	0	0	0.66117024421691895	0.66117024421691895	0	1.988258439622526	-1	1	0	0.57755839824676514	0.57755839824676514	3535	0	0
1	15	23	186061	130337	0	247847	0	0	0.66117024421691895	0.66117024421691895	0	1.9301079547590489	-1	1	0	0.58493471145629883	0.58493471145629883	2382	0	0
1	16	22	313148	186061	0	289705	0	0	0.66117024421691895	0.66117024421691895	0	1.8974758511675107	-1	1	0	0.58925455808639526	0.58925455808639526	1611	0	0
1	17	21	427819	313148	0	304059	0	0	0.66117024421691895	0.66117024421691895	0	1.7489344060606784	-1	1	0	0.61073583364486694	0.61073583364486694	1162	0	0
1	18	20	542656	427819	0	291355	0	0	0.66117024421691895	0.66117024421691895	0	1.6447576667029331	-1	1	0	0.6278110146522522	0.6278110146522522	847	0	0
1	19	19	748747	542656	0	307777	0	0	0.66117024421691895	0.66117024421691895	0	1.8548630554451235	-1	1	0	0.59510242938995361	0.59510242938995361	546	0	0
1	20	18	925808	748747	0	289151	0	0	0.66117024421691895	0.66117024421691895	0	1.6998048979458704	-1	1	0	0.6185641884803772	0.6185641884803772	359	0	0
1	21	17	1150101	925808	0	252847	0	0	0.66117024421691895	0.66117024421691895	0	1.6214024214015992	-1	1	0	0.63189452886581421	0.63189452886581421	252	0	0
1	22	16	1377688	1150101	0	210613	0	0	0.66117024421691895	0.66117024421691895	0	1.5778898342928276	-1	1	0	0.63977056741714478	0.63977056741714478	171	0	0
1	23	15	1941591	1377688	0	160119	0	0	0.66117024421691895	0.66117024421691895	0	1.4697113304681613	-1	1	0	0.6609799861907959	0.6609799861907959	116	0	0
1	24	14	2533462	1941591	0	113433	0	0	0.66117024421691895	0.66117024421691895	0	1.4016297738026138	-1	1	0	0.67563050985336304	0.67563050985336304	81	0	0
1	25	13	3002893	2533462	0	69443	0	0	0.66117024421691895	0.66117024421691895	0	1.2310525182021241	-1	1	0	0.71737521886825562	0.71737521886825562	68	0	0
1	26	12	3183218	3002893	0	42755	0	0	0.66117024421691895	0.66117024421691895	0	1.2613373028649715	-1	1	0	0.70939993858337402	0.70939993858337402	47	0	0
1	27	11	3208013	3183218	0	26497	0	0	0.66117024421691895	0.66117024421691895	0	1.2765378900770514	-1	1	0	0.70549225807189941	0.70549225807189941	30	0	0
1	28	10	3242330	3208013	0	14139	0	0	0.66117024421691895	0.66117024421691895	0	1.1361530188009157	-1	1	0	0.74406009912490845	0.74406009912490845	25	0	0
1	29	9	3246657	3242330	0	7483	0	0	0.66117024421691895	0.66117024421691895	0	1.159630295978346	-1	1	0	0.73721444606781006	0.73721444606781006	16	0	0
1	30	8	3248850	3246657	0	3663	0	0	0.66117024421691895	0.66117024421691895	0	1.0838045376479903	-1	1	0	0.75991326570510864	0.75991326570510864	13	0	0
1	31	7	3249371	3248850	0	1699	0	0	0.66117024421691895	0.66117024421691895	0	1.0070797239952629	-1	1	0	0.78461956977844238	0.78461956977844238	10	0	0
1	32	6	3249460	3249371	0	773	0	0	0.66117024421691895	0.66117024421691895	0	0.9777153202201474	0	0	0	1	1	9	0	0
1	33	5	3249619	3249460	0	331	0	0	0.66117024421691895	0.66117024421691895	0	0.98592711596485827	0	0	0	1	1	8	0	0
1	34	4	3249648	3249619	0	141	0	0	0.66117024421691895	0.66117024421691895	0	0.95194886455865335	0	0	0	1	1	7	0	0
1	35	3	3249679	3249648	0	45	0	0	0.66117024421691895	0.66117024421691895	0	0.9009067056902641	0	0	0	1	1	6	0	0
1	36	2	3249712	3249679	0	17	0	0	0.66117024421691895	0.66117024421691895	0	0.92402109743830274	0	0	0	1	1	5	0	0
1	37	1	3249715	3249712	0	9	0	0	0.66117024421691895	0.66117024421691895	0	0.92509206706817004	0	0	0	1	1	4	0	0
1	38	0	3249740	3249715	1	3	0	0.66117024421691895	0.66117024421691895	0.66117024421691895	0	1.000000000002	-1	1	0.99999999999800004	0.10650698095560074	0.10650698095560074	1	0	0
