[phase 0 initial]
[[-37 10 196 292 72 -194 138 346 305 -32 -400 207 -603 -682 -138 -290 146 -122 -686 285 71 -98 513 267 779 21 310 -329 155 -201 801 95 79 152 0 79 -117 439 -3]
[481 -171 -79 -427 -254 -207 146 -294 -14 -308 236 422 124 -29 356 -216 -532 -459 -319 208 133 224 287 -92 945 619 -756 -23 -262 65 -51 -201 229 60 213 143 -478 -22 0]
[-336 -299 469 444 -322 -16 -407 46 -30 -228 -765 348 -462 -223 -462 494 119 -234 -297 -407 589 -126 317 -224 -226 -450 314 173 239 249 721 181 -254 184 -1 -559 489 -17 0]
[-207 -8 -629 -151 281 381 235 39 -386 203 412 -10 -63 81 201 -252 -70 469 321 -64 -640 -403 -158 -216 -392 382 955 46 -482 -101 10 386 -203 -33 415 33 66 445 -35]
[70 -412 213 506 -479 185 -205 -309 -53 407 -394 -128 398 141 109 289 621 346 487 -731 557 78 106 -354 -598 -290 -135 172 739 636 -284 -249 564 350 -324 -249 -1 -364 13]
[-48 875 530 -163 774 -386 -17 457 573 598 -160 -309 130 -14 -400 174 -199 -479 -25 -100 -553 41 237 222 -100 -285 -258 392 168 -252 51 -195 -211 197 -110 350 185 -71 259]
[483 331 502 -515 397 258 225 639 401 271 23 150 269 -112 218 -832 347 -194 -455 417 319 150 917 -148 565 604 -376 -191 274 68 -250 -318 -6 -146 -155 652 -477 62 9]
[-118 815 32 -197 -62 427 166 721 370 -149 250 -804 -41 68 312 -211 -138 20 -236 736 246 21 -428 -253 -194 -218 122 -160 4 17 -373 -306 -410 8 -510 267 -75 -382 -240]
[580 224 69 -89 132 111 -12 630 126 610 7 197 -16 18 -667 -377 55 84 373 -19 -18 177 101 179 286 10 -312 109 558 -759 -283 -428 54 -110 -275 169 -640 247 228]
[-503 -55 -129 -447 121 -481 -84 -362 197 -266 124 -131 -230 -96 141 -60 -184 -406 477 -242 -865 -389 -338 -457 -497 -284 -140 408 -708 418 165 -6 -122 145 286 -101 771 127 255]
[-491 171 -415 230 -148 244 -153 425 54 233 247 559 -127 -373 -85 157 -371 406 -201 357 210 36 42 136 170 33 769 -100 -366 -616 309 65 -422 339 125 -509 -293 -88 -46]
[168 79 -471 207 -69 454 -2 -30 -257 393 47 -237 73 -80 -421 341 -90 -53 140 -269 -77 -224 -89 -403 -317 -149 130 441 692 29 -332 104 442 246 -752 421 -33 0 -39]
[-91 -40 530 -53 -358 -202 -290 52 -114 316 -737 -153 573 295 53 -318 856 140 -374 -138 572 -114 118 19 34 481 -400 -207 227 772 -332 172 -12 -39 -103 -474 -192 -160 13]
[-512 -13 315 591 -36 -184 -10 10 -13 -118 -489 -827 -113 -553 -344 53 200 -526 -772 -369 50 126 -453 -1 -231 -309 73 -64 222 161 365 458 -39 295 -367 -207 -214 -365 83]
[-331 -591 -440 118 349 -43 124 -69 -8 -55 -426 -571 -139 -389 -285 -774 388 51 100 -69 139 -640 -438 415 478 -166 -174 -289 -161 -235 198 432 247 -160 -353 165 -186 791 35]
[-115 735 202 -339 -258 -544 -27 172 610 -311 0 -203 29 253 481 -192 -526 8 -793 1006 -481 -50 376 428 114 515 -267 262 -293 18 -305 -550 223 25 114 -43 -80 -508 -299]
[206 -5 -300 -451 15 104 -151 -139 122 -421 124 72 147 495 714 -318 342 -38 433 211 -515 -481 -126 434 -221 482 655 342 -179 289 -299 51 -44 -581 449 -152 188 -80 -312]
[-260 -445 275 -89 104 0 74 -223 467 1 -628 444 -396 -38 -30 -142 309 307 -329 464 500 297 -225 39 -211 -307 -777 -368 -69 -93 166 -117 20 -684 -331 -229 853 80 26]
[521 -108 -446 -405 -15 -476 375 -249 74 -523 380 -613 588 -126 408 -245 467 -397 -513 738 146 -66 -490 -66 730 -366 -333 -404 -422 166 -136 -8 72 312 -607 657 -349 -46 0]
[42 69 -12 145 -36 102 127 -538 147 36 270 -316 595 790 -4 1 -368 -444 734 -233 -810 -172 -445 501 127 653 -406 698 -323 -506 -304 -66 217 -194 149 184 -347 416 -25]
[2 465 -147 -106 591 562 -215 234 24 331 24 547 -445 64 -346 -195 -240 5 2 -236 141 -42 153 186 -809 176 575 977 4 -240 -510 340 -647 67 233 -149 -245 -776 -39]
[-190 230 -481 308 107 -86 386 -242 24 187 -75 178 221 513 344 66 533 609 263 217 -71 590 -904 438 -264 37 462 -470 -228 -617 -283 709 -397 349 -104 -484 74 -189 -32]
[1008 -798 144 -40 -217 364 -102 -510 -309 -7 407 310 198 225 75 509 453 318 225 -311 173 224 -625 193 -118 -296 -129 -294 118 329 -166 326 354 -145 80 128 -529 -655 -22]
[209 316 474 28 501 16 342 -174 -18 -543 485 -493 512 -28 97 -283 -107 -67 -127 -193 195 151 296 -85 406 416 -232 -565 -310 -46 -239 -82 -532 -134 363 220 163 289 278]
[553 -522 -217 -95 262 216 -278 -92 150 419 -523 149 254 347 356 397 138 567 602 -97 514 681 33 399 -198 -381 52 -169 279 -344 -219 -282 271 -85 -497 -164 -639 -468 -254]
[-99 -547 -171 80 44 -610 275 -99 -383 -59 -59 -841 421 682 -145 -121 439 -108 650 -472 -629 -111 -17 310 -612 -649 -46 526 321 -320 -127 -41 489 106 -284 92 355 -322 106]
[-342 -126 35 -418 102 774 -168 277 -230 451 -275 719 -297 -141 141 -75 34 453 328 160 160 -307 69 -350 -402 -271 821 -229 -121 -349 115 -171 -514 -122 60 80 130 15 -194]
[333 141 -483 -490 74 -752 -191 -85 185 -215 201 242 643 -111 275 565 -63 -351 -610 839 -72 622 234 35 -159 260 -578 -89 -63 -250 -403 266 -197 -392 -52 171 342 -184 -11]
[-217 -338 110 272 -166 -380 111 -382 514 533 -144 642 -531 -376 633 -81 -176 93 402 -355 170 -135 -258 133 364 -221 -633 -172 103 210 401 -103 -27 91 411 -46 -442 -146 218]
[-187 367 210 907 -402 350 -60 527 -28 -2 -98 -441 -147 89 99 -39 412 811 -688 185 231 -127 214 253 -57 -302 248 -486 948 -321 269 -377 481 -212 -424 663 -97 149 -345]
[-407 -287 31 303 -826 478 328 34 -42 -291 -82 -550 -79 -133 -135 285 -48 501 200 -277 -2 -220 -407 -173 -444 -133 155 471 302 675 255 104 694 325 -178 -517 316 55 -271]
[-355 39 -516 -489 147 153 439 246 -417 89 -77 285 408 242 343 11 -209 106 272 247 554 -57 -281 -267 -580 -373 332 -176 -222 -329 310 202 -369 -122 -38 -302 470 574 223]
[-385 -89 -452 17 -453 582 128 69 77 58 -226 99 600 58 760 -88 -5 -69 175 366 522 269 554 177 705 502 -498 45 188 90 -108 233 286 -236 -543 -485 -514 23 -82]
[-628 -241 -293 -121 -437 -80 -198 -612 -266 -8 672 -65 891 -19 187 -341 12 632 374 225 -51 -378 -157 32 199 37 -143 -331 -2 290 -535 -66 427 -145 414 -290 -196 458 -362]
[220 -521 40 -118 269 486 -63 30 -571 202 -1 265 499 216 -41 -88 397 58 85 337 514 662 -380 181 -125 90 169 127 -229 -235 177 313 -1072 -327 -105 -323 -64 -171 -362]
[90 -158 -1041 -52 -63 310 388 -309 157 -133 254 -538 -510 45 -558 -216 -400 384 444 223 -688 208 -123 -467 -447 -55 264 -18 22 -582 -21 -216 458 111 -63 144 214 633 -301]
[-141 -556 470 450 -514 389 -549 40 376 -325 112 727 122 -58 -35 16 372 -234 70 205 613 -166 524 629 133 -365 -271 -522 378 519 83 139 35 -220 116 -253 250 -131 103]
[425 486 272 212 -774 -684 -384 -270 -150 -386 169 197 492 283 -299 128 -303 -181 -54 -311 681 39 101 108 -12 100 -897 814 47 153 -222 -181 196 -35 -90 -147 -127 93 -223]
[-156 83 214 -515 161 364 -59 -208 560 -283 27 -60 564 395 118 -314 301 570 317 -58 426 244 -271 -64 144 82 -710 -328 -19 641 -643 83 -143 -180 -247 487 262 -688 157]]
