[phase 0 initial]
[[-121 370 -161 -241 310 288 -305 -130 -167 -241 -130 -178 177 -537 68 -167 240 -52 -285 -66 255 -215 -724 349 32 120 -171 -625 217 -392 85]
[53 -105 -245 244 149 -245 141 -26 214 -28 -254 -445 -482 -505 106 -49 131 234 40 -384 295 119 -162 673 -614 209 -609 -304 533 -266 -143]
[272 115 117 31 456 -209 663 64 -180 22 -606 54 465 116 60 -58 -625 -694 181 293 -335 -241 -52 -538 189 75 -156 270 -246 44 -67]
[-224 -309 -187 237 114 130 444 82 346 -16 283 207 -174 312 61 -474 475 145 -85 -341 133 -162 230 530 -597 -274 756 260 423 6 64]
[31 -201 -586 241 -302 -634 318 -328 -188 -275 -788 229 -368 -113 -360 130 -546 -174 -81 144 16 281 -378 -233 -139 426 -730 -570 282 247 -210]
[-530 -207 424 412 -39 110 287 -270 -308 -404 -92 838 152 208 -251 -574 -75 -627 50 463 -101 -123 424 -667 -550 190 274 136 -367 548 -67]
[-551 -182 -41 592 -523 -3 336 -206 414 -248 122 97 -303 327 119 -807 -88 73 612 119 523 334 215 -448 -474 270 267 375 2 18 0]
[-48 124 196 -766 -18 -65 46 378 440 -73 494 -574 -464 22 -44 62 -95 -121 697 -17 -632 115 -184 86 181 155 15 126 -12 -68 39]
[-174 339 -317 646 20 -427 -172 21 -3 68 -8 371 451 -672 -120 -518 -727 -509 -400 32 633 -233 -186 -481 82 330 -511 -122 110 -33 -103]
[-176 -141 482 18 -334 -631 602 207 -108 444 199 104 306 -643 -205 31 10 -319 66 -151 -854 -335 628 -284 -362 144 -528 365 320 87 -174]
[-788 329 541 207 221 33 -61 321 -1 326 284 -61 -256 174 -30 110 630 148 491 86 -576 -627 546 207 -256 -351 397 262 197 125 -226]
[-565 300 -56 361 -388 -368 122 13 -92 430 45 660 -185 133 -563 -218 -142 -33 164 -399 212 -135 -492 -494 470 -37 624 261 181 -308 -32]
[324 -208 -468 916 -68 198 -123 -95 -79 35 598 145 -35 326 303 -544 -198 251 -258 -272 274 427 181 362 -145 -201 138 -78 191 15 604]
[53 501 38 -510 7 -91 92 34 515 99 -32 18 331 -198 -49 -473 -629 -432 -53 -23 11 -221 -985 -27 110 677 245 -247 -568 -415 -316]
[283 94 281 -467 -108 -31 120 -174 -243 -601 -346 154 -370 338 310 615 -229 -194 521 -113 -26 -105 -56 -411 61 62 -10 66 -53 -166 -511]
[-503 249 163 -295 299 -184 -42 -37 363 67 186 655 222 116 -776 -599 -26 -237 52 435 65 45 110 -323 403 174 533 41 378 29 68]
[612 125 -468 -286 -114 -207 237 -430 34 -225 -679 486 528 410 268 -315 -21 364 133 -82 407 -324 -541 -213 221 -141 373 -50 427 251 -357]
[-226 -518 -93 121 297 -193 709 -92 591 -35 -5 182 -375 183 -750 -364 -608 -294 -342 -394 862 271 183 -706 -73 -26 24 -9 -33 217 -66]
[-107 -584 49 -438 -369 -155 72 -490 -448 -413 -315 744 248 -169 114 399 522 -213 77 158 -40 -243 -126 -189 367 166 568 -273 -7 -522 103]
[-591 275 -119 -79 -159 235 224 -447 22 -529 -720 -381 375 -84 -358 -320 37 -45 -212 140 69 -28 -6 -411 -102 290 354 -406 542 -137 -484]
[-179 261 41 276 -187 -311 -48 -353 -232 225 -484 283 274 -537 -576 100 356 98 -8 -323 -352 -38 -251 -344 -401 -254 -286 -18 -420 33 -555]
[-10 -682 -1090 244 430 -570 348 54 -157 303 -452 495 432 -762 151 -354 72 -207 -227 -551 -245 -81 -457 216 -229 -171 -106 166 502 64 88]
[353 -448 -69 -207 -465 -97 332 404 88 292 -432 -194 -222 -125 165 377 -122 -36 -591 -113 -648 307 0 125 386 108 -746 505 369 191 -50]
[757 327 73 -273 368 325 554 -287 -240 -241 150 62 320 106 58 -41 545 -521 -147 249 -845 88 291 -31 -317 120 549 139 98 18 389]
[-31 382 92 95 74 189 -163 -236 -228 -381 303 -10 -447 118 261 69 -636 -5 112 42 -52 349 -674 -378 187 361 900 -213 -106 -25 216]
[-406 -654 339 474 -73 -48 193 -94 111 -56 -104 524 173 433 -286 -176 7 95 -496 -78 -179 70 13 -376 -604 208 748 -58 -38 -5 -282]
[70 42 14 -267 176 -48 150 524 -589 -363 244 -69 -115 223 -73 -43 -250 -426 -529 231 -319 -398 27 -49 149 -419 -315 -203 302 -234 -170]
[434 -313 466 -531 -525 91 369 179 -89 75 310 -720 -601 142 -141 816 -284 505 357 -213 -102 667 135 342 110 31 70 -131 262 -163 -529]
[-297 -224 -15 -62 -386 -347 6 -841 139 72 257 204 -216 -641 30 -46 126 -241 296 -524 529 495 -68 -335 -503 183 -10 -462 439 -255 -184]
[-475 -112 -32 -773 -207 630 -221 33 185 -365 271 -217 184 -79 171 401 168 501 516 284 -453 38 535 103 -180 -470 486 27 214 -584 412]
[157 60 -9 -249 -57 184 -425 -173 -116 241 363 535 -262 380 -769 413 -341 675 4 -39 -574 22 -223 3 342 -584 -175 237 -50 270 6]]
