[phase 0]
score=2.518892003609379
squared_norm=2292714
coefficients=[1 2 -1 2 0 1 0 1 -1 -1 -1 -1 0 0 0 0 0 0 1 -1 1 0 0 -1 0 0 0 -1 0 0]
vector=[-307 -131 -253 168 -143 -48 -5 90 12 401 219 -293 -372 -247 -10 -49 -305 -224 31 509 184 491 -190 -42 -291 421 57 94 -278 -703]

[phase 1]
score=0
squared_norm=2292714
coefficients=[1 0 0 0 0 0 0 0 0 0 0 0 0 0 0 0 0 0 0 0 0 0 0 0 0 0 0 0 0 0]
vector=[-307 -131 -253 168 -143 -48 -5 90 12 401 219 -293 -372 -247 -10 -49 -305 -224 31 509 184 491 -190 -42 -291 421 57 94 -278 -703]

