[phase 0 initial]
[[-73 32 -324 13 79 75 665 366 183 586 320 -168 188 -63 -719 275 181 -223 -9 791 -237 -305 18 -218 19 -519 -399 217 -69 -134 130 -231 -41 75 -1]
[211 265 -68 97 -247 -46 353 133 -637 230 205 -338 -257 572 -962 -64 20 -200 -790 249 -337 -109 -386 190 242 -509 -101 324 -275 -226 -59 327 -284 -375 -130]
[409 -141 500 903 10 -44 446 -490 -567 -557 477 -461 177 521 8 -411 -499 -54 74 -194 -50 -47 92 403 -48 -159 -156 -202 -84 75 -126 177 -172 -274 -128]
[-152 157 472 67 -46 -480 -56 364 -327 345 -349 -244 36 580 -699 -136 141 -29 -54 505 -307 319 512 -77 -38 21 -201 521 -179 258 -206 954 275 -376 -8]
[320 -56 418 327 540 -40 -349 55 459 -467 -293 481 207 319 387 -413 -386 96 -54 -63 -193 616 212 426 538 270 -939 113 177 174 58 452 -160 148 -1]
[344 -221 -14 -37 -121 -150 344 -613 -316 335 552 -308 283 93 135 -271 117 421 521 497 82 -279 384 -467 -271 190 237 376 56 258 -1039 475 0 -147 1]
[622 -141 -431 -879 266 -197 -505 363 477 84 -469 354 145 318 805 3 -427 383 124 -204 385 -333 -201 10 480 357 -21 259 359 201 -221 303 134 322 131]
[460 134 -93 -781 43 -42 -334 62 -441 500 -55 -457 61 400 -645 78 -131 -65 -626 -14 -483 -487 -132 -73 -44 -363 -329 193 99 -306 -150 -486 17 -262 -5]
[428 -466 270 253 118 53 -135 -293 54 -177 -302 253 88 162 420 -328 -69 65 152 399 -456 135 276 237 -192 -647 -663 66 237 393 -492 -240 -190 414 -109]
[752 686 -451 -97 -126 627 -154 187 -369 1022 422 -238 9 321 -357 -137 -381 43 -430 133 262 -233 -548 110 534 76 -92 107 148 -203 -262 -87 -143 -17 2]
[722 356 -138 -228 47 221 -56 426 814 739 213 42 213 -307 -273 263 71 -289 209 -347 537 -201 134 -510 61 66 -414 129 346 -80 -207 -708 -344 449 7]
[-77 199 -624 -901 38 -247 -100 -37 -212 187 -88 -88 187 268 -3 29 -131 -41 -450 -220 -459 -550 -765 -132 259 451 -468 588 -87 310 -126 -21 319 -730 72]
[-260 -78 623 343 -548 -214 1036 168 -131 45 828 -324 -388 113 -615 -247 175 -458 289 -185 44 -191 -13 -168 -195 -389 -199 439 -637 -210 33 -161 -6 -792 -165]
[388 22 140 -24 540 360 -179 -273 362 253 -108 595 -281 -142 719 -434 -691 256 394 -49 222 -3 161 549 578 109 4 334 167 115 -502 -414 -246 143 -10]
[-370 53 105 447 256 -4 -283 -317 30 -254 233 -290 311 862 185 -434 -47 44 -132 190 -560 624 251 45 217 -188 -799 225 -386 -86 164 323 25 11 47]
[-313 -129 -914 -149 289 -84 81 -175 219 -126 -328 341 109 129 248 289 352 -156 471 -576 250 -511 -320 19 -98 89 -268 94 -119 -527 293 -300 168 139 29]
[-233 155 59 -290 108 -231 -259 430 111 229 280 146 -463 -271 -219 310 414 -14 -173 377 -294 -95 8 138 357 409 404 79 14 519 579 348 -123 -439 81]
[-114 -137 -287 -286 -331 -438 100 -38 485 361 292 -96 -180 -300 91 154 317 71 486 297 228 -488 341 -308 313 -649 474 -434 -9 256 198 -60 -54 783 91]
[-133 476 579 509 182 50 193 120 -219 -116 -268 509 404 -64 -534 -194 34 31 271 -271 -76 239 422 -10 -563 490 -215 598 217 30 -144 421 -482 -69 -78]
[-124 -67 274 117 -593 -694 -541 421 -652 -443 -259 378 -372 874 -169 246 687 43 185 -573 174 -26 235 -130 -622 -62 535 656 -322 194 -81 313 289 192 -112]
[409 430 -537 -74 147 43 -124 -114 215 -369 120 -39 -105 480 -622 185 193 11 -587 -35 278 17 -217 130 351 328 -513 1094 471 -260 -154 121 -515 77 7]
[722 710 -19 76 276 -44 -26 432 429 148 -12 275 195 112 109 455 -208 84 -403 -387 96 -35 -647 530 454 193 386 -250 207 224 93 685 -618 -389 -125]
[-344 -36 379 -299 32 -573 -136 131 471 -105 57 -256 -216 377 592 367 -455 119 -109 177 216 801 266 122 409 89 -89 443 118 -72 245 432 505 60 139]
[-264 202 103 -523 -85 -598 -116 -31 150 -166 -370 -165 77 210 -261 213 -206 51 -518 -652 107 579 159 345 -117 29 -351 122 164 165 -150 -80 163 -117 -124]
[233 -445 -803 -172 593 413 -219 -6 -527 12 23 -139 446 115 -63 436 110 -222 295 160 -456 -833 -352 22 -507 -506 -170 -195 -87 233 -52 -234 259 -232 -215]
[-9 -59 -256 255 733 102 178 449 334 -511 433 158 763 -61 -130 316 -346 29 427 -25 231 -296 685 276 198 -156 -435 -432 -150 69 564 -59 -231 346 416]
[-366 405 113 433 -108 72 -425 109 -600 -261 -729 3 100 -424 -133 -274 243 133 3 -234 436 -396 406 -21 -25 746 417 -20 439 -255 238 433 -91 -416 247]
[-523 118 -380 87 101 45 135 -367 -450 -405 112 -173 75 296 -68 340 167 -209 -423 -514 -713 -341 138 225 -780 218 -24 -392 -163 -414 -143 -400 -187 -338 170]
[611 -55 -485 -114 -94 245 372 -806 -42 17 33 48 125 523 -591 -257 275 367 -272 253 -326 275 -253 163 217 -886 -1011 140 -123 -65 -335 124 443 8 -275]
[51 -92 180 436 -190 98 710 564 -248 272 -503 -122 93 -28 -576 -200 206 -217 11 -17 -132 79 -50 -308 -70 -363 29 1059 -480 331 -100 392 89 260 -313]
[236 143 -486 295 -147 152 240 -192 126 -416 11 89 -107 -1 912 31 -57 387 -130 -46 301 619 -276 -141 721 -272 78 -77 612 69 -268 -284 -277 795 -7]
[19 -122 255 21 -194 398 349 -377 -122 480 1090 140 -223 98 -65 -147 10 176 -823 565 -94 -131 -617 -366 711 197 -678 155 47 38 170 174 -297 -350 -123]
[-419 -368 -313 -452 367 176 107 -318 -144 -65 28 -907 92 -165 -160 411 162 -40 -223 -385 -104 201 -539 -294 -435 295 -188 -63 383 -227 -101 -180 200 -308 369]
[71 -295 185 -334 -22 -266 907 -57 388 -225 328 555 512 -153 59 -433 -183 -244 106 138 -239 -48 165 -131 371 -566 133 469 -274 580 -650 128 -318 732 -390]
[101 146 146 257 522 -244 42 -151 365 -508 -113 -283 -479 214 678 -365 -532 222 3 295 6 284 307 86 67 212 -323 -202 482 284 239 678 169 -15 229]]
[phase 0 refreshed]
[[-432 -325 221 15 394 -132 -544 -284 257 272 287 278 92 -288 643 342 -314 37 -208 20 -89 44 129 166 -378 -42 455 218 -140 127 -130 -182 102 -81 -427]
[-73 32 -324 13 79 75 665 366 183 586 320 -168 188 -63 -719 275 181 -223 -9 791 -237 -305 18 -218 19 -519 -399 217 -69 -134 130 -231 -41 75 -1]
[211 265 -68 97 -247 -46 353 133 -637 230 205 -338 -257 572 -962 -64 20 -200 -790 249 -337 -109 -386 190 242 -509 -101 324 -275 -226 -59 327 -284 -375 -130]
[249 -131 -25 -878 290 4 -687 -71 196 270 -260 -119 318 -172 317 142 -151 135 164 -263 -146 -378 254 -263 -286 146 -228 -131 374 -80 -91 -813 301 113 125]
[254 -97 569 -47 -153 -527 -214 6 363 -639 -324 110 -241 7 -159 61 291 -309 -142 -1022 175 228 278 -212 -250 0 -24 129 -8 31 -134 -63 -444 16 -124]
[1006 589 118 -144 -279 100 -368 193 -6 383 98 -128 -232 328 -516 -76 -90 -266 -572 -889 437 -5 -270 -102 284 76 -116 236 140 -172 -396 -150 -587 -1 -122]
[-690 109 -313 120 -284 36 66 -372 -429 213 526 -771 104 543 -202 -21 339 -52 -78 253 -367 8 39 -381 -321 -458 140 112 -563 -260 106 -129 185 -137 48]
[-302 131 -173 96 256 396 -113 -645 -67 466 418 -176 -177 401 517 -455 -352 204 316 204 -145 5 200 168 257 -349 144 446 -396 -145 -396 -543 -61 6 38]
[-179 554 -264 99 239 38 -313 -73 637 131 309 -158 556 83 869 498 111 232 309 -383 66 82 -222 -41 -109 244 627 -462 -81 190 258 229 -149 -151 53]
[-581 67 253 -83 301 -366 463 -34 40 -362 -23 242 -635 -53 -306 -33 -221 -52 -118 -332 79 -14 47 392 478 171 658 485 -493 -301 193 240 -197 -629 -33]
[-233 155 59 -290 108 -231 -259 430 111 229 280 146 -463 -271 -219 310 414 -14 -173 377 -294 -95 8 138 357 409 404 79 14 519 579 348 -123 -439 81]
[-120 -469 321 -369 -622 -61 117 638 11 12 -365 624 -247 -591 158 -45 485 -11 202 435 -155 63 -325 -72 -365 -9 -427 -85 157 356 67 259 522 -201 -59]
[409 -141 500 903 10 -44 446 -490 -567 -557 477 -461 177 521 8 -411 -499 -54 74 -194 -50 -47 92 403 -48 -159 -156 -202 -84 75 -126 177 -172 -274 -128]
[-68 -32 -744 -759 -18 -161 -439 -9 48 297 57 -417 249 861 603 -18 -88 331 46 49 18 -325 -162 -371 159 -101 119 371 -204 -59 -115 174 319 185 179]
[149 765 269 -21 -330 146 294 4 234 884 476 -102 89 132 -389 -211 -193 -55 -182 -100 -287 -33 -434 286 508 -1026 -411 -421 -375 -554 4 -104 -175 -212 -164]
[-441 79 -100 -281 -117 303 -529 207 288 237 -220 438 50 393 395 -786 108 528 399 -383 331 552 307 269 -4 -53 -234 -130 -370 -140 -163 91 149 277 -69]
[448 -47 -487 118 -178 216 -92 -166 -657 69 350 74 -95 210 -80 -922 -305 271 215 -316 581 -408 23 427 387 793 -184 -21 177 911 -368 30 -45 66 -47]
[-370 53 105 447 256 -4 -283 -317 30 -254 233 -290 311 862 185 -434 -47 44 -132 190 -560 624 251 45 217 -188 -799 225 -386 -86 164 323 25 11 47]
[-211 -263 -195 -719 487 406 -24 195 -250 104 -429 77 -12 -317 -406 215 -378 -50 -195 221 -283 -194 -85 -146 -240 -674 508 319 -391 -135 -605 -219 189 -287 -230]
[-5 521 -167 -411 -239 18 156 -352 242 -200 -55 445 -283 -515 39 209 -44 401 -56 -227 351 -330 -650 691 339 -67 390 -5 411 -422 -48 75 -87 -220 -81]
[528 666 132 -714 -166 509 -401 597 -677 -499 -390 30 -225 121 -448 186 -152 153 -607 -231 -220 598 -481 31 124 174 -6 322 564 166 29 528 -334 -99 251]
[264 -202 -103 523 85 598 116 31 -150 166 370 165 -77 -210 261 -213 206 -51 518 652 -107 -579 -159 -345 117 -29 351 -122 -164 -165 150 80 -163 117 124]
[118 -257 -311 -266 40 288 212 62 -374 -298 -166 313 130 -259 118 364 -397 -215 -136 272 -156 -442 -251 -30 8 -701 -434 289 -155 -266 -244 -401 133 137 382]
[-127 -495 421 511 183 131 -146 -26 -351 244 258 -54 318 -54 -239 -156 -208 7 -572 599 -340 -133 713 350 -600 -518 95 -152 -648 226 -569 -538 -112 -387 -64]
[-432 477 -442 423 51 60 -89 50 -469 483 194 126 149 -248 -156 198 294 211 -435 -97 145 46 -177 -411 88 265 1084 153 -62 133 -357 296 -215 -136 -472]
[-35 -122 -44 771 195 -146 371 121 -255 -617 -302 467 -263 403 -414 -100 128 150 -319 56 110 -116 132 381 147 386 539 198 -364 -311 25 -457 -100 64 83]
[253 507 -524 263 166 -359 350 -410 58 148 -77 99 292 887 -644 -212 -10 124 -139 -582 109 245 -299 153 326 658 79 -320 -452 -283 -11 601 -206 455 -4]
[-10 264 5 294 -151 240 282 -82 -274 -447 -737 345 118 -76 -467 126 102 47 307 337 74 146 146 406 -708 198 67 24 365 13 213 647 -402 598 435]
[307 3 -212 283 270 -111 362 -528 -22 -418 -279 -117 -303 313 364 270 -146 248 -583 -339 194 161 21 383 502 -558 448 235 -24 -86 138 193 -176 -504 -66]
[-150 -246 -905 -218 -152 109 287 61 216 0 128 67 -80 367 38 9 170 -334 149 -415 259 -462 464 -542 -407 302 -617 377 -39 -437 -573 -677 -80 709 308]
[-67 -17 -172 -176 443 -508 -379 215 208 140 -273 -142 -105 95 -171 -164 552 85 4 -424 -227 -569 192 673 529 -138 157 487 -189 -97 -33 243 -693 104 -224]
[-675 372 370 245 -256 242 763 -134 408 -182 -306 -26 -40 445 235 -50 121 52 170 -326 119 214 -351 -308 362 -332 -313 -345 -301 -274 514 -63 -93 -198 256]
[-545 14 70 -58 228 -147 578 187 724 22 -110 94 357 -216 -170 474 333 -58 399 -249 -183 10 -458 -977 -169 -475 148 557 -286 -230 -531 75 -25 325 320]
[370 74 260 -249 112 505 -330 55 -116 -89 -186 -10 -58 -9 28 -510 512 -323 660 -348 111 556 513 98 468 596 23 -631 -32 -17 15 -327 466 227 181]
[109 234 4 -537 613 107 -535 -6 -435 184 25 130 -685 -244 265 -249 -920 146 -68 -15 542 489 -300 137 217 86 329 -136 -121 -380 -218 382 -29 296 260]]
[phase 1 initial]
[[-432 -325 221 15 394 -132 -544 -284 257 272 287 278 92 -288 643 342 -314 37 -208 20 -89 44 129 166 -378 -42 455 218 -140 127 -130 -182 102 -81 -427]
[-73 32 -324 13 79 75 665 366 183 586 320 -168 188 -63 -719 275 181 -223 -9 791 -237 -305 18 -218 19 -519 -399 217 -69 -134 130 -231 -41 75 -1]
[211 265 -68 97 -247 -46 353 133 -637 230 205 -338 -257 572 -962 -64 20 -200 -790 249 -337 -109 -386 190 242 -509 -101 324 -275 -226 -59 327 -284 -375 -130]
[249 -131 -25 -878 290 4 -687 -71 196 270 -260 -119 318 -172 317 142 -151 135 164 -263 -146 -378 254 -263 -286 146 -228 -131 374 -80 -91 -813 301 113 125]
[254 -97 569 -47 -153 -527 -214 6 363 -639 -324 110 -241 7 -159 61 291 -309 -142 -1022 175 228 278 -212 -250 0 -24 129 -8 31 -134 -63 -444 16 -124]
[1006 589 118 -144 -279 100 -368 193 -6 383 98 -128 -232 328 -516 -76 -90 -266 -572 -889 437 -5 -270 -102 284 76 -116 236 140 -172 -396 -150 -587 -1 -122]
[-690 109 -313 120 -284 36 66 -372 -429 213 526 -771 104 543 -202 -21 339 -52 -78 253 -367 8 39 -381 -321 -458 140 112 -563 -260 106 -129 185 -137 48]
[-302 131 -173 96 256 396 -113 -645 -67 466 418 -176 -177 401 517 -455 -352 204 316 204 -145 5 200 168 257 -349 144 446 -396 -145 -396 -543 -61 6 38]
[-179 554 -264 99 239 38 -313 -73 637 131 309 -158 556 83 869 498 111 232 309 -383 66 82 -222 -41 -109 244 627 -462 -81 190 258 229 -149 -151 53]
[-581 67 253 -83 301 -366 463 -34 40 -362 -23 242 -635 -53 -306 -33 -221 -52 -118 -332 79 -14 47 392 478 171 658 485 -493 -301 193 240 -197 -629 -33]
[-233 155 59 -290 108 -231 -259 430 111 229 280 146 -463 -271 -219 310 414 -14 -173 377 -294 -95 8 138 357 409 404 79 14 519 579 348 -123 -439 81]
[-120 -469 321 -369 -622 -61 117 638 11 12 -365 624 -247 -591 158 -45 485 -11 202 435 -155 63 -325 -72 -365 -9 -427 -85 157 356 67 259 522 -201 -59]
[409 -141 500 903 10 -44 446 -490 -567 -557 477 -461 177 521 8 -411 -499 -54 74 -194 -50 -47 92 403 -48 -159 -156 -202 -84 75 -126 177 -172 -274 -128]
[-68 -32 -744 -759 -18 -161 -439 -9 48 297 57 -417 249 861 603 -18 -88 331 46 49 18 -325 -162 -371 159 -101 119 371 -204 -59 -115 174 319 185 179]
[149 765 269 -21 -330 146 294 4 234 884 476 -102 89 132 -389 -211 -193 -55 -182 -100 -287 -33 -434 286 508 -1026 -411 -421 -375 -554 4 -104 -175 -212 -164]
[-441 79 -100 -281 -117 303 -529 207 288 237 -220 438 50 393 395 -786 108 528 399 -383 331 552 307 269 -4 -53 -234 -130 -370 -140 -163 91 149 277 -69]
[448 -47 -487 118 -178 216 -92 -166 -657 69 350 74 -95 210 -80 -922 -305 271 215 -316 581 -408 23 427 387 793 -184 -21 177 911 -368 30 -45 66 -47]
[-370 53 105 447 256 -4 -283 -317 30 -254 233 -290 311 862 185 -434 -47 44 -132 190 -560 624 251 45 217 -188 -799 225 -386 -86 164 323 25 11 47]
[-211 -263 -195 -719 487 406 -24 195 -250 104 -429 77 -12 -317 -406 215 -378 -50 -195 221 -283 -194 -85 -146 -240 -674 508 319 -391 -135 -605 -219 189 -287 -230]
[-5 521 -167 -411 -239 18 156 -352 242 -200 -55 445 -283 -515 39 209 -44 401 -56 -227 351 -330 -650 691 339 -67 390 -5 411 -422 -48 75 -87 -220 -81]
[528 666 132 -714 -166 509 -401 597 -677 -499 -390 30 -225 121 -448 186 -152 153 -607 -231 -220 598 -481 31 124 174 -6 322 564 166 29 528 -334 -99 251]
[264 -202 -103 523 85 598 116 31 -150 166 370 165 -77 -210 261 -213 206 -51 518 652 -107 -579 -159 -345 117 -29 351 -122 -164 -165 150 80 -163 117 124]
[118 -257 -311 -266 40 288 212 62 -374 -298 -166 313 130 -259 118 364 -397 -215 -136 272 -156 -442 -251 -30 8 -701 -434 289 -155 -266 -244 -401 133 137 382]
[-127 -495 421 511 183 131 -146 -26 -351 244 258 -54 318 -54 -239 -156 -208 7 -572 599 -340 -133 713 350 -600 -518 95 -152 -648 226 -569 -538 -112 -387 -64]
[-432 477 -442 423 51 60 -89 50 -469 483 194 126 149 -248 -156 198 294 211 -435 -97 145 46 -177 -411 88 265 1084 153 -62 133 -357 296 -215 -136 -472]
[-35 -122 -44 771 195 -146 371 121 -255 -617 -302 467 -263 403 -414 -100 128 150 -319 56 110 -116 132 381 147 386 539 198 -364 -311 25 -457 -100 64 83]
[253 507 -524 263 166 -359 350 -410 58 148 -77 99 292 887 -644 -212 -10 124 -139 -582 109 245 -299 153 326 658 79 -320 -452 -283 -11 601 -206 455 -4]
[-10 264 5 294 -151 240 282 -82 -274 -447 -737 345 118 -76 -467 126 102 47 307 337 74 146 146 406 -708 198 67 24 365 13 213 647 -402 598 435]
[307 3 -212 283 270 -111 362 -528 -22 -418 -279 -117 -303 313 364 270 -146 248 -583 -339 194 161 21 383 502 -558 448 235 -24 -86 138 193 -176 -504 -66]
[-150 -246 -905 -218 -152 109 287 61 216 0 128 67 -80 367 38 9 170 -334 149 -415 259 -462 464 -542 -407 302 -617 377 -39 -437 -573 -677 -80 709 308]
[-67 -17 -172 -176 443 -508 -379 215 208 140 -273 -142 -105 95 -171 -164 552 85 4 -424 -227 -569 192 673 529 -138 157 487 -189 -97 -33 243 -693 104 -224]
[-675 372 370 245 -256 242 763 -134 408 -182 -306 -26 -40 445 235 -50 121 52 170 -326 119 214 -351 -308 362 -332 -313 -345 -301 -274 514 -63 -93 -198 256]
[-545 14 70 -58 228 -147 578 187 724 22 -110 94 357 -216 -170 474 333 -58 399 -249 -183 10 -458 -977 -169 -475 148 557 -286 -230 -531 75 -25 325 320]
[370 74 260 -249 112 505 -330 55 -116 -89 -186 -10 -58 -9 28 -510 512 -323 660 -348 111 556 513 98 468 596 23 -631 -32 -17 15 -327 466 227 181]
[109 234 4 -537 613 107 -535 -6 -435 184 25 130 -685 -244 265 -249 -920 146 -68 -15 542 489 -300 137 217 86 329 -136 -121 -380 -218 382 -29 296 260]]
