[phase 0 initial]
[[376 -307 46 -223 149 93 686 -198 259 -359 21 606 239 193 283 -442 9 -396 230 519 -208 82 -249 -498 -56 246 -243 -685 226 -175 -328 491 159 -278 46 -121 182 49 -191 34]
[114 115 239 86 520 197 487 -560 231 338 -438 54 656 -266 200 -421 99 -218 -185 -634 144 294 -465 -254 -55 338 -88 113 -319 -418 216 85 -27 -352 -177 -116 510 -41 -361 3]
[-89 -28 -483 78 -104 -90 -37 261 -214 -38 -144 15 -424 -53 -195 1020 -23 -486 488 794 324 514 479 567 291 -158 -555 34 675 158 -8 61 -235 -420 -238 321 411 -215 -198 -3]
[-41 -459 521 -84 -528 378 94 328 256 130 90 16 697 263 195 -542 -318 -461 -471 -37 -390 -728 -47 -252 -233 -95 -307 -292 114 701 -24 283 292 -220 716 -214 168 -335 556 34]
[163 -562 -50 386 -884 238 335 162 31 -38 -43 -118 -311 -170 -411 -291 -278 -370 69 239 270 65 -27 176 -419 161 -521 -436 224 -138 475 666 638 -559 -17 220 537 -724 22 34]
[12 -598 -430 -134 -194 377 339 -576 -441 81 405 -73 -236 33 -25 -256 -48 106 -314 313 -144 -488 -267 -432 36 -241 -80 -892 -242 -317 154 63 640 166 37 -289 -698 -250 -327 -78]
[-299 -118 -159 -62 526 224 131 -37 -120 974 -570 -587 62 -566 540 161 316 -637 -588 -79 -23 546 13 575 432 -340 -247 85 351 917 -69 -162 171 -391 33 250 -115 96 -95 -3]
[174 413 -1071 364 -567 -172 -171 -359 -562 -406 368 -58 -216 -161 -631 645 -361 197 -364 468 133 160 -69 -228 -89 437 -445 106 12 447 258 137 -389 10 -548 -275 -85 -275 -1 0]
[-200 -163 200 -470 83 888 47 -257 101 1247 317 -534 -195 -164 26 323 -37 -740 347 213 -10 294 -217 762 196 -576 -41 157 -269 13 483 -38 273 -747 -78 537 465 -53 -102 -3]
[730 99 -410 46 -290 549 323 -269 231 -300 1115 573 303 -183 168 -189 17 -52 425 286 -533 -678 -533 -54 -78 135 260 -347 -352 -406 337 -487 -69 595 1 151 -246 -80 -219 0]
[-87 103 278 -96 -25 464 -81 141 229 297 449 127 122 -75 444 206 440 -385 768 -10 98 -719 482 277 -63 335 94 709 -156 396 89 -345 35 397 430 251 -552 463 -20 -28]
[37 208 310 -299 -607 270 535 -205 437 30 675 581 581 -297 -372 217 -89 -366 283 -127 -715 -1108 101 -171 -244 451 0 -41 -93 721 -459 -172 -174 369 472 -259 -300 -61 207 -8]
[720 225 -1077 521 125 72 -449 -447 -110 383 -320 -83 12 -277 310 99 417 465 1 -379 60 289 -369 -40 -280 708 518 271 -644 88 537 -115 -71 -55 -361 -28 -53 -4 -37 -17]
[57 -487 249 -259 202 290 -203 -277 124 388 620 -106 391 634 158 -26 109 -329 524 525 -469 -613 242 -231 -318 -105 158 -633 -319 478 149 454 463 63 122 -568 -285 -218 465 -77]
[38 -278 736 313 188 516 -245 -162 -127 -57 -734 -364 385 241 110 -574 -15 -334 -39 290 415 -182 601 -414 -169 428 -512 -236 309 18 262 424 613 -813 -89 -274 404 -116 -294 -58]
[502 -332 -377 301 157 -905 -30 409 -274 -18 83 -114 49 -43 257 358 91 -577 314 -70 -297 293 -156 565 84 -392 -308 -307 594 510 -101 376 -286 -329 -115 412 216 -502 208 0]
[490 -378 65 -210 -560 125 2 27 176 375 197 -363 -422 -7 339 -116 -155 -482 649 165 -252 -290 -72 416 84 -185 -293 170 330 -286 166 -79 -59 243 545 629 -50 213 -239 258]
[-74 -200 -188 -420 -455 -34 -242 -29 -5 -575 268 794 32 599 -293 108 -448 134 -61 494 -351 -133 -6 -161 -348 189 97 104 -514 112 -884 397 -307 -369 -116 -8 122 512 852 -118]
[545 41 -573 383 -598 -12 -267 266 288 -432 -107 385 -586 -199 -636 239 -340 497 -155 78 -208 -74 -387 47 -307 446 529 193 -382 -421 -425 139 -870 559 -552 -160 320 -174 455 97]
[222 318 56 -218 -9 238 -258 -300 -10 -255 701 -242 487 213 232 20 -552 318 -274 -158 -403 365 -81 -160 -88 -584 467 320 -226 -542 302 -416 -424 33 -495 299 -233 698 -121 64]
[-61 -530 -131 -333 -128 -192 197 -492 -145 424 -208 -641 -266 419 136 -200 -67 -249 -17 -84 -194 -1 521 -458 -278 223 112 67 -161 106 438 362 153 -504 45 249 -465 214 301 18]
[149 -430 737 308 -77 166 -774 574 -4 270 360 91 -132 806 -175 503 -54 -382 527 354 182 -146 408 -167 -332 -177 148 816 -175 45 -13 467 76 -400 -133 394 -137 397 507 -165]
[-127 37 -358 269 -421 582 -176 331 16 -161 226 -579 355 68 278 251 -92 430 -914 116 -342 -289 -226 -93 6 260 342 -274 -147 -27 633 -553 -517 -17 47 -250 -187 -125 -37 -22]
[854 206 626 -536 -121 72 -83 437 735 369 85 253 -454 -157 148 -639 301 231 653 94 -289 -321 64 241 12 66 763 -434 -2 -36 -802 170 626 253 50 -181 -386 -245 239 260]
[785 8 425 485 -284 -79 -336 889 103 -322 -659 -130 -10 -420 -141 -422 76 -99 595 -38 407 -76 -280 596 -189 -115 1 -242 590 124 -73 -15 265 -315 122 93 106 -1122 -43 80]
[-348 109 268 30 -783 -340 -305 184 144 -565 -327 -339 -74 143 -424 278 -35 423 -124 163 515 135 395 75 -751 170 -331 -17 89 218 84 694 -289 -197 424 -132 -128 -46 433 212]
[28 679 56 -421 -224 184 343 -25 7 -232 92 336 -673 -652 -479 -177 -279 -438 132 563 -10 387 -594 19 -119 -52 156 211 507 582 -316 781 -336 -62 212 -316 266 192 230 233]
[-103 -221 -160 -174 298 32 259 -600 360 -489 -680 408 98 -118 431 110 539 -312 767 610 -41 -140 688 33 -22 162 -222 -397 113 522 -97 162 115 -131 -332 315 408 46 281 162]
[165 -411 547 -138 107 -219 -566 -121 8 -383 -623 250 -323 581 -471 -652 -174 962 -53 -308 369 141 -406 -332 -569 265 430 -16 -273 -1300 1 -130 -323 154 186 -52 267 -9 -346 176]
[-228 167 457 -307 277 710 404 122 586 80 -61 70 -103 27 -144 -38 516 -287 749 -153 -333 74 776 -184 -63 -53 157 0 338 -91 77 635 190 98 254 162 214 367 -51 63]
[150 368 383 530 -208 -332 -34 284 -286 -182 -133 -96 -466 -764 -376 -346 -274 351 -85 -813 320 -56 -109 -382 -554 -98 486 -237 -176 -596 -284 1 33 251 -111 -141 -728 -374 34 -71]
[-415 455 153 426 419 -294 788 -262 282 151 -423 -166 109 -851 155 -580 510 374 34 -588 -192 342 -2 -376 54 66 366 -195 145 -224 653 -60 187 659 -76 126 -747 350 -107 303]
[283 558 -118 80 -562 -423 -101 97 133 413 -69 -108 -224 -236 -677 554 -315 -407 -47 -403 213 -229 -455 402 -176 -174 -275 737 -255 13 15 321 -35 -1028 47 -159 931 -410 211 -11]
[-229 50 13 -127 94 -284 9 -221 -751 141 129 -799 -584 100 -599 110 500 126 -177 -257 207 2 524 962 51 -146 50 -479 -69 -270 12 -163 344 70 -282 465 -138 -204 151 -154]
[-318 276 396 -123 -15 -20 203 -22 -40 -206 539 199 448 -182 387 -64 -244 114 -631 -497 -792 -58 -419 -258 -47 27 -63 154 -295 131 447 -365 -167 405 -76 -348 132 -13 74 -136]
[-417 684 -53 345 -185 99 147 624 -282 -298 -288 404 109 -761 -386 363 -703 -79 -503 426 404 50 66 224 77 47 -644 -471 658 154 122 42 106 -166 186 -38 641 -312 -82 -371]
[63 -306 -117 -336 -323 857 -296 174 -573 -307 237 513 -354 -55 -151 229 -482 -461 387 432 656 -366 53 293 152 -489 47 -469 187 -381 482 367 113 -381 213 158 -212 -575 -716 -226]
[-20 763 -370 -581 486 -214 -774 55 106 -182 895 -85 -34 458 76 -486 309 919 -80 35 165 85 216 -124 153 -261 463 -51 -133 322 250 -280 -290 152 32 -27 -89 -67 742 -373]
[-528 772 -225 -208 -106 -688 -504 139 -608 -94 289 -46 352 129 -466 429 -194 196 123 -106 74 56 -163 -142 -223 325 -197 295 -375 193 497 -175 -629 495 217 -127 16 324 35 10]
[58 -245 189 -346 822 38 610 94 431 92 -375 -442 -914 19 -28 -229 -96 -274 176 206 289 974 -425 207 364 3 -317 -644 -60 -880 -105 232 508 111 -476 -472 207 -144 -376 219]]
