[phase 0 initial]
[[432 224 -302 197 -86 645 -10 -133 404 -352 -423 349 197 391 107 191 141 -331 -9 -402 15 -173 313 -29 131 -221 65 310 -803 -174 17 194 338 -73 -183 -402 -282 0]
[230 -40 -16 -532 177 -293 -233 -3 69 72 817 131 -166 186 -421 -22 556 240 -129 245 -111 467 91 -140 110 -9 42 -997 286 -23 -613 -314 435 -151 53 98 65 15]
[567 -7 -433 -429 -963 199 -525 -84 273 -568 399 523 -309 133 -156 -180 -55 -144 261 -69 -67 445 429 15 68 -113 -67 -503 -611 393 109 487 420 48 -442 -80 -100 -2]
[-342 -213 -6 440 -664 93 -371 205 -357 -114 25 -285 249 -636 -435 -178 -886 -191 286 259 -119 -516 -473 -420 -408 243 63 236 -546 416 -675 376 -423 601 57 88 -128 -17]
[468 -235 -300 -632 756 -434 477 -109 75 -24 -45 689 421 345 367 117 357 151 182 229 -19 -578 689 486 401 347 -22 -655 114 -464 79 -429 350 -501 -240 -317 139 12]
[-306 473 -303 2 -324 330 302 18 372 -373 -715 -176 -766 -206 251 380 -144 -197 -109 -669 -44 92 290 -132 -300 -341 -632 223 -340 282 811 530 159 -168 -323 910 156 -15]
[291 -43 -81 -323 -447 491 -430 422 226 -206 -174 -118 384 438 -126 26 275 101 -219 -517 -77 555 -563 77 -624 -70 712 286 -308 -293 -666 -432 346 534 326 -651 -324 -4]
[-503 -75 29 -549 -143 -383 95 461 -192 -414 -243 -422 -236 -106 639 620 -119 287 159 42 -99 -652 234 751 -224 -103 -72 -431 293 -87 798 -374 199 52 406 492 119 -15]
[-9 193 96 -37 -318 119 -345 -183 809 -92 -715 362 -318 484 452 -424 -78 -520 -220 -525 -144 642 128 -91 -276 208 210 929 -137 74 420 -73 -268 -251 -148 116 -146 -102]
[323 332 299 -111 424 -506 -85 87 54 64 103 261 -167 114 -762 -423 404 194 -284 -143 -120 431 -33 -293 60 530 32 -61 369 -111 375 198 -133 95 64 490 -44 -1]
[133 124 -291 -107 -23 133 244 375 22 -347 25 -481 -98 -386 -948 163 199 93 -529 -486 566 198 -379 -576 -35 567 -365 -362 -133 -363 -620 -381 73 183 -115 335 -136 40]
[482 248 63 -341 80 492 178 709 161 44 185 -327 58 -89 -1166 -134 228 -276 -445 -788 -33 333 0 -175 -183 284 255 -116 93 -230 -435 -352 27 304 152 -552 -100 3]
[146 76 -418 118 -130 134 1 112 -516 255 -199 132 -165 9 216 230 -145 64 422 -390 79 357 -255 -578 -54 191 -381 422 -864 339 -41 1078 339 451 11 223 -116 -9]
[373 -197 125 217 -530 -31 -357 187 -78 -105 107 -191 -473 80 640 248 -335 -410 -5 -410 505 720 187 510 85 355 48 718 -52 647 710 -229 -548 -337 -283 -385 378 -92]
[41 -346 106 -189 -148 -73 224 -540 119 836 448 784 125 -182 -351 -573 -22 330 438 753 -84 -204 -22 -70 244 -73 721 -86 -36 3 -366 77 -52 -42 -474 -217 37 9]
[381 -236 -385 -355 -354 -81 -337 407 250 -557 -16 212 -296 365 504 10 69 176 500 417 350 -35 453 300 590 324 724 -429 -652 114 -248 -528 169 -65 -58 -849 22 -92]
[-46 -334 -13 -403 -271 -608 -175 22 -173 -162 -38 440 -647 -453 356 -11 -329 106 233 -128 569 -587 500 719 1 224 -58 -284 63 -372 699 -203 105 187 -76 732 -636 90]
[-163 -367 253 -371 297 204 -220 438 -350 605 -22 86 -688 -189 -552 620 75 -64 -435 -313 -199 -299 -242 51 -580 391 -103 -388 196 278 -1180 -599 -324 193 0 485 14 -143]
[70 371 -194 177 719 -148 683 845 102 226 233 -548 -311 -449 -579 593 53 132 -350 7 169 91 -18 -531 -37 -13 44 -22 -477 -297 274 -371 -421 -118 251 192 481 65]
[361 111 -245 -222 -459 239 -223 401 -240 -383 96 -536 156 673 201 -439 377 192 166 -665 211 477 352 852 96 -588 196 337 -123 -236 465 338 736 302 313 -243 40 130]
[-112 223 -379 189 267 392 -77 -419 196 -113 -74 229 -843 183 -520 -181 315 -152 -68 239 -53 399 50 -588 496 -105 5 -89 -79 -458 -854 -62 215 160 38 1117 -178 -4]
[131 -68 -170 -515 -230 107 -5 -120 287 -386 -213 407 7 1060 -275 533 216 512 -320 -529 575 -231 196 325 -321 282 95 11 -165 -94 -241 0 332 -274 -626 564 -46 -81]
[896 85 -381 -701 -11 359 35 -276 -250 107 -228 811 64 637 71 24 207 252 -59 42 -108 276 307 274 -238 159 920 -537 345 -195 28 498 311 90 -483 -282 -154 10]
[-255 -103 190 16 608 -113 210 -336 -77 431 714 500 -538 -298 -594 801 -36 240 -472 33 191 -297 421 -330 -171 -447 -368 -356 -104 325 -727 -25 105 -160 351 114 178 -33]
[-255 557 377 254 509 640 277 122 -158 339 -180 -510 180 259 433 50 54 -556 -525 -606 147 -80 169 -522 -30 -268 -216 439 -154 133 497 -187 -138 -129 64 214 -531 60]
[54 -336 182 337 21 -466 -174 -582 255 -490 267 316 36 -937 105 -306 -2 -167 668 912 435 -281 -229 362 491 -276 183 215 66 -597 711 268 -250 311 237 -159 -420 316]
[-483 -857 602 177 -49 -152 -248 357 -253 49 -290 -70 -59 -103 113 -384 -442 -35 422 210 -130 -426 -471 545 -367 66 132 162 -302 873 -741 -163 -592 -52 -16 74 66 134]
[272 476 -409 -279 89 -62 -365 52 508 -271 -320 414 437 212 -243 -775 151 -12 -297 -387 -215 -531 545 -706 -405 -15 102 -271 -113 -233 -437 216 742 -317 -380 636 20 176]
[389 86 -172 -229 -46 -136 -266 49 670 -38 55 346 428 64 558 -117 -95 -356 -319 -32 -333 113 472 -352 303 90 -333 -566 -354 277 467 -27 -61 -574 -430 277 95 396]
[-48 397 -251 716 -7 363 325 -619 336 -229 -68 -241 -80 461 382 -194 -233 269 90 -43 831 304 433 421 698 -339 245 -145 -207 -140 232 -165 -59 -591 -111 102 148 -138]
[461 -79 -562 -197 139 309 -293 644 140 -421 -585 88 527 330 -140 430 703 183 -260 456 57 -375 -352 287 12 -151 188 -523 -639 -519 -1144 -226 -9 -103 551 131 -109 181]
[497 358 131 -92 -146 66 -491 -592 291 -82 -4 519 -105 276 -288 -367 332 301 75 -156 91 161 305 -108 -107 491 886 -430 -445 496 -378 86 -389 -161 -496 -738 91 234]
[-431 175 -464 -633 -287 -406 42 -259 319 -363 -372 355 -467 148 -15 145 -257 197 390 -146 -46 363 453 -409 75 -85 106 -53 -427 -516 -85 140 170 312 -18 120 216 -197]
[-76 9 317 -348 892 -374 413 405 74 408 -186 -45 -133 -253 -390 -342 -54 391 181 376 393 -117 -280 218 -150 346 -10 -617 200 49 198 48 -10 606 10 -261 -341 285]
[582 -639 240 -457 374 -636 -143 -298 -287 144 -274 283 432 -60 679 397 318 294 70 344 -20 -206 112 680 160 -45 239 302 490 -54 451 -411 -289 541 131 -48 -121 -200]
[-165 20 -87 248 60 -230 -599 -276 -37 -20 213 230 -596 -251 485 -169 -82 -205 -445 13 39 732 -681 183 153 -116 -448 -512 248 490 -370 -321 -515 89 -430 846 65 -219]
[7 350 -423 -19 -11 29 89 -295 -102 79 -205 -300 -98 -80 1093 43 -344 445 -126 -257 130 99 32 -163 25 -471 17 191 -105 -154 -144 520 538 189 118 -654 -560 -308]
[-102 -414 376 -78 -190 -489 -340 877 -327 -108 -28 70 -630 393 535 -275 -158 -220 -75 314 -478 108 -400 83 -84 41 -220 -336 119 203 146 -502 -35 175 412 -230 466 -151]]
[phase 0 refreshed]
[[103 192 -73 335 157 -197 -368 -458 211 186 -73 -408 303 -350 53 655 -278 48 41 -16 244 112 259 664 39 616 -271 -122 -92 352 277 -13 -25 -84 159 -159 -306 83]
[432 224 -302 197 -86 645 -10 -133 404 -352 -423 349 197 391 107 191 141 -331 -9 -402 15 -173 313 -29 131 -221 65 310 -803 -174 17 194 338 -73 -183 -402 -282 0]
[230 -40 -16 -532 177 -293 -233 -3 69 72 817 131 -166 186 -421 -22 556 240 -129 245 -111 467 91 -140 110 -9 42 -997 286 -23 -613 -314 435 -151 53 98 65 15]
[567 -7 -433 -429 -963 199 -525 -84 273 -568 399 523 -309 133 -156 -180 -55 -144 261 -69 -67 445 429 15 68 -113 -67 -503 -611 393 109 487 420 48 -442 -80 -100 -2]
[-342 -213 -6 440 -664 93 -371 205 -357 -114 25 -285 249 -636 -435 -178 -886 -191 286 259 -119 -516 -473 -420 -408 243 63 236 -546 416 -675 376 -423 601 57 88 -128 -17]
[468 -235 -300 -632 756 -434 477 -109 75 -24 -45 689 421 345 367 117 357 151 182 229 -19 -578 689 486 401 347 -22 -655 114 -464 79 -429 350 -501 -240 -317 139 12]
[-306 473 -303 2 -324 330 302 18 372 -373 -715 -176 -766 -206 251 380 -144 -197 -109 -669 -44 92 290 -132 -300 -341 -632 223 -340 282 811 530 159 -168 -323 910 156 -15]
[291 -43 -81 -323 -447 491 -430 422 226 -206 -174 -118 384 438 -126 26 275 101 -219 -517 -77 555 -563 77 -624 -70 712 286 -308 -293 -666 -432 346 534 326 -651 -324 -4]
[-503 -75 29 -549 -143 -383 95 461 -192 -414 -243 -422 -236 -106 639 620 -119 287 159 42 -99 -652 234 751 -224 -103 -72 -431 293 -87 798 -374 199 52 406 492 119 -15]
[-9 193 96 -37 -318 119 -345 -183 809 -92 -715 362 -318 484 452 -424 -78 -520 -220 -525 -144 642 128 -91 -276 208 210 929 -137 74 420 -73 -268 -251 -148 116 -146 -102]
[267 -366 -513 289 -158 484 214 5 -508 -345 -8 233 406 -472 285 -80 -775 -508 674 -159 163 -614 153 -353 124 -198 -510 42 -688 450 -246 673 451 -247 -472 430 110 416]
[323 332 299 -111 424 -506 -85 87 54 64 103 261 -167 114 -762 -423 404 194 -284 -143 -120 431 -33 -293 60 530 32 -61 369 -111 375 198 -133 95 64 490 -44 -1]
[41 -346 106 -189 -148 -73 224 -540 119 836 448 784 125 -182 -351 -573 -22 330 438 753 -84 -204 -22 -70 244 -73 721 -86 -36 3 -366 77 -52 -42 -474 -217 37 9]
[373 -197 125 217 -530 -31 -357 187 -78 -105 107 -191 -473 80 640 248 -335 -410 -5 -410 505 720 187 510 85 355 48 718 -52 647 710 -229 -548 -337 -283 -385 378 -92]
[-457 325 -524 314 -96 311 470 -87 419 -131 -989 169 -384 -392 -210 -647 -318 193 375 273 -4 -305 -82 -924 188 -39 9 194 -716 33 -349 725 -96 276 -374 258 -102 -15]
[133 124 -291 -107 -23 133 244 375 22 -347 25 -481 -98 -386 -948 163 199 93 -529 -486 566 198 -379 -576 -35 567 -365 -362 -133 -363 -620 -381 73 183 -115 335 -136 40]
[-345 462 116 466 472 -377 -291 -289 112 277 -436 -387 38 -201 -26 463 -102 153 -337 -231 117 -240 -217 211 -711 444 -93 372 164 -33 -8 200 -699 -13 303 852 658 -324]
[-333 626 28 635 197 664 59 -471 185 439 30 -502 305 -478 -862 1 -156 -155 -243 -82 2 -633 24 -37 -150 -440 -148 3 123 -324 -355 635 -438 266 359 -13 216 -221]
[361 111 -245 -222 -459 239 -223 401 -240 -383 96 -536 156 673 201 -439 377 192 166 -665 211 477 352 852 96 -588 196 337 -123 -236 465 338 736 302 313 -243 40 130]
[-127 150 -295 253 -801 562 -666 -431 -161 299 818 -583 -176 -193 -205 108 -216 -236 103 0 760 281 -19 -102 500 -58 -344 -194 -278 -80 -424 599 -133 356 510 -357 -118 -269]
[211 454 -413 127 -283 271 78 -468 433 270 -294 177 329 198 157 -617 297 433 -384 -18 244 -138 470 24 36 -569 163 195 216 -362 209 337 128 -144 -652 -854 161 -137]
[32 -76 86 41 279 152 207 495 -903 413 377 -453 -169 89 11 357 218 150 -364 -88 -358 -177 217 322 -154 -671 215 188 818 -165 -149 -564 415 231 -8 93 179 130]
[-146 25 9 -394 285 -482 466 -226 350 254 28 328 -427 -180 687 -631 282 121 255 -132 -3 629 -19 -144 164 -256 32 -687 321 -34 -145 368 -192 -66 -341 479 641 -36]
[210 -235 -147 -184 139 414 -384 292 49 58 214 591 40 311 -282 -303 -64 -256 -178 616 -397 -347 200 -61 315 -412 -10 -370 -229 -630 -262 -132 -442 384 546 -780 -640 16]
[238 83 -135 320 355 638 -647 -23 282 -260 -1 358 -376 322 -366 -931 -6 -556 19 -394 841 408 -158 -801 19 -175 -184 422 -217 -246 -679 371 -63 -473 527 -62 -252 12]
[155 48 -164 -167 600 -214 204 165 -99 -255 -24 14 -95 662 400 124 222 192 19 950 -109 -227 435 121 466 -84 -301 -595 119 340 364 -206 530 -61 -559 -146 197 262]
[-255 557 377 254 509 640 277 122 -158 339 -180 -510 180 259 433 50 54 -556 -525 -606 147 -80 169 -522 -30 -268 -216 439 -154 133 497 -187 -138 -129 64 214 -531 60]
[-178 212 -440 -359 -369 126 -90 -423 704 -618 108 -345 -45 -54 -35 527 51 -245 388 -130 274 -88 459 194 447 -21 -123 -384 -256 -277 -234 658 555 457 -111 520 -241 239]
[-416 146 527 371 99 -158 277 -147 507 769 -125 -207 45 -28 227 -612 -62 20 45 140 613 788 -471 509 277 -235 -320 381 466 284 271 -432 -2 -233 136 537 -289 297]
[-656 99 696 476 -375 -92 -80 -622 518 157 -439 -183 192 115 -189 444 -267 -710 -26 317 279 137 -225 139 96 -396 -235 704 -561 101 -72 280 -315 190 -12 -302 -723 161]
[-173 468 6 -275 -592 -28 228 -18 132 -732 -457 323 496 43 69 153 -652 -781 39 -398 -195 -387 -205 -129 -612 636 -452 -94 -555 -219 163 -232 -498 544 228 248 -387 92]
[281 -348 -447 -777 40 -151 -425 514 62 -317 49 762 280 151 -283 -424 149 187 272 -292 64 -14 -367 -223 157 340 598 327 70 24 -604 -191 440 -302 -61 -66 -340 61]
[-542 -98 318 60 -268 -112 -489 166 -433 -239 32 -1024 99 -301 -146 -97 298 83 -250 493 352 -60 -741 226 -180 223 -125 364 -142 -91 -36 -125 -912 988 400 17 -279 -128]
[283 -382 -407 142 -503 -361 -914 250 -214 -142 645 -10 -385 -6 153 -608 -5 160 -15 1031 -385 -173 74 -51 32 319 376 -603 127 224 -763 -292 -235 -116 217 -437 -24 492]
[-324 -6 285 191 -180 -415 717 20 -233 1024 -291 158 19 -25 305 -131 308 730 -469 76 22 -313 -383 338 168 -475 -186 131 557 -297 178 -347 -352 91 -492 334 513 611]
[-107 73 176 -99 81 -283 79 599 -13 -648 -544 102 152 127 377 -643 -720 73 -114 34 -212 -775 -469 -112 16 -54 -185 -6 153 -132 -213 -96 -471 -241 662 92 213 333]
[-10 60 4 424 -304 -93 -105 -435 827 -75 -418 -650 105 -178 -290 392 -17 270 -145 -451 668 245 -135 -113 359 -101 5 165 -381 -153 -441 -6 -67 255 628 -154 -243 -455]
[229 -341 -156 495 29 33 319 -433 -222 -162 426 422 208 -312 166 -520 -356 245 5 688 412 -128 7 356 193 -234 43 498 277 135 398 238 44 24 311 186 -81 279]]
[phase 1 initial]
[[103 192 -73 335 157 -197 -368 -458 211 186 -73 -408 303 -350 53 655 -278 48 41 -16 244 112 259 664 39 616 -271 -122 -92 352 277 -13 -25 -84 159 -159 -306 83]
[432 224 -302 197 -86 645 -10 -133 404 -352 -423 349 197 391 107 191 141 -331 -9 -402 15 -173 313 -29 131 -221 65 310 -803 -174 17 194 338 -73 -183 -402 -282 0]
[230 -40 -16 -532 177 -293 -233 -3 69 72 817 131 -166 186 -421 -22 556 240 -129 245 -111 467 91 -140 110 -9 42 -997 286 -23 -613 -314 435 -151 53 98 65 15]
[567 -7 -433 -429 -963 199 -525 -84 273 -568 399 523 -309 133 -156 -180 -55 -144 261 -69 -67 445 429 15 68 -113 -67 -503 -611 393 109 487 420 48 -442 -80 -100 -2]
[-342 -213 -6 440 -664 93 -371 205 -357 -114 25 -285 249 -636 -435 -178 -886 -191 286 259 -119 -516 -473 -420 -408 243 63 236 -546 416 -675 376 -423 601 57 88 -128 -17]
[468 -235 -300 -632 756 -434 477 -109 75 -24 -45 689 421 345 367 117 357 151 182 229 -19 -578 689 486 401 347 -22 -655 114 -464 79 -429 350 -501 -240 -317 139 12]
[-306 473 -303 2 -324 330 302 18 372 -373 -715 -176 -766 -206 251 380 -144 -197 -109 -669 -44 92 290 -132 -300 -341 -632 223 -340 282 811 530 159 -168 -323 910 156 -15]
[291 -43 -81 -323 -447 491 -430 422 226 -206 -174 -118 384 438 -126 26 275 101 -219 -517 -77 555 -563 77 -624 -70 712 286 -308 -293 -666 -432 346 534 326 -651 -324 -4]
[-503 -75 29 -549 -143 -383 95 461 -192 -414 -243 -422 -236 -106 639 620 -119 287 159 42 -99 -652 234 751 -224 -103 -72 -431 293 -87 798 -374 199 52 406 492 119 -15]
[-9 193 96 -37 -318 119 -345 -183 809 -92 -715 362 -318 484 452 -424 -78 -520 -220 -525 -144 642 128 -91 -276 208 210 929 -137 74 420 -73 -268 -251 -148 116 -146 -102]
[267 -366 -513 289 -158 484 214 5 -508 -345 -8 233 406 -472 285 -80 -775 -508 674 -159 163 -614 153 -353 124 -198 -510 42 -688 450 -246 673 451 -247 -472 430 110 416]
[323 332 299 -111 424 -506 -85 87 54 64 103 261 -167 114 -762 -423 404 194 -284 -143 -120 431 -33 -293 60 530 32 -61 369 -111 375 198 -133 95 64 490 -44 -1]
[41 -346 106 -189 -148 -73 224 -540 119 836 448 784 125 -182 -351 -573 -22 330 438 753 -84 -204 -22 -70 244 -73 721 -86 -36 3 -366 77 -52 -42 -474 -217 37 9]
[373 -197 125 217 -530 -31 -357 187 -78 -105 107 -191 -473 80 640 248 -335 -410 -5 -410 505 720 187 510 85 355 48 718 -52 647 710 -229 -548 -337 -283 -385 378 -92]
[-457 325 -524 314 -96 311 470 -87 419 -131 -989 169 -384 -392 -210 -647 -318 193 375 273 -4 -305 -82 -924 188 -39 9 194 -716 33 -349 725 -96 276 -374 258 -102 -15]
[133 124 -291 -107 -23 133 244 375 22 -347 25 -481 -98 -386 -948 163 199 93 -529 -486 566 198 -379 -576 -35 567 -365 -362 -133 -363 -620 -381 73 183 -115 335 -136 40]
[-345 462 116 466 472 -377 -291 -289 112 277 -436 -387 38 -201 -26 463 -102 153 -337 -231 117 -240 -217 211 -711 444 -93 372 164 -33 -8 200 -699 -13 303 852 658 -324]
[-333 626 28 635 197 664 59 -471 185 439 30 -502 305 -478 -862 1 -156 -155 -243 -82 2 -633 24 -37 -150 -440 -148 3 123 -324 -355 635 -438 266 359 -13 216 -221]
[361 111 -245 -222 -459 239 -223 401 -240 -383 96 -536 156 673 201 -439 377 192 166 -665 211 477 352 852 96 -588 196 337 -123 -236 465 338 736 302 313 -243 40 130]
[-127 150 -295 253 -801 562 -666 -431 -161 299 818 -583 -176 -193 -205 108 -216 -236 103 0 760 281 -19 -102 500 -58 -344 -194 -278 -80 -424 599 -133 356 510 -357 -118 -269]
[211 454 -413 127 -283 271 78 -468 433 270 -294 177 329 198 157 -617 297 433 -384 -18 244 -138 470 24 36 -569 163 195 216 -362 209 337 128 -144 -652 -854 161 -137]
[32 -76 86 41 279 152 207 495 -903 413 377 -453 -169 89 11 357 218 150 -364 -88 -358 -177 217 322 -154 -671 215 188 818 -165 -149 -564 415 231 -8 93 179 130]
[-146 25 9 -394 285 -482 466 -226 350 254 28 328 -427 -180 687 -631 282 121 255 -132 -3 629 -19 -144 164 -256 32 -687 321 -34 -145 368 -192 -66 -341 479 641 -36]
[210 -235 -147 -184 139 414 -384 292 49 58 214 591 40 311 -282 -303 -64 -256 -178 616 -397 -347 200 -61 315 -412 -10 -370 -229 -630 -262 -132 -442 384 546 -780 -640 16]
[238 83 -135 320 355 638 -647 -23 282 -260 -1 358 -376 322 -366 -931 -6 -556 19 -394 841 408 -158 -801 19 -175 -184 422 -217 -246 -679 371 -63 -473 527 -62 -252 12]
[155 48 -164 -167 600 -214 204 165 -99 -255 -24 14 -95 662 400 124 222 192 19 950 -109 -227 435 121 466 -84 -301 -595 119 340 364 -206 530 -61 -559 -146 197 262]
[-255 557 377 254 509 640 277 122 -158 339 -180 -510 180 259 433 50 54 -556 -525 -606 147 -80 169 -522 -30 -268 -216 439 -154 133 497 -187 -138 -129 64 214 -531 60]
[-178 212 -440 -359 -369 126 -90 -423 704 -618 108 -345 -45 -54 -35 527 51 -245 388 -130 274 -88 459 194 447 -21 -123 -384 -256 -277 -234 658 555 457 -111 520 -241 239]
[-416 146 527 371 99 -158 277 -147 507 769 -125 -207 45 -28 227 -612 -62 20 45 140 613 788 -471 509 277 -235 -320 381 466 284 271 -432 -2 -233 136 537 -289 297]
[-656 99 696 476 -375 -92 -80 -622 518 157 -439 -183 192 115 -189 444 -267 -710 -26 317 279 137 -225 139 96 -396 -235 704 -561 101 -72 280 -315 190 -12 -302 -723 161]
[-173 468 6 -275 -592 -28 228 -18 132 -732 -457 323 496 43 69 153 -652 -781 39 -398 -195 -387 -205 -129 -612 636 -452 -94 -555 -219 163 -232 -498 544 228 248 -387 92]
[281 -348 -447 -777 40 -151 -425 514 62 -317 49 762 280 151 -283 -424 149 187 272 -292 64 -14 -367 -223 157 340 598 327 70 24 -604 -191 440 -302 -61 -66 -340 61]
[-542 -98 318 60 -268 -112 -489 166 -433 -239 32 -1024 99 -301 -146 -97 298 83 -250 493 352 -60 -741 226 -180 223 -125 364 -142 -91 -36 -125 -912 988 400 17 -279 -128]
[283 -382 -407 142 -503 -361 -914 250 -214 -142 645 -10 -385 -6 153 -608 -5 160 -15 1031 -385 -173 74 -51 32 319 376 -603 127 224 -763 -292 -235 -116 217 -437 -24 492]
[-324 -6 285 191 -180 -415 717 20 -233 1024 -291 158 19 -25 305 -131 308 730 -469 76 22 -313 -383 338 168 -475 -186 131 557 -297 178 -347 -352 91 -492 334 513 611]
[-107 73 176 -99 81 -283 79 599 -13 -648 -544 102 152 127 377 -643 -720 73 -114 34 -212 -775 -469 -112 16 -54 -185 -6 153 -132 -213 -96 -471 -241 662 92 213 333]
[-10 60 4 424 -304 -93 -105 -435 827 -75 -418 -650 105 -178 -290 392 -17 270 -145 -451 668 245 -135 -113 359 -101 5 165 -381 -153 -441 -6 -67 255 628 -154 -243 -455]
[229 -341 -156 495 29 33 319 -433 -222 -162 426 422 208 -312 166 -520 -356 245 5 688 412 -128 7 356 193 -234 43 498 277 135 398 238 44 24 311 186 -81 279]]
[phase 1 refreshed]
[[-251 -96 159 16 657 68 13 -300 375 -17 513 -147 -262 119 -206 152 104 -264 387 77 -147 -74 -258 -212 -308 -303 77 -80 208 -628 -75 -56 137 273 -585 220 -329 83]
[103 192 -73 335 157 -197 -368 -458 211 186 -73 -408 303 -350 53 655 -278 48 41 -16 244 112 259 664 39 616 -271 -122 -92 352 277 -13 -25 -84 159 -159 -306 83]
[432 224 -302 197 -86 645 -10 -133 404 -352 -423 349 197 391 107 191 141 -331 -9 -402 15 -173 313 -29 131 -221 65 310 -803 -174 17 194 338 -73 -183 -402 -282 0]
[230 -40 -16 -532 177 -293 -233 -3 69 72 817 131 -166 186 -421 -22 556 240 -129 245 -111 467 91 -140 110 -9 42 -997 286 -23 -613 -314 435 -151 53 98 65 15]
[-95 -191 -115 -94 -1054 -153 -282 52 -200 -288 5 43 -340 -444 158 -349 -752 -53 399 88 29 151 25 184 -173 117 -174 184 -94 590 705 607 -353 272 -312 224 117 -17]
[-342 -213 -6 440 -664 93 -371 205 -357 -114 25 -285 249 -636 -435 -178 -886 -191 286 259 -119 -516 -473 -420 -408 243 63 236 -546 416 -675 376 -423 601 57 88 -128 -17]
[-194 -419 18 -297 665 -786 720 27 -398 256 -439 209 390 -232 681 -52 -340 242 320 386 77 -872 285 655 160 577 -129 32 631 -267 675 -309 -423 -277 -110 -13 356 -3]
[-306 473 -303 2 -324 330 302 18 372 -373 -715 -176 -766 -206 251 380 -144 -197 -109 -669 -44 92 290 -132 -300 -341 -632 223 -340 282 811 530 159 -168 -323 910 156 -15]
[291 -43 -81 -323 -447 491 -430 422 226 -206 -174 -118 384 438 -126 26 275 101 -219 -517 -77 555 -563 77 -624 -70 712 286 -308 -293 -666 -432 346 534 326 -651 -324 -4]
[-503 -75 29 -549 -143 -383 95 461 -192 -414 -243 -422 -236 -106 639 620 -119 287 159 42 -99 -652 234 751 -224 -103 -72 -431 293 -87 798 -374 199 52 406 492 119 -15]
[-9 193 96 -37 -318 119 -345 -183 809 -92 -715 362 -318 484 452 -424 -78 -520 -220 -525 -144 642 128 -91 -276 208 210 929 -137 74 420 -73 -268 -251 -148 116 -146 -102]
[267 -366 -513 289 -158 484 214 5 -508 -345 -8 233 406 -472 285 -80 -775 -508 674 -159 163 -614 153 -353 124 -198 -510 42 -688 450 -246 673 451 -247 -472 430 110 416]
[323 332 299 -111 424 -506 -85 87 54 64 103 261 -167 114 -762 -423 404 194 -284 -143 -120 431 -33 -293 60 530 32 -61 369 -111 375 198 -133 95 64 490 -44 -1]
[41 -346 106 -189 -148 -73 224 -540 119 836 448 784 125 -182 -351 -573 -22 330 438 753 -84 -204 -22 -70 244 -73 721 -86 -36 3 -366 77 -52 -42 -474 -217 37 9]
[122 -293 284 233 127 37 -344 -113 297 -122 620 -338 -735 199 434 400 -231 -674 382 -333 358 646 -71 298 -223 52 125 638 156 19 635 -285 -411 -64 -868 -165 49 -9]
[-457 325 -524 314 -96 311 470 -87 419 -131 -989 169 -384 -392 -210 -647 -318 193 375 273 -4 -305 -82 -924 188 -39 9 194 -716 33 -349 725 -96 276 -374 258 -102 -15]
[133 124 -291 -107 -23 133 244 375 22 -347 25 -481 -98 -386 -948 163 199 93 -529 -486 566 198 -379 -576 -35 567 -365 -362 -133 -363 -620 -381 73 183 -115 335 -136 40]
[-345 462 116 466 472 -377 -291 -289 112 277 -436 -387 38 -201 -26 463 -102 153 -337 -231 117 -240 -217 211 -711 444 -93 372 164 -33 -8 200 -699 -13 303 852 658 -324]
[-333 626 28 635 197 664 59 -471 185 439 30 -502 305 -478 -862 1 -156 -155 -243 -82 2 -633 24 -37 -150 -440 -148 3 123 -324 -355 635 -438 266 359 -13 216 -221]
[361 111 -245 -222 -459 239 -223 401 -240 -383 96 -536 156 673 201 -439 377 192 166 -665 211 477 352 852 96 -588 196 337 -123 -236 465 338 736 302 313 -243 40 130]
[307 525 -244 640 847 -295 273 -173 535 -115 49 -109 40 610 -26 240 679 195 357 -8 -82 640 13 299 365 -121 -239 183 -53 -498 -44 -75 15 -11 -521 -178 99 -271]
[-190 582 -109 249 -391 -92 -637 -313 407 -59 -516 -301 73 -28 -336 386 139 242 2 274 64 357 292 221 189 -132 288 -356 -541 198 -405 -426 133 -725 678 -151 25 -180]
[-127 150 -295 253 -801 562 -666 -431 -161 299 818 -583 -176 -193 -205 108 -216 -236 103 0 760 281 -19 -102 500 -58 -344 -194 -278 -80 -424 599 -133 356 510 -357 -118 -269]
[105 591 -539 18 -44 11 -200 611 392 41 13 -222 -99 -98 -44 375 -66 56 354 -454 -230 392 -263 -718 -523 162 -146 -109 -212 -6 -509 87 280 422 -515 -83 -24 -242]
[-29 148 616 -477 -1102 -69 40 599 -517 222 -185 85 5 236 -65 -485 -256 -410 109 -269 -98 186 -128 137 52 -313 341 368 -244 112 1005 263 -186 350 118 291 387 -29]
[-146 25 9 -394 285 -482 466 -226 350 254 28 328 -427 -180 687 -631 282 121 255 -132 -3 629 -19 -144 164 -256 32 -687 321 -34 -145 368 -192 -66 -341 479 641 -36]
[-25 -633 468 -495 -37 91 -133 327 89 9 651 608 -307 362 358 -386 -404 -947 196 356 -9 -490 198 14 -256 -470 -112 -436 -253 361 -290 -247 -20 -89 -386 -299 -56 118]
[-276 -423 42 -53 755 -186 231 -48 182 -490 12 -259 327 -241 -103 592 -223 -357 97 -36 473 -759 22 508 -454 -57 -330 50 429 -371 -676 -122 -215 -141 54 14 72 202]
[-255 557 377 254 509 640 277 122 -158 339 -180 -510 180 259 433 50 54 -556 -525 -606 147 -80 169 -522 -30 -268 -216 439 -154 133 497 -187 -138 -129 64 214 -531 60]
[-735 106 -300 -564 -364 -244 141 245 282 -630 -151 -159 -504 -105 348 -145 77 248 -187 208 225 -112 -434 -30 366 -453 -456 -350 475 144 427 199 31 284 -645 501 -25 -21]
[129 -151 -73 128 446 -206 -99 36 -322 537 -536 137 439 -378 154 100 113 729 256 -67 -14 -488 114 -40 464 766 259 -129 183 425 -369 -34 -51 -570 133 -281 13 81]
[382 233 353 595 13 -40 -219 -488 -211 -106 616 388 -96 551 -488 -470 210 -461 -63 -278 -46 60 -60 -739 -259 -508 157 530 -286 -159 -241 757 478 207 -376 -196 60 595]
[90 219 -282 -224 -234 689 139 -83 -491 -99 34 -210 59 53 -483 131 602 -29 -247 71 -116 -75 -569 -611 -459 -603 219 -112 -441 -679 69 396 870 -60 497 772 -247 92]
[95 -340 40 -397 253 -263 -695 -143 124 260 332 100 -329 -117 360 -334 682 -148 -99 320 425 612 -400 -488 322 245 -126 94 748 -155 -403 -204 18 -287 157 102 261 213]
[270 -63 166 163 -551 457 -196 128 258 -82 -1232 170 43 -8 503 -178 -31 286 -419 314 289 -732 -496 122 -242 222 120 779 -331 -432 -526 -524 -491 124 376 -589 -82 -431]
[-36 91 -270 -270 676 -468 -25 24 -403 -248 -336 -272 305 -11 -11 470 626 -292 -165 -313 -15 96 -478 -831 -552 -210 53 -517 270 -94 -517 -40 195 238 375 274 124 323]
[32 -76 86 41 279 152 207 495 -903 413 377 -453 -169 89 11 357 218 150 -364 -88 -358 -177 217 322 -154 -671 215 188 818 -165 -149 -564 415 231 -8 93 179 130]
[-15 171 156 261 -585 479 -93 161 622 -529 422 -557 -427 24 -242 159 -352 -106 -54 -24 -234 -147 -16 -491 29 -626 -181 68 -146 -601 -304 275 -605 169 -130 113 -191 -242]]
[phase 2 initial]
[[-251 -96 159 16 657 68 13 -300 375 -17 513 -147 -262 119 -206 152 104 -264 387 77 -147 -74 -258 -212 -308 -303 77 -80 208 -628 -75 -56 137 273 -585 220 -329 83]
[103 192 -73 335 157 -197 -368 -458 211 186 -73 -408 303 -350 53 655 -278 48 41 -16 244 112 259 664 39 616 -271 -122 -92 352 277 -13 -25 -84 159 -159 -306 83]
[432 224 -302 197 -86 645 -10 -133 404 -352 -423 349 197 391 107 191 141 -331 -9 -402 15 -173 313 -29 131 -221 65 310 -803 -174 17 194 338 -73 -183 -402 -282 0]
[230 -40 -16 -532 177 -293 -233 -3 69 72 817 131 -166 186 -421 -22 556 240 -129 245 -111 467 91 -140 110 -9 42 -997 286 -23 -613 -314 435 -151 53 98 65 15]
[-95 -191 -115 -94 -1054 -153 -282 52 -200 -288 5 43 -340 -444 158 -349 -752 -53 399 88 29 151 25 184 -173 117 -174 184 -94 590 705 607 -353 272 -312 224 117 -17]
[-342 -213 -6 440 -664 93 -371 205 -357 -114 25 -285 249 -636 -435 -178 -886 -191 286 259 -119 -516 -473 -420 -408 243 63 236 -546 416 -675 376 -423 601 57 88 -128 -17]
[-194 -419 18 -297 665 -786 720 27 -398 256 -439 209 390 -232 681 -52 -340 242 320 386 77 -872 285 655 160 577 -129 32 631 -267 675 -309 -423 -277 -110 -13 356 -3]
[-306 473 -303 2 -324 330 302 18 372 -373 -715 -176 -766 -206 251 380 -144 -197 -109 -669 -44 92 290 -132 -300 -341 -632 223 -340 282 811 530 159 -168 -323 910 156 -15]
[291 -43 -81 -323 -447 491 -430 422 226 -206 -174 -118 384 438 -126 26 275 101 -219 -517 -77 555 -563 77 -624 -70 712 286 -308 -293 -666 -432 346 534 326 -651 -324 -4]
[-503 -75 29 -549 -143 -383 95 461 -192 -414 -243 -422 -236 -106 639 620 -119 287 159 42 -99 -652 234 751 -224 -103 -72 -431 293 -87 798 -374 199 52 406 492 119 -15]
[-9 193 96 -37 -318 119 -345 -183 809 -92 -715 362 -318 484 452 -424 -78 -520 -220 -525 -144 642 128 -91 -276 208 210 929 -137 74 420 -73 -268 -251 -148 116 -146 -102]
[267 -366 -513 289 -158 484 214 5 -508 -345 -8 233 406 -472 285 -80 -775 -508 674 -159 163 -614 153 -353 124 -198 -510 42 -688 450 -246 673 451 -247 -472 430 110 416]
[323 332 299 -111 424 -506 -85 87 54 64 103 261 -167 114 -762 -423 404 194 -284 -143 -120 431 -33 -293 60 530 32 -61 369 -111 375 198 -133 95 64 490 -44 -1]
[41 -346 106 -189 -148 -73 224 -540 119 836 448 784 125 -182 -351 -573 -22 330 438 753 -84 -204 -22 -70 244 -73 721 -86 -36 3 -366 77 -52 -42 -474 -217 37 9]
[122 -293 284 233 127 37 -344 -113 297 -122 620 -338 -735 199 434 400 -231 -674 382 -333 358 646 -71 298 -223 52 125 638 156 19 635 -285 -411 -64 -868 -165 49 -9]
[-457 325 -524 314 -96 311 470 -87 419 -131 -989 169 -384 -392 -210 -647 -318 193 375 273 -4 -305 -82 -924 188 -39 9 194 -716 33 -349 725 -96 276 -374 258 -102 -15]
[133 124 -291 -107 -23 133 244 375 22 -347 25 -481 -98 -386 -948 163 199 93 -529 -486 566 198 -379 -576 -35 567 -365 -362 -133 -363 -620 -381 73 183 -115 335 -136 40]
[-345 462 116 466 472 -377 -291 -289 112 277 -436 -387 38 -201 -26 463 -102 153 -337 -231 117 -240 -217 211 -711 444 -93 372 164 -33 -8 200 -699 -13 303 852 658 -324]
[-333 626 28 635 197 664 59 -471 185 439 30 -502 305 -478 -862 1 -156 -155 -243 -82 2 -633 24 -37 -150 -440 -148 3 123 -324 -355 635 -438 266 359 -13 216 -221]
[361 111 -245 -222 -459 239 -223 401 -240 -383 96 -536 156 673 201 -439 377 192 166 -665 211 477 352 852 96 -588 196 337 -123 -236 465 338 736 302 313 -243 40 130]
[307 525 -244 640 847 -295 273 -173 535 -115 49 -109 40 610 -26 240 679 195 357 -8 -82 640 13 299 365 -121 -239 183 -53 -498 -44 -75 15 -11 -521 -178 99 -271]
[-190 582 -109 249 -391 -92 -637 -313 407 -59 -516 -301 73 -28 -336 386 139 242 2 274 64 357 292 221 189 -132 288 -356 -541 198 -405 -426 133 -725 678 -151 25 -180]
[-127 150 -295 253 -801 562 -666 -431 -161 299 818 -583 -176 -193 -205 108 -216 -236 103 0 760 281 -19 -102 500 -58 -344 -194 -278 -80 -424 599 -133 356 510 -357 -118 -269]
[105 591 -539 18 -44 11 -200 611 392 41 13 -222 -99 -98 -44 375 -66 56 354 -454 -230 392 -263 -718 -523 162 -146 -109 -212 -6 -509 87 280 422 -515 -83 -24 -242]
[-29 148 616 -477 -1102 -69 40 599 -517 222 -185 85 5 236 -65 -485 -256 -410 109 -269 -98 186 -128 137 52 -313 341 368 -244 112 1005 263 -186 350 118 291 387 -29]
[-146 25 9 -394 285 -482 466 -226 350 254 28 328 -427 -180 687 -631 282 121 255 -132 -3 629 -19 -144 164 -256 32 -687 321 -34 -145 368 -192 -66 -341 479 641 -36]
[-25 -633 468 -495 -37 91 -133 327 89 9 651 608 -307 362 358 -386 -404 -947 196 356 -9 -490 198 14 -256 -470 -112 -436 -253 361 -290 -247 -20 -89 -386 -299 -56 118]
[-276 -423 42 -53 755 -186 231 -48 182 -490 12 -259 327 -241 -103 592 -223 -357 97 -36 473 -759 22 508 -454 -57 -330 50 429 -371 -676 -122 -215 -141 54 14 72 202]
[-255 557 377 254 509 640 277 122 -158 339 -180 -510 180 259 433 50 54 -556 -525 -606 147 -80 169 -522 -30 -268 -216 439 -154 133 497 -187 -138 -129 64 214 -531 60]
[-735 106 -300 -564 -364 -244 141 245 282 -630 -151 -159 -504 -105 348 -145 77 248 -187 208 225 -112 -434 -30 366 -453 -456 -350 475 144 427 199 31 284 -645 501 -25 -21]
[129 -151 -73 128 446 -206 -99 36 -322 537 -536 137 439 -378 154 100 113 729 256 -67 -14 -488 114 -40 464 766 259 -129 183 425 -369 -34 -51 -570 133 -281 13 81]
[382 233 353 595 13 -40 -219 -488 -211 -106 616 388 -96 551 -488 -470 210 -461 -63 -278 -46 60 -60 -739 -259 -508 157 530 -286 -159 -241 757 478 207 -376 -196 60 595]
[90 219 -282 -224 -234 689 139 -83 -491 -99 34 -210 59 53 -483 131 602 -29 -247 71 -116 -75 -569 -611 -459 -603 219 -112 -441 -679 69 396 870 -60 497 772 -247 92]
[95 -340 40 -397 253 -263 -695 -143 124 260 332 100 -329 -117 360 -334 682 -148 -99 320 425 612 -400 -488 322 245 -126 94 748 -155 -403 -204 18 -287 157 102 261 213]
[270 -63 166 163 -551 457 -196 128 258 -82 -1232 170 43 -8 503 -178 -31 286 -419 314 289 -732 -496 122 -242 222 120 779 -331 -432 -526 -524 -491 124 376 -589 -82 -431]
[-36 91 -270 -270 676 -468 -25 24 -403 -248 -336 -272 305 -11 -11 470 626 -292 -165 -313 -15 96 -478 -831 -552 -210 53 -517 270 -94 -517 -40 195 238 375 274 124 323]
[32 -76 86 41 279 152 207 495 -903 413 377 -453 -169 89 11 357 218 150 -364 -88 -358 -177 217 322 -154 -671 215 188 818 -165 -149 -564 415 231 -8 93 179 130]
[-15 171 156 261 -585 479 -93 161 622 -529 422 -557 -427 24 -242 159 -352 -106 -54 -24 -234 -147 -16 -491 29 -626 -181 68 -146 -601 -304 275 -605 169 -130 113 -191 -242]]
