[phase 0]
score=2.171001200387756
squared_norm=2969644
coefficients=[3 1 0 0 -1 -2 -1 2 1 0 1 -1 0 1 0 -1 0 0 0 0 0 -1 0 0 -1 -1 0 0 0 0 0 0 0 1 0 0 0 -1]
vector=[103 192 -73 335 157 -197 -368 -458 211 186 -73 -408 303 -350 53 655 -278 48 41 -16 244 112 259 664 39 616 -271 -122 -92 352 277 -13 -25 -84 159 -159 -306 83]

[phase 1]
score=0.9992501541920139
squared_norm=2817500
coefficients=[1 2 -1 -3 1 -3 2 -2 -1 -1 -1 -1 3 -1 -3 1 0 -2 1 -1 1 0 1 1 1 1 -1 1 0 -1 1 0 0 0 -1 0 0 -1]
vector=[-251 -96 159 16 657 68 13 -300 375 -17 513 -147 -262 119 -206 152 104 -264 387 77 -147 -74 -258 -212 -308 -303 77 -80 208 -628 -75 -56 137 273 -585 220 -329 83]

[phase 2]
score=0
squared_norm=2817500
coefficients=[1 0 0 0 0 0 0 0 0 0 0 0 0 0 0 0 0 0 0 0 0 0 0 0 0 0 0 0 0 0 0 0 0 0 0 0 0 0]
vector=[-251 -96 159 16 657 68 13 -300 375 -17 513 -147 -262 119 -206 152 104 -264 387 77 -147 -74 -258 -212 -308 -303 77 -80 208 -628 -75 -56 137 273 -585 220 -329 83]

