phase	depth	k	node	parent	z_k	nodes_at_depth	parent_rho	rho	bound_r2	remaining	center	delta	legal_lo	legal_hi	offset	P	Ptheta	N	Q	M
0	1	37	2	0	-1	7	0	0.06815084092128236	0.79372191429138184	0.79372191429138184	0	3.4127036430139635	-3	3	-0.29302280672600095	0.18085296452045441	0.18085296452045441	2154297	1.0682067608580886e-06	2.1710012003877557
0	2	36	7	2	0	37	0.06815084092128236	0.07538508513011391	0.79372191429138184	0.72557107337009952	-0.32682298295899431	3.2730752264689182	-3	2	0.099851961945763068	0.300813227891922	0.300813227891922	1229630	1.871485422685115e-06	2.1710012003877557
0	3	35	29	7	0	157	0.07538508513011391	0.087321197091969546	0.79372191429138184	0.71833682916126795	0.38977717798368361	3.0237719338847802	-2	3	-0.12890429123168651	0.30092045664787292	0.30092045664787292	890236	2.5849714236408075e-06	2.1710012003877557
0	4	34	97	29	0	539	0.087321197091969546	0.09642491072228318	0.79372191429138184	0.70640071719941233	-0.31258303082797739	2.7534783723413923	-3	2	0.11352296570325905	0.33048814535140991	0.33048814535140991	451368	4.8098252432333613e-06	2.1710012003877557
0	5	33	517	97	1	1721	0.09642491072228318	0.13577627486257959	0.79372191429138184	0.69729700356909863	0.33420904853452144	2.8026372630729646	-2	3	0.23755873092740837	0.2550051212310791	0.2550051212310791	172268	1.2602463605473771e-05	2.1710012003877557
0	6	32	1916	517	0	4913	0.13577627486257959	0.16325584609100155	0.79372191429138184	0.65794563942880224	0.54289066487374349	2.6564546390104584	-2	3	-0.20436662343158726	0.28582489490509033	0.28582489490509033	74578	2.9110477625945394e-05	2.1710012003877557
0	7	31	4651	1916	0	12445	0.16325584609100155	0.16331252987044786	0.79372191429138184	0.63046606820038031	-0.023603545270136552	2.4893083639113929	-2	2	0.0094819692137493358	0.43072554469108582	0.43072554469108582	43365	5.0063442877614564e-05	2.1710012003877557
0	8	30	13291	4651	0	29163	0.16331252987044786	0.16777396248387369	0.79372191429138184	0.63040938442093397	-0.20497670525340908	2.4365687731826156	-2	2	0.084125146603463638	0.39667251706123352	0.39667251706123352	23394	9.280162436469846e-05	2.1710012003877557
0	9	29	34378	13291	0	64667	0.16777396248387369	0.19669898135906932	0.79372191429138184	0.62594795180750817	-0.52080208505839864	2.4227299053279729	-2	1	0.21496497975819387	0.34173256158828735	0.34173256158828735	10318	0.00021040911033027288	2.1710012003877557
0	10	28	96911	34378	0	134577	0.19669898135906932	0.26428286727987882	0.79372191429138184	0.59702293293231257	-0.78539737070162929	2.3343360136919942	-3	1	0.33645429196777976	0.24743360280990601	0.24743360280990601	3352	0.00064767338913715856	2.1710012003877557
0	11	27	329435	96911	0	259555	0.26428286727987882	0.35425410702658044	0.79372191429138184	0.52943904701150302	0.87690668267215521	2.1272058142101002	-1	3	-0.41223405690895915	0.22098508477210999	0.22098508477210999	943	0.0023022282082584898	2.1710012003877557
0	12	26	867919	329435	0	460549	0.35425410702658044	0.35516079645149851	0.79372191429138184	0.43946780726480139	0.084471202294793601	1.8597001830677398	-1	1	-0.045421946539495897	0.57134246826171875	0.57134246826171875	628	0.0034570082808722223	2.1710012003877557
0	13	25	1630552	867919	-1	714120	0.35516079645149851	0.35645316523020648	0.79372191429138184	0.43856111783988333	-0.90711757776914215	1.711021104439979	-2	0	-0.054284790520604649	0.58935356140136719	0.58935356140136719	434	0.0050023069133358425	2.1710012003877557
0	14	24	2696091	1630552	-1	885096	0.35645316523020648	0.39353233254406783	0.79372191429138184	0.43726874906117535	-0.55506440569279503	1.5279402935410076	-2	0	-0.29119959476692969	0.46819591522216797	0.46819591522216797	249	0.0087188803228423917	2.1710012003877557
0	15	23	3577242	2696091	0	919772	0.39353233254406783	0.3961369131581835	0.79372191429138184	0.400189581747314	-0.11676766444528179	1.4473933766257769	-1	1	0.080674449897992051	0.62582278251647949	0.62582278251647949	189	0.011486778838030454	2.1710012003877557
0	16	22	6366831	3577242	0	776987	0.3961369131581835	0.39735130853636219	0.79372191429138184	0.39758500113319833	-0.074477802759660344	1.3476024719113699	-1	1	0.05526689384446206	0.66247421503067017	0.66247421503067017	158	0.013740513926504782	2.1710012003877557
0	17	21	6414657	6366831	-1	618415	0.39735130853636219	0.39861546552065108	0.7883000373840332	0.39094872884767101	-0.92606061534583495	1.3002750533672531	-2	0	-0.056864418388008084	0.6736646294593811	0.6736646294593811	126	0.01723016825704568	2.1710012003877557
0	18	20	6479089	6414657	0	501059	0.39861546552065108	0.40163631662220201	0.7883000373840332	0.38968457186338212	0.11576432226475344	1.3148211450344902	-1	1	-0.088045680358842068	0.65395194292068481	0.65395194292068481	102	0.021284325493997603	2.1710012003877557
0	19	19	6530311	6479089	0	393361	0.40163631662220201	0.45170698249099228	0.7883000373840332	0.3866637207618312	0.44685967530752208	1.241784386637323	0	1	-0.35985286988314535	0.54268932342529297	0.54268932342529297	65	0.033400018467503935	2.1710012003877557
0	20	18	6548750	6530311	0	306201	0.45170698249099228	0.47240375094234038	0.7883000373840332	0.33659305489304092	0.27877086330307016	1.1242132119475008	0	1	-0.24796974483172005	0.68721753358840942	0.68721753358840942	45	0.048244471119727905	2.1710012003877557
0	21	17	6617672	6548750	0	218959	0.47240375094234038	0.48277525372316721	0.7883000373840332	0.31589628644169282	0.17938997282144364	0.99003279354416629	0	1	-0.18119599066941502	0.78505152463912964	0.78505152463912964	40	0.054275030009693893	2.1710012003877557
0	22	16	6662782	6617672	0	158832	0.48277525372316721	0.48543330491451547	0.7883000373840332	0.305524783660866	-0.092765990662481326	0.99455851292126418	-1	0	0.093273537411091748	0.83724194765090942	0.83724194765090942	36	0.060305588899659882	2.1710012003877557
0	23	15	6725801	6662782	-1	114920	0.48543330491451547	0.50969852031899454	0.7883000373840332	0.30286673246951773	-0.71440428974107018	1.0089865812670047	-1	0	-0.2830520400977995	0.70056271553039551	0.70056271553039551	27	0.080407451866213175	2.1710012003877557
0	24	14	6753445	6725801	0	80786	0.50969852031899454	0.51858291759836306	0.7883000373840332	0.27860151706503861	0.17122680671906104	0.95884743467936429	0	1	-0.17857565294140748	0.79762804508209229	0.79762804508209229	21	0.10338100954227408	2.1710012003877557
0	25	13	6765967	6753445	1	53332	0.51858291759836306	0.59717777745244083	0.7883000373840332	0.26971711978567015	0.51613513486399321	0.89635753285740072	0	1	0.53981234875501805	0.51799303293228149	0.51799303293228149	14	0.15507151431341112	2.1710012003877557
0	26	12	6773600	6765967	0	32351	0.59717777745244083	0.60718344191845142	0.7883000373840332	0.19112225993159232	-0.16125946563823254	0.70478700020143525	0	0	0.22880595923611383	1	1	13	0.16700009233751967	2.1710012003877557
0	27	11	6780079	6773600	-1	19561	0.60718344191845142	0.60798000495727078	0.7883000373840332	0.18111659546558184	-0.95455043030183884	0.68532854831115997	-1	-1	-0.066317928547061838	1	1	12	0.18091676669897963	2.1710012003877557
0	28	10	6782917	6780079	1	10963	0.60798000495727078	0.63561956613988602	0.7883000373840332	0.18032003242676242	0.74883516080783785	0.64152747163082557	1	1	0.39151065277637531	1	1	11	0.19736374548979596	2.1710012003877557
0	29	9	6783765	6782917	0	6202	0.63561956613988602	0.63583017586048263	0.7883000373840332	0.15268047124414716	-0.022058663917498965	0.59392518791863969	0	0	0.037140475545079467	1	1	10	0.21710012003877557	2.1710012003877557
0	30	8	6784418	6783765	1	3504	0.63583017586048263	0.63583679356827283	0.7883000373840332	0.1524698615235506	0.99607641353900189	0.5955543990014398	1	1	0.0065881243889335623	1	1	9	0.24122235559863953	2.1710012003877557
0	31	7	6784713	6784418	2	1759	0.63583679356827283	0.66300030799607923	0.7883000373840332	0.15246324381576035	1.7683843157721479	0.54872855849307012	2	2	0.42209518830935283	1	1	8	0.27137515004846946	2.1710012003877557
0	32	6	6784942	6784713	-1	763	0.66300030799607923	0.67355355597491795	0.7883000373840332	0.12529972938795395	-0.87284037640776835	0.43815848731432577	-1	-1	-0.29021376345269773	1	1	7	0.31014302862682225	2.1710012003877557
0	33	5	6785171	6784942	-2	296	0.67355355597491795	0.67387153412749479	0.7883000373840332	0.11474648140911523	-1.9788706467017305	0.40138140846948167	-2	-2	-0.052641584419264295	1	1	6	0.36183353339795926	2.1710012003877557
0	34	4	6785311	6785171	-1	122	0.67387153412749479	0.68433245751383498	0.7883000373840332	0.11442850325653846	-1.1134748115247806	0.37530259562021095	-1	-1	0.30235552018300405	1	1	5	0.43420024007755115	2.1710012003877557
0	35	3	6785393	6785311	0	47	0.68433245751383498	0.68851070268875603	0.7883000373840332	0.10396757987019825	0.065599633306253027	0.32723023099372717	0	0	-0.200469354885217	1	1	4	0.54275030009693892	2.1710012003877557
0	36	2	6785542	6785393	0	22	0.68851070268875603	0.68868430764962896	0.7883000373840332	0.099789334695277204	-0.014852693117263	0.35609527066566887	0	0	0.041709885923219447	1	1	3	0.72366706679591852	2.1710012003877557
0	37	1	6785697	6785542	1	9	0.68868430764962896	0.70801600215650318	0.7883000373840332	0.099615729734404232	1.1514884139692736	0.343881187133666	1	1	-0.44052544785007453	1	1	2	1.0855006001938778	2.1710012003877557
0	38	0	6785771	6785697	3	2	0.70801600215650318	0.70801830291748047	0.7883000373840332	0.080284035227530054	2.9982974433715186	0.31803902314036092	3	3	0.0053532947361931245	1	1	1	2.1710012003877557	2.1710012003877557
1	1	37	2	0	-1	5	0	0.093491705718498561	0.70801830291748047	0.70801830291748047	0	2.7519193418962726	-2	2	-0.36338274337318593	0.19859710335731506	0.19859710335731506	1076047	9.286305841585116e-07	0.99925015419201391
1	2	36	9	2	0	27	0.093491705718498561	0.10240958803666513	0.70801830291748047	0.61452659719898195	0.34958341445638513	2.9019524599170885	-2	3	-0.12046490054022907	0.31451433897018433	0.31451433897018433	535017	1.8676979501436662e-06	0.99925015419201391
1	3	35	27	9	0	109	0.10240958803666513	0.12175799605910032	0.70801830291748047	0.60560871488081536	0.48499901506983761	2.7134029703145637	-2	3	-0.17874197838502842	0.29606714844703674	0.29606714844703674	246193	4.0588081472341369e-06	0.99925015419201391
1	4	34	134	27	-1	371	0.12175799605910032	0.14238643931765815	0.70801830291748047	0.58626030685838015	-0.48975285495401549	2.7201484219442147	-3	2	-0.18758062645761348	0.29033181071281433	0.29033181071281433	109768	9.103291981196832e-06	0.99925015419201391
1	5	33	572	134	0	1101	0.14238643931765815	0.16919561875734132	0.70801830291748047	0.56563186359982232	0.54252463312287424	2.491980470219826	-1	3	-0.21770822027149203	0.31116801500320435	0.31116801500320435	48963	2.0408270616424931e-05	0.99925015419201391
1	6	32	1221	572	0	2759	0.16919561875734132	0.17073057745794773	0.70801830291748047	0.53882268416013912	0.11886480357949475	2.2270392185177954	-2	2	-0.053373466704643456	0.43800950050354004	0.43800950050354004	31871	3.1352958934203942e-05	0.99925015419201391
1	7	31	3255	1221	0	7181	0.17073057745794773	0.17090405471011241	0.70801830291748047	0.53728772545953274	-0.04426850508227325	2.4636388766555926	-2	2	0.017968747571627891	0.42913579940795898	0.42913579940795898	18302	5.4597866582450763e-05	0.99925015419201391
1	8	30	7758	3255	1	15447	0.17090405471011241	0.17866717813936822	0.70801830291748047	0.53711424820736808	0.73623399898516206	2.1939862727948336	-1	2	0.12022226587536332	0.432302325963974	0.432302325963974	10314	9.68828925918183e-05	0.99925015419201391
1	9	29	15043	7758	-1	31647	0.17866717813936822	0.20605035299039215	0.70801830291748047	0.5293511247781123	-0.50576050404911077	2.1730387378745419	-2	1	-0.22744164074788054	0.3594544529914856	0.3594544529914856	4864	0.00020543794288487127	0.99925015419201391
1	10	28	43613	15043	0	58575	0.20605035299039215	0.25233699333432791	0.70801830291748047	0.50196794992708837	0.61350148862140852	2.0203461559602371	-1	2	-0.30366157146462924	0.32374966144561768	0.32374966144561768	2035	0.00049103201680197244	0.99925015419201391
1	11	27	108015	43613	1	99387	0.25233699333432791	0.31951744068080834	0.70801830291748047	0.45568130958315256	0.29251149401668325	1.8425893250291236	-1	2	0.38396429219090061	0.29097887873649597	0.29097887873649597	752	0.0013287900986595929	0.99925015419201391
1	12	26	251064	108015	-1	160367	0.31951744068080834	0.32295158627739762	0.70801830291748047	0.38850086223667213	-0.84205907550289016	1.6798918277313557	-2	0	-0.094018508745532983	0.57243502140045166	0.57243502140045166	511	0.0019554797538004188	0.99925015419201391
1	13	25	595367	251064	1	235279	0.32295158627739762	0.39082707778987824	0.70801830291748047	0.38506671664008285	0.33353693013787572	1.587404424348881	-1	1	0.41984453340269162	0.33867856860160828	0.33867856860160828	197	0.0050723358080812892	0.99925015419201391
1	14	24	1099577	595367	1	327833	0.39082707778987824	0.41856577549247165	0.70801830291748047	0.31719122512760223	0.58107540699201532	1.4166201169428483	0	1	0.29572119441029066	0.55698293447494507	0.55698293447494507	112	0.0089218763767144101	0.99925015419201391
1	15	23	1534324	1099577	1	392901	0.41856577549247165	0.42047848445451164	0.70801830291748047	0.28945252742500882	1.0980470304908048	1.2061426413517287	0	2	-0.081289747273111237	0.68767964839935303	0.68767964839935303	93	0.010744625313892623	0.99925015419201391
1	16	22	2147372	1534324	1	476625	0.42047848445451164	0.4391173054779805	0.70801830291748047	0.28753981846296883	0.67800121682674908	1.2647188995557332	0	1	0.25460106849542746	0.63714057207107544	0.63714057207107544	59	0.016936443291390067	0.99925015419201391
1	17	21	2394022	2147372	0	513074	0.4391173054779805	0.44377788737451318	0.70801830291748047	0.26890099743949997	-0.15154523288952623	1.1511142072819718	-1	0	0.13165090998864232	0.77044814825057983	0.77044814825057983	49	0.020392860289632938	0.99925015419201391
1	18	20	2662844	2394022	1	501493	0.44377788737451318	0.46815217653868685	0.70801830291748047	0.26424041554296729	1.3430185181441587	1.1294089077139329	1	2	-0.30371508122640173	0.6355212926864624	0.6355212926864624	33	0.030280307702788299	0.99925015419201391
1	19	19	2985479	2662844	-1	420769	0.46815217653868685	0.47006079100414716	0.70801830291748047	0.23986612637879362	-0.9103223298552805	1.0053323830540728	-1	0	-0.089202010853654243	0.83652329444885254	0.83652329444885254	29	0.034456901868690132	0.99925015419201391
1	20	18	3367882	2985479	1	334909	0.47006079100414716	0.47218491213127378	0.70801830291748047	0.23795751191333334	1.0933830531939777	0.98838953757223247	1	2	-0.094480009797911435	0.83829194307327271	0.83829194307327271	24	0.04163542309133391	0.99925015419201391
1	21	17	3548555	3367882	-2	267150	0.47218491213127378	0.47583284673142273	0.70801830291748047	0.23583339078620669	-1.8763160728210084	0.99447161617009727	-2	-1	-0.12437150057165262	0.81959885358810425	0.81959885358810425	21	0.047583340675810187	0.99925015419201391
1	22	16	3765688	3548555	0	192807	0.47583284673142273	0.47802133882931275	0.70801830291748047	0.23218545618605774	0.08692986494489624	0.8953936699488918	0	0	-0.097085637147577911	1	1	20	0.049962507709600694	0.99925015419201391
1	23	15	3885754	3765688	1	135787	0.47802133882931275	0.48492969550083348	0.70801830291748047	0.22999696408816772	0.84691899042205954	0.8832730784790831	0	1	0.17331107820192171	0.82793480157852173	0.82793480157852173	18	0.055513897455111885	0.99925015419201391
1	24	14	4026130	3885754	-3	91688	0.48492969550083348	0.50259227862375122	0.70801830291748047	0.22308860741664696	-2.7611472317702579	0.84887133005137971	-3	-2	-0.28137688218930068	0.77391695976257324	0.77391695976257324	15	0.066616676946134254	0.99925015419201391
1	25	13	4182441	4026130	-1	58338	0.50259227862375122	0.51582282418482994	0.70801830291748047	0.20542602429372925	-0.80235393172295522	0.77880195614685621	-1	-1	-0.25378219291449144	1	1	14	0.071375011013715281	0.99925015419201391
1	26	12	4227067	4182441	3	34348	0.51582282418482994	0.54900939264985937	0.70801830291748047	0.1921954787326505	2.7067413502859106	0.70573432361750343	3	3	0.41553689525951271	1	1	13	0.076865396476308759	0.99925015419201391
1	27	11	4298585	4227067	-1	20560	0.54900939264985937	0.54947760446551863	0.70801830291748047	0.15900891026762107	-0.96424923081037062	0.65883238106977704	-1	-1	-0.054263831312570204	1	1	12	0.083270846182667821	0.99925015419201391
1	28	10	4337576	4298585	-1	11442	0.54947760446551863	0.54949314246661107	0.70801830291748047	0.15854069845196181	-0.99382482796836014	0.62376624701411687	-1	-1	-0.009899817537738784	1	1	11	0.090840923108364904	0.99925015419201391
1	29	9	4352288	4337576	-1	6094	0.54949314246661107	0.55053719565158388	0.70801830291748047	0.15852516045086942	-1.0492825311702467	0.60726855670032975	-1	-1	0.081154426038505117	1	1	10	0.099925015419201388	0.99925015419201391
1	30	8	4370103	4352288	-1	2934	0.55053719565158388	0.55087347258794639	0.70801830291748047	0.15748110726589659	-1.0263152538771219	0.56947315079565164	-1	-1	0.046209823659561541	1	1	9	0.11102779491022377	0.99925015419201391
1	31	7	4377788	4370103	-2	1262	0.55087347258794639	0.5636269359930608	0.70801830291748047	0.15714483032953411	-1.8591037501873284	0.49457870471318566	-2	-2	-0.28488135148151938	1	1	8	0.12490626927400174	0.99925015419201391
1	32	6	4384351	4377788	2	476	0.5636269359930608	0.57477178886115143	0.70801830291748047	0.14439136692441962	1.8748798597224798	0.45036088804508445	2	2	0.27782195034883828	1	1	7	0.14275002202743056	0.99925015419201391
1	33	5	4391462	4384351	-3	180	0.57477178886115143	0.58121808924752172	0.70801830291748047	0.13324651405632901	-2.9102334069140716	0.40811955195739058	-3	-3	-0.21995170938367686	1	1	6	0.16654169236533564	0.99925015419201391
1	34	4	4393411	4391462	1	60	0.58121808924752172	0.58314058411963365	0.70801830291748047	0.12680021366995875	0.95536671777433979	0.36248181407987135	1	1	0.12313247311167297	1	1	5	0.19985003083840278	0.99925015419201391
1	35	3	4398553	4393411	-3	16	0.58314058411963365	0.62202745729662157	0.70801830291748047	0.12487771879784683	-2.7776790447001396	0.39840186830803237	-3	-3	-0.55803190944869852	1	1	4	0.24981253854800348	0.99925015419201391
1	36	2	4400372	4398553	-1	6	0.62202745729662157	0.64453678845434681	0.70801830291748047	0.085990845620858902	-1.1657437632354557	0.32395300283994555	-1	-1	0.51162903810879046	1	1	3	0.33308338473067128	0.99925015419201391
1	37	1	4402280	4400372	2	4	0.64453678845434681	0.64678608968000861	0.70801830291748047	0.063481514463133673	2.053234150738489	0.28280700309383711	2	2	-0.18823490987182404	1	1	2	0.49962507709600695	0.99925015419201391
1	38	0	4403012	4402280	1	1	0.64678608968000861	0.67174434661865234	0.70801830291748047	0.061232213237471876	1.1877521345992987	0.29408152125707593	1	1	-0.63843567523976563	1	1	1	0.99925015419201391	0.99925015419201391
2	1	37	1	0	0	5	0	0	0.67174434661865234	0.67174434661865234	0	2.9670328933735419	-2	2	0	0.39390274882316589	0.39390274882316589	2791338	0	0
2	2	36	3	1	0	25	0	0	0.67174434661865234	0.67174434661865234	0	2.8707902272473671	-2	2	0	0.40112823247909546	0.40112823247909546	1644899	0	0
2	3	35	14	3	0	97	0	0	0.67174434661865234	0.67174434661865234	0	2.7855352660057711	-2	2	0	0.407960444688797	0.407960444688797	982926	0	0
2	4	34	31	14	0	321	0	0	0.67174434661865234	0.67174434661865234	0	2.7739158621627293	-2	2	0	0.40892508625984192	0.40892508625984192	580625	0	0
2	5	33	80	31	0	915	0	0	0.67174434661865234	0.67174434661865234	0	2.6873932135554286	-2	2	0	0.41637751460075378	0.41637751460075378	347392	0	0
2	6	32	193	80	0	2455	0	0	0.67174434661865234	0.67174434661865234	0	2.688251601558441	-2	2	0	0.41630116105079651	0.41630116105079651	204641	0	0
2	7	31	484	193	0	6171	0	0	0.67174434661865234	0.67174434661865234	0	2.7432327702597754	-2	2	0	0.4115128219127655	0.4115128219127655	116294	0	0
2	8	30	1123	484	0	14281	0	0	0.67174434661865234	0.67174434661865234	0	2.6992526144712286	-2	2	0	0.41532710194587708	0.41532710194587708	65621	0	0
2	9	29	2650	1123	0	28091	0	0	0.67174434661865234	0.67174434661865234	0	2.4301582095130008	-2	2	0	0.44171997904777527	0.44171997904777527	40526	0	0
2	10	28	6945	2650	0	53963	0	0	0.67174434661865234	0.67174434661865234	0	2.4718626452836334	-2	2	0	0.43725082278251648	0.43725082278251648	24213	0	0
2	11	27	15408	6945	0	90787	0	0	0.67174434661865234	0.67174434661865234	0	2.2739356561174771	-2	2	0	0.4599042534828186	0.4599042534828186	15274	0	0
2	12	26	35185	15408	0	138907	0	0	0.67174434661865234	0.67174434661865234	0	2.1559234002001326	-2	2	0	0.47534433007240295	0.47534433007240295	10041	0	0
2	13	25	80606	35185	0	209345	0	0	0.67174434661865234	0.67174434661865234	0	2.2151477236944532	-2	2	0	0.46739715337753296	0.46739715337753296	6272	0	0
2	14	24	181015	80606	0	270723	0	0	0.67174434661865234	0.67174434661865234	0	1.9685536166516544	-1	1	0	0.58001309633255005	0.58001309633255005	4379	0	0
2	15	23	301641	181015	0	346295	0	0	0.67174434661865234	0.67174434661865234	0	2.0135920218532735	-2	2	0	0.49625533819198608	0.49625533819198608	2878	0	0
2	16	22	477417	301641	0	403083	0	0	0.67174434661865234	0.67174434661865234	0	1.8847372442164956	-1	1	0	0.59097772836685181	0.59097772836685181	1961	0	0
2	17	21	624793	477417	0	466895	0	0	0.67174434661865234	0.67174434661865234	0	1.9302724702478025	-1	1	0	0.58491325378417969	0.58491325378417969	1292	0	0
2	18	20	816556	624793	0	508153	0	0	0.67174434661865234	0.67174434661865234	0	1.866412816892125	-1	1	0	0.59349370002746582	0.59349370002746582	841	0	0
2	19	19	1051325	816556	0	479565	0	0	0.67174434661865234	0.67174434661865234	0	1.6644067921094234	-1	1	0	0.62445056438446045	0.62445056438446045	618	0	0
2	20	18	1396054	1051325	0	447915	0	0	0.67174434661865234	0.67174434661865234	0	1.6848564728050497	-1	1	0	0.62102419137954712	0.62102419137954712	433	0	0
2	21	17	1641545	1396054	0	369157	0	0	0.67174434661865234	0.67174434661865234	0	1.5264934898310447	-1	1	0	0.64954620599746704	0.64954620599746704	322	0	0
2	22	16	1990834	1641545	0	296997	0	0	0.67174434661865234	0.67174434661865234	0	1.5203784312219888	-1	1	0	0.65074485540390015	0.65074485540390015	237	0	0
2	23	15	2490045	1990834	0	229877	0	0	0.67174434661865234	0.67174434661865234	0	1.4995940063158864	-1	1	0	0.65487712621688843	0.65487712621688843	170	0	0
2	24	14	3433682	2490045	0	166129	0	0	0.67174434661865234	0.67174434661865234	0	1.4267362130873378	-1	1	0	0.67010360956192017	0.67010360956192017	119	0	0
2	25	13	4321883	3433682	0	112509	0	0	0.67174434661865234	0.67174434661865234	0	1.3611665763559566	-1	1	0	0.68485641479492188	0.68485641479492188	90	0	0
2	26	12	4654802	4321883	0	74337	0	0	0.67174434661865234	0.67174434661865234	0	1.3547255651111003	-1	1	0	0.68636214733123779	0.68636214733123779	55	0	0
2	27	11	4720439	4654802	0	45485	0	0	0.67174434661865234	0.67174434661865234	0	1.2839840756645802	-1	1	0	0.70360094308853149	0.70360094308853149	42	0	0
2	28	10	4796198	4720439	0	26555	0	0	0.67174434661865234	0.67174434661865234	0	1.2512552097738969	-1	1	0	0.71202671527862549	0.71202671527862549	27	0	0
2	29	9	4810079	4796198	0	14397	0	0	0.67174434661865234	0.67174434661865234	0	1.1765046005146405	-1	1	0	0.73239415884017944	0.73239415884017944	14	0	0
2	30	8	4813530	4810079	0	7047	0	0	0.67174434661865234	0.67174434661865234	0	1.0343256958672613	-1	1	0	0.77564752101898193	0.77564752101898193	11	0	0
2	31	7	4814739	4813530	0	2999	0	0	0.67174434661865234	0.67174434661865234	0	0.98094332172220622	0	0	0	1	1	10	0	0
2	32	6	4814758	4814739	0	1187	0	0	0.67174434661865234	0.67174434661865234	0	0.92147450227409922	0	0	0	1	1	9	0	0
2	33	5	4815101	4814758	0	415	0	0	0.67174434661865234	0.67174434661865234	0	0.8356902063422601	0	0	0	1	1	8	0	0
2	34	4	4815136	4815101	0	155	0	0	0.67174434661865234	0.67174434661865234	0	0.95433102345075282	0	0	0	1	1	7	0	0
2	35	3	4815157	4815136	0	61	0	0	0.67174434661865234	0.67174434661865234	0	0.92167325997061278	0	0	0	1	1	6	0	0
2	36	2	4815182	4815157	0	17	0	0	0.67174434661865234	0.67174434661865234	0	0.92156295839497582	0	0	0	1	1	5	0	0
2	37	1	4815243	4815182	0	9	0	0	0.67174434661865234	0.67174434661865234	0	0.99266210333666549	0	0	0	1	1	4	0	0
2	38	0	4815272	4815243	1	3	0	0.67174434661865234	0.67174434661865234	0.67174434661865234	0	1.000000000002	-1	1	0.99999999999800004	0.10650698095560074	0.10650698095560074	1	0	0
