[phase 0]
score=4.755392671073524
squared_norm=2203154
coefficients=[-1 -2 -2 0 -1 -1 1 0 1 -1 1 1 -1 0 -1 0 -1 0 0 0 0 1 0 0 -1 0 0 0 0 0 0 0 0]
vector=[-13 24 90 502 -477 -69 562 -246 490 174 -27 96 68 21 -27 -28 -225 -70 90 221 199 -214 362 136 247 49 165 -38 225 502 -174 -63 520]

[phase 1]
score=0
squared_norm=2203154
coefficients=[1 0 0 0 0 0 0 0 0 0 0 0 0 0 0 0 0 0 0 0 0 0 0 0 0 0 0 0 0 0 0 0 0]
vector=[-13 24 90 502 -477 -69 562 -246 490 174 -27 96 68 21 -27 -28 -225 -70 90 221 199 -214 362 136 247 49 165 -38 225 502 -174 -63 520]

