[phase 0 initial]
[[-74 140 -275 -588 -497 -328 980 101 53 292 -91 123 185 -78 -303 323 -317 636 359 -227 356 -174 -78 -152 -2 718 82 87 191 -263 135 331 -331 -229 313 25 -123 216 63 -4]
[16 -423 -369 443 -156 -5 -358 3 -212 -369 -459 -661 -117 365 -250 -247 364 -494 -113 -145 -262 246 335 192 291 -212 -3 297 582 126 92 -784 326 -92 -376 293 -291 -152 -154 7]
[253 239 240 84 633 -124 479 -14 -81 -19 891 145 262 160 -4 639 -368 554 288 155 -260 -103 137 -87 -293 -77 464 -239 -59 479 374 569 188 -255 126 85 424 -83 -265 2]
[287 587 -176 -86 -205 -417 894 -231 -5 415 168 387 83 -16 -42 613 -479 589 -67 -289 -167 -11 213 -210 -185 -378 94 -224 -174 496 -288 534 141 -390 -425 -433 -524 370 -223 -6]
[174 43 -171 119 465 392 -567 -444 138 3 519 475 -290 1 288 -124 -462 217 199 -79 -239 349 218 -42 -677 -254 -113 42 -722 549 544 -45 213 -374 687 31 366 -549 -369 7]
[10 -336 600 959 537 -562 -165 108 153 -90 456 -479 169 8 209 361 335 -410 -273 543 -49 245 53 278 -58 260 117 535 594 206 54 -102 173 -232 -728 191 120 236 -322 17]
[-7 -568 162 -504 483 783 -467 -521 -253 28 515 -38 389 154 -48 175 146 -364 127 -343 337 -499 98 -216 -228 -200 195 -39 -791 -233 -119 23 -13 129 968 -279 309 -414 16 0]
[-58 -178 -135 -131 320 560 -58 -221 -607 -399 347 -263 13 -212 62 134 198 -683 -122 -66 -137 339 529 -326 -468 -205 -171 -302 171 199 -140 -659 71 637 641 -267 674 -224 -79 5]
[145 -680 -256 179 -363 -13 671 -377 -164 -332 415 -300 357 497 230 256 -94 597 86 -347 -107 -356 341 -539 120 271 389 389 -109 -216 344 546 200 -432 -203 -220 -995 -280 -29 0]
[645 476 524 178 361 -406 -658 -509 179 590 -190 119 -454 66 -90 -530 -40 569 -80 62 -446 265 -44 218 114 -338 304 -293 -879 258 178 213 610 -1 -357 -2 458 431 222 -9]
[133 -394 224 616 371 -50 -324 -357 199 -347 -363 -348 -51 -758 302 -467 -327 -530 -24 145 -701 526 7 436 -111 250 414 -14 540 634 200 -424 25 129 324 43 604 -210 162 4]
[653 481 -76 -106 -552 39 -828 -423 217 -1 -160 463 -45 14 326 -280 120 633 -95 335 -170 221 37 -871 -208 -274 -1005 -90 -557 101 -101 -313 170 263 -9 -711 103 47 202 -3]
[-448 682 -394 -190 216 187 8 185 160 457 79 155 -153 25 213 272 -26 -314 -388 -24 600 42 105 262 -382 252 -323 87 445 246 559 -56 257 -663 -790 265 -184 -94 -268 -1]
[276 -231 573 -516 16 -443 226 -489 586 86 -233 504 248 129 -387 298 -626 594 818 9 -248 359 159 -201 -382 4 353 478 22 -167 279 -178 -231 -190 961 -315 286 -136 7 7]
[-393 509 667 -292 449 -370 151 -266 427 150 216 155 81 -356 66 726 -210 802 228 223 -447 464 211 282 -401 850 -72 -19 167 77 586 -265 212 -35 275 -196 994 -53 12 -9]
[-19 -113 -46 71 -163 -221 -307 549 261 285 62 -132 -279 88 983 -265 -236 179 -290 223 -41 -295 -298 -75 -238 467 -608 341 -231 -297 -367 910 -223 257 -524 -237 -283 114 -249 71]
[882 279 -267 374 -258 -72 -132 -512 55 90 -109 -473 156 83 -967 -273 27 306 307 -48 -66 -74 -223 -169 584 -360 1096 -247 -36 427 -41 292 238 -368 308 69 38 -494 -227 5]
[-78 225 -159 43 -817 -368 452 -382 303 -21 -434 29 -106 -1014 74 -297 -131 623 -617 392 59 270 112 -164 419 616 111 58 207 -429 130 351 -133 -836 -399 -557 -315 134 195 -116]
[-134 67 293 365 1049 379 -157 -241 330 74 -18 704 269 -745 513 -4 115 -158 -352 501 -217 259 173 159 -286 98 -483 8 134 -321 608 -452 -36 -76 115 4 723 -165 316 4]
[-563 -644 431 -629 -411 307 -64 198 107 123 312 77 -448 -278 373 -338 2 -72 -70 104 56 -531 -142 -15 229 -64 654 6 -102 -695 -105 433 -44 143 454 -647 91 -655 245 -130]
[-2 -38 -208 556 -54 -73 -830 37 -68 -775 390 -786 -274 374 -100 -20 88 -174 231 -196 -63 561 263 -454 -314 -393 -330 301 -271 -199 569 -147 75 258 -125 35 -208 -500 -325 115]
[492 -592 -79 -244 -130 24 371 413 -694 -32 160 -332 345 598 -304 493 299 -261 219 302 165 -270 662 -149 31 261 51 -56 889 -1050 -454 -33 -319 168 474 341 253 -227 -469 -18]
[-160 -864 -147 150 453 -418 -84 -289 438 -171 -324 -351 -81 103 -110 69 -107 263 243 547 -454 230 153 386 -190 206 187 512 398 189 187 -599 65 -370 886 -335 138 -471 -241 -107]
[-494 121 200 -565 -159 504 32 67 -99 -120 -281 411 237 -183 768 213 -367 -413 -120 -587 -201 46 -124 593 -227 -379 -248 224 -190 51 -1069 46 -22 85 176 -301 -517 415 -194 94]
[-180 -104 174 330 -281 -786 189 -207 398 313 -836 -578 -245 -345 -814 -154 129 11 -390 -12 503 418 188 259 377 45 275 297 84 -187 -242 -250 -472 -256 270 241 -119 704 135 108]
[-39 -684 101 -630 102 -505 510 -200 -669 205 631 92 -604 306 -317 252 138 332 140 359 -60 573 364 -204 -619 263 341 172 12 -626 599 -296 75 -190 547 167 147 353 -300 -27]
[-136 255 -17 523 -301 -142 701 23 -351 -916 66 -112 729 -430 -254 269 -36 -165 110 19 218 -100 289 -640 138 284 436 -54 973 -304 -87 275 -342 86 49 -55 -133 -44 -167 -183]
[154 -233 7 192 -285 126 361 85 88 -112 334 663 144 200 30 -353 137 215 82 49 -234 10 -107 -240 -92 -243 -379 -150 -462 219 1 216 -305 -438 744 370 217 40 151 215]
[-449 -248 411 -201 545 120 -145 -322 498 -420 430 500 226 -363 -359 411 -298 -71 655 199 269 44 -145 -235 -128 -115 594 343 -34 425 -254 156 -760 -55 873 267 334 -386 -112 -391]
[-360 186 211 66 -486 -355 617 622 101 -146 212 379 55 96 631 -134 -186 20 610 725 -67 181 -354 -509 -92 72 136 17 758 -704 -369 740 -417 171 -95 183 62 156 -63 133]
[81 -255 -216 436 405 -313 -580 -37 -10 -77 424 -482 284 96 185 423 230 -1038 161 -13 222 307 119 -72 -704 5 -112 375 168 173 383 -876 380 34 558 341 439 -32 -433 450]
[-187 269 454 -139 434 122 -86 300 467 -473 -158 367 366 -52 777 -194 -249 -851 -425 774 99 317 44 -251 -61 -120 -333 -676 171 -376 42 181 -396 -34 -322 -338 324 -251 53 -173]
[447 316 259 -119 212 -97 -830 -276 -176 540 -332 -329 -301 -325 153 -83 26 59 -208 272 351 352 95 -393 -708 256 52 -294 22 566 175 -143 -286 -199 350 -187 794 137 -300 -124]
[-133 658 -269 209 -233 -138 -233 -267 -139 -265 -143 -526 107 -40 303 -454 560 -416 -411 -40 -329 943 485 -667 174 -84 -471 14 92 -327 535 -392 800 610 -980 -563 -362 374 -290 276]
[-689 509 609 -455 79 -37 749 727 -404 -182 317 247 -148 83 343 98 63 190 165 -197 83 -545 -151 77 39 -274 -488 -20 -52 -806 -46 281 -508 579 45 29 492 109 232 28]
[375 50 296 277 161 205 63 -108 20 -575 -277 188 -478 375 -93 -55 66 103 136 205 -569 472 162 282 493 -729 294 -243 -443 442 -177 2 147 231 -427 -369 69 -173 -592 -55]
[158 442 84 -167 426 -317 -294 521 40 92 -63 -92 14 789 -39 978 -64 533 443 105 -514 -63 555 299 -102 -390 -72 -59 336 41 -366 -541 21 -130 -273 199 -424 517 -57 305]
[-360 -76 253 -639 300 325 -271 464 628 -102 30 304 425 585 300 -171 113 -23 -182 224 427 -463 -187 264 -163 -435 -89 -343 -358 380 -169 270 19 76 -41 -197 162 -362 -244 14]
[76 282 166 678 278 102 -69 -133 254 -295 1069 96 -384 436 1 -316 -11 879 -24 161 193 212 -705 -303 146 -184 362 -308 -662 275 359 444 264 -134 46 257 20 -293 -52 570]
[-574 501 243 -62 65 -498 331 83 6 -301 -274 694 -308 -495 -219 34 -534 -311 77 -440 6 662 -126 462 350 -126 548 0 14 414 475 -72 -146 288 123 -190 325 -48 -1 -41]]
