phase	depth	k	node	parent	z_k	nodes_at_depth	parent_rho	rho	bound_r2	remaining	center	delta	legal_lo	legal_hi	offset	P	Ptheta	N	Q	M
0	1	39	1	0	0	7	0	0	0.97293543815612793	0.97293543815612793	0	3.412049837639751	-3	3	0	0.32500922679901123	0.32500922679901123	3292549	0	0
0	2	38	3	1	0	43	0	0	0.97293543815612793	0.97293543815612793	0	3.809186415197241	-3	3	0	0.30332228541374207	0.30332228541374207	1117551	0	0
0	3	37	16	3	0	203	0	0	0.97293543815612793	0.97293543815612793	0	3.5546294874215851	-3	3	0	0.31662467122077942	0.31662467122077942	397699	0	0
0	4	36	55	16	0	741	0	0	0.97293543815612793	0.97293543815612793	0	3.3070563619814131	-3	3	0	0.33167737722396851	0.33167737722396851	147674	0	0
0	5	35	164	55	0	2613	0	0	0.97293543815612793	0.97293543815612793	0	3.309193076991809	-3	3	0	0.33153718709945679	0.33153718709945679	54713	0	0
0	6	34	519	164	0	8239	0	0	0.97293543815612793	0.97293543815612793	0	3.1732145806338887	-3	3	0	0.34085726737976074	0.34085726737976074	20757	0	0
0	7	33	1580	519	0	24945	0	0	0.97293543815612793	0.97293543815612793	0	3.3049906148010648	-3	3	0	0.33181309700012207	0.33181309700012207	7586	0	0
0	8	32	4733	1580	0	66133	0	0	0.97293543815612793	0.97293543815612793	0	3.0725079700007401	-3	3	0	0.34832099080085754	0.34832099080085754	2927	0	0
0	9	31	13738	4733	0	168721	0	0	0.97293543815612793	0.97293543815612793	0	3.1360737149553142	-3	3	0	0.34355136752128601	0.34355136752128601	1103	0	0
0	10	30	41427	13738	0	417087	0	0	0.97293543815612793	0.97293543815612793	0	3.2006594934566266	-3	3	0	0.33890879154205322	0.33890879154205322	387	0	0
0	11	29	106670	41427	0	911657	0	0	0.97293543815612793	0.97293543815612793	0	2.9828669393961547	-2	2	0	0.39276033639907837	0.39276033639907837	152	0	0
0	12	28	274357	106670	0	1507583	0	0	0.97293543815612793	0.97293543815612793	0	2.7825421188259143	-2	2	0	0.40820813179016113	0.40820813179016113	63	0	0
0	13	27	630168	274357	0	1482672	0	0	0.97293543815612793	0.97293543815612793	0	2.5966571890530967	-2	2	0	0.42473772168159485	0.42473772168159485	27	0	0
0	14	26	1156407	630168	0	1192334	0	0	0.97293543815612793	0.97293543815612793	0	2.8236662153718419	-2	2	0	0.40485212206840515	0.40485212206840515	12	0	0
0	15	25	2412510	1156407	0	943308	0	0	0.97293543815612793	0.97293543815612793	0	2.8257409722735822	-2	2	0	0.40468543767929077	0.40468543767929077	5	0	0
0	16	24	4765267	2412510	0	719296	0	0	0.97293543815612793	0.97293543815612793	0	2.6868010070277548	-2	2	0	0.41643023490905762	0.41643023490905762	1	0	0
0	17	23	-1	4765267	0	538931	0	0	0.97293543815612793	0.97293543815612793	0	2.6240821821032965	-2	2	0	0.42214888334274292	0.42214888334274292	0	0	0
0	18	22	-1	-1	0	366278	0	0	0.97293543815612793	0.97293543815612793	0	2.3071770248415611	-2	2	0	0	0	0	0	0
0	19	21	-1	-1	0	244636	0	0	0.97293543815612793	0.97293543815612793	0	2.1479252463581977	-2	2	0	0	0	0	0	0
0	20	20	-1	-1	0	161900	0	0	0.97293543815612793	0.97293543815612793	0	2.0753969233107448	-2	2	0	0	0	0	0	0
0	21	19	-1	-1	0	102798	0	0	0.97293543815612793	0.97293543815612793	0	1.9530593062607817	-1	1	0	0	0	0	0	0
0	22	18	-1	-1	0	63452	0	0	0.97293543815612793	0.97293543815612793	0	1.9031723459238121	-1	1	0	0	0	0	0	0
0	23	17	-1	-1	0	37572	0	0	0.97293543815612793	0.97293543815612793	0	1.8322426312609159	-1	1	0	0	0	0	0	0
0	24	16	-1	-1	0	19802	0	0	0.97293543815612793	0.97293543815612793	0	1.6575332315104545	-1	1	0	0	0	0	0	0
0	25	15	-1	-1	0	9640	0	0	0.97293543815612793	0.97293543815612793	0	1.5504035093592758	-1	1	0	0	0	0	0	0
0	26	14	-1	-1	0	5220	0	0	0.97293543815612793	0.97293543815612793	0	1.6986411311329255	-1	1	0	0	0	0	0	0
0	27	13	-1	-1	0	2444	0	0	0.97293543815612793	0.97293543815612793	0	1.5072050570067137	-1	1	0	0	0	0	0	0
0	28	12	-1	-1	0	1068	0	0	0.97293543815612793	0.97293543815612793	0	1.4080954849775225	-1	1	0	0	0	0	0	0
0	29	11	-1	-1	0	426	0	0	0.97293543815612793	0.97293543815612793	0	1.3468956104614247	-1	1	0	0	0	0	0	0
0	30	10	-1	-1	0	154	0	0	0.97293543815612793	0.97293543815612793	0	1.258367669618417	-1	1	0	0	0	0	0	0
0	31	9	-1	-1	0	54	0	0	0.97293543815612793	0.97293543815612793	0	1.2296868945856605	-1	1	0	0	0	0	0	0
0	32	8	-1	-1	0	24	0	0	0.97293543815612793	0.97293543815612793	0	1.2502429544911722	-1	1	0	0	0	0	0	0
0	33	7	-1	-1	0	12	0	0	0.97293543815612793	0.97293543815612793	0	1.1994854711611518	-1	1	0	0	0	0	0	0
0	34	6	-1	-1	0	4	0	0	0.97293543815612793	0.97293543815612793	0	1.1876891019663196	-1	1	0	0	0	0	0	0
0	35	5	-1	-1	0	2	0	0	0.97293543815612793	0.97293543815612793	0	1.2399307662971839	-1	1	0	0	0	0	0	0
0	36	4	-1	-1	0	0	0	0	0.97293543815612793	0.97293543815612793	0	1.1090178063100475	-1	1	0	0	0	0	0	0
0	37	3	-1	-1	0	0	0	0	0.97293543815612793	0.97293543815612793	0	1.1156180541723115	-1	1	0	0	0	0	0	0
0	38	2	-1	-1	0	0	0	0	0.97293543815612793	0.97293543815612793	0	1.1085916773248679	-1	1	0	0	0	0	0	0
0	39	1	-1	-1	0	0	0	0	0.97293543815612793	0.97293543815612793	0	1.1123286230355833	-1	1	0	0	0	0	0	0
0	40	0	-1	-1	1	0	0	0.97293543815612793	0.97293543815612793	0.97293543815612793	0	1.000000000002	-1	1	0.99999999999800004	0	0	0	0	0
