[phase 0]
score=1.987437520157092
squared_norm=2274831
coefficients=[-1 0 1 1 -1 0 0 0 -2 0 0 0 0 -1 -1 0 0 1 -1 0 1 0 0 0 0 0 -1 0 0 0]
vector=[-248 -83 401 258 -189 75 60 -221 116 157 -113 403 292 -102 242 752 -362 -159 345 171 -230 245 171 -332 269 335 142 -242 -224 -286]

[phase 1]
score=0
squared_norm=2274831
coefficients=[1 0 0 0 0 0 0 0 0 0 0 0 0 0 0 0 0 0 0 0 0 0 0 0 0 0 0 0 0 0]
vector=[-248 -83 401 258 -189 75 60 -221 116 157 -113 403 292 -102 242 752 -362 -159 345 171 -230 245 171 -332 269 335 142 -242 -224 -286]

