[phase 0 initial]
[[413 274 -33 411 -320 -60 19 139 403 -161 -228 -334 -179 250 -352 -117 -41 92 177 -37 -731 2 -253 -433 462 361 -308 -315 -13 90 114 -307 125 -445]
[-42 424 138 87 -97 -266 89 -161 258 -575 -467 3 -49 89 -214 16 62 614 487 -662 -339 74 -210 130 479 339 61 32 -214 167 -334 128 384 -8]
[79 -626 -34 -177 795 -192 64 143 -575 -63 448 -119 -65 230 -205 127 -349 56 -213 264 -503 -33 -355 -380 -11 -256 308 -526 -38 -68 492 20 -204 -45]
[39 327 -306 -504 -282 157 -45 -60 321 41 -178 -1016 -329 44 44 593 -33 -43 -129 -258 1 -40 -499 -286 47 108 -674 -317 -211 262 -27 -194 -32 180]
[328 199 346 -406 151 71 -445 -240 -191 276 539 -401 98 64 -203 361 290 -243 -396 191 517 -24 -191 -296 323 -102 -15 -780 270 186 421 -241 429 1]
[-253 -300 -412 -729 62 -510 248 184 -209 384 -33 -516 32 296 -388 -193 -644 -286 -428 139 17 -119 -164 -516 -340 -49 -399 160 -233 545 146 522 -211 121]
[506 44 21 -264 -24 -219 38 -74 -239 -300 274 819 259 511 -723 -535 -353 317 -157 136 335 97 -262 -361 -188 -151 287 -155 598 77 335 96 389 -182]
[412 415 -391 -383 -281 -194 -119 64 224 489 -174 19 72 -132 -468 -104 -241 -129 277 -382 -38 -248 -279 -421 -406 328 -600 64 392 32 -499 -120 407 -322]
[-676 -21 631 -26 312 110 121 -309 -115 -422 -289 925 -311 257 -20 -308 273 172 172 65 -304 -281 153 77 -14 -285 658 -81 -130 194 89 130 -458 255]
[176 -387 -368 -231 126 -131 -230 -147 -583 128 184 -856 4 -368 172 627 -72 -27 131 146 583 -106 8 272 -455 -359 221 -578 -58 6 858 -70 -258 22]
[11 138 -422 548 418 -142 381 614 -212 -57 -311 -459 -80 -600 593 604 -276 287 486 -857 -673 -163 -400 -171 166 328 594 -323 -359 -160 272 36 -33 -346]
[-153 -466 368 -371 -683 -129 82 -211 -359 349 10 88 57 272 -1010 228 135 -116 279 667 232 -249 221 -225 -262 -27 15 -552 179 220 134 -68 115 -145]
[301 61 144 902 -188 164 -477 37 647 649 -161 167 -235 177 674 -433 140 -227 79 -52 -211 -231 200 -603 323 331 -89 255 -73 445 391 278 4 -422]
[-101 -466 -563 -690 198 -515 64 262 -121 -165 -467 -690 152 145 30 50 -455 94 517 -158 34 -385 -196 409 -325 518 -356 -419 -214 -117 -392 650 -34 41]
[587 -339 323 257 -220 -186 113 135 -141 179 228 280 -97 599 9 -542 12 -2 -485 378 157 -521 328 70 303 -311 -306 -214 73 39 389 679 70 -259]
[-29 -320 -451 35 1003 -51 180 46 -291 -231 -127 -75 24 252 -678 -1032 -380 71 76 217 -240 341 -337 -231 -500 5 -118 173 397 -475 -572 -26 214 73]
[-31 48 -9 -425 -336 -169 -78 -108 228 -189 -277 689 30 214 494 -680 -339 -200 -204 250 -134 78 442 70 166 -263 110 930 319 -305 -21 -34 -378 489]
[104 -571 -441 -391 424 197 -7 418 -628 45 525 25 -242 283 204 410 50 -371 -154 -190 3 -561 -101 31 -705 -191 -245 -24 -505 107 274 259 -575 233]
[242 -416 121 187 726 107 -333 129 -220 285 68 -147 796 -547 115 -93 -164 -247 -105 179 115 40 -129 273 444 -80 288 -299 224 -782 380 -250 -155 -154]
[-638 243 -79 -33 524 -345 449 -244 -112 -564 -36 132 -144 249 -410 -430 44 341 57 211 -557 60 -70 -359 -91 -230 511 480 278 602 401 375 -124 111]
[-119 185 -129 289 -346 -326 -69 534 -254 451 -204 -113 -187 -402 91 318 459 -264 505 154 298 -341 166 232 -79 18 398 100 426 -495 -162 133 40 134]
[113 -477 311 -412 94 846 -246 212 46 -253 -119 -275 -259 544 171 91 69 16 -488 343 -348 485 -371 -696 -100 85 94 -391 -58 132 13 -338 -187 -135]
[238 40 -356 259 -144 496 224 -327 752 -46 -611 -125 -675 7 693 314 -43 63 -114 372 -101 -443 494 -51 67 -75 -454 -8 269 142 192 266 -635 131]
[-466 152 56 -33 -506 -378 217 118 -283 204 -288 160 661 -394 -79 -509 -453 133 37 -32 -154 -253 364 -41 186 -10 122 845 218 323 176 -407 -146 -722]
[360 -460 330 -804 157 -312 149 130 -81 -289 -114 231 -435 237 -250 138 -49 -256 -426 607 -528 22 -140 -250 -105 -588 -394 -553 209 119 -50 -57 107 276]
[420 246 -484 -133 -49 312 -148 -144 62 201 -67 -131 -352 -29 122 153 -175 167 396 -676 -361 -653 -380 -53 196 -28 106 -1139 -429 124 277 65 134 -35]
[-148 -536 -87 326 -106 75 309 68 -63 -242 -909 -161 78 -163 132 17 37 706 462 379 184 494 -123 504 44 295 -421 303 103 -349 224 469 81 -98]
[-35 172 53 106 504 687 -195 -35 201 -4 27 203 -512 380 590 -327 824 -45 123 345 279 -194 409 506 149 306 30 26 328 432 129 -311 -136 229]
[136 861 689 440 150 264 252 1 624 -230 5 468 79 60 82 -28 132 -146 406 176 123 78 -159 312 296 566 434 -345 307 -343 -625 -431 318 -638]
[436 -2 -120 441 390 137 -677 -50 -103 -108 -57 679 88 -12 -77 1 302 564 -110 103 -265 -559 -167 -76 -335 -363 112 -293 180 255 790 -204 307 -507]
[503 166 -323 275 -524 451 304 -269 75 82 -299 -132 337 80 -162 216 111 66 297 498 151 97 -347 -331 460 728 222 -3 50 35 385 -164 731 263]
[-63 99 -124 -39 191 583 -401 -156 -237 306 16 265 50 326 486 -207 86 -80 356 -522 205 241 211 -321 -694 170 41 -264 10 435 235 -63 -617 1]
[-33 224 36 413 -483 -167 -2 63 297 -458 -334 249 -113 118 -30 -345 -248 129 245 -658 -36 -894 -628 142 12 200 -4 -188 341 421 622 106 -179 109]
[621 13 285 -35 -266 29 -105 670 24 134 418 948 27 -285 43 -259 546 220 -252 378 793 258 530 432 20 155 66 265 49 136 -586 339 524 472]]
[phase 0 refreshed]
[[-3 -316 199 525 -156 -782 -222 -217 -7 -336 -424 156 482 -19 69 394 159 -228 -194 -103 0 -239 -222 203 145 -86 327 -160 43 -107 -80 341 365 146]
[-42 424 138 87 -97 -266 89 -161 258 -575 -467 3 -49 89 -214 16 62 614 487 -662 -339 74 -210 130 479 339 61 32 -214 167 -334 128 384 -8]
[413 274 -33 411 -320 -60 19 139 403 -161 -228 -334 -179 250 -352 -117 -41 92 177 -37 -731 2 -253 -433 462 361 -308 -315 -13 90 114 -307 125 -445]
[39 327 -306 -504 -282 157 -45 -60 321 41 -178 -1016 -329 44 44 593 -33 -43 -129 -258 1 -40 -499 -286 47 108 -674 -317 -211 262 -27 -194 -32 180]
[328 199 346 -406 151 71 -445 -240 -191 276 539 -401 98 64 -203 361 290 -243 -396 191 517 -24 -191 -296 323 -102 -15 -780 270 186 421 -241 429 1]
[506 44 21 -264 -24 -219 38 -74 -239 -300 274 819 259 511 -723 -535 -353 317 -157 136 335 97 -262 -361 -188 -151 287 -155 598 77 335 96 389 -182]
[-512 -48 357 -280 422 -643 -101 -83 -224 344 -57 -717 151 -106 -126 126 94 -189 -51 -210 -141 -126 196 -35 603 231 34 -116 -564 559 -75 507 245 116]
[412 415 -391 -383 -281 -194 -119 64 224 489 -174 19 72 -132 -468 -104 -241 -129 277 -382 -38 -248 -279 -421 -406 328 -600 64 392 32 -499 -120 407 -322]
[79 -626 -34 -177 795 -192 64 143 -575 -63 448 -119 -65 230 -205 127 -349 56 -213 264 -503 -33 -355 -380 -11 -256 308 -526 -38 -68 492 20 -204 -45]
[-676 -21 631 -26 312 110 121 -309 -115 -422 -289 925 -311 257 -20 -308 273 172 172 65 -304 -281 153 77 -14 -285 658 -81 -130 194 89 130 -458 255]
[550 -440 -95 684 88 -348 -166 52 -501 -74 134 -174 154 -162 -224 -83 -80 108 437 367 -149 -64 254 125 -40 -106 587 -576 140 -166 999 -183 -101 -603]
[-101 -466 -563 -690 198 -515 64 262 -121 -165 -467 -690 152 145 30 50 -455 94 517 -158 34 -385 -196 409 -325 518 -356 -419 -214 -117 -392 650 -34 41]
[480 384 -505 374 -304 97 266 558 -134 281 -18 476 293 -408 289 -74 -342 -66 55 -323 504 -107 -97 -282 -490 94 512 16 491 -182 449 -16 176 -475]
[-153 -466 368 -371 -683 -129 82 -211 -359 349 10 88 57 272 -1010 228 135 -116 279 667 232 -249 221 -225 -262 -27 15 -552 179 220 134 -68 115 -145]
[-1 -706 -189 276 -340 183 -249 -165 1 485 -109 -217 -82 -305 604 905 118 457 801 -362 412 -59 65 237 -317 209 -7 223 -238 -79 -228 367 257 73]
[587 -339 323 257 -220 -186 113 135 -141 179 228 280 -97 599 9 -542 12 -2 -485 378 157 -521 328 70 303 -311 -306 -214 73 39 389 679 70 -259]
[-481 218 -332 91 207 492 190 -221 381 -616 -579 -991 -312 198 39 -462 177 101 -117 77 302 582 -202 284 -36 41 -500 318 -168 -177 -592 -120 -21 620]
[201 89 335 -536 538 -688 -482 -168 -138 197 -27 388 156 -90 83 -338 -191 -176 237 -217 -833 -210 168 -250 692 89 251 192 342 -327 -249 -149 281 117]
[25 55 -407 -214 -371 389 -71 275 -53 108 77 144 -177 53 409 283 399 -427 59 -454 506 -528 254 411 -694 65 -553 502 -467 175 -218 239 -371 278]
[242 -416 121 187 726 107 -333 129 -220 285 68 -147 796 -547 115 -93 -164 -247 -105 179 115 40 -129 273 444 -80 288 -299 224 -782 380 -250 -155 -154]
[-304 446 -111 105 277 588 67 -327 160 -332 286 -371 -456 -92 236 340 593 -30 -131 476 -234 65 -195 -259 -183 -412 175 -29 514 152 562 -469 -329 178]
[498 -131 79 153 -550 565 -80 -247 376 -421 -488 -101 -216 602 393 -95 203 267 -647 -17 386 -532 -434 -229 210 120 -342 -652 -250 -8 -56 89 3 702]
[-119 185 -129 289 -346 -326 -69 534 -254 451 -204 -113 -187 -402 91 318 459 -264 505 154 298 -341 166 232 -79 18 398 100 426 -495 -162 133 40 134]
[50 104 -198 613 -539 -29 219 32 286 -43 -424 135 -177 375 11 -773 -237 89 210 -198 -535 -449 336 85 688 104 365 -515 -818 533 571 574 -123 -172]
[-20 -433 205 -27 119 714 -358 410 188 495 -389 -59 -117 -143 382 -71 214 -387 75 83 -722 180 111 -470 -365 456 -119 145 -53 -175 -794 -360 -137 -455]
[513 -399 -567 -476 -110 -299 79 -10 390 -380 290 -461 193 -67 144 485 -447 7 -261 -4 -78 212 -240 -230 -146 -712 81 399 263 204 84 79 187 513]
[-148 -536 -87 326 -106 75 309 68 -63 -242 -909 -161 78 -163 132 17 37 706 462 379 184 494 -123 504 44 295 -421 303 103 -349 224 469 81 -98]
[-117 561 277 -289 212 -246 500 185 415 154 -28 -48 111 356 -306 -221 -512 -432 -22 315 140 -41 -323 -204 -44 517 35 -185 74 202 -479 91 107 -517]
[260 -434 -189 110 244 76 -8 -157 -215 -253 -21 163 359 241 -294 375 24 534 -191 22 -100 -303 197 323 -701 120 -505 259 -165 -512 98 181 -40 -139]
[-466 152 56 -33 -506 -378 217 118 -283 204 -288 160 661 -394 -79 -509 -453 133 37 -32 -154 -253 364 -41 186 -10 122 845 218 323 176 -407 -146 -722]
[-35 172 53 106 504 687 -195 -35 201 -4 27 203 -512 380 590 -327 824 -45 123 345 279 -194 409 506 149 306 30 26 328 432 129 -311 -136 229]
[-74 299 120 -263 -121 -358 -239 453 -86 -310 -234 -267 310 1074 245 505 -78 562 230 174 128 366 -227 -81 579 494 438 -116 58 292 142 294 341 131]
[186 -151 104 -370 -85 -81 -1091 270 34 907 345 -484 -588 248 58 205 -180 -326 -200 -92 -358 -534 -52 83 -321 111 -451 -663 160 15 194 105 194 -388]
[437 -97 266 90 132 -48 -508 362 453 -454 -161 625 -110 -33 445 501 187 -236 -288 342 -230 -597 -231 -515 176 -203 -411 -252 557 -22 -223 343 3 -299]]
[phase 1 initial]
[[-3 -316 199 525 -156 -782 -222 -217 -7 -336 -424 156 482 -19 69 394 159 -228 -194 -103 0 -239 -222 203 145 -86 327 -160 43 -107 -80 341 365 146]
[-42 424 138 87 -97 -266 89 -161 258 -575 -467 3 -49 89 -214 16 62 614 487 -662 -339 74 -210 130 479 339 61 32 -214 167 -334 128 384 -8]
[413 274 -33 411 -320 -60 19 139 403 -161 -228 -334 -179 250 -352 -117 -41 92 177 -37 -731 2 -253 -433 462 361 -308 -315 -13 90 114 -307 125 -445]
[39 327 -306 -504 -282 157 -45 -60 321 41 -178 -1016 -329 44 44 593 -33 -43 -129 -258 1 -40 -499 -286 47 108 -674 -317 -211 262 -27 -194 -32 180]
[328 199 346 -406 151 71 -445 -240 -191 276 539 -401 98 64 -203 361 290 -243 -396 191 517 -24 -191 -296 323 -102 -15 -780 270 186 421 -241 429 1]
[506 44 21 -264 -24 -219 38 -74 -239 -300 274 819 259 511 -723 -535 -353 317 -157 136 335 97 -262 -361 -188 -151 287 -155 598 77 335 96 389 -182]
[-512 -48 357 -280 422 -643 -101 -83 -224 344 -57 -717 151 -106 -126 126 94 -189 -51 -210 -141 -126 196 -35 603 231 34 -116 -564 559 -75 507 245 116]
[412 415 -391 -383 -281 -194 -119 64 224 489 -174 19 72 -132 -468 -104 -241 -129 277 -382 -38 -248 -279 -421 -406 328 -600 64 392 32 -499 -120 407 -322]
[79 -626 -34 -177 795 -192 64 143 -575 -63 448 -119 -65 230 -205 127 -349 56 -213 264 -503 -33 -355 -380 -11 -256 308 -526 -38 -68 492 20 -204 -45]
[-676 -21 631 -26 312 110 121 -309 -115 -422 -289 925 -311 257 -20 -308 273 172 172 65 -304 -281 153 77 -14 -285 658 -81 -130 194 89 130 -458 255]
[550 -440 -95 684 88 -348 -166 52 -501 -74 134 -174 154 -162 -224 -83 -80 108 437 367 -149 -64 254 125 -40 -106 587 -576 140 -166 999 -183 -101 -603]
[-101 -466 -563 -690 198 -515 64 262 -121 -165 -467 -690 152 145 30 50 -455 94 517 -158 34 -385 -196 409 -325 518 -356 -419 -214 -117 -392 650 -34 41]
[480 384 -505 374 -304 97 266 558 -134 281 -18 476 293 -408 289 -74 -342 -66 55 -323 504 -107 -97 -282 -490 94 512 16 491 -182 449 -16 176 -475]
[-153 -466 368 -371 -683 -129 82 -211 -359 349 10 88 57 272 -1010 228 135 -116 279 667 232 -249 221 -225 -262 -27 15 -552 179 220 134 -68 115 -145]
[-1 -706 -189 276 -340 183 -249 -165 1 485 -109 -217 -82 -305 604 905 118 457 801 -362 412 -59 65 237 -317 209 -7 223 -238 -79 -228 367 257 73]
[587 -339 323 257 -220 -186 113 135 -141 179 228 280 -97 599 9 -542 12 -2 -485 378 157 -521 328 70 303 -311 -306 -214 73 39 389 679 70 -259]
[-481 218 -332 91 207 492 190 -221 381 -616 -579 -991 -312 198 39 -462 177 101 -117 77 302 582 -202 284 -36 41 -500 318 -168 -177 -592 -120 -21 620]
[201 89 335 -536 538 -688 -482 -168 -138 197 -27 388 156 -90 83 -338 -191 -176 237 -217 -833 -210 168 -250 692 89 251 192 342 -327 -249 -149 281 117]
[25 55 -407 -214 -371 389 -71 275 -53 108 77 144 -177 53 409 283 399 -427 59 -454 506 -528 254 411 -694 65 -553 502 -467 175 -218 239 -371 278]
[242 -416 121 187 726 107 -333 129 -220 285 68 -147 796 -547 115 -93 -164 -247 -105 179 115 40 -129 273 444 -80 288 -299 224 -782 380 -250 -155 -154]
[-304 446 -111 105 277 588 67 -327 160 -332 286 -371 -456 -92 236 340 593 -30 -131 476 -234 65 -195 -259 -183 -412 175 -29 514 152 562 -469 -329 178]
[498 -131 79 153 -550 565 -80 -247 376 -421 -488 -101 -216 602 393 -95 203 267 -647 -17 386 -532 -434 -229 210 120 -342 -652 -250 -8 -56 89 3 702]
[-119 185 -129 289 -346 -326 -69 534 -254 451 -204 -113 -187 -402 91 318 459 -264 505 154 298 -341 166 232 -79 18 398 100 426 -495 -162 133 40 134]
[50 104 -198 613 -539 -29 219 32 286 -43 -424 135 -177 375 11 -773 -237 89 210 -198 -535 -449 336 85 688 104 365 -515 -818 533 571 574 -123 -172]
[-20 -433 205 -27 119 714 -358 410 188 495 -389 -59 -117 -143 382 -71 214 -387 75 83 -722 180 111 -470 -365 456 -119 145 -53 -175 -794 -360 -137 -455]
[513 -399 -567 -476 -110 -299 79 -10 390 -380 290 -461 193 -67 144 485 -447 7 -261 -4 -78 212 -240 -230 -146 -712 81 399 263 204 84 79 187 513]
[-148 -536 -87 326 -106 75 309 68 -63 -242 -909 -161 78 -163 132 17 37 706 462 379 184 494 -123 504 44 295 -421 303 103 -349 224 469 81 -98]
[-117 561 277 -289 212 -246 500 185 415 154 -28 -48 111 356 -306 -221 -512 -432 -22 315 140 -41 -323 -204 -44 517 35 -185 74 202 -479 91 107 -517]
[260 -434 -189 110 244 76 -8 -157 -215 -253 -21 163 359 241 -294 375 24 534 -191 22 -100 -303 197 323 -701 120 -505 259 -165 -512 98 181 -40 -139]
[-466 152 56 -33 -506 -378 217 118 -283 204 -288 160 661 -394 -79 -509 -453 133 37 -32 -154 -253 364 -41 186 -10 122 845 218 323 176 -407 -146 -722]
[-35 172 53 106 504 687 -195 -35 201 -4 27 203 -512 380 590 -327 824 -45 123 345 279 -194 409 506 149 306 30 26 328 432 129 -311 -136 229]
[-74 299 120 -263 -121 -358 -239 453 -86 -310 -234 -267 310 1074 245 505 -78 562 230 174 128 366 -227 -81 579 494 438 -116 58 292 142 294 341 131]
[186 -151 104 -370 -85 -81 -1091 270 34 907 345 -484 -588 248 58 205 -180 -326 -200 -92 -358 -534 -52 83 -321 111 -451 -663 160 15 194 105 194 -388]
[437 -97 266 90 132 -48 -508 362 453 -454 -161 625 -110 -33 445 501 187 -236 -288 342 -230 -597 -231 -515 176 -203 -411 -252 557 -22 -223 343 3 -299]]
