phase	depth	k	node	parent	z_k	nodes_at_depth	parent_rho	rho	bound_r2	remaining	center	delta	legal_lo	legal_hi	offset	P	Ptheta	N	Q	M
0	1	33	2	0	-1	5	0	0.081016240743072621	0.66835379600524902	0.66835379600524902	0	2.8722164537435519	-2	2	-0.34816317506176564	0.19987231492996216	0.19987231492996216	212792	6.7726555355984912e-06	1.4000921641649067
0	2	32	9	2	0	25	0.081016240743072621	0.093546606922397871	0.66835379600524902	0.58733755526217635	-0.38624798894851442	2.6444066185250565	-3	2	0.14606225315074575	0.32130110263824463	0.32130110263824463	113614	1.2684765229030525e-05	1.4000921641649067
0	3	31	27	9	0	91	0.093546606922397871	0.096140461588397105	0.66835379600524902	0.57480718908285111	-0.17281092376431448	2.572524194064346	-2	2	0.067175626244077996	0.39240896701812744	0.39240896701812744	68873	2.0924991168252787e-05	1.4000921641649067
0	4	30	97	27	1	291	0.096140461588397105	0.12370642586563113	0.66835379600524902	0.57221333441685196	0.45792083938241029	2.4697620006025298	-2	2	0.21948639605166106	0.3121342658996582	0.3121342658996582	27591	5.0744524089917244e-05	1.4000921641649067
0	5	29	373	97	0	759	0.12370642586563113	0.15536045493341946	0.66835379600524902	0.54464737013961784	-0.53181819202453939	2.2060045117062934	-2	1	0.24107756317016338	0.34588256478309631	0.34588256478309631	12676	0.00011045220607170296	1.4000921641649067
0	6	28	834	373	-1	1847	0.15536045493341946	0.16530163505459705	0.66835379600524902	0.51299334107182959	-0.69833163302081114	2.1670386882165733	-2	1	-0.13920765172284741	0.42259281873703003	0.42259281873703003	6894	0.00020308850655133547	1.4000921641649067
0	7	27	2630	834	0	4183	0.16530163505459705	0.22223169601528239	0.66835379600524902	0.50305216095065197	0.71616703777879209	2.1288742717421241	-1	2	-0.33640645071666464	0.28747627139091492	0.28747627139091492	2496	0.0005609343606429914	1.4000921641649067
0	8	26	6847	2630	-1	8021	0.22223169601528239	0.28340330919147261	0.66835379600524902	0.44612209998996666	-0.32677390414255864	1.8180793918708249	-2	1	-0.37029521310655406	0.30450305342674255	0.30450305342674255	975	0.0014359919632460582	1.4000921641649067
0	9	25	16924	6847	-1	14897	0.28340330919147261	0.2973508467946972	0.66835379600524902	0.38495048681377642	-0.67218511980270479	1.7221950210059296	-2	1	-0.19034713037656989	0.45592820644378662	0.45592820644378662	588	0.0023811091227294331	1.4000921641649067
0	10	24	57474	16924	1	24771	0.2973508467946972	0.35468874312779747	0.66835379600524902	0.37100294921055182	0.36581926785032076	1.6131726357989238	-1	1	0.39312638838285352	0.35734096169471741	0.35734096169471741	240	0.0058337173506871108	1.4000921641649067
0	11	23	91884	57474	0	37407	0.35468874312779747	0.36810039341638556	0.66835379600524902	0.31366505287745156	0.28841922394432012	1.394813559945161	-1	1	-0.20677976772441167	0.56069737672805786	0.56069737672805786	158	0.0088613428111702953	1.4000921641649067
0	12	22	176362	91884	0	50835	0.36810039341638556	0.36827763364147026	0.66835379600524902	0.30025340258886346	-0.031236539060623798	1.2856588136430724	-1	1	0.024296134191396566	0.69268518686294556	0.69268518686294556	133	0.010527008753119599	1.4000921641649067
0	13	21	262403	176362	0	66687	0.36827763364147026	0.370563259647473	0.66835379600524902	0.30007616236377876	0.11263355786122319	1.2905682212386824	-1	1	-0.087274392788873972	0.66079795360565186	0.66079795360565186	106	0.013208416643065157	1.4000921641649067
0	14	20	346541	262403	1	87235	0.370563259647473	0.40829576637460696	0.66835379600524902	0.29779053635777603	0.52655396765861739	1.3300504003953648	0	1	0.35596097125390752	0.51995402574539185	0.51995402574539185	55	0.025456221166634665	1.4000921641649067
0	15	19	386536	346541	-1	110140	0.40829576637460696	0.40836353580965895	0.66835379600524902	0.26005802963064206	-1.0204289065665391	1.2655034206573839	-2	0	0.016142909006067331	0.70149868726730347	0.70149868726730347	39	0.03589979908115145	1.4000921641649067
0	16	18	516667	386536	0	112146	0.40836353580965895	0.41560265511354777	0.66835379600524902	0.25999026019559007	-0.19002590198259078	1.1388026653781613	-1	0	0.16686464456024874	0.74815040826797485	0.74815040826797485	31	0.045164263360158281	1.4000921641649067
0	17	17	559651	516667	-1	99432	0.41560265511354777	0.42177122170415016	0.66835379600524902	0.25275114089170125	-0.82415741604386039	1.1255855020411938	-1	0	-0.15622321328522598	0.7598688006401062	0.7598688006401062	24	0.058337173506871114	1.4000921641649067
0	18	16	605773	559651	-2	70300	0.42177122170415016	0.4260981625925786	0.66835379600524902	0.24658257430109889	-2.1312660572820876	0.99093039761550505	-3	-2	0.13246748469716491	0.81584328413009644	0.81584328413009644	19	0.073689061271837192	1.4000921641649067
0	19	15	664991	605773	-1	43584	0.4260981625925786	0.43476165639151781	0.66835379600524902	0.24225563341267042	-0.83240270131489469	0.88625239630437147	-1	0	-0.18910786519052333	0.81761354207992554	0.81761354207992554	16	0.087505760260306667	1.4000921641649067
0	20	14	710191	664991	0	27315	0.43476165639151781	0.43950814511704894	0.66835379600524902	0.23359213961373118	-0.12372397740951624	0.86795409907356813	0	0	0.14254668252800007	1	1	15	0.093339477610993773	1.4000921641649067
0	21	13	756933	710191	1	16087	0.43950814511704894	0.45048093882639001	0.66835379600524902	0.22884565088820011	0.82416136235882365	0.803021243908422	1	1	0.21897133976847735	1	1	14	0.10000658315463619	1.4000921641649067
0	22	12	789116	756933	0	9323	0.45048093882639001	0.45329089286385371	0.66835379600524902	0.21787285717885904	-0.089004709876250448	0.78372724609029598	0	0	0.1135659252887527	1	1	13	0.10769939724345436	1.4000921641649067
0	23	11	789866	789116	-2	5528	0.45329089286385371	0.45980076569951378	0.66674089431762695	0.21345000145377327	-2.1339069172703384	0.76676951954440475	-2	-2	0.17463776774786591	1	1	12	0.11667434701374223	1.4000921641649067
0	24	10	790669	789866	-1	2932	0.45980076569951378	0.45992839445006395	0.66674089431762695	0.20694012861811314	-1.0174371366590185	0.70213928027089034	-1	-1	0.024834298762335481	1	1	11	0.12728110583317334	1.4000921641649067
0	25	9	792082	790669	0	1575	0.45992839445006395	0.47216233340218444	0.66674089431762695	0.20681249986756303	-0.17231410630284935	0.70847751169758499	0	0	0.24321746767934388	1	1	10	0.14000921641649067	1.4000921641649067
0	26	8	793737	792082	1	815	0.47216233340218444	0.4863106701727708	0.66674089431762695	0.19457856091544251	1.1785943055123129	0.66231166851735146	1	1	-0.26965296551714618	1	1	9	0.15556579601832296	1.4000921641649067
0	27	7	794254	793737	0	430	0.4863106701727708	0.48744579574957592	0.66674089431762695	0.18043022414485618	0.053454039550816138	0.67392756505366991	0	0	-0.079317188259778626	1	1	8	0.17501152052061333	1.4000921641649067
0	28	6	795457	794254	1	217	0.48744579574957592	0.50981680259241535	0.66674089431762695	0.17929509856805106	1.2214722971852969	0.62699034566325695	1	1	-0.35323079329238172	1	1	7	0.20001316630927238	1.4000921641649067
0	29	5	795999	795457	0	87	0.50981680259241535	0.51006541324574028	0.66674089431762695	0.1569240917252116	-0.020834461508400775	0.52344038229143264	0	0	0.039802931170871914	1	1	6	0.23334869402748445	1.4000921641649067
0	30	4	796468	795999	-1	36	0.51006541324574028	0.53015507408553242	0.66674089431762695	0.15667548107188672	-1.1816095598036591	0.50716925890062281	-1	-1	0.35808471553920551	1	1	5	0.28001843283298133	1.4000921641649067
0	31	3	796573	796468	-1	16	0.53015507408553242	0.5546266913891047	0.66674089431762695	0.13658582023209456	-0.81294006311479317	0.44192874897470047	-1	-1	-0.42328076034699352	1	1	4	0.35002304104122667	1.4000921641649067
0	32	2	796660	796573	0	4	0.5546266913891047	0.56019954198404776	0.66674089431762695	0.1121142029285223	-0.090415036553927797	0.40553867609275218	0	0	0.22295046535400895	1	1	3	0.46669738805496891	1.4000921641649067
0	33	1	796835	796660	0	3	0.56019954198404776	0.61409388882489901	0.66674089431762695	0.10654135233357914	-0.31016188445856041	0.43608979387145158	0	0	0.71123399083719074	1	1	2	0.70004608208245334	1.4000921641649067
0	34	0	797026	796835	0	2	0.61409388882489901	0.61551499366760254	0.66674089431762695	0.052647005492727945	0.045965973843211695	0.27977586226194467	0	0	-0.16429570968554574	1	1	1	1.4000921641649067	1.4000921641649067
1	1	33	1	0	0	5	0	0	0.61551499366760254	0.61551499366760254	0	2.9023997669102775	-2	2	0	0.39870035648345947	0.39870035648345947	441280	0	0
1	2	32	3	1	0	19	0	0	0.61551499366760254	0.61551499366760254	0	2.5915079163938368	-2	2	0	0.4252299964427948	0.4252299964427948	270619	0	0
1	3	31	14	3	0	75	0	0	0.61551499366760254	0.61551499366760254	0	2.6848250392962112	-2	2	0	0.41660624742507935	0.41660624742507935	156894	0	0
1	4	30	31	14	0	255	0	0	0.61551499366760254	0.61551499366760254	0	2.54519060062918	-2	2	0	0.42974847555160522	0.42974847555160522	94125	0	0
1	5	29	74	31	0	661	0	0	0.61551499366760254	0.61551499366760254	0	2.4855300131975793	-2	2	0	0.43581879138946533	0.43581879138946533	56764	0	0
1	6	28	171	74	0	1543	0	0	0.61551499366760254	0.61551499366760254	0	2.3537658235043972	-2	2	0	0.45031470060348511	0.45031470060348511	35355	0	0
1	7	27	390	171	0	3569	0	0	0.61551499366760254	0.61551499366760254	0	2.5208372921205582	-2	2	0	0.43219149112701416	0.43219149112701416	20272	0	0
1	8	26	883	390	0	7287	0	0	0.61551499366760254	0.61551499366760254	0	2.3576620677004323	-2	2	0	0.4498630166053772	0.4498630166053772	11959	0	0
1	9	25	2054	883	0	12311	0	0	0.61551499366760254	0.61551499366760254	0	2.0698872737010836	-2	2	0	0.48766103386878967	0.48766103386878967	7978	0	0
1	10	24	4595	2054	0	19913	0	0	0.61551499366760254	0.61551499366760254	0	2.0864904566070979	-2	2	0	0.48520937561988831	0.48520937561988831	5125	0	0
1	11	23	10346	4595	0	27861	0	0	0.61551499366760254	0.61551499366760254	0	1.9004654007844624	-1	1	0	0.58885318040847778	0.58885318040847778	3556	0	0
1	12	22	15824	10346	0	41633	0	0	0.61551499366760254	0.61551499366760254	0	2.1166470716609767	-2	2	0	0.48084923624992371	0.48084923624992371	2125	0	0
1	13	21	36662	15824	0	60771	0	0	0.61551499366760254	0.61551499366760254	0	2.1492597597876193	-2	2	0	0.47626480460166931	0.47626480460166931	1220	0	0
1	14	20	65675	36662	0	77675	0	0	0.61551499366760254	0.61551499366760254	0	1.9470788854362238	-1	1	0	0.58274024724960327	0.58274024724960327	783	0	0
1	15	19	77355	65675	0	87553	0	0	0.61551499366760254	0.61551499366760254	0	1.7676852288917138	-1	1	0	0.60784816741943359	0.60784816741943359	548	0	0
1	16	18	97826	77355	0	95831	0	0	0.61551499366760254	0.61551499366760254	0	1.7694999784580474	-1	1	0	0.60757154226303101	0.60757154226303101	381	0	0
1	17	17	129665	97826	0	90149	0	0	0.61551499366760254	0.61551499366760254	0	1.5736119213413524	-1	1	0	0.64056432247161865	0.64056432247161865	266	0	0
1	18	16	170378	129665	0	74645	0	0	0.61551499366760254	0.61551499366760254	0	1.4269560099325118	-1	1	0	0.67005586624145508	0.67005586624145508	211	0	0
1	19	15	221593	170378	0	59969	0	0	0.61551499366760254	0.61551499366760254	0	1.4165920857830636	-1	1	0	0.67231887578964233	0.67231887578964233	164	0	0
1	20	14	313926	221593	0	44269	0	0	0.61551499366760254	0.61551499366760254	0	1.3224358478023652	-1	1	0	0.69406938552856445	0.69406938552856445	129	0	0
1	21	13	368791	313926	0	31597	0	0	0.61551499366760254	0.61551499366760254	0	1.317771735252103	-1	1	0	0.69520479440689087	0.69520479440689087	106	0	0
1	22	12	476010	368791	0	20829	0	0	0.61551499366760254	0.61551499366760254	0	1.2610474734426724	-1	1	0	0.70947510004043579	0.70947510004043579	87	0	0
1	23	11	627229	476010	0	13729	0	0	0.61551499366760254	0.61551499366760254	0	1.2732961863339189	-1	1	0	0.70632034540176392	0.70632034540176392	68	0	0
1	24	10	741546	627229	0	8589	0	0	0.61551499366760254	0.61551499366760254	0	1.2383903346907059	-1	1	0	0.71541941165924072	0.71541941165924072	47	0	0
1	25	9	779129	741546	0	5131	0	0	0.61551499366760254	0.61551499366760254	0	1.1954886610814981	-1	1	0	0.72707033157348633	0.72707033157348633	30	0	0
1	26	8	789286	779129	0	3069	0	0	0.61551499366760254	0.61551499366760254	0	1.243433280503677	-1	1	0	0.71408402919769287	0.71408402919769287	21	0	0
1	27	7	790935	789286	0	1609	0	0	0.61551499366760254	0.61551499366760254	0	1.0856320848588301	-1	1	0	0.75934606790542603	0.75934606790542603	16	0	0
1	28	6	791746	790935	0	805	0	0	0.61551499366760254	0.61551499366760254	0	1.0952985558201485	-1	1	0	0.7563624382019043	0.7563624382019043	13	0	0
1	29	5	791883	791746	0	349	0	0	0.61551499366760254	0.61551499366760254	0	1.0197670005752655	-1	1	0	0.78041476011276245	0.78041476011276245	10	0	0
1	30	4	791920	791883	0	155	0	0	0.61551499366760254	0.61551499366760254	0	0.99988370419381056	0	0	0	1	1	9	0	0
1	31	3	791921	791920	0	65	0	0	0.61551499366760254	0.61551499366760254	0	0.95632104912603233	0	0	0	1	1	8	0	0
1	32	2	791924	791921	0	29	0	0	0.61551499366760254	0.61551499366760254	0	1.0859356036728016	-1	1	0	0.75925195217132568	0.75925195217132568	5	0	0
1	33	1	791941	791924	0	9	0	0	0.61551499366760254	0.61551499366760254	0	0.96788271504536205	0	0	0	1	1	4	0	0
1	34	0	791952	791941	1	3	0	0.61551499366760254	0.61551499366760254	0.61551499366760254	0	1.000000000002	-1	1	0.99999999999800004	0.10650698095560074	0.10650698095560074	1	0	0
