[phase 0]
score=4.175129250687999
squared_norm=2264797
coefficients=[1 1 -2 -1 -1 -1 0 0 1 0 0 0 0 0 0 0 0 0 0 0 -1 -1 0 0 0 0 0 -1 0 -1]
vector=[-158 -84 -184 -112 -556 -88 110 70 801 188 -162 -108 -92 -192 -298 -15 149 418 359 59 -115 -187 144 -104 -338 -148 418 -98 513 103]

[phase 1]
score=0
squared_norm=2264797
coefficients=[1 0 0 0 0 0 0 0 0 0 0 0 0 0 0 0 0 0 0 0 0 0 0 0 0 0 0 0 0 0]
vector=[-158 -84 -184 -112 -556 -88 110 70 801 188 -162 -108 -92 -192 -298 -15 149 418 359 59 -115 -187 144 -104 -338 -148 418 -98 513 103]

