[phase 0 initial]
[[145 45 290 268 48 -73 33 512 248 -190 -148 636 -287 -574 -33 127 -302 -174 -76 -324 -176 -446 195 -726 43 -31 -488 -396 -36 32]
[189 -316 -181 150 -570 204 250 -49 199 12 -669 50 -457 72 455 528 -420 -23 39 -661 -27 -34 26 -441 174 123 -585 135 -101 36]
[54 300 419 48 483 -176 118 -332 -735 -560 -33 -429 428 -163 -312 -316 185 -336 -79 287 -238 142 -241 630 84 349 306 533 344 -25]
[200 197 672 166 -170 -582 -304 -197 -415 70 -849 94 -364 -258 326 511 -408 -67 -748 -265 86 -347 300 -628 199 -141 -58 349 156 32]
[-610 576 -519 -557 -350 -174 -86 -483 -296 281 -519 356 -277 -22 189 53 433 127 -603 -321 277 542 218 174 -61 -481 -63 555 377 3]
[242 -381 -83 622 392 -721 -144 294 -142 415 197 82 -233 595 361 175 -43 627 326 340 757 -63 141 -132 -279 228 125 125 -250 -11]
[-284 261 92 581 161 -776 -402 430 -72 45 -620 305 195 -233 -67 455 372 -307 -402 -919 319 155 -130 -440 -125 -317 -49 198 -3 17]
[276 -286 110 1017 230 -218 -425 -250 568 44 -562 -249 -341 675 28 344 20 243 -161 -135 617 40 74 -804 -24 396 -387 -296 -160 104]
[269 -213 237 -292 164 -115 406 542 111 -203 -68 406 602 -344 -473 -397 372 -478 626 -520 -84 -662 -114 327 322 -156 -4 -96 36 23]
[-159 251 118 -707 -278 -284 121 285 150 -362 277 115 176 28 13 -399 247 275 406 44 496 260 208 835 -292 -773 140 336 114 -7]
[268 -303 17 523 600 300 -298 31 -170 527 -26 93 -76 411 128 419 -62 307 212 737 81 276 -312 139 310 258 -351 -262 106 -56]
[135 -123 708 704 230 -1073 414 181 -315 -401 473 -1 29 -453 -43 9 -109 -145 -208 -229 73 20 -603 -283 -485 -121 -88 71 98 -123]
[-242 142 515 -122 -353 330 12 52 -56 -538 -106 2 264 73 70 -351 435 -6 393 332 -323 250 200 979 -47 324 19 273 -415 166]
[863 29 130 428 166 49 -227 727 -218 -261 939 194 -123 253 95 -177 -145 -42 872 268 365 -237 -396 487 -153 -63 -56 -222 320 -158]
[-558 -216 -81 -674 -270 241 773 302 412 -139 -199 -118 49 -222 437 57 -82 87 -126 -923 143 88 -500 -115 -660 -311 -280 169 -193 -15]
[-81 -348 456 271 368 198 -356 297 -378 -163 168 403 336 -74 -420 -179 -605 -165 681 237 -331 27 -19 478 537 385 190 -37 -172 -130]
[489 301 429 -313 196 -616 -190 -139 -437 -31 229 -115 -304 -115 722 350 -67 -118 111 378 -127 -198 -137 194 122 -229 -80 88 821 -63]
[-390 651 -249 -14 164 -205 -319 -92 -747 -145 -420 202 -393 33 169 343 -140 -107 -325 -729 -283 -300 -55 259 -221 36 -135 367 350 130]
[124 -110 -30 73 -89 457 -302 87 641 -71 -369 -180 -392 -412 275 508 -486 -213 -113 -622 -120 17 -466 179 24 -589 -181 -418 28 -271]
[402 312 179 550 -31 -279 -70 -72 -784 -442 482 -451 -62 -265 -29 -390 -144 23 -197 567 225 -11 -216 -566 -191 -420 236 95 290 240]
[100 -250 2 267 208 -131 103 582 125 1 657 623 160 -129 19 128 -90 386 803 208 7 -245 -55 -156 -208 -522 -310 -350 832 128]
[-76 350 -133 47 18 -72 -276 -24 364 529 -357 -432 125 -256 -12 -528 313 -459 -1098 -199 146 154 1 -398 -12 -706 88 -100 -45 221]
[-158 35 -241 -181 -119 166 288 -84 -331 315 -386 236 -559 622 -252 39 48 276 -12 246 447 84 10 -358 -37 33 63 -222 316 -190]
[-148 -641 6 -368 56 113 326 -387 253 -121 206 294 -6 -275 6 -306 -159 137 226 -343 -320 -64 444 628 -682 272 -214 -76 -97 251]
[268 -603 -130 -494 241 454 781 -52 -328 124 26 -525 -206 -546 -35 274 -405 -100 123 79 -384 1 -98 -41 -52 590 -653 133 118 -503]
[19 122 462 172 368 -114 -21 426 347 -174 -346 -325 645 82 -446 -234 -149 -316 212 185 -650 -211 175 -241 177 -875 505 18 -235 123]
[-160 172 -922 -329 114 -228 -125 -269 606 -316 -119 -70 -153 -266 -189 -39 -382 98 -171 -88 -197 427 99 270 -432 255 -383 -354 138 94]
[205 96 446 834 16 -962 -341 -80 697 274 99 -276 534 345 374 462 -32 353 -24 447 320 803 412 -402 -663 150 81 -478 -145 96]
[54 -258 55 206 -902 -433 -67 -467 81 -230 -609 158 -182 354 604 5 226 -637 -116 212 180 -55 114 152 297 -171 -7 217 406 231]
[709 151 327 -122 -95 -60 -99 709 520 44 478 231 -31 -808 60 291 -424 153 791 522 243 -155 323 105 -437 295 435 -403 -258 307]]
