[phase 0 initial]
[[-199 -740 -233 -347 551 -147 -196 -71 237 -465 -533 220 -172 86 58 -779 235 -140 -120 -660 -293 -65 -76 -495 -128 -378 56 -239 78 -374 603 -166 35 -172 95 -430 13]
[-333 -694 -206 -378 52 73 -397 63 -266 -679 -99 525 -566 -145 -234 -370 -694 -29 -101 492 -416 -112 -177 -391 540 -68 -450 -393 -111 -241 60 -134 -374 107 141 -399 7]
[211 480 258 -87 -669 417 -28 246 -241 -61 3 299 28 21 -22 98 -366 360 859 -87 -681 -646 -259 72 -274 627 282 -404 61 -561 -118 542 -402 -363 96 -7 0]
[119 461 -846 275 185 -282 71 -859 345 -64 388 -213 -53 -30 -766 507 -464 -530 -245 200 234 200 -196 436 252 255 -303 -34 344 712 -445 -466 132 370 -458 214 -13]
[262 83 300 -730 -557 435 415 -283 -53 -813 -271 436 -78 31 634 -615 97 536 427 -722 108 86 -91 -270 -251 12 41 281 -331 -249 149 -131 213 54 222 -428 12]
[-349 -188 369 -711 -254 734 49 154 54 -941 -233 175 99 -255 615 -440 119 -326 159 -584 328 -129 215 -145 -17 -217 -256 510 429 -285 346 517 41 -11 275 40 6]
[-258 -327 -114 -143 176 -217 -916 406 192 113 -580 248 259 -316 -406 -230 -393 22 -424 -172 -424 -770 195 -229 -63 26 -254 -664 -738 -508 223 -103 9 -243 -257 -313 19]
[-275 -429 -423 -605 -366 234 -413 -342 726 -527 30 747 -154 9 -43 -485 -343 -533 -109 -358 484 -356 99 434 5 -5 248 -153 -174 -146 -190 -331 213 206 -262 -418 -82]
[397 418 73 35 101 -557 623 -475 196 -773 -39 -16 -364 252 -372 -567 475 349 291 -117 -105 70 -766 -553 -380 248 -14 -406 272 -572 352 -418 41 -170 67 -518 67]
[-212 376 215 261 2 -516 -411 179 300 534 -432 -187 -83 374 -467 -253 478 140 37 -903 -492 -14 -434 -227 -12 130 561 -385 -118 -1099 567 61 439 -772 -291 -186 62]
[-273 444 -6 -656 -654 -152 -23 -6 -808 353 -346 112 144 0 233 78 -215 809 -375 346 -333 239 65 -422 381 340 -184 -178 -606 -55 194 283 17 -400 72 -388 74]
[-540 -393 -498 -566 -178 114 22 -367 -318 -384 54 131 -152 305 219 -450 -108 -220 190 -217 31 31 96 -220 42 335 322 450 701 -458 -185 323 -651 -83 199 -192 -439]
[335 -388 -19 174 115 -55 -416 131 200 35 -145 -157 -623 -234 -198 22 348 -133 -390 -129 -40 249 -32 171 214 -602 -101 603 580 -149 119 334 166 569 -187 220 -26]
[65 -305 523 -366 155 275 -417 151 189 -146 113 -279 -576 -345 12 -498 -199 134 -62 -612 -417 250 -155 -75 174 263 226 750 606 -442 121 394 15 70 213 238 -353]
[161 457 55 410 -567 169 -50 92 -791 134 -457 -94 -399 -43 94 129 -36 678 342 83 -107 -239 61 140 671 468 76 530 -655 -528 -231 446 -154 219 60 -162 15]
[25 -62 -458 -677 112 216 -111 -120 24 -379 -174 -58 -307 -282 258 313 93 -185 441 -282 -885 85 -664 -346 262 190 176 301 629 -207 382 380 -80 -23 71 175 -224]
[-83 -117 -209 -983 -31 84 325 -17 -311 -218 149 271 -314 430 -24 83 -331 51 -334 615 -404 831 -209 -465 205 207 66 236 -105 -171 -108 -443 33 318 321 -71 -256]
[-118 17 62 394 -9 -661 -136 40 765 146 -583 21 302 380 17 -354 342 -3 -316 -208 -215 -754 89 -241 -1248 -198 372 -898 -47 -216 -109 -201 16 -494 159 -298 320]
[-40 -291 97 489 -353 -408 -499 147 88 672 -745 269 62 -534 176 -723 38 55 123 -59 -350 -605 507 265 -446 124 344 -183 -351 -352 -183 258 -390 93 203 7 261]
[-69 160 8 409 270 47 -137 220 107 39 -188 119 540 193 -532 513 -902 445 108 -688 -329 262 -507 39 149 -36 -444 -547 -635 -576 261 -225 -21 -338 -336 54 73]
[164 73 -186 468 122 -815 -63 -308 568 266 -64 1 -449 399 -402 -539 525 -225 171 79 -523 -14 -920 -425 302 -580 -180 -271 310 -96 -75 -371 11 -33 -348 176 373]
[-2 -218 -839 248 -185 -287 540 -515 569 396 -162 243 -70 397 -193 626 369 243 -539 -337 31 706 222 217 34 -161 740 435 -135 245 19 -382 814 273 -326 -150 -47]
[420 -74 114 -326 230 187 749 -643 -57 -938 -47 337 299 -326 -170 -847 -674 197 648 -457 -118 -519 -428 -303 166 498 58 -67 595 142 -90 54 -502 -342 -133 52 -120]
[256 -90 62 -45 -593 -273 376 -577 -131 -555 378 275 -153 -9 272 -61 29 337 152 195 1 -493 290 321 -59 667 756 89 -141 465 -837 149 -153 264 14 -5 -203]
[-15 144 283 -51 102 277 207 320 -331 -72 53 142 339 697 514 -240 264 -412 683 83 -141 43 337 216 49 -30 -414 -488 681 46 71 305 -232 -41 658 453 368]
[677 -217 169 270 6 -154 -90 -529 449 -72 -150 502 -46 -323 311 52 -469 -58 60 -366 -91 323 -82 118 -260 439 461 -318 294 423 -376 -111 -172 131 370 -52 115]
[104 320 -382 253 -589 144 -319 279 170 396 -430 461 724 -123 -693 -115 -558 -287 -359 -334 -171 -303 -182 205 395 -133 -60 -5 509 -129 259 526 -159 41 -487 -83 216]
[-434 251 -470 287 55 271 63 -97 960 395 -21 170 409 35 52 862 174 -188 131 -671 1114 114 193 420 507 -261 -197 376 -302 714 -285 172 675 204 -290 98 274]
[18 -543 -628 -312 -7 188 74 -409 -515 -328 -336 -112 102 -583 236 -551 -51 50 -203 -149 -4 -229 158 95 -192 -394 -119 -495 23 253 620 362 -414 -109 157 154 238]
[-277 -242 210 -68 79 95 -358 -470 -483 202 31 -119 -157 -101 602 284 318 21 -379 168 -290 94 502 -351 237 -220 236 499 -169 301 94 11 -48 -267 449 -553 -75]
[191 235 450 -618 129 494 -217 -116 211 -45 -157 211 36 132 -83 -360 -140 249 479 404 186 -425 103 374 296 522 449 169 -647 -221 -59 -626 158 -69 -342 -55 -172]
[392 -555 -255 -654 409 -358 -108 -308 114 198 -324 67 -226 -353 12 348 -29 42 -15 -696 -101 543 -231 -538 127 -177 -183 213 134 -184 745 270 368 123 111 -113 59]
[-449 -556 873 -365 117 11 97 561 -236 -600 -279 -182 -202 -358 -556 -216 -32 -120 192 198 -140 -115 -108 -152 674 -10 -279 575 0 -560 402 293 -84 272 42 4 -324]
[-326 69 426 79 349 183 376 -35 417 37 123 -335 -280 -36 187 75 85 27 -162 156 171 1113 240 430 328 -132 234 754 309 24 -167 -108 374 444 416 170 547]
[-121 812 -129 7 -189 243 616 -480 180 414 608 -88 266 711 -111 139 68 -119 10 145 710 -27 -47 604 186 -28 -415 -442 362 484 -3 -356 358 160 -393 140 -217]
[-441 -292 -107 -194 285 125 357 205 -45 -936 -234 325 329 206 -139 -105 179 -228 -453 -454 72 -267 325 -417 -470 -252 -189 -209 112 -13 87 -211 -299 -442 163 420 269]
[-233 160 -263 101 -194 183 -176 165 52 -500 -48 63 -31 -197 -535 298 41 -105 274 303 -344 -867 -192 146 -195 326 -2 -708 389 -476 -189 187 554 247 -24 -83 239]]
