[phase 0 initial]
[[-146 294 -27 -367 -167 -164 603 402 304 316 -138 -265 -450 -161 312 86 -179 384 523 322 -466 -449 -165 -35 -5 -358 -205 -84 -46 111 -490]
[-604 -16 212 -277 136 -109 -381 -40 -33 -246 361 88 243 510 -503 337 340 -337 -484 4 52 127 211 345 -536 591 259 -335 443 -196 2]
[-363 -401 741 228 58 472 302 308 433 61 384 -188 -360 355 -26 107 157 -91 -48 -122 -687 -415 -327 255 -180 209 -39 151 264 -1 -489]
[-940 643 269 -307 -161 -554 -111 710 51 196 52 -247 213 -31 35 243 121 -276 361 -57 58 -119 -274 -129 191 -92 473 91 -190 -40 -490]
[490 -349 -624 -194 -131 -44 409 -278 -124 -333 -260 -823 -68 -106 109 42 -78 373 22 -37 232 -325 174 -486 -185 -810 -19 -174 -134 244 488]
[-251 -257 184 210 324 164 -398 -31 -292 -772 60 -205 32 531 -220 -197 -306 109 -168 50 -392 -83 -215 148 -814 -393 281 40 32 -226 -154]
[-361 -134 -207 95 -540 -28 555 -384 308 -439 -180 -368 -422 283 356 330 -305 576 -373 130 -521 -446 -67 264 -484 93 385 160 303 260 -33]
[242 -153 180 132 -344 177 438 165 958 6 -148 14 59 -415 473 283 -385 393 -125 -54 88 -314 -369 -299 333 -162 409 -200 -467 443 153]
[204 209 -288 -11 56 105 -416 510 -266 -70 -118 -93 520 -38 -112 2 -418 426 -528 85 -376 444 -74 67 -81 -85 474 -254 -414 -125 485]
[-221 -164 148 -306 -447 -356 388 20 -130 -197 -212 -172 -114 -630 411 -149 148 -257 641 1 12 -526 0 -287 221 316 270 561 170 203 -12]
[-321 186 -301 256 -237 201 -134 -550 -306 731 -86 18 263 -110 103 -56 -25 -511 -190 -361 273 534 -496 46 556 377 -72 85 77 -85 -220]
[-396 321 76 -404 -199 -67 -370 -470 -450 -123 -659 87 68 -137 -54 -340 -191 39 269 -205 666 -44 -287 313 -263 -177 -92 575 -453 -296 -76]
[-221 -172 -175 677 252 314 398 191 552 -614 -177 -377 -213 652 -8 31 -452 -99 -599 323 -437 -67 -344 -20 -514 -163 328 -213 568 -122 155]
[73 978 -23 185 81 -462 77 -37 173 321 -52 -196 -428 123 -133 -209 173 -286 637 264 174 -235 48 423 -255 -261 -28 498 -205 -245 -235]
[232 -12 333 -790 -144 213 -379 -190 589 343 -4 462 322 -289 401 -164 -235 -655 -41 -100 512 -221 91 195 -506 503 34 -130 261 -143 -206]
[394 371 426 -199 -48 -5 -524 491 350 -14 130 237 -146 -373 -85 108 -170 -243 -77 55 -100 596 254 -275 131 -382 211 217 -263 -327 -55]
[55 204 580 288 -618 -50 219 123 104 -70 144 224 270 -447 57 516 -244 188 73 -105 -209 454 -305 225 547 385 -153 787 -333 139 115]
[121 543 -167 416 285 -302 -140 -53 -247 -156 -357 508 -588 -134 275 362 -124 189 -256 440 -562 99 456 319 -169 -317 290 -353 110 -230 -368]
[-221 113 -43 -266 111 221 -725 224 -387 -187 -189 347 233 381 -102 455 -297 -87 -820 120 98 -79 73 29 -378 -283 61 -196 579 -579 400]
[762 -500 245 -174 -109 469 108 416 -72 367 37 -294 -18 -78 854 -43 121 259 -81 -118 252 -72 140 -27 204 -338 74 -552 -475 144 -31]
[374 -261 309 127 184 587 107 -603 -568 207 577 -533 -342 157 149 311 26 -577 -503 -212 123 113 -227 66 -215 -68 -55 336 139 -68 310]
[100 114 -429 -226 -358 262 -247 -486 -446 339 277 66 224 102 -251 242 43 -246 115 369 201 348 -318 146 -37 -129 -189 -123 -701 59 402]
[-391 -261 -441 98 -393 360 210 -621 245 -512 59 508 312 261 -613 238 -322 -45 -275 582 490 252 -70 -95 -336 289 482 -442 623 -283 181]
[-375 384 -52 -262 -347 422 -250 -99 -118 14 42 -722 473 -16 289 72 -42 -399 -481 183 13 -71 -244 160 205 149 137 618 -2 56 740]
[34 151 87 -172 -45 345 288 -488 -4 481 105 -199 22 96 -63 97 510 287 89 -180 -683 -437 308 48 239 269 150 187 380 -313 -659]
[209 -79 -560 -355 40 34 486 -12 827 -280 61 225 -18 -321 366 524 294 166 -235 -7 173 -368 392 -231 86 -722 -553 -269 277 8 43]
[289 -16 -610 -688 -170 -121 339 -268 421 -11 -62 320 -411 279 -34 307 -127 8 -90 224 314 405 -21 -22 720 40 -338 32 333 -147 301]
[8 68 143 -44 273 16 -336 139 -506 75 453 229 -231 486 -62 -66 208 255 329 -162 -518 -280 48 986 -396 244 418 -280 136 -389 384]
[449 50 503 464 -314 135 708 -94 -284 -330 451 78 -119 -144 -132 -220 38 150 699 10 -221 -369 152 -364 206 302 -276 -24 -19 415 -230]
[-112 237 -282 -376 -167 -196 336 -172 45 326 -703 172 -58 -493 459 177 -182 104 497 309 -295 225 73 325 140 339 -63 32 226 913 124]
[169 364 -496 39 203 -110 -407 86 -303 250 -211 -842 -34 -200 -89 -125 108 23 710 -351 748 -132 -49 -24 160 -356 -246 351 -531 -321 16]]
[phase 0 refreshed]
[[143 -247 210 294 -286 114 24 233 -485 27 -50 -348 109 683 257 -302 263 228 1 -8 -319 -65 61 -439 -618 276 -15 95 171 -225 50]
[-251 -257 184 210 324 164 -398 -31 -292 -772 60 -205 32 531 -220 -197 -306 109 -168 50 -392 -83 -215 148 -814 -393 281 40 32 -226 -154]
[-146 294 -27 -367 -167 -164 603 402 304 316 -138 -265 -450 -161 312 86 -179 384 523 322 -466 -449 -165 -35 -5 -358 -205 -84 -46 111 -490]
[-604 -16 212 -277 136 -109 -381 -40 -33 -246 361 88 243 510 -503 337 340 -337 -484 4 52 127 211 345 -536 591 259 -335 443 -196 2]
[-363 -401 741 228 58 472 302 308 433 61 384 -188 -360 355 -26 107 157 -91 -48 -122 -687 -415 -327 255 -180 209 -39 151 264 -1 -489]
[130 -797 -66 107 380 478 84 -605 490 -615 312 -398 -87 -273 -486 365 -5 -330 -550 -473 330 -226 -49 243 258 -519 162 -34 5 357 439]
[242 -153 180 132 -344 177 438 165 958 6 -148 14 59 -415 473 283 -385 393 -125 -54 88 -314 -369 -299 333 -162 409 -200 -467 443 153]
[204 209 -288 -11 56 105 -416 510 -266 -70 -118 -93 520 -38 -112 2 -418 426 -528 85 -376 444 -74 67 -81 -85 474 -254 -414 -125 485]
[0 -619 334 -140 -34 495 72 -360 142 81 -35 93 242 -527 185 -269 -223 -519 209 -111 30 -146 -693 -217 48 370 84 -184 96 30 -198]
[-321 186 -301 256 -237 201 -134 -550 -306 731 -86 18 263 -110 103 -56 -25 -511 -190 -361 273 534 -496 46 556 377 -72 85 77 -85 -220]
[-361 -134 -207 95 -540 -28 555 -384 308 -439 -180 -368 -422 283 356 330 -305 576 -373 130 -521 -446 -67 264 -484 93 385 160 303 260 -33]
[-17 45 -140 -317 -391 -251 -28 530 -396 -267 -330 -265 406 -668 299 -147 -270 169 113 86 -364 -82 -74 -220 140 231 744 307 -244 78 473]
[-396 321 76 -404 -199 -67 -370 -470 -450 -123 -659 87 68 -137 -54 -340 -191 39 269 -205 666 -44 -287 313 -263 -177 -92 575 -453 -296 -76]
[-45 220 18 -193 -34 -118 560 302 700 -696 -810 -103 -440 94 55 -56 -312 342 28 429 348 -562 80 99 -519 -324 27 237 6 -107 453]
[73 978 -23 185 81 -462 77 -37 173 321 -52 -196 -428 123 -133 -209 173 -286 637 264 174 -235 48 423 -255 -261 -28 498 -205 -245 -235]
[762 -500 245 -174 -109 469 108 416 -72 367 37 -294 -18 -78 854 -43 121 259 -81 -118 252 -72 140 -27 204 -338 74 -552 -475 144 -31]
[121 543 -167 416 285 -302 -140 -53 -247 -156 -357 508 -588 -134 275 362 -124 189 -256 440 -562 99 456 319 -169 -317 290 -353 110 -230 -368]
[77 -329 -322 437 -150 10 -19 -307 -496 -412 271 -388 105 707 373 -49 -105 -138 34 396 543 -184 -420 -298 -115 -344 248 -200 432 -64 404]
[352 242 -742 136 124 -501 392 -137 -98 260 -436 -154 297 157 73 -676 49 -350 733 -88 -143 126 -360 -541 240 401 75 248 -140 -80 -22]
[836 623 -213 -373 -246 -173 -70 210 480 508 -330 281 -163 -272 719 -232 -352 201 234 7 430 -202 573 67 -18 -458 -309 389 -278 23 -10]
[-753 300 -131 39 83 61 -251 340 223 241 472 -254 139 -247 -152 105 -319 -169 61 -595 178 247 -153 316 307 -514 252 -260 117 131 228]
[-145 137 136 -220 144 372 417 -363 341 43 -618 179 -383 349 508 134 277 -93 -175 169 -404 -439 -25 109 206 311 -554 309 119 -73 -79]
[-125 -53 418 473 262 143 -216 -2 650 -714 0 347 -7 -24 -709 110 278 -829 -1 -133 262 139 173 -93 -174 -207 113 627 -769 145 376]
[289 -16 -610 -688 -170 -121 339 -268 421 -11 -62 320 -411 279 -34 307 -127 8 -90 224 314 405 -21 -22 720 40 -338 32 333 -147 301]
[-360 -165 62 152 -108 368 -132 -388 -28 -378 166 702 526 246 -37 304 252 -292 34 300 -63 44 1 -570 565 222 392 55 72 -119 -133]
[374 -261 309 127 184 587 107 -603 -568 207 577 -533 -342 157 149 311 26 -577 -503 -212 123 113 -227 66 -215 -68 -55 336 139 -68 310]
[-554 276 -370 203 367 -255 633 -259 520 -467 339 -252 -283 74 -486 547 819 -321 168 250 -83 -401 -133 125 -151 -525 -272 -160 350 -260 -182]
[55 204 580 288 -618 -50 219 123 104 -70 144 224 270 -447 57 516 -244 188 73 -105 -209 454 -305 225 547 385 -153 787 -333 139 115]
[-194 353 -361 -56 -376 -81 392 98 -151 -623 176 -401 -609 25 84 -78 -129 397 -406 249 166 -259 -278 92 -615 -261 205 -892 504 -190 232]
[376 -379 42 -437 300 260 492 242 46 493 -399 -471 -64 -527 186 -4 202 -190 844 20 -229 -69 -13 -170 259 -355 -506 -151 53 896 156]
[-18 -404 -162 -314 453 442 -427 -59 135 -425 202 -612 -67 -655 -611 231 -49 -188 -71 -318 10 -318 -26 924 11 491 260 288 -49 -175 442]]
[phase 1 initial]
[[143 -247 210 294 -286 114 24 233 -485 27 -50 -348 109 683 257 -302 263 228 1 -8 -319 -65 61 -439 -618 276 -15 95 171 -225 50]
[-251 -257 184 210 324 164 -398 -31 -292 -772 60 -205 32 531 -220 -197 -306 109 -168 50 -392 -83 -215 148 -814 -393 281 40 32 -226 -154]
[-146 294 -27 -367 -167 -164 603 402 304 316 -138 -265 -450 -161 312 86 -179 384 523 322 -466 -449 -165 -35 -5 -358 -205 -84 -46 111 -490]
[-604 -16 212 -277 136 -109 -381 -40 -33 -246 361 88 243 510 -503 337 340 -337 -484 4 52 127 211 345 -536 591 259 -335 443 -196 2]
[-363 -401 741 228 58 472 302 308 433 61 384 -188 -360 355 -26 107 157 -91 -48 -122 -687 -415 -327 255 -180 209 -39 151 264 -1 -489]
[130 -797 -66 107 380 478 84 -605 490 -615 312 -398 -87 -273 -486 365 -5 -330 -550 -473 330 -226 -49 243 258 -519 162 -34 5 357 439]
[242 -153 180 132 -344 177 438 165 958 6 -148 14 59 -415 473 283 -385 393 -125 -54 88 -314 -369 -299 333 -162 409 -200 -467 443 153]
[204 209 -288 -11 56 105 -416 510 -266 -70 -118 -93 520 -38 -112 2 -418 426 -528 85 -376 444 -74 67 -81 -85 474 -254 -414 -125 485]
[0 -619 334 -140 -34 495 72 -360 142 81 -35 93 242 -527 185 -269 -223 -519 209 -111 30 -146 -693 -217 48 370 84 -184 96 30 -198]
[-321 186 -301 256 -237 201 -134 -550 -306 731 -86 18 263 -110 103 -56 -25 -511 -190 -361 273 534 -496 46 556 377 -72 85 77 -85 -220]
[-361 -134 -207 95 -540 -28 555 -384 308 -439 -180 -368 -422 283 356 330 -305 576 -373 130 -521 -446 -67 264 -484 93 385 160 303 260 -33]
[-17 45 -140 -317 -391 -251 -28 530 -396 -267 -330 -265 406 -668 299 -147 -270 169 113 86 -364 -82 -74 -220 140 231 744 307 -244 78 473]
[-396 321 76 -404 -199 -67 -370 -470 -450 -123 -659 87 68 -137 -54 -340 -191 39 269 -205 666 -44 -287 313 -263 -177 -92 575 -453 -296 -76]
[-45 220 18 -193 -34 -118 560 302 700 -696 -810 -103 -440 94 55 -56 -312 342 28 429 348 -562 80 99 -519 -324 27 237 6 -107 453]
[73 978 -23 185 81 -462 77 -37 173 321 -52 -196 -428 123 -133 -209 173 -286 637 264 174 -235 48 423 -255 -261 -28 498 -205 -245 -235]
[762 -500 245 -174 -109 469 108 416 -72 367 37 -294 -18 -78 854 -43 121 259 -81 -118 252 -72 140 -27 204 -338 74 -552 -475 144 -31]
[121 543 -167 416 285 -302 -140 -53 -247 -156 -357 508 -588 -134 275 362 -124 189 -256 440 -562 99 456 319 -169 -317 290 -353 110 -230 -368]
[77 -329 -322 437 -150 10 -19 -307 -496 -412 271 -388 105 707 373 -49 -105 -138 34 396 543 -184 -420 -298 -115 -344 248 -200 432 -64 404]
[352 242 -742 136 124 -501 392 -137 -98 260 -436 -154 297 157 73 -676 49 -350 733 -88 -143 126 -360 -541 240 401 75 248 -140 -80 -22]
[836 623 -213 -373 -246 -173 -70 210 480 508 -330 281 -163 -272 719 -232 -352 201 234 7 430 -202 573 67 -18 -458 -309 389 -278 23 -10]
[-753 300 -131 39 83 61 -251 340 223 241 472 -254 139 -247 -152 105 -319 -169 61 -595 178 247 -153 316 307 -514 252 -260 117 131 228]
[-145 137 136 -220 144 372 417 -363 341 43 -618 179 -383 349 508 134 277 -93 -175 169 -404 -439 -25 109 206 311 -554 309 119 -73 -79]
[-125 -53 418 473 262 143 -216 -2 650 -714 0 347 -7 -24 -709 110 278 -829 -1 -133 262 139 173 -93 -174 -207 113 627 -769 145 376]
[289 -16 -610 -688 -170 -121 339 -268 421 -11 -62 320 -411 279 -34 307 -127 8 -90 224 314 405 -21 -22 720 40 -338 32 333 -147 301]
[-360 -165 62 152 -108 368 -132 -388 -28 -378 166 702 526 246 -37 304 252 -292 34 300 -63 44 1 -570 565 222 392 55 72 -119 -133]
[374 -261 309 127 184 587 107 -603 -568 207 577 -533 -342 157 149 311 26 -577 -503 -212 123 113 -227 66 -215 -68 -55 336 139 -68 310]
[-554 276 -370 203 367 -255 633 -259 520 -467 339 -252 -283 74 -486 547 819 -321 168 250 -83 -401 -133 125 -151 -525 -272 -160 350 -260 -182]
[55 204 580 288 -618 -50 219 123 104 -70 144 224 270 -447 57 516 -244 188 73 -105 -209 454 -305 225 547 385 -153 787 -333 139 115]
[-194 353 -361 -56 -376 -81 392 98 -151 -623 176 -401 -609 25 84 -78 -129 397 -406 249 166 -259 -278 92 -615 -261 205 -892 504 -190 232]
[376 -379 42 -437 300 260 492 242 46 493 -399 -471 -64 -527 186 -4 202 -190 844 20 -229 -69 -13 -170 259 -355 -506 -151 53 896 156]
[-18 -404 -162 -314 453 442 -427 -59 135 -425 202 -612 -67 -655 -611 231 -49 -188 -71 -318 10 -318 -26 924 11 491 260 288 -49 -175 442]]
