[phase 0]
score=3.248985771160741
squared_norm=2330194
coefficients=[1 1 -3 -1 -2 0 1 0 -1 1 0 0 2 0 -1 1 0 -2 1 1 0 1 -1 -1 1 0 -1 0 0 0 0]
vector=[143 -247 210 294 -286 114 24 233 -485 27 -50 -348 109 683 257 -302 263 228 1 -8 -319 -65 61 -439 -618 276 -15 95 171 -225 50]

[phase 1]
score=0
squared_norm=2330194
coefficients=[1 0 0 0 0 0 0 0 0 0 0 0 0 0 0 0 0 0 0 0 0 0 0 0 0 0 0 0 0 0 0]
vector=[143 -247 210 294 -286 114 24 233 -485 27 -50 -348 109 683 257 -302 263 228 1 -8 -319 -65 61 -439 -618 276 -15 95 171 -225 50]

