[phase 0]
score=2.947359137211992
squared_norm=2546277
coefficients=[2 -2 2 -3 -3 3 0 -2 0 0 -5 0 3 -2 1 0 -1 0 -2 0 0 -1 -2 -1 1 0 0 0 -1 1 1 -1 0 -1]
vector=[48 653 -120 159 -47 -29 224 -354 141 -4 379 -274 30 137 116 -16 -244 -221 67 458 -282 102 -289 145 205 -747 201 -70 -151 -419 -140 50 341 -358]

[phase 1]
score=0
squared_norm=2546277
coefficients=[1 0 0 0 0 0 0 0 0 0 0 0 0 0 0 0 0 0 0 0 0 0 0 0 0 0 0 0 0 0 0 0 0 0]
vector=[48 653 -120 159 -47 -29 224 -354 141 -4 379 -274 30 137 116 -16 -244 -221 67 458 -282 102 -289 145 205 -747 201 -70 -151 -419 -140 50 341 -358]

