phase	depth	k	node	parent	z_k	nodes_at_depth	parent_rho	rho	bound_r2	remaining	center	delta	legal_lo	legal_hi	offset	P	Ptheta	N	Q	M
0	1	33	2	0	-1	7	0	0.078051075524147917	0.72200655937194824	0.72200655937194824	0	3.0414531118319941	-3	3	-0.32879020758523492	0.18171294033527374	0.18171294033527374	296272	1.1324424607619061e-05	2.9473591372119916
0	2	32	7	2	0	29	0.078051075524147917	0.097230170053124718	0.72200655937194824	0.64395548384780033	-0.46399134941867526	2.6885849104361559	-3	2	0.17257827625886815	0.30179187655448914	0.30179187655448914	138797	2.4172784190930025e-05	2.9473591372119916
0	3	31	46	7	-1	105	0.097230170053124718	0.14336349247649299	0.72200655937194824	0.62477638931882351	-0.27574788432161462	2.6652914777865719	-2	2	-0.27173467581859023	0.26003944873809814	0.26003944873809814	52207	6.4265518557827777e-05	2.9473591372119916
0	4	30	176	46	1	323	0.14336349247649299	0.18728954597258288	0.72200655937194824	0.5786430668954553	0.33851677170395555	2.4008394635526273	-2	2	0.27552164080026359	0.28092280030250549	0.28092280030250549	19581	0.0001505213797667122	2.9473591372119916
0	5	29	419	176	1	895	0.18728954597258288	0.19664075044542614	0.72200655937194824	0.53471701339936539	0.69974993929339757	2.2704467910368722	-1	2	0.13224272063626896	0.41506969928741455	0.41506969928741455	11225	0.00026257096990752707	2.9473591372119916
0	6	28	1259	419	-1	2149	0.19664075044542614	0.20931688833416973	0.72200655937194824	0.52536580892652207	-0.68237611521667529	2.0447987852238447	-2	1	-0.15533258679462406	0.42750298976898193	0.42750298976898193	6710	0.00043924875368286015	2.9473591372119916
0	7	27	2917	1259	0	4725	0.20931688833416973	0.22449524396809947	0.72200655937194824	0.51268967103777852	-0.34655758805320658	2.0141431526051705	-2	1	0.17206204415259937	0.42000016570091248	0.42000016570091248	3811	0.00077338208795906362	2.9473591372119916
0	8	26	6468	2917	0	9555	0.22449524396809947	0.24404192197286262	0.72200655937194824	0.49751131540384874	-0.38143235445084284	1.9243432049752722	-2	1	0.19821430681630631	0.41464579105377197	0.41464579105377197	2121	0.001389608268369633	2.9473591372119916
0	9	25	18098	6468	0	17977	0.24404192197286262	0.281082162976035	0.72200655937194824	0.47796463739908562	0.52814476745054684	1.8972036985007392	-1	2	-0.27838063349123343	0.35979071259498596	0.35979071259498596	990	0.0029771304416282745	2.9473591372119916
0	10	24	36166	18098	1	30525	0.281082162976035	0.30256351245043006	0.72200655937194824	0.44092439639591324	0.62056793045525949	1.7190373738282649	-1	2	0.2207235719952686	0.434072345495224	0.434072345495224	562	0.0052444112761779208	2.9473591372119916
0	11	23	93795	36166	-1	46451	0.30256351245043006	0.30373032146553847	0.72200655937194824	0.41944304692151818	-0.91740956984263422	1.5659083496976085	-2	0	-0.052742825065920859	0.61610013246536255	0.61610013246536255	425	0.006934962675792921	2.9473591372119916
0	12	22	156244	93795	-2	68437	0.30373032146553847	0.32567956516748436	0.72200655937194824	0.41827623790640978	-1.6369067451018262	1.5850391643068409	-3	-1	-0.22907525761797778	0.50225704908370972	0.50225704908370972	262	0.01124946235577096	2.9473591372119916
0	13	21	235184	156244	-1	91697	0.32567956516748436	0.3281200336478946	0.72200655937194824	0.39632699420446388	-0.88580170642614842	1.4552909873038544	-2	0	-0.078471106170609276	0.62526136636734009	0.62526136636734009	192	0.015350828839645789	2.9473591372119916
0	14	20	364131	235184	0	112075	0.3281200336478946	0.37107429726812191	0.72200655937194824	0.39388652572405364	-0.45431508363705009	1.3757501826745167	-1	0	0.33023080015431461	0.53315854072570801	0.53315854072570801	104	0.028339991703961457	2.9473591372119916
0	15	19	412983	364131	0	136811	0.37107429726812191	0.38096069292517082	0.72200655937194824	0.35093226210382633	0.22442989936465263	1.3371291881450302	-1	1	-0.16784458925468473	0.60146892070770264	0.60146892070770264	78	0.037786655605281945	2.9473591372119916
0	16	18	629516	412983	-2	146323	0.38096069292517082	0.38140091852018665	0.72200655937194824	0.34104586644677742	-1.9563760343842593	1.2142102448161276	-3	-1	-0.035927851706066556	0.70673495531082153	0.70673495531082153	64	0.046052486518937369	2.9473591372119916
0	17	17	722039	629516	0	134811	0.38140091852018665	0.39712839189150678	0.72200655937194824	0.34060564085176159	0.23883607278149532	1.1114664558751557	0	1	-0.21488374347153694	0.71907734870910645	0.71907734870910645	46	0.064073024721999813	2.9473591372119916
0	18	16	759666	722039	-1	118119	0.39712839189150678	0.39781326433827224	0.72200655937194824	0.32487816748044146	-1.0516206797413941	1.1242920383981461	-2	0	0.045913942266229635	0.7290310263633728	0.7290310263633728	39	0.07557331121056389	2.9473591372119916
0	19	15	820072	759666	0	90874	0.39781326433827224	0.41379785846778111	0.72200655937194824	0.324193295033676	-0.24156014455617339	1.0878687172979642	-1	0	0.22204898506150419	0.72116768360137939	0.72116768360137939	28	0.10526282632899971	2.9473591372119916
0	20	14	892905	820072	1	63565	0.41379785846778111	0.43608601612957365	0.72200655937194824	0.30820870090416713	0.72180668527089731	1.0345037066866625	0	1	0.26891475876882842	0.70216631889343262	0.70216631889343262	19	0.1551241651164206	2.9473591372119916
0	21	13	946009	892905	-2	43107	0.43608601612957365	0.43608613358674098	0.72200655937194824	0.28592054324237459	-2.0006499899892694	1.0141205578421773	-3	-1	0.00064093956506737645	0.78206181526184082	0.78206181526184082	16	0.18420994607574948	2.9473591372119916
0	22	12	1134481	946009	3	26503	0.43608613358674098	0.44344416135405162	0.72200655937194824	0.28592042578520727	3.1479276214604228	0.92212788241239729	3	4	-0.16041985529536992	0.82159876823425293	0.82159876823425293	14	0.21052565265799941	2.9473591372119916
0	23	11	1154285	1134481	0	16734	0.44344416135405162	0.44712544780214342	0.72200655937194824	0.27856239801789662	-0.10665065948252997	0.92773723071270342	-1	0	0.11495783067862775	0.84500521421432495	0.84500521421432495	12	0.24561326143433262	2.9473591372119916
0	24	10	1180219	1154285	-5	9356	0.44712544780214342	0.44735079603346062	0.72200655937194824	0.27488111156980483	-5.0230950404771786	0.80661092517707156	-5	-5	0.028632193981390268	1	1	11	0.26794173974654467	2.9473591372119916
0	25	9	1180421	1180219	0	4801	0.44735079603346062	0.46235011947551724	0.70489501953125	0.25754422349778938	-0.17996468345861388	0.74572269164095195	0	0	0.24132923065892525	1	1	10	0.29473591372119917	2.9473591372119916
0	26	8	1180498	1180421	0	2397	0.46235011947551724	0.46512411894263028	0.70489501953125	0.24254490005573279	-0.076000086076085771	0.71065198118294126	0	0	0.10694416970396269	1	1	9	0.32748434857911018	2.9473591372119916
0	27	7	1180516	1180498	-2	1175	0.46512411894263028	0.46660783770947861	0.70489501953125	0.23977090058861975	-2.0520284985527102	0.66139930685028081	-2	-2	0.078664277409785363	1	1	8	0.36841989215149895	2.9473591372119916
0	28	6	1180528	1180516	0	564	0.46660783770947861	0.50917275958834085	0.70489501953125	0.23828718182177136	0.28322460314351816	0.67012434709426127	0	0	-0.42264484848463374	1	1	7	0.42105130531599883	2.9473591372119916
0	29	5	1180530	1180528	3	254	0.50917275958834085	0.50964165494614844	0.70489501953125	0.19572225994290918	2.968625061850116	0.64101032169363437	3	3	0.048946073234807118	1	1	6	0.49122652286866525	2.9473591372119916
0	30	4	1180547	1180530	-3	144	0.50964165494614844	0.53579351962989852	0.70489501953125	0.19525336458510162	-2.7629746863038203	0.64765341966047818	-3	-3	-0.36597554571770252	1	1	5	0.58947182744239834	2.9473591372119916
0	31	3	1180555	1180547	-3	60	0.53579351962989852	0.58558731327020097	0.70489501953125	0.16910149990135145	-2.7097675051292485	0.53485019366497644	-3	-3	-0.54264259096921974	1	1	4	0.7368397843029979	2.9473591372119916
0	32	2	1180570	1180555	2	23	0.58558731327020097	0.59907266568684092	0.70489501953125	0.11930770626104904	1.8605385814585669	0.41481760170080761	2	2	0.33619937526667765	1	1	3	0.9824530457373305	2.9473591372119916
0	33	1	1180578	1180570	-2	9	0.59907266568684092	0.60148545016926536	0.70489501953125	0.10582235384440905	-1.9380161124001423	0.4104953621058387	-2	-2	-0.15099777810370543	1	1	2	1.4736795686059958	2.9473591372119916
0	34	0	1180582	1180578	2	2	0.60148545016926536	0.60707974433898926	0.70489501953125	0.10340956936198464	2.0880241982752783	0.37845111859171926	2	2	-0.23259066746276627	1	1	1	2.9473591372119916	2.9473591372119916
1	1	33	1	0	0	5	0	0	0.60707974433898926	0.60707974433898926	0	2.9135990165308523	-2	2	0	0.39785322546958923	0.39785322546958923	251410	0	0
1	2	32	3	1	0	23	0	0	0.60707974433898926	0.60707974433898926	0	2.8618238209134508	-2	2	0	0.40182703733444214	0.40182703733444214	137147	0	0
1	3	31	14	3	0	83	0	0	0.60707974433898926	0.60707974433898926	0	2.5918297497577409	-2	2	0	0.42519915103912354	0.42519915103912354	81228	0	0
1	4	30	31	14	0	251	0	0	0.60707974433898926	0.60707974433898926	0	2.3722600874282986	-2	2	0	0.44818368554115295	0.44818368554115295	51629	0	0
1	5	29	80	31	0	655	0	0	0.60707974433898926	0.60707974433898926	0	2.4429216535419496	-2	2	0	0.44033604860305786	0.44033604860305786	31540	0	0
1	6	28	181	80	0	1475	0	0	0.60707974433898926	0.60707974433898926	0	2.2746895697801341	-2	2	0	0.45981064438819885	0.45981064438819885	20267	0	0
1	7	27	390	181	0	3239	0	0	0.60707974433898926	0.60707974433898926	0	2.3915049933381445	-2	2	0	0.44600075483322144	0.44600075483322144	12184	0	0
1	8	26	919	390	0	6533	0	0	0.60707974433898926	0.60707974433898926	0	2.339092651174302	-2	2	0	0.45202907919883728	0.45202907919883728	7397	0	0
1	9	25	2038	919	0	11395	0	0	0.60707974433898926	0.60707974433898926	0	2.1592332417427746	-2	2	0	0.47488915920257568	0.47488915920257568	4706	0	0
1	10	24	4365	2038	0	16937	0	0	0.60707974433898926	0.60707974433898926	0	1.9462122616920399	-1	1	0	0.58285146951675415	0.58285146951675415	3277	0	0
1	11	23	7325	4365	0	24751	0	0	0.60707974433898926	0.60707974433898926	0	1.9773450092911189	-1	1	0	0.57891237735748291	0.57891237735748291	2212	0	0
1	12	22	13666	7325	0	31829	0	0	0.60707974433898926	0.60707974433898926	0	1.8078691887056535	-1	1	0	0.60183757543563843	0.60183757543563843	1589	0	0
1	13	21	21927	13666	0	39445	0	0	0.60707974433898926	0.60707974433898926	0	1.8163140871904568	-1	1	0	0.6006043553352356	0.6006043553352356	1090	0	0
1	14	20	33492	21927	0	46163	0	0	0.60707974433898926	0.60707974433898926	0	1.7819447713765171	-1	1	0	0.60568791627883911	0.60568791627883911	783	0	0
1	15	19	46093	33492	0	47539	0	0	0.60707974433898926	0.60707974433898926	0	1.6209184006593154	-1	1	0	0.63198018074035645	0.63198018074035645	592	0	0
1	16	18	62318	46093	0	44287	0	0	0.60707974433898926	0.60707974433898926	0	1.5141465616705487	-1	1	0	0.65197432041168213	0.65197432041168213	471	0	0
1	17	17	78161	62318	0	41109	0	0	0.60707974433898926	0.60707974433898926	0	1.5382109705392744	-1	1	0	0.64727091789245605	0.64727091789245605	362	0	0
1	18	16	100734	78161	0	36333	0	0	0.60707974433898926	0.60707974433898926	0	1.5182798730576317	-1	1	0	0.65115797519683838	0.65115797519683838	273	0	0
1	19	15	125479	100734	0	30723	0	0	0.60707974433898926	0.60707974433898926	0	1.4904741072238958	-1	1	0	0.65671920776367188	0.65671920776367188	194	0	0
1	20	14	175332	125479	0	25241	0	0	0.60707974433898926	0.60707974433898926	0	1.477712123049016	-1	1	0	0.65932697057723999	0.65932697057723999	143	0	0
1	21	13	251911	175332	0	18457	0	0	0.60707974433898926	0.60707974433898926	0	1.3549546700479687	-1	1	0	0.68630844354629517	0.68630844354629517	110	0	0
1	22	12	356114	251911	0	13419	0	0	0.60707974433898926	0.60707974433898926	0	1.3752505713276275	-1	1	0	0.68159973621368408	0.68159973621368408	69	0	0
1	23	11	442539	356114	0	8463	0	0	0.60707974433898926	0.60707974433898926	0	1.1990131199900047	-1	1	0	0.7260933518409729	0.7260933518409729	56	0	0
1	24	10	450276	442539	0	5015	0	0	0.60707974433898926	0.60707974433898926	0	1.1639536937544628	-1	1	0	0.73597145080566406	0.73597145080566406	45	0	0
1	25	9	457165	450276	0	2881	0	0	0.60707974433898926	0.60707974433898926	0	1.127671778770156	-1	1	0	0.74657320976257324	0.74657320976257324	40	0	0
1	26	8	458260	457165	0	1439	0	0	0.60707974433898926	0.60707974433898926	0	1.0540954871290924	-1	1	0	0.76927357912063599	0.76927357912063599	37	0	0
1	27	7	458847	458260	0	767	0	0	0.60707974433898926	0.60707974433898926	0	1.1173378060450769	-1	1	0	0.74966412782669067	0.74966412782669067	28	0	0
1	28	6	458960	458847	0	373	0	0	0.60707974433898926	0.60707974433898926	0	1.1294516940969888	-1	1	0	0.74604398012161255	0.74604398012161255	19	0	0
1	29	5	459043	458960	0	215	0	0	0.60707974433898926	0.60707974433898926	0	1.1709343345164824	-1	1	0	0.73397612571716309	0.73397612571716309	10	0	0
1	30	4	459106	459043	0	101	0	0	0.60707974433898926	0.60707974433898926	0	1.0594449620390118	-1	1	0	0.76756876707077026	0.76756876707077026	7	0	0
1	31	3	459133	459106	0	37	0	0	0.60707974433898926	0.60707974433898926	0	0.94643266685872041	0	0	0	1	1	6	0	0
1	32	2	459162	459133	0	19	0	0	0.60707974433898926	0.60707974433898926	0	0.98517918696844664	0	0	0	1	1	5	0	0
1	33	1	459167	459162	0	1	0	0	0.60707974433898926	0.60707974433898926	0	0.92121840864440774	0	0	0	1	1	4	0	0
1	34	0	459180	459167	1	3	0	0.60707974433898926	0.60707974433898926	0.60707974433898926	0	1.000000000002	-1	1	0.99999999999800004	0.10650698095560074	0.10650698095560074	1	0	0
