[phase 0 initial]
[[-58 -105 122 -422 -84 53 -246 133 70 -429 -444 523 -186 746 98 -356 293 162 484 60 -536 -200 427 515 10 331 -202 615 173 -452 -90 204 542 116 -53 76 511 -185 153 -3]
[84 -269 -8 5 394 244 -87 -577 -86 -404 -95 6 347 -82 409 -66 -287 289 35 492 -734 79 -112 537 -542 -386 -145 -9 165 -235 -536 104 -184 -290 656 -336 -91 688 206 8]
[447 -17 616 59 -402 518 -236 37 387 117 177 -518 431 -415 185 -466 -595 -66 -398 202 -216 388 -502 -319 -138 -536 245 258 66 -68 -397 -60 -592 -610 30 -59 -86 -648 -109 236]
[47 -562 365 143 -155 391 351 687 788 -250 -149 -519 329 54 -187 -726 -100 12 -157 -312 -204 -265 20 -166 237 525 -91 3 201 -141 -357 153 -68 -382 92 518 410 -440 329 -39]
[-619 -382 -18 130 344 -98 701 -88 378 24 460 -352 -246 97 -108 897 73 530 -303 457 76 -336 -580 166 52 -13 169 202 268 -268 4 -206 -470 74 447 486 56 335 23 -236]
[-236 495 -245 -237 -210 -379 199 -114 186 -261 415 155 418 400 -3 376 393 528 115 761 476 289 -125 -198 -322 -838 305 -109 356 -333 733 -272 72 15 -262 182 -112 -149 -329 39]
[296 384 -419 -286 -903 -43 39 80 -356 -3 425 337 644 -57 -214 -334 -200 27 35 642 570 -162 -641 -281 -113 -117 -215 -296 -34 22 94 273 -295 -249 142 -51 -350 -504 -71 268]
[419 240 347 1 -925 234 -569 85 -138 269 -221 472 349 35 -168 -588 -924 -499 217 -595 143 -264 115 332 474 289 15 407 -607 -237 412 217 -24 415 -110 -593 368 -768 -53 269]
[830 229 -464 529 -183 358 143 -470 88 691 -249 -134 -173 -294 147 -242 77 -125 -144 -331 -280 -153 -371 89 -401 -300 80 -430 -141 383 -911 475 -136 -204 102 -431 -543 -511 6 236]
[400 -81 264 180 278 136 -484 -383 -84 186 155 24 -351 -210 266 318 -57 -672 -470 -374 -437 -215 -146 732 -332 -276 141 -567 -342 -384 218 -648 -265 679 229 -420 -117 -303 41 34]
[327 -921 369 -279 -75 507 -738 986 350 -97 -7 237 986 -102 163 -732 -280 -434 341 -442 99 324 470 -120 -186 58 140 -622 -131 -514 417 -81 -487 45 -101 230 470 -288 -211 -7]
[-276 -272 -95 -130 -305 -563 313 195 -48 -1000 869 -460 111 -627 -145 544 -403 -282 -425 705 -192 -245 -362 -525 22 -18 -312 -715 263 -62 92 34 -90 -509 824 -143 -265 -24 448 1]
[-737 -193 -345 70 379 -179 -405 -307 359 156 82 -119 -863 -677 287 570 -445 -220 -425 19 -112 -421 -245 17 156 -379 421 151 -30 -206 247 -441 -163 372 593 -635 -186 291 -79 -219]
[63 -157 -474 348 515 420 696 349 -6 4 42 314 413 768 -198 279 667 229 670 -9 -30 -136 -256 481 -323 432 -78 733 576 -117 -410 443 23 42 246 865 148 -153 -124 -55]
[382 -395 662 91 284 -470 87 -131 -308 805 -242 177 130 -61 245 421 -540 487 78 20 134 29 -137 140 -124 -295 188 -252 -243 -146 -289 316 -660 -108 490 -137 -486 168 -162 49]
[72 11 722 -17 471 1060 -629 47 -378 -281 422 214 83 270 124 -25 -129 -157 -155 -117 -461 243 -104 920 -124 -258 -288 657 75 -180 420 -331 -330 211 -404 137 493 -289 537 14]
[42 675 93 187 -612 -667 601 48 -399 -5 -315 242 797 89 12 -13 -54 128 529 -188 823 -131 171 -496 303 139 -307 -325 -256 76 399 -157 393 79 422 -395 243 233 -28 238]
[-497 -667 -334 -273 -230 431 179 422 324 -533 558 -8 404 -8 600 327 -210 560 455 475 -406 -533 316 135 -363 -34 -361 -245 -62 -727 403 -162 -589 446 322 -74 428 391 318 -206]
[-149 315 11 -531 -324 33 -418 -323 -562 482 -385 -164 394 -416 249 -623 -576 -235 316 623 -15 175 -658 -317 -143 195 -202 457 -393 -78 -210 -121 -641 -108 319 -325 -391 675 55 -361]
[-189 153 -86 173 384 -251 207 281 -204 216 150 247 376 -456 47 -779 -82 445 216 -50 339 141 719 -646 144 133 -108 -466 -271 409 -8 -318 513 352 -124 99 106 919 -146 -62]
[-1024 -279 -319 -397 395 25 -93 -16 276 77 317 368 -219 288 -66 332 -148 552 124 205 378 280 -68 -127 190 -68 555 -170 178 84 -270 113 241 -7 -39 473 91 850 -38 -19]
[698 78 -259 488 -469 -46 560 -221 -246 100 351 -139 338 -270 334 83 -683 235 301 0 -522 379 -178 -366 -109 -821 -122 -130 109 91 -950 350 149 -381 21 -346 -735 -211 -424 368]
[-746 401 573 -109 13 -27 -198 164 295 -25 -57 -70 -825 -392 481 341 -362 746 -20 146 333 267 154 -444 231 -72 76 606 192 226 -272 -247 -220 -632 167 -83 -69 -356 114 -116]
[-154 -277 118 290 578 -178 -204 -225 98 532 -603 242 -157 288 -60 429 -89 293 -12 26 -608 -95 -527 236 207 194 389 1070 -15 -538 -30 273 112 111 44 153 268 -158 -417 45]
[51 297 -538 172 -274 80 -203 -139 -465 96 -132 274 430 32 652 -415 170 74 7 66 255 520 -152 -71 -552 -410 -236 -961 -314 -264 53 -438 -209 116 78 440 -331 -99 -343 241]
[-242 -73 357 -380 51 7 -177 -23 -30 423 -576 482 -187 234 302 -47 145 75 70 -782 -353 183 67 319 156 203 460 -75 -382 -565 12 -323 -110 491 -740 -412 -215 -20 -485 -87]
[-529 -70 247 7 150 464 162 -693 -40 197 747 -28 -97 -242 -154 -407 -639 -281 -812 -4 33 -106 -496 234 405 -674 152 530 -218 -68 -178 -702 -376 -186 278 -527 141 496 -152 204]
[91 129 147 230 -404 -257 126 166 57 239 -442 644 878 -257 50 250 -158 42 871 -127 -373 91 74 367 -74 232 -8 -55 -92 -413 -119 762 456 42 153 -431 416 -49 -336 -170]
[-8 396 1094 -28 31 196 123 -565 141 226 -9 34 -99 -367 674 -551 -395 152 -617 -292 -376 -6 365 332 -405 -664 -112 -144 28 -64 -26 -1091 -52 172 392 -396 -486 19 213 249]
[-392 -159 70 -201 598 38 289 309 -139 -390 381 -10 -24 84 553 -5 -40 52 -236 421 -134 -511 -431 426 -426 469 -225 54 477 76 -441 251 -157 76 733 306 -525 -128 -90 -185]
[-251 -75 -977 375 593 17 408 150 408 -201 -149 524 474 9 20 140 -85 -167 281 -253 -122 -879 80 200 -347 175 -14 -1005 3 -466 -302 -38 -523 166 494 -53 -994 46 -219 -166]
[-475 210 -997 -381 -157 353 517 -577 -167 -108 -298 609 15 332 309 -184 329 467 116 681 220 -12 6 170 -185 -646 -103 -44 41 496 -162 -160 -395 -295 440 -58 -579 473 -76 276]
[41 247 -256 -151 -583 70 67 -266 -57 -598 444 558 262 431 225 483 281 354 280 291 -641 -208 -60 671 -355 -247 -53 -760 -98 55 -334 -472 -241 507 293 -482 62 370 276 36]
[36 552 124 44 -459 32 139 -294 -545 371 -105 77 -26 51 212 -199 -348 -155 -55 539 84 94 -358 -250 72 133 -463 264 165 588 -585 -771 149 -88 -137 -197 -338 195 -102 -156]
[-353 -735 53 -587 187 106 -136 237 -60 -451 -515 65 -267 -90 230 281 43 -233 -188 451 -178 -247 -323 38 355 -520 -46 -84 117 -223 168 114 -276 -254 -308 62 531 31 424 -393]
[-108 350 -1147 276 -278 -549 703 76 -221 -128 -203 -244 315 53 114 -376 -160 80 -20 -103 301 -59 -19 -423 391 152 -13 -477 258 613 -332 599 288 107 -457 -24 -761 -377 59 398]
[-256 157 -186 446 286 -446 490 -310 346 177 -707 390 202 -231 373 298 -576 261 236 -537 -612 -276 46 308 -152 -1 87 -524 94 135 -377 205 237 156 553 -851 85 560 -325 300]
[-102 227 262 -296 -197 -272 -547 205 -717 263 -478 -108 -249 4 -267 -264 -233 -262 662 76 289 -339 534 -641 135 497 122 1160 -259 -5 -135 -221 251 290 396 -438 91 -56 66 -334]
[-91 -221 55 216 291 -113 -109 585 -108 -69 -70 288 -306 114 -421 -450 -15 85 -34 -317 -178 -79 2 274 -229 804 -422 221 -171 55 -208 -258 400 389 -21 873 -390 -783 365 315]
[416 309 -844 655 82 560 315 -277 279 -421 -404 -606 242 -541 -37 -877 30 179 -910 222 295 173 -81 -225 -302 -112 -395 -122 35 336 -781 213 -192 -198 153 -117 -192 503 454 -106]]
[phase 0 refreshed accepted=0]
[[-58 -105 122 -422 -84 53 -246 133 70 -429 -444 523 -186 746 98 -356 293 162 484 60 -536 -200 427 515 10 331 -202 615 173 -452 -90 204 542 116 -53 76 511 -185 153 -3]
[84 -269 -8 5 394 244 -87 -577 -86 -404 -95 6 347 -82 409 -66 -287 289 35 492 -734 79 -112 537 -542 -386 -145 -9 165 -235 -536 104 -184 -290 656 -336 -91 688 206 8]
[447 -17 616 59 -402 518 -236 37 387 117 177 -518 431 -415 185 -466 -595 -66 -398 202 -216 388 -502 -319 -138 -536 245 258 66 -68 -397 -60 -592 -610 30 -59 -86 -648 -109 236]
[47 -562 365 143 -155 391 351 687 788 -250 -149 -519 329 54 -187 -726 -100 12 -157 -312 -204 -265 20 -166 237 525 -91 3 201 -141 -357 153 -68 -382 92 518 410 -440 329 -39]
[-619 -382 -18 130 344 -98 701 -88 378 24 460 -352 -246 97 -108 897 73 530 -303 457 76 -336 -580 166 52 -13 169 202 268 -268 4 -206 -470 74 447 486 56 335 23 -236]
[-236 495 -245 -237 -210 -379 199 -114 186 -261 415 155 418 400 -3 376 393 528 115 761 476 289 -125 -198 -322 -838 305 -109 356 -333 733 -272 72 15 -262 182 -112 -149 -329 39]
[296 384 -419 -286 -903 -43 39 80 -356 -3 425 337 644 -57 -214 -334 -200 27 35 642 570 -162 -641 -281 -113 -117 -215 -296 -34 22 94 273 -295 -249 142 -51 -350 -504 -71 268]
[419 240 347 1 -925 234 -569 85 -138 269 -221 472 349 35 -168 -588 -924 -499 217 -595 143 -264 115 332 474 289 15 407 -607 -237 412 217 -24 415 -110 -593 368 -768 -53 269]
[830 229 -464 529 -183 358 143 -470 88 691 -249 -134 -173 -294 147 -242 77 -125 -144 -331 -280 -153 -371 89 -401 -300 80 -430 -141 383 -911 475 -136 -204 102 -431 -543 -511 6 236]
[400 -81 264 180 278 136 -484 -383 -84 186 155 24 -351 -210 266 318 -57 -672 -470 -374 -437 -215 -146 732 -332 -276 141 -567 -342 -384 218 -648 -265 679 229 -420 -117 -303 41 34]
[327 -921 369 -279 -75 507 -738 986 350 -97 -7 237 986 -102 163 -732 -280 -434 341 -442 99 324 470 -120 -186 58 140 -622 -131 -514 417 -81 -487 45 -101 230 470 -288 -211 -7]
[-276 -272 -95 -130 -305 -563 313 195 -48 -1000 869 -460 111 -627 -145 544 -403 -282 -425 705 -192 -245 -362 -525 22 -18 -312 -715 263 -62 92 34 -90 -509 824 -143 -265 -24 448 1]
[-737 -193 -345 70 379 -179 -405 -307 359 156 82 -119 -863 -677 287 570 -445 -220 -425 19 -112 -421 -245 17 156 -379 421 151 -30 -206 247 -441 -163 372 593 -635 -186 291 -79 -219]
[63 -157 -474 348 515 420 696 349 -6 4 42 314 413 768 -198 279 667 229 670 -9 -30 -136 -256 481 -323 432 -78 733 576 -117 -410 443 23 42 246 865 148 -153 -124 -55]
[382 -395 662 91 284 -470 87 -131 -308 805 -242 177 130 -61 245 421 -540 487 78 20 134 29 -137 140 -124 -295 188 -252 -243 -146 -289 316 -660 -108 490 -137 -486 168 -162 49]
[72 11 722 -17 471 1060 -629 47 -378 -281 422 214 83 270 124 -25 -129 -157 -155 -117 -461 243 -104 920 -124 -258 -288 657 75 -180 420 -331 -330 211 -404 137 493 -289 537 14]
[42 675 93 187 -612 -667 601 48 -399 -5 -315 242 797 89 12 -13 -54 128 529 -188 823 -131 171 -496 303 139 -307 -325 -256 76 399 -157 393 79 422 -395 243 233 -28 238]
[-497 -667 -334 -273 -230 431 179 422 324 -533 558 -8 404 -8 600 327 -210 560 455 475 -406 -533 316 135 -363 -34 -361 -245 -62 -727 403 -162 -589 446 322 -74 428 391 318 -206]
[-149 315 11 -531 -324 33 -418 -323 -562 482 -385 -164 394 -416 249 -623 -576 -235 316 623 -15 175 -658 -317 -143 195 -202 457 -393 -78 -210 -121 -641 -108 319 -325 -391 675 55 -361]
[-189 153 -86 173 384 -251 207 281 -204 216 150 247 376 -456 47 -779 -82 445 216 -50 339 141 719 -646 144 133 -108 -466 -271 409 -8 -318 513 352 -124 99 106 919 -146 -62]
[-1024 -279 -319 -397 395 25 -93 -16 276 77 317 368 -219 288 -66 332 -148 552 124 205 378 280 -68 -127 190 -68 555 -170 178 84 -270 113 241 -7 -39 473 91 850 -38 -19]
[698 78 -259 488 -469 -46 560 -221 -246 100 351 -139 338 -270 334 83 -683 235 301 0 -522 379 -178 -366 -109 -821 -122 -130 109 91 -950 350 149 -381 21 -346 -735 -211 -424 368]
[-746 401 573 -109 13 -27 -198 164 295 -25 -57 -70 -825 -392 481 341 -362 746 -20 146 333 267 154 -444 231 -72 76 606 192 226 -272 -247 -220 -632 167 -83 -69 -356 114 -116]
[-154 -277 118 290 578 -178 -204 -225 98 532 -603 242 -157 288 -60 429 -89 293 -12 26 -608 -95 -527 236 207 194 389 1070 -15 -538 -30 273 112 111 44 153 268 -158 -417 45]
[51 297 -538 172 -274 80 -203 -139 -465 96 -132 274 430 32 652 -415 170 74 7 66 255 520 -152 -71 -552 -410 -236 -961 -314 -264 53 -438 -209 116 78 440 -331 -99 -343 241]
[-242 -73 357 -380 51 7 -177 -23 -30 423 -576 482 -187 234 302 -47 145 75 70 -782 -353 183 67 319 156 203 460 -75 -382 -565 12 -323 -110 491 -740 -412 -215 -20 -485 -87]
[-529 -70 247 7 150 464 162 -693 -40 197 747 -28 -97 -242 -154 -407 -639 -281 -812 -4 33 -106 -496 234 405 -674 152 530 -218 -68 -178 -702 -376 -186 278 -527 141 496 -152 204]
[91 129 147 230 -404 -257 126 166 57 239 -442 644 878 -257 50 250 -158 42 871 -127 -373 91 74 367 -74 232 -8 -55 -92 -413 -119 762 456 42 153 -431 416 -49 -336 -170]
[-8 396 1094 -28 31 196 123 -565 141 226 -9 34 -99 -367 674 -551 -395 152 -617 -292 -376 -6 365 332 -405 -664 -112 -144 28 -64 -26 -1091 -52 172 392 -396 -486 19 213 249]
[-392 -159 70 -201 598 38 289 309 -139 -390 381 -10 -24 84 553 -5 -40 52 -236 421 -134 -511 -431 426 -426 469 -225 54 477 76 -441 251 -157 76 733 306 -525 -128 -90 -185]
[-251 -75 -977 375 593 17 408 150 408 -201 -149 524 474 9 20 140 -85 -167 281 -253 -122 -879 80 200 -347 175 -14 -1005 3 -466 -302 -38 -523 166 494 -53 -994 46 -219 -166]
[-475 210 -997 -381 -157 353 517 -577 -167 -108 -298 609 15 332 309 -184 329 467 116 681 220 -12 6 170 -185 -646 -103 -44 41 496 -162 -160 -395 -295 440 -58 -579 473 -76 276]
[41 247 -256 -151 -583 70 67 -266 -57 -598 444 558 262 431 225 483 281 354 280 291 -641 -208 -60 671 -355 -247 -53 -760 -98 55 -334 -472 -241 507 293 -482 62 370 276 36]
[36 552 124 44 -459 32 139 -294 -545 371 -105 77 -26 51 212 -199 -348 -155 -55 539 84 94 -358 -250 72 133 -463 264 165 588 -585 -771 149 -88 -137 -197 -338 195 -102 -156]
[-353 -735 53 -587 187 106 -136 237 -60 -451 -515 65 -267 -90 230 281 43 -233 -188 451 -178 -247 -323 38 355 -520 -46 -84 117 -223 168 114 -276 -254 -308 62 531 31 424 -393]
[-108 350 -1147 276 -278 -549 703 76 -221 -128 -203 -244 315 53 114 -376 -160 80 -20 -103 301 -59 -19 -423 391 152 -13 -477 258 613 -332 599 288 107 -457 -24 -761 -377 59 398]
[-256 157 -186 446 286 -446 490 -310 346 177 -707 390 202 -231 373 298 -576 261 236 -537 -612 -276 46 308 -152 -1 87 -524 94 135 -377 205 237 156 553 -851 85 560 -325 300]
[-102 227 262 -296 -197 -272 -547 205 -717 263 -478 -108 -249 4 -267 -264 -233 -262 662 76 289 -339 534 -641 135 497 122 1160 -259 -5 -135 -221 251 290 396 -438 91 -56 66 -334]
[-91 -221 55 216 291 -113 -109 585 -108 -69 -70 288 -306 114 -421 -450 -15 85 -34 -317 -178 -79 2 274 -229 804 -422 221 -171 55 -208 -258 400 389 -21 873 -390 -783 365 315]
[416 309 -844 655 82 560 315 -277 279 -421 -404 -606 242 -541 -37 -877 30 179 -910 222 295 173 -81 -225 -302 -112 -395 -122 35 336 -781 213 -192 -198 153 -117 -192 503 454 -106]]
