phase	depth	k	node	parent	z_k	nodes_at_depth	parent_rho	rho	bound_r2	remaining	center	delta	legal_lo	legal_hi	offset	P	Ptheta	N	Q	M
0	1	39	1	0	0	9	0	0	0.83586263656616211	0.83586263656616211	0	4.0854360910171783	-4	4	0	0.26882940530776978	0.26882940530776978	2939321	0	0
0	2	38	3	1	0	51	0	0	0.83586263656616211	0.83586263656616211	0	3.8339609509100607	-3	3	0	0.30212906002998352	0.30212906002998352	999694	0	0
0	3	37	19	3	0	239	0	0	0.83586263656616211	0.83586263656616211	0	3.68892074199674	-3	3	0	0.30936083197593689	0.30936083197593689	347203	0	0
0	4	36	67	19	0	1053	0	0	0.83586263656616211	0.83586263656616211	0	3.7096385407257015	-3	3	0	0.3082905113697052	0.3082905113697052	118614	0	0
0	5	35	218	67	0	4231	0	0	0.83586263656616211	0.83586263656616211	0	3.7380120098022176	-3	3	0	0.30684536695480347	0.30684536695480347	39244	0	0
0	6	34	701	218	0	15531	0	0	0.83586263656616211	0.83586263656616211	0	3.7434364122274157	-3	3	0	0.30657175183296204	0.30657175183296204	12400	0	0
0	7	33	2190	701	0	47117	0	0	0.83586263656616211	0.83586263656616211	0	3.3250950994942925	-3	3	0	0.33049988746643066	0.33049988746643066	4525	0	0
0	8	32	7025	2190	0	128389	0	0	0.83586263656616211	0.83586263656616211	0	3.1653303399652266	-3	3	0	0.3414236307144165	0.3414236307144165	1709	0	0
0	9	31	19864	7025	0	324747	0	0	0.83586263656616211	0.83586263656616211	0	3.1151087002904987	-3	3	0	0.34510189294815063	0.34510189294815063	650	0	0
0	10	30	62845	19864	0	700851	0	0	0.83586263656616211	0.83586263656616211	0	2.7952277884971464	-2	2	0	0.40716204047203064	0.40716204047203064	265	0	0
0	11	29	180210	62845	0	1316795	0	0	0.83586263656616211	0.83586263656616211	0	2.6290521950353072	-2	2	0	0.42168557643890381	0.42168557643890381	112	0	0
0	12	28	376425	180210	0	1784996	0	0	0.83586263656616211	0.83586263656616211	0	2.467247736831141	-2	2	0	0.43773794174194336	0.43773794174194336	49	0	0
0	13	27	995298	376425	0	1590056	0	0	0.83586263656616211	0.83586263656616211	0	2.3966301574567939	-2	2	0	0.44542527198791504	0.44542527198791504	22	0	0
0	14	26	1957397	995298	0	1073416	0	0	0.83586263656616211	0.83586263656616211	0	2.2539661935836373	-2	2	0	0.46240693330764771	0.46240693330764771	11	0	0
0	15	25	3267874	1957397	0	682281	0	0	0.83586263656616211	0.83586263656616211	0	2.0764956675714048	-2	2	0	0.48668080568313599	0.48668080568313599	5	0	0
0	16	24	5795337	3267874	0	485289	0	0	0.83586263656616211	0.83586263656616211	0	2.1822837696080049	-2	2	0	0.47175592184066772	0.47175592184066772	1	0	0
0	17	23	-1	5795337	0	317036	0	0	0.83586263656616211	0.83586263656616211	0	1.982948035227623	-1	1	0	0.57821547985076904	0.57821547985076904	0	0	0
0	18	22	-1	-1	0	208222	0	0	0.83586263656616211	0.83586263656616211	0	1.9675764062018231	-1	1	0	0	0	0	0	0
0	19	21	-1	-1	0	127380	0	0	0.83586263656616211	0.83586263656616211	0	1.8425782911648272	-1	1	0	0	0	0	0	0
0	20	20	-1	-1	0	80232	0	0	0.83586263656616211	0.83586263656616211	0	1.881841697492848	-1	1	0	0	0	0	0	0
0	21	19	-1	-1	0	47960	0	0	0.83586263656616211	0.83586263656616211	0	1.7689759865255694	-1	1	0	0	0	0	0	0
0	22	18	-1	-1	1	29824	0	0.24460908999136094	0.83586263656616211	0.83586263656616211	0	1.8485498225800185	-1	1	0.54096459169507338	0	0	0	0	0
0	23	17	-1	-1	0	17200	0.24460908999136094	0.30633967848911897	0.83586263656616211	0.59125354657480111	-0.46157852453220305	1.4285066463827736	-1	0	0.32311961984986198	0	0	0	0	0
0	24	16	-1	-1	0	8632	0.30633967848911897	0.30656642670071726	0.83586263656616211	0.52952295807704319	-0.02485510590050316	1.2011191184703511	-1	1	0.02069328971480916	0	0	0	0	0
0	25	15	-1	-1	0	4610	0.30656642670071726	0.30660993186255281	0.83586263656616211	0.5292962098654449	0.01170491448776312	1.2910624291930415	-1	1	-0.0090661103778529855	0	0	0	0	0
0	26	14	-1	-1	0	2126	0.30660993186255281	0.32455203459276821	0.83586263656616211	0.5292527047036093	0.21455426088420462	1.1652846276016482	0	1	-0.18412176373234526	0	0	0	0	0
0	27	13	-1	-1	0	1028	0.32455203459276821	0.33201453918673163	0.83586263656616211	0.51131060197339384	0.14519300632209128	1.2018376108532198	-1	1	-0.12080917173079191	0	0	0	0	0
0	28	12	-1	-1	0	464	0.33201453918673163	0.33202597215746682	0.83586263656616211	0.50384809737943048	0.0053202014554901145	1.1168589870644026	-1	1	-0.0047635391012736056	0	0	0	0	0
0	29	11	-1	-1	0	156	0.33202597215746682	0.36727977246205157	0.83586263656616211	0.50383666440869534	-0.26767957262480147	1.0119455483210757	-1	0	0.264519739297149	0	0	0	0	0
0	30	10	-1	-1	0	56	0.36727977246205157	0.40314463801253519	0.83586263656616211	0.46858286410411054	-0.252035100046405	0.91100261877675726	-1	0	0.27665683374744132	0	0	0	0	0
0	31	9	-1	-1	0	18	0.40314463801253519	0.50666517008934375	0.83586263656616211	0.43271799855362691	0.42419868646609571	0.86727844247778341	0	1	-0.48911475910109703	0	0	0	0	0
0	32	8	-1	-1	0	4	0.50666517008934375	0.57988424346864664	0.83586263656616211	0.32919746647681841	0.3297883387575799	0.69928050832931787	0	1	-0.47161094128805597	0	0	0	0	0
0	33	7	-1	-1	0	0	0.57988424346864664	0.57989914834616363	0.83586263656616211	0.25597839309751552	0.0045655644000856654	0.59831779765855231	0	0	-0.0076306678790978221	0	0	0	0	0
0	34	6	-1	-1	0	0	0.57989914834616363	0.59132594440074759	0.83586263656616211	0.25596348821999854	0.11830653442715615	0.55993227922077893	0	0	-0.21128721957554508	0	0	0	0	0
0	35	5	-1	-1	0	0	0.59132594440074759	0.59474764948696701	0.83586263656616211	0.24453669216541454	0.06447517086670676	0.54505864304661411	0	0	-0.11829033754298757	0	0	0	0	0
0	36	4	-1	-1	0	0	0.59474764948696701	0.59542101418884419	0.83586263656616211	0.24111498707919507	0.027882669241171637	0.52762003270956548	0	0	-0.052846115599480992	0	0	0	0	0
0	37	3	-1	-1	0	0	0.59542101418884419	0.68198102863109022	0.83586263656616211	0.24044162237731789	0.32013340046731931	0.53355249178910624	0	0	-0.60000357114601632	0	0	0	0	0
0	38	2	-1	-1	0	0	0.68198102863109022	0.69251462105334949	0.83586263656616211	0.15388160793507183	-0.1074046014437994	0.41051401695572498	0	0	0.26163443148734988	0	0	0	0	0
0	39	1	-1	-1	0	0	0.69251462105334949	0.77698545166924782	0.83586263656616211	0.14334801551281265	0.3040522199337265	0.39608704573955322	0	0	-0.76763989937114951	0	0	0	0	0
0	40	0	-1	-1	0	0	0.77698545166924782	0.83586263656616211	0.83586263656616211	0.058877184896914243	-0.23776810986380573	0.23776810986741903	0	0	0.99999999998480327	0	0	0	0	0
