[phase 0 initial]
[[106 309 561 -134 -90 -17 -290 -324 -192 62 271 276 78 11 464 54 -112 -137 -239 245 -480 -212 122 637 45 144 581 -353 -542 431 68 -670 -152 157 -33]
[-550 422 250 -106 -345 -450 -41 -60 147 -344 93 18 90 176 -403 159 152 -44 140 -107 -853 -333 91 115 189 -207 343 -49 12 446 645 -684 -118 458 -18]
[182 -26 513 109 -275 485 -238 -767 221 502 -213 353 -349 -6 114 -390 -531 -210 -122 -233 313 411 -426 290 144 121 -5 -972 -88 3 -126 146 -203 -145 12]
[224 -46 -555 -369 577 -234 143 968 605 -127 -145 35 82 -242 138 196 -1 -93 -600 -77 -27 360 614 -65 -303 -18 -323 339 -89 -631 -123 249 -29 41 -1]
[-108 65 199 405 5 -7 -551 -355 -23 241 -263 -275 460 -9 241 24 -139 2 148 -396 373 193 -557 -111 715 678 -128 -474 -446 223 -26 -422 121 -357 12]
[27 -190 -57 -204 -902 -230 -59 462 -108 -89 149 -57 -191 572 -714 -156 552 -177 -301 382 -253 89 164 189 201 -767 -160 380 -46 -210 291 0 35 325 -2]
[65 304 4 -84 248 126 215 -252 644 -48 -243 -180 -337 -440 -547 -291 -338 -482 -193 -255 -274 263 64 -61 -1231 -55 30 -10 683 -57 385 -185 36 287 11]
[283 232 -385 207 107 70 -141 -257 845 -31 -384 32 238 -537 -32 -642 -106 26 -105 -727 357 6 -507 174 -105 420 238 -539 229 -597 -297 -388 -94 -143 4]
[-209 15 599 272 -122 -490 583 -123 -294 176 45 99 -324 183 -46 126 138 -63 -187 147 -289 198 121 337 -58 -734 66 160 -865 275 289 288 -54 309 185]
[-454 -600 -234 352 656 292 -22 -83 238 198 221 -608 207 -5 77 -57 -7 -48 288 -157 311 381 6 -311 -161 319 -108 582 -662 56 107 -136 -39 -26 -83]
[-393 142 -23 261 1040 286 395 -90 133 -297 228 205 476 -397 386 276 -8 -271 -265 -71 -531 521 573 139 186 -135 411 -53 -345 -80 653 2 -287 210 -120]
[-912 -654 170 509 -709 -381 87 -253 -123 138 -173 104 -806 373 -222 -96 266 80 548 -124 253 268 0 -490 18 -135 164 -47 -331 327 -258 246 173 184 29]
[797 60 -70 597 -550 -405 109 38 -136 -263 -303 -726 602 161 -634 108 -85 -166 -182 -326 -139 94 -457 25 197 33 -524 -35 57 49 252 -88 -48 135 93]
[-480 -62 -541 143 195 577 353 -327 189 -371 116 235 -235 -302 -24 -461 -37 -409 -9 -113 760 93 -195 -523 -92 -215 130 -819 704 -405 -352 224 -58 -396 88]
[-380 276 67 41 428 -686 475 245 324 -147 -128 23 432 -470 -172 -144 -404 349 -114 -404 486 283 -384 35 406 -253 -122 -683 614 -397 459 615 -258 101 197]
[-190 173 142 204 514 -613 -43 658 938 7 -462 -294 54 -390 509 53 196 610 12 -399 484 81 202 -97 -157 445 319 335 420 -338 -675 617 311 -238 219]
[537 -158 448 514 -468 -391 312 630 -368 44 342 45 233 632 354 354 -167 98 -354 332 204 -92 171 311 -102 -457 331 217 -221 -396 106 599 -148 -73 161]
[-512 -374 -172 162 -229 132 92 -524 -265 -99 -163 564 -343 -1 -883 -186 448 -99 209 -468 -403 -12 -34 -619 190 -647 -106 -64 -99 -322 7 829 -460 130 -59]
[326 267 527 -3 -267 -784 -319 194 -315 -259 238 -170 486 163 -476 368 181 165 229 -46 171 -373 -94 151 -267 354 545 47 -399 568 -1 -236 -86 117 416]
[425 -226 -268 -125 -114 56 -584 459 -279 688 318 115 308 270 192 190 -137 244 670 132 396 -206 164 78 436 430 -685 52 -901 456 -87 80 -77 14 -261]
[-146 206 -370 26 31 -153 401 410 121 115 71 993 -235 -381 -995 52 742 -250 -210 -34 -169 80 639 -535 283 -566 -127 251 199 -673 125 313 1 320 -149]
[115 -112 112 -435 -793 100 21 119 -154 222 395 35 88 435 -179 -385 558 219 299 -127 458 -156 -219 682 -92 -359 -221 129 393 359 176 353 95 -144 154]
[379 -255 -414 383 -280 -127 98 368 349 -155 -360 -373 48 387 -564 54 206 373 181 353 -51 -176 -66 269 -318 -293 -342 436 -632 -10 758 -63 117 27 10]
[-94 119 -491 563 265 -219 205 -364 -76 -8 -160 -566 913 129 -136 119 210 58 639 -491 -88 174 -531 -111 -81 113 -62 -346 1014 -30 263 89 130 64 -183]
[-53 339 295 498 305 7 263 -385 -135 35 -393 198 490 76 -197 551 -365 164 26 -654 -91 -10 -366 -245 99 -499 -453 47 373 -641 -157 422 -355 234 135]
[573 395 16 -999 506 -374 -19 134 -387 -212 -447 111 -231 -335 -207 36 -347 31 -409 411 -257 -540 307 291 -341 173 276 437 -162 529 398 -353 -98 -204 -91]
[503 131 -93 28 -239 97 -76 732 131 -557 118 27 592 122 -243 -225 252 -562 -372 -290 -202 413 551 -409 -89 9 32 243 -398 -154 89 -795 283 318 -75]
[-38 -559 40 19 353 -131 142 -430 266 -69 84 302 327 -302 -365 38 263 -253 -438 -23 100 167 156 -6 -82 -551 276 -290 -191 -317 31 -603 -36 468 200]
[-242 -508 49 667 -170 -502 -207 -369 216 145 99 -123 209 174 -286 -301 168 -398 -80 284 -353 -135 -485 -325 -312 429 210 186 -1031 327 -419 -740 78 -351 70]
[-348 57 343 3 386 -103 -178 67 36 -33 236 17 -154 333 591 -53 -719 180 83 156 744 12 305 173 379 494 -227 -33 -682 -87 28 -301 -84 446 -255]
[12 -431 69 -71 163 -259 440 411 559 400 -95 -169 -382 285 -355 -220 165 -606 -15 22 361 224 83 466 -125 -69 -504 488 154 141 -165 -64 141 171 265]
[-506 -136 -388 660 -205 268 176 -701 -343 3 -234 475 305 -90 -248 77 168 69 12 -256 24 94 -493 -344 263 61 163 450 93 -541 -433 545 91 208 -229]
[-317 -39 19 203 280 356 -251 -396 -450 407 242 252 -226 67 534 -697 145 289 156 478 -114 266 -229 86 -337 -183 957 -147 330 -577 368 338 -515 -20 28]
[-695 -194 -414 545 92 547 -224 -306 -50 -54 32 451 -213 -207 -94 354 494 100 265 -381 -178 -170 -333 -560 156 -389 -191 -56 111 -224 625 -213 78 153 -434]
[555 -237 170 -224 252 447 -674 53 -848 -501 641 117 335 334 78 376 -241 7 -121 464 -485 -64 143 175 876 -207 -139 277 -314 183 -18 236 191 -38 425]]
[phase 0 refreshed]
[[154 6 19 90 463 -124 -54 282 32 52 -223 119 -159 -44 -253 442 -239 -408 223 58 -109 629 193 -4 20 -292 -474 204 -177 -51 487 158 -258 -398 445]
[106 309 561 -134 -90 -17 -290 -324 -192 62 271 276 78 11 464 54 -112 -137 -239 245 -480 -212 122 637 45 144 581 -353 -542 431 68 -670 -152 157 -33]
[-550 422 250 -106 -345 -450 -41 -60 147 -344 93 18 90 176 -403 159 152 -44 140 -107 -853 -333 91 115 189 -207 343 -49 12 446 645 -684 -118 458 -18]
[182 -26 513 109 -275 485 -238 -767 221 502 -213 353 -349 -6 114 -390 -531 -210 -122 -233 313 411 -426 290 144 121 -5 -972 -88 3 -126 146 -203 -145 12]
[224 -46 -555 -369 577 -234 143 968 605 -127 -145 35 82 -242 138 196 -1 -93 -600 -77 -27 360 614 -65 -303 -18 -323 339 -89 -631 -123 249 -29 41 -1]
[-326 137 588 114 146 49 -195 -350 -224 224 -122 -487 -115 88 -274 375 -371 -506 60 76 -258 450 14 -346 -411 203 -336 55 8 763 656 -219 251 73 19]
[31 310 -324 557 268 -305 -100 -176 51 -354 -249 -237 346 -333 -537 -6 187 -79 840 -359 -38 -136 -502 -55 74 25 92 298 229 -20 439 -625 -120 -437 438]
[74 247 214 479 -15 -420 442 -380 551 145 -339 131 -86 -354 -78 -516 32 -37 -292 -580 68 204 -386 511 -163 -314 304 -379 -636 -322 -8 -100 -148 166 189]
[-795 -132 212 -124 -518 -135 -202 85 265 189 -192 -296 126 489 -89 135 -62 174 -313 -389 38 208 -86 -578 785 302 -458 -468 -121 258 112 189 275 381 -411]
[-454 -600 -234 352 656 292 -22 -83 238 198 221 -608 207 -5 77 -57 -7 -48 288 -157 311 381 6 -311 -161 319 -108 582 -662 56 107 -136 -39 -26 -83]
[458 92 -56 -20 -119 -163 -406 358 -47 8 34 -607 269 -36 -267 -138 342 -540 -603 316 -94 255 128 249 -603 86 -15 564 -275 -62 199 -739 361 99 -6]
[61 -166 -673 630 288 325 331 -26 -103 -448 258 -226 700 -290 -209 -487 818 -75 -89 1 140 178 -49 162 252 -378 474 470 3 -705 251 -97 4 38 -111]
[-912 -654 170 509 -709 -381 87 -253 -123 138 -173 104 -806 373 -222 -96 266 80 548 -124 253 268 0 -490 18 -135 164 -47 -331 327 -258 246 173 184 29]
[813 -119 -216 480 99 -294 504 183 -649 -367 54 -214 670 38 386 531 -160 491 164 -57 15 -451 -128 8 512 177 -266 69 -134 93 -398 519 -240 -120 72]
[-374 247 20 9 105 560 63 -651 -3 -309 387 511 -157 -291 440 -407 -149 -546 -248 132 280 -119 -73 114 -47 -71 711 -1172 162 26 -284 -446 -210 -239 55]
[-177 104 890 -167 -536 -310 26 -189 -379 342 300 -382 273 69 -40 -472 -248 -19 -957 348 457 314 -368 404 32 -174 94 -756 199 192 342 252 252 596 -246]
[326 267 527 -3 -267 -784 -319 194 -315 -259 238 -170 486 163 -476 368 181 165 229 -46 171 -373 -94 151 -267 354 545 47 -399 568 -1 -236 -86 117 416]
[-387 29 640 369 -965 -609 -245 152 225 45 -168 -386 -219 424 -343 -299 749 526 311 60 258 -190 -248 157 347 -304 482 376 463 83 -261 368 375 46 218]
[-512 -374 -172 162 -229 132 92 -524 -265 -99 -163 564 -343 -1 -883 -186 448 -99 209 -468 -403 -12 -34 -619 190 -647 -106 -64 -99 -322 7 829 -460 130 -59]
[357 273 213 122 267 -43 -616 493 59 332 462 84 -227 -240 242 -80 153 -549 506 712 611 87 557 516 -763 -62 307 118 -236 439 -211 -157 35 -446 441]
[-374 311 435 41 258 51 -200 1 565 516 376 188 -374 74 -29 357 -288 -363 294 223 -469 -428 178 -92 838 -187 -560 73 -269 357 -49 -629 -484 -377 210]
[115 -112 112 -435 -793 100 21 119 -154 222 395 35 88 435 -179 -385 558 219 299 -127 458 -156 -219 682 -92 -359 -221 129 393 359 176 353 95 -144 154]
[-55 -598 -459 606 236 -15 -337 182 132 -329 -2 -612 460 -158 622 -314 43 459 -261 503 360 -534 -198 121 156 146 -27 -254 -310 -258 -335 190 -201 -445 -146]
[45 39 -37 48 -120 260 330 374 178 -565 84 634 323 158 24 -87 -90 -22 231 -606 -108 158 423 -658 514 -77 47 -321 -123 -92 -110 -56 -78 219 -69]
[-150 -333 -136 -167 -505 -548 -302 67 189 387 345 -242 422 909 174 72 196 277 416 -98 -392 -196 -204 588 163 -16 113 -262 -247 189 -178 -401 -281 409 -209]
[-303 151 721 238 335 133 -133 -15 389 500 139 316 -246 22 682 -21 -559 -216 -217 7 442 270 135 114 -815 133 757 -232 -41 -279 213 80 57 -278 91]
[-577 -149 -199 -626 54 87 230 359 -75 -329 -39 -60 -204 620 579 -447 186 -151 114 361 -108 -142 648 -410 159 -360 410 87 576 481 -297 -333 366 -126 -487]
[-122 323 38 513 -170 370 -685 -78 272 510 -180 368 55 -273 161 234 -392 199 -33 274 684 142 -120 774 875 79 -169 -210 0 -512 297 -229 -210 140 -92]
[217 -15 -359 -104 -758 -269 -366 33 -63 235 -336 581 -11 76 -32 51 63 110 -562 -17 48 -279 -330 89 -181 322 10 489 -193 -661 -1141 122 197 196 -143]
[-97 244 -558 -84 636 -238 -306 79 5 -238 -580 390 -114 -384 -21 -241 147 -513 369 70 -492 -551 122 75 27 92 174 -75 157 -114 -276 -311 -2 169 -87]
[502 -474 30 -173 55 266 -247 67 -476 109 -286 322 -141 3 95 371 320 197 -105 -53 198 -7 243 -713 -264 40 -408 405 47 78 73 303 -35 -379 603]
[-38 -559 40 19 353 -131 142 -430 266 -69 84 302 327 -302 -365 38 263 -253 -438 -23 100 167 156 -6 -82 -551 276 -290 -191 -317 31 -603 -36 468 200]
[102 -221 90 -490 384 -2 -329 585 320 266 84 -209 15 530 128 -30 202 -109 -296 -191 471 -124 -37 -217 -534 -437 -181 287 -740 281 79 -483 147 -71 -301]
[-397 3 134 -314 253 -959 274 195 -458 -383 -46 -780 -72 608 -222 -53 287 -258 -582 315 -74 346 54 -52 208 -195 -455 122 -192 -37 584 370 264 134 -88]
[65 27 108 429 508 -283 -416 278 -286 247 162 -89 314 286 -227 -127 272 224 -499 210 198 -63 -1 638 80 32 6 925 12 -268 -184 284 183 -373 44]]
[phase 1 initial]
[[154 6 19 90 463 -124 -54 282 32 52 -223 119 -159 -44 -253 442 -239 -408 223 58 -109 629 193 -4 20 -292 -474 204 -177 -51 487 158 -258 -398 445]
[106 309 561 -134 -90 -17 -290 -324 -192 62 271 276 78 11 464 54 -112 -137 -239 245 -480 -212 122 637 45 144 581 -353 -542 431 68 -670 -152 157 -33]
[-550 422 250 -106 -345 -450 -41 -60 147 -344 93 18 90 176 -403 159 152 -44 140 -107 -853 -333 91 115 189 -207 343 -49 12 446 645 -684 -118 458 -18]
[182 -26 513 109 -275 485 -238 -767 221 502 -213 353 -349 -6 114 -390 -531 -210 -122 -233 313 411 -426 290 144 121 -5 -972 -88 3 -126 146 -203 -145 12]
[224 -46 -555 -369 577 -234 143 968 605 -127 -145 35 82 -242 138 196 -1 -93 -600 -77 -27 360 614 -65 -303 -18 -323 339 -89 -631 -123 249 -29 41 -1]
[-326 137 588 114 146 49 -195 -350 -224 224 -122 -487 -115 88 -274 375 -371 -506 60 76 -258 450 14 -346 -411 203 -336 55 8 763 656 -219 251 73 19]
[31 310 -324 557 268 -305 -100 -176 51 -354 -249 -237 346 -333 -537 -6 187 -79 840 -359 -38 -136 -502 -55 74 25 92 298 229 -20 439 -625 -120 -437 438]
[74 247 214 479 -15 -420 442 -380 551 145 -339 131 -86 -354 -78 -516 32 -37 -292 -580 68 204 -386 511 -163 -314 304 -379 -636 -322 -8 -100 -148 166 189]
[-795 -132 212 -124 -518 -135 -202 85 265 189 -192 -296 126 489 -89 135 -62 174 -313 -389 38 208 -86 -578 785 302 -458 -468 -121 258 112 189 275 381 -411]
[-454 -600 -234 352 656 292 -22 -83 238 198 221 -608 207 -5 77 -57 -7 -48 288 -157 311 381 6 -311 -161 319 -108 582 -662 56 107 -136 -39 -26 -83]
[458 92 -56 -20 -119 -163 -406 358 -47 8 34 -607 269 -36 -267 -138 342 -540 -603 316 -94 255 128 249 -603 86 -15 564 -275 -62 199 -739 361 99 -6]
[61 -166 -673 630 288 325 331 -26 -103 -448 258 -226 700 -290 -209 -487 818 -75 -89 1 140 178 -49 162 252 -378 474 470 3 -705 251 -97 4 38 -111]
[-912 -654 170 509 -709 -381 87 -253 -123 138 -173 104 -806 373 -222 -96 266 80 548 -124 253 268 0 -490 18 -135 164 -47 -331 327 -258 246 173 184 29]
[813 -119 -216 480 99 -294 504 183 -649 -367 54 -214 670 38 386 531 -160 491 164 -57 15 -451 -128 8 512 177 -266 69 -134 93 -398 519 -240 -120 72]
[-374 247 20 9 105 560 63 -651 -3 -309 387 511 -157 -291 440 -407 -149 -546 -248 132 280 -119 -73 114 -47 -71 711 -1172 162 26 -284 -446 -210 -239 55]
[-177 104 890 -167 -536 -310 26 -189 -379 342 300 -382 273 69 -40 -472 -248 -19 -957 348 457 314 -368 404 32 -174 94 -756 199 192 342 252 252 596 -246]
[326 267 527 -3 -267 -784 -319 194 -315 -259 238 -170 486 163 -476 368 181 165 229 -46 171 -373 -94 151 -267 354 545 47 -399 568 -1 -236 -86 117 416]
[-387 29 640 369 -965 -609 -245 152 225 45 -168 -386 -219 424 -343 -299 749 526 311 60 258 -190 -248 157 347 -304 482 376 463 83 -261 368 375 46 218]
[-512 -374 -172 162 -229 132 92 -524 -265 -99 -163 564 -343 -1 -883 -186 448 -99 209 -468 -403 -12 -34 -619 190 -647 -106 -64 -99 -322 7 829 -460 130 -59]
[357 273 213 122 267 -43 -616 493 59 332 462 84 -227 -240 242 -80 153 -549 506 712 611 87 557 516 -763 -62 307 118 -236 439 -211 -157 35 -446 441]
[-374 311 435 41 258 51 -200 1 565 516 376 188 -374 74 -29 357 -288 -363 294 223 -469 -428 178 -92 838 -187 -560 73 -269 357 -49 -629 -484 -377 210]
[115 -112 112 -435 -793 100 21 119 -154 222 395 35 88 435 -179 -385 558 219 299 -127 458 -156 -219 682 -92 -359 -221 129 393 359 176 353 95 -144 154]
[-55 -598 -459 606 236 -15 -337 182 132 -329 -2 -612 460 -158 622 -314 43 459 -261 503 360 -534 -198 121 156 146 -27 -254 -310 -258 -335 190 -201 -445 -146]
[45 39 -37 48 -120 260 330 374 178 -565 84 634 323 158 24 -87 -90 -22 231 -606 -108 158 423 -658 514 -77 47 -321 -123 -92 -110 -56 -78 219 -69]
[-150 -333 -136 -167 -505 -548 -302 67 189 387 345 -242 422 909 174 72 196 277 416 -98 -392 -196 -204 588 163 -16 113 -262 -247 189 -178 -401 -281 409 -209]
[-303 151 721 238 335 133 -133 -15 389 500 139 316 -246 22 682 -21 -559 -216 -217 7 442 270 135 114 -815 133 757 -232 -41 -279 213 80 57 -278 91]
[-577 -149 -199 -626 54 87 230 359 -75 -329 -39 -60 -204 620 579 -447 186 -151 114 361 -108 -142 648 -410 159 -360 410 87 576 481 -297 -333 366 -126 -487]
[-122 323 38 513 -170 370 -685 -78 272 510 -180 368 55 -273 161 234 -392 199 -33 274 684 142 -120 774 875 79 -169 -210 0 -512 297 -229 -210 140 -92]
[217 -15 -359 -104 -758 -269 -366 33 -63 235 -336 581 -11 76 -32 51 63 110 -562 -17 48 -279 -330 89 -181 322 10 489 -193 -661 -1141 122 197 196 -143]
[-97 244 -558 -84 636 -238 -306 79 5 -238 -580 390 -114 -384 -21 -241 147 -513 369 70 -492 -551 122 75 27 92 174 -75 157 -114 -276 -311 -2 169 -87]
[502 -474 30 -173 55 266 -247 67 -476 109 -286 322 -141 3 95 371 320 197 -105 -53 198 -7 243 -713 -264 40 -408 405 47 78 73 303 -35 -379 603]
[-38 -559 40 19 353 -131 142 -430 266 -69 84 302 327 -302 -365 38 263 -253 -438 -23 100 167 156 -6 -82 -551 276 -290 -191 -317 31 -603 -36 468 200]
[102 -221 90 -490 384 -2 -329 585 320 266 84 -209 15 530 128 -30 202 -109 -296 -191 471 -124 -37 -217 -534 -437 -181 287 -740 281 79 -483 147 -71 -301]
[-397 3 134 -314 253 -959 274 195 -458 -383 -46 -780 -72 608 -222 -53 287 -258 -582 315 -74 346 54 -52 208 -195 -455 122 -192 -37 584 370 264 134 -88]
[65 27 108 429 508 -283 -416 278 -286 247 162 -89 314 286 -227 -127 272 224 -499 210 198 -63 -1 638 80 32 6 925 12 -268 -184 284 183 -373 44]]
