phase	depth	k	node	parent	z_k	nodes_at_depth	parent_rho	rho	bound_r2	remaining	center	delta	legal_lo	legal_hi	offset	P	Ptheta	N	Q	M
0	1	34	1	0	0	5	0	0	0.66508579254150391	0.66508579254150391	0	2.727301178906552	-2	2	0	0.41287997364997864	0.41287997364997864	666670	5.7654917095410105e-06	1.9804859089894755
0	2	33	3	1	0	23	0	0	0.66508579254150391	0.66508579254150391	0	2.9188201601618591	-2	2	0	0.39746060967445374	0.39746060967445374	352611	1.0900625215888629e-05	1.9804859089894755
0	3	32	12	3	0	95	0	0	0.66508579254150391	0.66508579254150391	0	2.9294907230091676	-2	2	0	0.39666268229484558	0.39666268229484558	175894	1.1259542161696678e-05	1.9804859089894755
0	4	31	36	12	-1	303	0	0.089552588207809009	0.66508579254150391	0.66508579254150391	0	2.7252086843800356	-2	2	-0.36694437594143087	0.19828511774539948	0.19828511774539948	42544	4.6551473979632278e-05	1.9804859089894755
0	5	30	148	36	0	849	0.089552588207809009	0.11344124530034168	0.66508579254150391	0.57553320433369493	-0.48841055668997868	2.3973109352546609	-2	1	0.20373266959552574	0.35199898481369019	0.35199898481369019	19940	9.9322262236182322e-05	1.9804859089894755
0	6	29	430	148	0	2085	0.11344124530034168	0.11683356903322369	0.66508579254150391	0.55164454724116219	0.17474913270800135	2.2284148735448839	-2	2	-0.07841858119983583	0.42394199967384338	0.42394199967384338	12128	0.00016329864025309	1.9804859089894755
0	7	28	1443	430	1	4403	0.11683356903322369	0.15612263040648663	0.66508579254150391	0.54825222350828018	0.44924509744820179	2.0573716249900387	-1	2	0.26769830781274861	0.34488591551780701	0.34488591551780701	5550	0.00035684430792603161	1.9804859089894755
0	8	27	3227	1443	0	8733	0.15612263040648663	0.161336168175925	0.66508579254150391	0.50896316213501724	-0.20631213147316235	2.0384575826683351	-2	1	0.10120992127935295	0.4656490683555603	0.4656490683555603	3444	0.00057505398054282105	1.9804859089894755
0	9	26	8310	3227	-1	15587	0.161336168175925	0.19110012869797527	0.66508579254150391	0.50374962436557891	-0.5310332878745222	1.9293189266230923	-2	1	-0.24307371148134399	0.3809700608253479	0.3809700608253479	1762	0.0011239988132743903	1.9804859089894755
0	10	25	18411	8310	0	26415	0.19110012869797527	0.19184017898394082	0.66508579254150391	0.47398566384352864	-0.073658856161512354	1.8641332726783513	-1	1	0.039513728573537403	0.57385343313217163	0.57385343313217163	1177	0.0016826558275186707	1.9804859089894755
0	11	24	35279	18411	1	38301	0.19184017898394082	0.19198516878288313	0.66508579254150391	0.47324561355756306	0.97101999628012825	1.6556670723650184	0	2	0.017503521211227321	0.61756026744842529	0.61756026744842529	888	0.0022302769245376975	1.9804859089894755
0	12	23	61958	35279	-1	50401	0.19198516878288313	0.19244274308005171	0.66508579254150391	0.47310062375862078	-0.95121597935489066	1.5686409219219379	-2	0	-0.031099546086900437	0.62661206722259521	0.62661206722259521	680	0.0029124792779256993	1.9804859089894755
0	13	22	94752	61958	-1	69301	0.19244274308005171	0.19273450352083052	0.66508579254150391	0.47264304946145219	-1.0422765258367037	1.701581384396861	-2	0	0.024845432739433067	0.60618525743484497	0.60618525743484497	488	0.0040583727643226956	1.9804859089894755
0	14	21	141859	94752	0	87167	0.19273450352083052	0.20034469866576946	0.66508579254150391	0.47235128902067336	0.20415747002333393	1.6084217266215464	-1	1	-0.12693031102742072	0.5657581090927124	0.5657581090927124	332	0.0059653190029803479	1.9804859089894755
0	15	20	186540	141859	-1	100791	0.20034469866576946	0.20382091696765478	0.66508579254150391	0.46474109387573448	-0.86918638177990948	1.5125334055813378	-2	0	-0.086486432456553075	0.60856378078460693	0.60856378078460693	245	0.0080836159550590845	1.9804859089894755
0	16	19	268437	186540	1	113285	0.20382091696765478	0.20388768558627357	0.66508579254150391	0.46126487557384915	1.0182505429498545	1.5169273656640685	0	2	-0.012031256975751688	0.64587491750717163	0.64587491750717163	187	0.010590833737911634	1.9804859089894755
0	17	18	358669	268437	1	120769	0.20388768558627357	0.23841355288953886	0.66508579254150391	0.46119810695523034	0.59409083653873251	1.4835436028016973	0	2	0.27360784185560921	0.4912416934967041	0.4912416934967041	106	0.018683829330089392	1.9804859089894755
0	18	17	479091	358669	-1	112337	0.23841355288953886	0.23852462259674373	0.66508579254150391	0.42667223965196505	-1.0207391166954891	1.2854039660229131	-2	0	0.016134318271676638	0.69635379314422607	0.69635379314422607	89	0.022252650662803096	1.9804859089894755
0	19	16	613597	479091	0	101308	0.23852462259674373	0.24605777274775031	0.66508579254150391	0.42656116994476018	-0.17223158792493948	1.2960302943739967	-1	1	0.13289163738886989	0.633980393409729	0.633980393409729	67	0.029559491178947395	1.9804859089894755
0	20	15	834658	613597	-1	81999	0.24605777274775031	0.25210981681346656	0.66508579254150391	0.41902801979375359	-0.85618959614175261	1.1966325097035271	-2	0	-0.12017925527852931	0.67023301124572754	0.67023301124572754	55	0.036008834708899554	1.9804859089894755
0	21	14	936025	834658	-1	60426	0.25210981681346656	0.25944061768419352	0.66508579254150391	0.41297597572803735	-0.85028647062195828	1.1236931443023987	-1	0	-0.13323346336778225	0.77676475048065186	0.77676475048065186	45	0.044010797977543897	1.9804859089894755
0	22	13	1034729	936025	-1	46627	0.25944061768419352	0.25993685250356935	0.66508579254150391	0.40564517485731039	-0.95799631334003965	1.2009279433621582	-2	0	-0.034976025740866203	0.71091556549072266	0.71091556549072266	36	0.055013497471929879	1.9804859089894755
0	23	12	1111989	1034729	-1	33959	0.25993685250356935	0.26012199183390999	0.66508579254150391	0.40514894003793456	-0.97505754918690446	1.1668019162817074	-2	0	-0.021376765383262837	0.72656673192977905	0.72656673192977905	27	0.073351329962573167	1.9804859089894755
0	24	11	1118592	1111989	1	21778	0.26012199183390999	0.27658305544004552	0.63060641288757324	0.37048442105366325	1.2119768993879405	1.0056446884725132	1	2	-0.21078707203228506	0.75871104001998901	0.75871104001998901	22	0.090022086772248891	1.9804859089894755
0	25	10	1119649	1118592	4	12564	0.27658305544004552	0.29534823627247381	0.63060641288757324	0.35402335744752772	3.7942354539328824	0.8937378025740661	3	4	0.23022920757574802	0.78866147994995117	0.78866147994995117	20	0.099024295449473776	1.9804859089894755
0	26	9	1121091	1119649	-3	7166	0.29534823627247381	0.29689134677406465	0.63060641288757324	0.33525817661509943	-2.9395615625809537	0.8908496289255885	-3	-3	-0.067843590496791492	1	1	19	0.1042361004731303	1.9804859089894755
0	27	8	1122320	1121091	0	3932	0.29689134677406465	0.31213907391793444	0.63060641288757324	0.3337150661135086	-0.1847569042222586	0.86434281813967195	-1	0	0.21375419607223844	0.81136131286621094	0.81136131286621094	15	0.13203239393263169	1.9804859089894755
0	28	7	1123475	1122320	2	2028	0.31213907391793444	0.48576947235440726	0.63060641288757324	0.3184673389696388	2.5941953220098024	0.80472741516345569	2	3	-0.73838086141145065	0.3850400447845459	0.3850400447845459	8	0.24756073862368444	1.9804859089894755
0	29	6	1123920	1123475	1	1046	0.48576947235440726	0.48627678557561038	0.63060641288757324	0.14483694053316601	0.96763224743900877	0.54690781127146126	1	1	0.059183196681250751	1	1	7	0.28292655842706793	1.9804859089894755
0	30	5	1124186	1123920	2	464	0.48627678557561038	0.48769086141307921	0.63060641288757324	0.14432962731196286	1.951811567900539	0.48683768690411083	2	2	0.098982542633254178	1	1	6	0.33008098483157927	1.9804859089894755
0	31	4	1124341	1124186	1	198	0.48769086141307921	0.4902784293806986	0.63060641288757324	0.14291555147449406	0.93612355740404196	0.47471677988326855	1	1	0.13455695122398051	1	1	5	0.3960971817978951	1.9804859089894755
0	32	3	1124374	1124341	-1	96	0.4902784293806986	0.56117243322767774	0.63060641288757324	0.14032798350687464	-1.3345836196600072	0.47073020389241282	-1	-1	0.71077576262023245	1	1	4	0.49512147724736888	1.9804859089894755
0	33	2	1124431	1124374	-1	24	0.56117243322767774	0.56120615993052403	0.63060641288757324	0.06943397965989552	-1.0067728090007049	0.30730378832819638	-1	-1	0.022039458210230657	1	1	3	0.66016196966315854	1.9804859089894755
0	34	1	1124463	1124431	-1	12	0.56120615993052403	0.56141040260406616	0.63060641288757324	0.069400252957049255	-1.0170675738950603	0.31461474673053469	-1	-1	0.054249122370855059	1	1	2	0.99024295449473776	1.9804859089894755
0	35	0	1124480	1124463	-5	3	0.56141040260406616	0.59392046928405762	0.63060641288757324	0.069196010283507067	-4.7986353359725404	0.29377501625822788	-5	-5	-0.68543835548786258	1	1	1	1.9804859089894755	1.9804859089894755
1	1	34	1	0	0	5	0	0	0.59392046928405762	0.59392046928405762	0	2.5772610574450954	-2	2	0	0.42660236358642578	0.42660236358642578	267355	0	0
1	2	33	3	1	0	23	0	0	0.59392046928405762	0.59392046928405762	0	2.7252909857031242	-2	2	0	0.41305363178253174	0.41305363178253174	155950	0	0
1	3	32	12	3	0	83	0	0	0.59392046928405762	0.59392046928405762	0	2.6800111157764706	-2	2	0	0.41703617572784424	0.41703617572784424	90893	0	0
1	4	31	27	12	0	261	0	0	0.59392046928405762	0.59392046928405762	0	2.7002205186291919	-2	2	0	0.41524180769920349	0.41524180769920349	51788	0	0
1	5	30	68	27	0	651	0	0	0.59392046928405762	0.59392046928405762	0	2.3697104318254611	-2	2	0	0.44847550988197327	0.44847550988197327	32931	0	0
1	6	29	165	68	0	1565	0	0	0.59392046928405762	0.59392046928405762	0	2.4416545812953974	-2	2	0	0.440472811460495	0.440472811460495	20092	0	0
1	7	28	402	165	0	3373	0	0	0.59392046928405762	0.59392046928405762	0	2.3847445505198053	-2	2	0	0.44676360487937927	0.44676360487937927	12129	0	0
1	8	27	901	402	0	5995	0	0	0.59392046928405762	0.59392046928405762	0	2.1128052257404133	-2	2	0	0.48139816522598267	0.48139816522598267	8212	0	0
1	9	26	2070	901	0	9203	0	0	0.59392046928405762	0.59392046928405762	0	1.8747034895634658	-1	1	0	0.59234988689422607	0.59234988689422607	6139	0	0
1	10	25	3416	2070	0	12817	0	0	0.59392046928405762	0.59392046928405762	0	1.8003871593094714	-1	1	0	0.60293871164321899	0.60293871164321899	4660	0	0
1	11	24	6123	3416	0	17993	0	0	0.59392046928405762	0.59392046928405762	0	1.9015491072472617	-1	1	0	0.58870798349380493	0.58870798349380493	3287	0	0
1	12	23	9444	6123	0	24233	0	0	0.59392046928405762	0.59392046928405762	0	1.9029686303178763	-1	1	0	0.58851802349090576	0.58851802349090576	2276	0	0
1	13	22	15467	9444	0	31311	0	0	0.59392046928405762	0.59392046928405762	0	1.8966854678459451	-1	1	0	0.58936089277267456	0.58936089277267456	1519	0	0
1	14	21	24780	15467	0	37587	0	0	0.59392046928405762	0.59392046928405762	0	1.8140309177324674	-1	1	0	0.60093677043914795	0.60093677043914795	1078	0	0
1	15	20	36197	24780	0	41093	0	0	0.59392046928405762	0.59392046928405762	0	1.7246162663288584	-1	1	0	0.61456239223480225	0.61456239223480225	783	0	0
1	16	19	49142	36197	0	43253	0	0	0.59392046928405762	0.59392046928405762	0	1.7088225333751463	-1	1	0	0.61709815263748169	0.61709815263748169	538	0	0
1	17	18	63933	49142	0	44123	0	0	0.59392046928405762	0.59392046928405762	0	1.6898010228524745	-1	1	0	0.62020635604858398	0.62020635604858398	369	0	0
1	18	17	83638	63933	0	38181	0	0	0.59392046928405762	0.59392046928405762	0	1.4858152382277936	-1	1	0	0.65766710042953491	0.65766710042953491	272	0	0
1	19	16	117775	83638	0	32923	0	0	0.59392046928405762	0.59392046928405762	0	1.5271953040736215	-1	1	0	0.64940917491912842	0.64940917491912842	197	0	0
1	20	15	167474	117775	0	24773	0	0	0.59392046928405762	0.59392046928405762	0	1.3670159767418941	-1	1	0	0.6834978461265564	0.6834978461265564	156	0	0
1	21	14	239355	167474	0	19361	0	0	0.59392046928405762	0.59392046928405762	0	1.454530668718484	-1	1	0	0.66415518522262573	0.66415518522262573	111	0	0
1	22	13	347510	239355	0	14369	0	0	0.59392046928405762	0.59392046928405762	0	1.4132159629764611	-1	1	0	0.6730615496635437	0.6730615496635437	80	0	0
1	23	12	384763	347510	0	9787	0	0	0.59392046928405762	0.59392046928405762	0	1.3129493880687666	-1	1	0	0.6963847279548645	0.6963847279548645	63	0	0
1	24	11	421766	384763	0	6007	0	0	0.59392046928405762	0.59392046928405762	0	1.1962245800174127	-1	1	0	0.72686600685119629	0.72686600685119629	52	0	0
1	25	10	423543	421766	0	3449	0	0	0.59392046928405762	0.59392046928405762	0	1.1608937772358181	-1	1	0	0.73685061931610107	0.73685061931610107	41	0	0
1	26	9	424768	423543	0	1955	0	0	0.59392046928405762	0.59392046928405762	0	1.1812877784665086	-1	1	0	0.73104292154312134	0.73104292154312134	32	0	0
1	27	8	425603	424768	0	1095	0	0	0.59392046928405762	0.59392046928405762	0	1.1479459873833897	-1	1	0	0.7406010627746582	0.7406010627746582	25	0	0
1	28	7	426192	425603	0	573	0	0	0.59392046928405762	0.59392046928405762	0	1.1573421494563643	-1	1	0	0.73787450790405273	0.73787450790405273	18	0	0
1	29	6	426315	426192	0	259	0	0	0.59392046928405762	0.59392046928405762	0	1.0616371214838822	-1	1	0	0.76687264442443848	0.76687264442443848	13	0	0
1	30	5	426472	426315	0	147	0	0	0.59392046928405762	0.59392046928405762	0	1.0593427263489754	-1	1	0	0.76760131120681763	0.76760131120681763	10	0	0
1	31	4	426497	426472	0	59	0	0	0.59392046928405762	0.59392046928405762	0	1.0360741566118072	-1	1	0	0.77507913112640381	0.77507913112640381	7	0	0
1	32	3	426524	426497	0	13	0	0	0.59392046928405762	0.59392046928405762	0	0.89879175976278058	0	0	0	1	1	6	0	0
1	33	2	426531	426524	0	11	0	0	0.59392046928405762	0.59392046928405762	0	0.92053797308424479	0	0	0	1	1	5	0	0
1	34	1	426534	426531	0	7	0	0	0.59392046928405762	0.59392046928405762	0	0.88524278795256184	0	0	0	1	1	4	0	0
1	35	0	426537	426534	1	3	0	0.59392046928405762	0.59392046928405762	0.59392046928405762	0	1.000000000002	-1	1	0.99999999999800004	0.10650698095560074	0.10650698095560074	1	0	0
