[phase 0 initial]
[[46 -187 -57 -12 391 -309 -24 -357 -46 -316 -492 168 80 510 309 105 -328 -286 -18 -111 -23 -163 665 -584 -60 187 -221 -83 83 -48 -22]
[-97 41 -475 -174 130 -53 -607 -388 -108 -223 -248 135 236 164 201 -385 -255 -300 -456 -202 38 -140 -601 -261 -78 -126 -479 295 -299 -32 -31]
[-29 -260 -192 272 538 146 237 122 424 213 282 -72 -230 -43 304 -780 -244 -151 -302 287 313 -511 -206 499 -269 -593 94 116 35 448 -103]
[344 36 291 426 240 -357 311 37 165 145 607 264 -282 136 -410 114 -135 190 112 76 156 146 266 207 -96 -1204 193 -299 -380 624 -13]
[214 137 16 -196 -296 277 127 196 296 -427 -372 -665 246 926 -36 226 646 130 37 -207 434 -491 463 -563 108 447 -19 -7 514 -133 0]
[689 366 283 569 128 -414 214 60 522 -666 92 -133 21 535 167 119 549 -144 -432 -440 103 4 747 350 -166 -48 94 -171 -150 75 50]
[386 -127 -274 647 373 -188 371 -148 310 -377 45 -553 199 521 729 61 451 -81 -405 48 272 -458 -88 362 247 448 162 145 934 116 -345]
[-59 191 135 233 701 -115 475 392 510 32 71 137 -47 593 -20 436 -183 -295 305 -88 506 -937 81 -266 208 -54 47 -29 419 318 -414]
[14 -313 294 495 121 32 -21 -135 326 581 79 59 -297 168 -417 288 86 93 22 -91 -259 737 254 794 247 -251 279 62 321 300 -290]
[-355 -227 32 -326 -224 -152 227 -173 -628 -72 511 -517 82 505 122 -371 -56 212 -490 158 58 -427 -219 -149 -515 -413 61 126 -177 193 289]
[-24 -264 242 -172 -237 -304 365 -29 39 0 54 -374 -16 -91 364 287 -82 -183 -515 -138 243 26 -349 37 85 94 91 80 -298 415 289]
[-260 -611 -771 -24 220 -44 -289 -589 -251 -11 558 -57 132 -17 18 -608 -40 240 -171 -46 325 -17 -285 -290 -398 82 -228 -105 635 337 -384]
[-96 695 350 14 786 359 143 776 548 86 -479 158 56 -106 118 -261 323 -190 -188 145 0 425 334 705 81 -160 247 101 -48 -141 -9]
[806 374 290 -223 -292 78 658 73 456 -469 -70 -146 -127 495 95 -49 702 -167 198 71 152 931 631 -47 196 -637 -123 -199 -346 81 140]
[118 -28 41 368 -266 -461 -255 -45 157 98 16 -433 -78 -415 -116 233 100 606 -35 -5 -83 349 373 -25 595 105 -50 423 -90 47 174]
[-167 331 624 -113 274 152 235 123 211 -9 -192 -629 -507 -166 136 -550 172 -389 -47 544 20 339 61 74 34 -263 -159 26 -492 45 143]
[-35 76 -423 537 323 268 -234 38 424 -182 104 -235 -113 -266 141 -309 414 116 107 291 326 -332 -216 612 110 593 150 -341 -60 502 -477]
[-190 -16 789 324 299 224 201 33 164 241 68 120 268 685 -193 74 265 178 -105 54 62 -3 444 -82 -534 -710 -165 -556 234 164 324]
[348 -131 138 -20 206 495 -229 308 524 -239 -270 -60 -26 487 346 -594 582 -231 -111 -282 -224 -172 495 -146 -315 -572 -373 389 326 187 9]
[-338 270 -233 214 18 -284 604 65 249 -362 288 -133 367 -160 -18 -16 632 137 -354 -120 615 21 227 311 -389 -294 -72 -108 50 -87 253]
[-348 84 -530 -291 256 433 -93 -78 -251 123 -57 287 -213 583 -246 96 18 -177 -208 -932 523 -468 -284 -398 -52 -577 42 249 306 541 -220]
[-109 -88 280 58 218 130 69 166 173 449 533 -42 -375 -927 -763 201 -158 133 197 -340 -34 -214 152 -497 532 75 275 -193 -400 525 3]
[216 -195 588 86 -225 203 206 -12 186 244 -403 -660 81 -45 111 -501 581 504 15 365 -468 -213 62 -401 318 41 45 177 628 -7 -156]
[217 -8 120 -315 -595 -181 -450 82 -146 -38 319 -268 49 108 140 -375 207 384 260 -290 -318 -255 299 929 -106 265 167 143 -129 -168 7]
[-131 -463 -57 256 697 89 -550 -65 -278 541 32 255 -43 33 -471 -342 -350 -434 -714 -84 90 25 364 -420 -396 -165 -38 -6 -152 208 -436]
[-135 169 -242 142 682 -22 710 -580 -43 31 150 -587 -327 333 183 -411 -17 16 -232 100 46 -1 106 33 -647 355 371 164 412 -40 -214]
[-116 123 -59 290 112 -70 -326 -612 -560 -619 -84 -358 535 -230 180 -211 -436 -41 -336 249 -452 -73 36 437 -293 -122 -407 -529 -238 0 392]
[-436 -282 -2 -117 100 -602 -571 -225 -968 371 -232 164 102 -15 29 270 -342 587 13 -180 -628 335 -160 -103 157 -839 -330 125 -162 -489 -82]
[19 340 -462 122 679 14 -22 497 -142 -982 -551 10 144 260 -237 -212 110 -262 -85 126 83 -285 76 -29 189 592 -345 452 -145 -479 -177]
[132 125 -436 -502 -147 -360 194 316 -14 198 114 -651 333 12 -203 353 387 282 146 431 59 372 589 -739 339 102 254 -348 -135 -100 539]
[-245 444 99 -169 -280 134 -1 -24 -282 234 205 422 -471 -1272 -550 421 89 438 507 259 126 -310 54 -191 345 466 -425 -177 167 -13 -18]]
[phase 0 refreshed]
[[-24 -264 242 -172 -237 -304 365 -29 39 0 54 -374 -16 -91 364 287 -82 -183 -515 -138 243 26 -349 37 85 94 91 80 -298 415 289]
[24 -401 51 6 -212 266 -302 -43 5 129 -239 184 118 -207 -163 378 -134 -219 -344 -405 200 -235 -486 168 -387 336 330 -547 30 267 87]
[-118 28 -41 -368 266 461 255 45 -157 -98 -16 433 78 415 116 -233 -100 -606 35 5 83 -349 -373 25 -595 -105 50 -423 90 -47 -174]
[-355 -227 32 -326 -224 -152 227 -173 -628 -72 511 -517 82 505 122 -371 -56 212 -490 158 58 -427 -219 -149 -515 -413 61 126 -177 193 289]
[46 -187 -57 -12 391 -309 -24 -357 -46 -316 -492 168 80 510 309 105 -328 -286 -18 -111 -23 -163 665 -584 -60 187 -221 -83 83 -48 -22]
[-97 41 -475 -174 130 -53 -607 -388 -108 -223 -248 135 236 164 201 -385 -255 -300 -456 -202 38 -140 -601 -261 -78 -126 -479 295 -299 -32 -31]
[14 -313 294 495 121 32 -21 -135 326 581 79 59 -297 168 -417 288 86 93 22 -91 -259 737 254 794 247 -251 279 62 321 300 -290]
[-381 271 308 -80 509 -70 601 310 -551 235 310 -443 264 564 88 204 278 426 -237 580 70 193 -248 276 152 -688 475 128 444 269 -25]
[-351 80 13 -454 231 -135 -18 36 -88 -138 -149 -201 402 -171 196 198 445 18 -572 -326 255 945 -94 -47 37 609 16 -40 254 163 -1]
[-406 224 -313 -283 45 281 -258 331 352 -97 561 68 109 -56 -463 -333 338 -22 13 -587 529 -475 -300 -191 -447 549 -221 -68 267 38 -368]
[-29 -260 -192 272 538 146 237 122 424 213 282 -72 -230 -43 304 -780 -244 -151 -302 287 313 -511 -206 499 -269 -593 94 116 35 448 -103]
[-71 648 561 -130 -207 196 151 445 -416 -61 -101 -86 -34 613 -260 -50 66 155 196 342 -510 -436 415 104 -202 -589 198 151 -514 -559 384]
[-49 -3 359 297 246 445 -201 -184 -294 341 -207 -155 -247 -117 -543 377 131 -21 565 554 -11 273 -439 -75 148 -136 247 -700 505 114 -364]
[217 444 359 -152 4 253 466 45 -145 -80 -360 -241 -321 -17 755 -54 -31 -64 -246 -215 154 55 335 -252 389 744 170 -171 -163 -127 450]
[218 -378 -170 104 156 518 220 -329 -184 -58 491 -299 -51 -584 102 -407 376 -259 -478 -199 -185 -84 -390 156 -24 472 440 -442 205 276 -102]
[-231 683 177 -154 410 -5 777 102 -668 -407 55 -352 -476 -277 567 258 408 -419 39 -127 289 -182 -221 -431 221 131 170 -46 177 119 2]
[-85 -209 331 357 200 -86 -813 150 -191 162 125 422 49 171 -463 349 -11 277 105 -564 -533 -446 336 -391 -338 -546 -151 173 257 282 -41]
[116 -95 35 -222 188 -87 225 163 698 180 453 -22 261 38 146 -379 -268 -60 -331 -159 -183 -474 -622 -57 -916 -98 -167 562 -271 194 83]
[-566 528 434 77 82 -430 -538 274 342 -82 -226 106 -46 -207 -131 517 49 -431 -40 -281 459 257 -680 321 -368 744 -403 -111 -15 -125 -278]
[104 -196 133 269 50 36 -462 -1 267 -207 -22 68 -171 -753 583 -62 512 -277 -254 -209 -402 524 -327 567 41 261 -207 19 -581 789 -76]
[-499 290 349 496 261 -512 742 268 188 716 -294 47 -464 -99 133 -20 -310 502 -31 94 252 -447 86 657 236 -194 513 435 453 135 -292]
[-503 -50 28 -239 217 383 875 -92 -252 -59 -363 -74 243 -752 208 171 171 -504 -247 56 -21 -213 40 -177 91 331 281 -357 -147 -271 463]
[101 -317 59 15 168 114 -10 -49 30 260 629 -436 247 -441 -82 770 353 74 527 -214 -360 -84 -279 570 -235 -261 227 184 235 327 223]
[-338 270 -233 214 18 -284 604 65 249 -362 288 -133 367 -160 -18 -16 632 137 -354 -120 615 21 227 311 -389 -294 -72 -108 50 -87 253]
[159 142 -570 218 170 -533 -371 97 -344 -147 327 228 714 -527 -206 186 470 186 101 -284 600 -324 492 -105 -37 355 -116 -258 294 -323 -480]
[-39 19 -36 -302 -8 -208 129 -361 -341 -175 315 57 246 -344 139 -475 -12 -230 -331 -360 -145 -462 4 698 -189 -734 162 -218 -955 153 426]
[37 -173 435 261 -9 -400 -41 77 -89 394 -442 15 897 -67 158 132 -499 -2 -653 272 -331 12 -240 50 156 -482 -619 299 83 251 -191]
[-769 -363 402 -398 -222 -572 143 465 -469 497 631 -277 -41 -326 -271 609 169 682 -33 -703 106 26 -208 4 -127 -70 19 -158 106 -4 -130]
[79 -675 910 -151 276 -266 -24 -84 -387 -195 -320 -346 345 498 -350 510 151 -175 -183 -327 243 524 -168 64 -126 101 -353 -391 741 103 172]
[203 351 -405 150 -130 -66 203 159 138 718 382 143 -449 279 275 -371 -153 8 273 411 -172 449 357 719 -149 13 210 -285 -78 -444 329]
[427 313 647 -140 -394 -148 -164 -202 -637 -142 520 -95 -735 -72 -243 185 -50 369 -61 97 -328 -754 355 -301 53 299 -198 -114 -210 342 68]]
[phase 1 initial]
[[-24 -264 242 -172 -237 -304 365 -29 39 0 54 -374 -16 -91 364 287 -82 -183 -515 -138 243 26 -349 37 85 94 91 80 -298 415 289]
[24 -401 51 6 -212 266 -302 -43 5 129 -239 184 118 -207 -163 378 -134 -219 -344 -405 200 -235 -486 168 -387 336 330 -547 30 267 87]
[-118 28 -41 -368 266 461 255 45 -157 -98 -16 433 78 415 116 -233 -100 -606 35 5 83 -349 -373 25 -595 -105 50 -423 90 -47 -174]
[-355 -227 32 -326 -224 -152 227 -173 -628 -72 511 -517 82 505 122 -371 -56 212 -490 158 58 -427 -219 -149 -515 -413 61 126 -177 193 289]
[46 -187 -57 -12 391 -309 -24 -357 -46 -316 -492 168 80 510 309 105 -328 -286 -18 -111 -23 -163 665 -584 -60 187 -221 -83 83 -48 -22]
[-97 41 -475 -174 130 -53 -607 -388 -108 -223 -248 135 236 164 201 -385 -255 -300 -456 -202 38 -140 -601 -261 -78 -126 -479 295 -299 -32 -31]
[14 -313 294 495 121 32 -21 -135 326 581 79 59 -297 168 -417 288 86 93 22 -91 -259 737 254 794 247 -251 279 62 321 300 -290]
[-381 271 308 -80 509 -70 601 310 -551 235 310 -443 264 564 88 204 278 426 -237 580 70 193 -248 276 152 -688 475 128 444 269 -25]
[-351 80 13 -454 231 -135 -18 36 -88 -138 -149 -201 402 -171 196 198 445 18 -572 -326 255 945 -94 -47 37 609 16 -40 254 163 -1]
[-406 224 -313 -283 45 281 -258 331 352 -97 561 68 109 -56 -463 -333 338 -22 13 -587 529 -475 -300 -191 -447 549 -221 -68 267 38 -368]
[-29 -260 -192 272 538 146 237 122 424 213 282 -72 -230 -43 304 -780 -244 -151 -302 287 313 -511 -206 499 -269 -593 94 116 35 448 -103]
[-71 648 561 -130 -207 196 151 445 -416 -61 -101 -86 -34 613 -260 -50 66 155 196 342 -510 -436 415 104 -202 -589 198 151 -514 -559 384]
[-49 -3 359 297 246 445 -201 -184 -294 341 -207 -155 -247 -117 -543 377 131 -21 565 554 -11 273 -439 -75 148 -136 247 -700 505 114 -364]
[217 444 359 -152 4 253 466 45 -145 -80 -360 -241 -321 -17 755 -54 -31 -64 -246 -215 154 55 335 -252 389 744 170 -171 -163 -127 450]
[218 -378 -170 104 156 518 220 -329 -184 -58 491 -299 -51 -584 102 -407 376 -259 -478 -199 -185 -84 -390 156 -24 472 440 -442 205 276 -102]
[-231 683 177 -154 410 -5 777 102 -668 -407 55 -352 -476 -277 567 258 408 -419 39 -127 289 -182 -221 -431 221 131 170 -46 177 119 2]
[-85 -209 331 357 200 -86 -813 150 -191 162 125 422 49 171 -463 349 -11 277 105 -564 -533 -446 336 -391 -338 -546 -151 173 257 282 -41]
[116 -95 35 -222 188 -87 225 163 698 180 453 -22 261 38 146 -379 -268 -60 -331 -159 -183 -474 -622 -57 -916 -98 -167 562 -271 194 83]
[-566 528 434 77 82 -430 -538 274 342 -82 -226 106 -46 -207 -131 517 49 -431 -40 -281 459 257 -680 321 -368 744 -403 -111 -15 -125 -278]
[104 -196 133 269 50 36 -462 -1 267 -207 -22 68 -171 -753 583 -62 512 -277 -254 -209 -402 524 -327 567 41 261 -207 19 -581 789 -76]
[-499 290 349 496 261 -512 742 268 188 716 -294 47 -464 -99 133 -20 -310 502 -31 94 252 -447 86 657 236 -194 513 435 453 135 -292]
[-503 -50 28 -239 217 383 875 -92 -252 -59 -363 -74 243 -752 208 171 171 -504 -247 56 -21 -213 40 -177 91 331 281 -357 -147 -271 463]
[101 -317 59 15 168 114 -10 -49 30 260 629 -436 247 -441 -82 770 353 74 527 -214 -360 -84 -279 570 -235 -261 227 184 235 327 223]
[-338 270 -233 214 18 -284 604 65 249 -362 288 -133 367 -160 -18 -16 632 137 -354 -120 615 21 227 311 -389 -294 -72 -108 50 -87 253]
[159 142 -570 218 170 -533 -371 97 -344 -147 327 228 714 -527 -206 186 470 186 101 -284 600 -324 492 -105 -37 355 -116 -258 294 -323 -480]
[-39 19 -36 -302 -8 -208 129 -361 -341 -175 315 57 246 -344 139 -475 -12 -230 -331 -360 -145 -462 4 698 -189 -734 162 -218 -955 153 426]
[37 -173 435 261 -9 -400 -41 77 -89 394 -442 15 897 -67 158 132 -499 -2 -653 272 -331 12 -240 50 156 -482 -619 299 83 251 -191]
[-769 -363 402 -398 -222 -572 143 465 -469 497 631 -277 -41 -326 -271 609 169 682 -33 -703 106 26 -208 4 -127 -70 19 -158 106 -4 -130]
[79 -675 910 -151 276 -266 -24 -84 -387 -195 -320 -346 345 498 -350 510 151 -175 -183 -327 243 524 -168 64 -126 101 -353 -391 741 103 172]
[203 351 -405 150 -130 -66 203 159 138 718 382 143 -449 279 275 -371 -153 8 273 411 -172 449 357 719 -149 13 210 -285 -78 -444 329]
[427 313 647 -140 -394 -148 -164 -202 -637 -142 520 -95 -735 -72 -243 185 -50 369 -61 97 -328 -754 355 -301 53 299 -198 -114 -210 342 68]]
