[phase 0]
score=4.617962339622848
squared_norm=1691455
coefficients=[0 0 0 0 0 0 0 0 0 0 -1 0 0 0 0 0 0 0 0 0 0 0 0 0 0 0 0 0 0 0 0]
vector=[24 264 -242 172 237 304 -365 29 -39 0 -54 374 16 91 -364 -287 82 183 515 138 -243 -26 349 -37 -85 -94 -91 -80 298 -415 -289]

[phase 1]
score=0
squared_norm=1691455
coefficients=[1 0 0 0 0 0 0 0 0 0 0 0 0 0 0 0 0 0 0 0 0 0 0 0 0 0 0 0 0 0 0]
vector=[-24 -264 242 -172 -237 -304 365 -29 39 0 54 -374 -16 -91 364 287 -82 -183 -515 -138 243 26 -349 37 85 94 91 80 -298 415 289]

