[phase 0]
score=6.378070577745897
squared_norm=2263343
coefficients=[2 1 5 1 0 0 0 -2 -1 -1 -2 -1 -1 3 0 0 1 -1 0 -2 -1 -1 1 0 1 0 -1 1 0 -1 -1 0 0 0 0]
vector=[274 257 -259 -120 147 85 116 42 -143 124 266 43 111 -277 347 -13 -48 179 -406 80 -196 -1 -330 -593 -168 95 -252 -301 355 -259 -581 54 -46 -400 295]

[phase 1]
score=0
squared_norm=2263343
coefficients=[1 0 0 0 0 0 0 0 0 0 0 0 0 0 0 0 0 0 0 0 0 0 0 0 0 0 0 0 0 0 0 0 0 0 0]
vector=[274 257 -259 -120 147 85 116 42 -143 124 266 43 111 -277 347 -13 -48 179 -406 80 -196 -1 -330 -593 -168 95 -252 -301 355 -259 -581 54 -46 -400 295]

