[phase 0]
score=2.047373695026738
squared_norm=2280290
coefficients=[-1 0 0 -2 2 0 -1 0 1 0 -2 0 -1 -1 0 0 -1 -1 0 1 -1 0 0 0 1 1 -1 0 0 0 0 0]
vector=[512 -131 137 555 -232 -271 124 -102 284 -361 -73 276 -84 -218 103 156 -116 109 -66 -415 158 332 145 -175 -138 251 -436 -285 -168 32 512 325]

[phase 1]
score=0
squared_norm=2280290
coefficients=[1 0 0 0 0 0 0 0 0 0 0 0 0 0 0 0 0 0 0 0 0 0 0 0 0 0 0 0 0 0 0 0]
vector=[512 -131 137 555 -232 -271 124 -102 284 -361 -73 276 -84 -218 103 156 -116 109 -66 -415 158 332 145 -175 -138 251 -436 -285 -168 32 512 325]

