phase	depth	k	node	parent	z_k	nodes_at_depth	parent_rho	rho	bound_r2	remaining	center	delta	legal_lo	legal_hi	offset	P	Ptheta	N	Q	M
0	1	31	1	0	0	5	0	0	0.5484774112701416	0.5484774112701416	0	2.2793651494461553	-2	2	0	0.44291108846664429	0.44291108846664429	186216	3.1468948793066998e-05	2.0473736950267378
0	2	30	3	1	0	21	0	0	0.5484774112701416	0.5484774112701416	0	2.4727942117357511	-2	2	0	0.42210227880034268	0.42210227880034268	104149	5.6265751648597338e-05	2.0473736950267378
0	3	29	12	3	0	63	0	0	0.5484774112701416	0.5484774112701416	0	2.372929385160361	-2	2	0	0.43241966415076949	0.43241966415076949	59298	9.8823261635295689e-05	2.0473736950267378
0	4	28	27	12	0	225	0	0	0.5484774112701416	0.5484774112701416	0	2.7009408260669368	-2	2	0	0.40144392848014832	0.40144392848014832	28837	7.0998151507672009e-05	2.0473736950267378
0	5	27	66	27	0	611	0	0	0.5484774112701416	0.5484774112701416	0	2.3946745869734323	-2	2	0	0.43009910628347259	0.43009910628347259	14886	0.00013753685980295163	2.0473736950267378
0	6	26	196	66	-1	1331	0	0.11913039790306269	0.5484774112701416	0.5484774112701416	0	2.1456954332245379	-2	2	-0.46604936773212319	0.19092666818310816	0.19092666818310816	3362	0.00060897492416024321	2.0473736950267378
0	7	25	1011	196	1	2901	0.11913039790306269	0.16457645605775803	0.5484774112701416	0.42934701336707892	0.36750543648746953	1.944074528505644	-1	2	0.32534481278282651	0.31559643149375916	0.31559643149375916	1334	0.0015347628898251407	2.0473736950267378
0	8	24	2418	1011	1	5389	0.16457645605775803	0.16629492026461359	0.5484774112701416	0.3839009552123836	0.88565812619786077	1.7090102047859717	0	2	0.06690531951297439	0.56294231768038394	0.56294231768038394	897	0.0022824678874322608	2.0473736950267378
0	9	23	5310	2418	0	9275	0.16629492026461359	0.16662298008514687	0.5484774112701416	0.38218249100552798	-0.048541251095117005	1.656799052344998	-1	1	0.029298212735221419	0.58952815219056831	0.58952815219056831	618	0.003312902419137116	2.0473736950267378
0	10	22	9331	5310	0	13855	0.16662298008514687	0.1759969371494734	0.5484774112701416	0.38185443118499474	0.23719457087581775	1.5138825450735309	-1	1	-0.1566796391488198	0.54807360613565459	0.54807360613565459	423	0.0048401269385974889	2.0473736950267378
0	11	21	14281	9331	0	18331	0.1759969371494734	0.2106487472109978	0.5484774112701416	0.3724804741206682	0.42354890821877911	1.3886485969975395	0	1	-0.30500798339807028	0.55037490754267249	0.55037490754267249	238	0.0086024104833056208	2.0473736950267378
0	12	20	24570	14281	-1	23637	0.2106487472109978	0.21484193788617034	0.5484774112701416	0.3378286640591438	-0.85054348992838247	1.3415003154731358	-2	0	-0.11140997012654855	0.60858117627231512	0.60858117627231512	179	0.011437841871657754	2.0473736950267378
0	13	19	43127	24570	1	28485	0.21484193788617034	0.26352365370788522	0.5484774112701416	0.33363547338397126	0.50404158734067528	1.2983698830506771	0	1	0.38198545663583205	0.50283211469650269	0.50283211469650269	97	0.021106945309553999	2.0473736950267378
0	14	18	51738	43127	0	33779	0.26352365370788522	0.30041009302282196	0.5484774112701416	0.28495375756225638	0.44166847758665106	1.2275812068577574	0	1	-0.35978758482071499	0.54250810913717418	0.54250810913717418	61	0.033563503197159637	2.0473736950267378
0	15	17	86676	51738	-1	34497	0.30041009302282196	0.30161310588974538	0.5484774112701416	0.24806731824731962	-1.0718320151864693	1.0314963368909433	-2	-1	0.069638652719775831	0.81270956526861027	0.81270956526861027	52	0.039372571058206497	2.0473736950267378
0	16	16	148854	86676	-1	34577	0.30161310588974538	0.30163841071809722	0.5484774112701416	0.24686430538039622	-0.98905640343557033	1.0809050005538279	-2	0	-0.01012447584091339	0.71576138483766871	0.71576138483766871	40	0.051184342375668448	2.0473736950267378
0	17	15	200539	148854	0	29155	0.30163841071809722	0.33311027996606835	0.5484774112701416	0.24683900055204439	0.34958367090170417	0.97903171121403321	0	1	-0.3570708352931779	0.63249750830225671	0.63249750830225671	31	0.066044312742797998	2.0473736950267378
0	18	14	249603	200539	0	24247	0.33311027996606835	0.40618315411213651	0.5484774112701416	0.21536713130407323	0.54966236953535408	0.94364278256556267	0	1	-0.58248987825768117	0.45435917377471924	0.45435917377471924	15	0.13649157966844919	2.0473736950267378
0	19	13	279429	249603	-1	17571	0.40618315411213651	0.40664939855231663	0.5484774112701416	0.14229425715800509	-0.95969095351137967	0.70418922968756448	-1	-1	-0.057241782164865911	1	1	14	0.14624097821619556	2.0473736950267378
0	20	12	299442	279429	-1	11671	0.40664939855231663	0.40664946480492081	0.5484774112701416	0.141828012717825	-0.99955238732134566	0.65491043657183456	-1	-1	-0.00068347159192852188	1	1	13	0.15749028423282599	2.0473736950267378
0	21	11	302400	299442	0	7397	0.40664946480492081	0.41662877692662398	0.5484774112701416	0.14182794646522079	0.1700675738056556	0.64113888908813954	0	0	-0.26525855271005999	1	1	12	0.17061447458556148	2.0473736950267378
0	22	10	304396	302400	-2	4507	0.41662877692662398	0.43767227456818691	0.5484774112701416	0.13184863434351762	-1.7633679169270098	0.59231466032461588	-2	-2	-0.39950401184280154	1	1	11	0.18612488136606709	2.0473736950267378
0	23	9	306630	304396	0	2773	0.43767227456818691	0.46426945980156215	0.5484774112701416	0.11080513670195469	0.27290004095611203	0.55701348435642906	0	0	-0.4899343527947434	1	1	10	0.20473736950267379	2.0473736950267378
0	24	8	306899	306630	1	1526	0.46426945980156215	0.47562881050353534	0.5484774112701416	0.08420795146857947	0.83720776178081902	0.44323443300927901	1	1	0.36728247197295916	1	1	9	0.22748596611408198	2.0473736950267378
0	25	7	307033	306899	0	754	0.47562881050353534	0.48000732486772135	0.5484774112701416	0.07284860076660625	-0.096862757930863075	0.39509728762481139	0	0	0.24516178917139259	1	1	8	0.25592171187834223	2.0473736950267378
0	26	6	307075	307033	-1	392	0.48000732486772135	0.48024066965717405	0.5484774112701416	0.068470086402420263	-0.97744711576488696	0.38632558847034754	-1	-1	-0.058377919838059289	1	1	7	0.29248195643239111	2.0473736950267378
0	27	5	307153	307075	0	184	0.48024066965717405	0.50901021187731199	0.5484774112701416	0.068236741612967555	-0.23904722931985975	0.36815133436665665	0	0	0.64931784026017692	1	1	6	0.34122894917112295	2.0473736950267378
0	28	4	307195	307153	2	74	0.50901021187731199	0.50969363184097038	0.5484774112701416	0.039467199392829611	1.9653843541037992	0.26305512291408378	2	2	0.13159084496334469	1	1	5	0.40947473900534759	2.0473736950267378
0	29	3	307229	307195	-2	38	0.50969363184097038	0.51880339188867042	0.5484774112701416	0.038783779429171189	-2.1316578999652465	0.27165551030885798	-2	-2	0.48465020943458309	1	1	4	0.51184342375668446	2.0473736950267378
0	30	2	307271	307229	0	18	0.51880339188867042	0.53351284422333178	0.5484774112701416	0.02967401938147117	-0.15600860034448943	0.2215840402948262	0	0	0.70406063603188174	1	1	3	0.68245789834224591	2.0473736950267378
0	31	1	307285	307271	0	10	0.53351284422333178	0.54128309769041372	0.5484774112701416	0.014964567046809801	0.1178364119312348	0.16352870414530887	0	0	-0.72058549321425136	1	1	2	1.0236868475133689	2.0473736950267378
0	32	0	307304	307285	-1	5	0.54128309769041372	0.54366350173950195	0.5484774112701416	0.007194313579727842	-0.9385542337251177	0.1068221479075083	-1	-1	-0.57521560349156242	1	1	1	2.0473736950267378	2.0473736950267378
1	1	31	1	0	0	5	0	0	0.54366350173950195	0.54366350173950195	0	2.2693402696591947	-2	2	0	0.46047636866569519	0.46047636866569519	97598	0	0
1	2	30	3	1	0	21	0	0	0.54366350173950195	0.54366350173950195	0	2.4466146301785527	-2	2	0	0.43993830680847168	0.43993830680847168	60143	0	0
1	3	29	12	3	0	57	0	0	0.54366350173950195	0.54366350173950195	0	2.2486813339365388	-2	2	0	0.46307647228240967	0.46307647228240967	39412	0	0
1	4	28	27	12	0	147	0	0	0.54366350173950195	0.54366350173950195	0	2.3195777498928369	-2	2	0	0.45434224605560303	0.45434224605560303	24479	0	0
1	5	27	58	27	0	357	0	0	0.54366350173950195	0.54366350173950195	0	2.3261310399964144	-2	2	0	0.4535612165927887	0.4535612165927887	14984	0	0
1	6	26	135	58	0	807	0	0	0.54366350173950195	0.54366350173950195	0	2.3655038845226937	-2	2	0	0.44895833730697632	0.44895833730697632	8837	0	0
1	7	25	288	135	0	1697	0	0	0.54366350173950195	0.54366350173950195	0	2.2861950366616646	-2	2	0	0.45838898420333862	0.45838898420333862	5218	0	0
1	8	24	617	288	0	3201	0	0	0.54366350173950195	0.54366350173950195	0	2.1358341392486579	-2	2	0	0.47813594341278076	0.47813594341278076	3237	0	0
1	9	23	1302	617	0	5013	0	0	0.54366350173950195	0.54366350173950195	0	1.9430802418152129	-1	1	0	0.58325409889221191	0.58325409889221191	2142	0	0
1	10	22	2110	1302	0	7439	0	0	0.54366350173950195	0.54366350173950195	0	1.9077717480672354	-1	1	0	0.58787709474563599	0.58787709474563599	1441	0	0
1	11	21	3371	2110	0	9693	0	0	0.54366350173950195	0.54366350173950195	0	1.7863328206738665	-1	1	0	0.60502922534942627	0.60502922534942627	1042	0	0
1	12	20	4820	3371	0	12609	0	0	0.54366350173950195	0.54366350173950195	0	1.8355984532689249	-1	1	0	0.59782618284225464	0.59782618284225464	679	0	0
1	13	19	7411	4820	0	15033	0	0	0.54366350173950195	0.54366350173950195	0	1.754157768111835	-1	1	0	0.60992598533630371	0.60992598533630371	462	0	0
1	14	18	11286	7411	0	15675	0	0	0.54366350173950195	0.54366350173950195	0	1.579147805356476	-1	1	0	0.63953781127929688	0.63953781127929688	335	0	0
1	15	17	16923	11286	0	15957	0	0	0.54366350173950195	0.54366350173950195	0	1.6041378385058158	-1	1	0	0.63497698307037354	0.63497698307037354	236	0	0
1	16	16	22834	16923	0	15043	0	0	0.54366350173950195	0.54366350173950195	0	1.5268826287259736	-1	1	0	0.64947015047073364	0.64947015047073364	185	0	0
1	17	15	32373	22834	0	12513	0	0	0.54366350173950195	0.54366350173950195	0	1.3847775378852598	-1	1	0	0.6794244647026062	0.6794244647026062	136	0	0
1	18	14	44188	32373	0	9515	0	0	0.54366350173950195	0.54366350173950195	0	1.2996392085987503	-1	1	0	0.69967305660247803	0.69967305660247803	107	0	0
1	19	13	61231	44188	0	6827	0	0	0.54366350173950195	0.54366350173950195	0	1.2587434848646017	-1	1	0	0.71007305383682251	0.71007305383682251	88	0	0
1	20	12	76686	61231	0	4911	0	0	0.54366350173950195	0.54366350173950195	0	1.2933389496710894	-1	1	0	0.70124590396881104	0.70124590396881104	65	0	0
1	21	11	110653	76686	0	3123	0	0	0.54366350173950195	0.54366350173950195	0	1.190835549889381	-1	1	0	0.72836554050445557	0.72836554050445557	54	0	0
1	22	10	130612	110653	0	2039	0	0	0.54366350173950195	0.54366350173950195	0	1.2171179265448491	-1	1	0	0.7211310863494873	0.7211310863494873	43	0	0
1	23	9	139625	130612	0	1155	0	0	0.54366350173950195	0.54366350173950195	0	1.1482672107018106	-1	1	0	0.74050742387771606	0.74050742387771606	38	0	0
1	24	8	143060	139625	0	641	0	0	0.54366350173950195	0.54366350173950195	0	1.1455653020305352	-1	1	0	0.74129605293273926	0.74129605293273926	29	0	0
1	25	7	143829	143060	0	333	0	0	0.54366350173950195	0.54366350173950195	0	1.0795926322687042	-1	1	0	0.76122432947158813	0.76122432947158813	24	0	0
1	26	6	144066	143829	0	189	0	0	0.54366350173950195	0.54366350173950195	0	1.1324706118894274	-1	1	0	0.74514859914779663	0.74514859914779663	15	0	0
1	27	5	144101	144066	0	93	0	0	0.54366350173950195	0.54366350173950195	0	1.1208519150115723	-1	1	0	0.74860948324203491	0.74860948324203491	12	0	0
1	28	4	144142	144101	0	45	0	0	0.54366350173950195	0.54366350173950195	0	1.0375718516501562	-1	1	0	0.77459299564361572	0.77459299564361572	9	0	0
1	29	3	144157	144142	0	23	0	0	0.54366350173950195	0.54366350173950195	0	1.0171869711761297	-1	1	0	0.78126609325408936	0.78126609325408936	6	0	0
1	30	2	144170	144157	0	11	0	0	0.54366350173950195	0.54366350173950195	0	0.99281150054717471	0	0	0	1	1	5	0	0
1	31	1	144173	144170	0	7	0	0	0.54366350173950195	0.54366350173950195	0	0.93064611682908538	0	0	0	1	1	4	0	0
1	32	0	144178	144173	1	3	0	0.54366350173950195	0.54366350173950195	0.54366350173950195	0	1.000000000002	-1	1	0.99999999999800004	0.10650698095560074	0.10650698095560074	1	0	0
