phase	depth	k	node	parent	z_k	nodes_at_depth	parent_rho	rho	bound_r2	remaining	center	delta	legal_lo	legal_hi	offset	P	Ptheta	N	Q	M
0	1	33	2	0	-1	7	0	0.064152489234240537	0.60297822952270508	0.60297822952270508	0	3.0658016943461512	-3	3	-0.32617895731617819	0.1816796213388443	0.1816796213388443	124860	3.3460291965013366e-06	0.41778520547515691
0	2	32	13	2	-1	31	0.064152489234240537	0.085198278532944066	0.60297822952270508	0.53882574028846453	-0.48658555223705557	2.5978235163944889	-3	2	-0.19763253528303984	0.29498350620269775	0.29498350620269775	56292	7.4217509677246658e-06	0.41778520547515691
0	3	31	34	13	1	89	0.085198278532944066	0.085639870942180604	0.60297822952270508	0.51777995098976104	0.92936802686487108	2.4185950178846989	-1	3	0.029203720595150969	0.42820876836776733	0.42820876836776733	34589	1.2078556924893952e-05	0.41778520547515691
0	4	30	101	34	0	271	0.085639870942180604	0.088153405196842019	0.60297822952270508	0.51733835858052446	0.16913334343694006	2.4264657771672224	-2	2	-0.069703576711638099	0.40573063492774963	0.40573063492774963	20232	2.0649723481373909e-05	0.41778520547515691
0	5	29	221	101	1	731	0.088153405196842019	0.099737204909381955	0.60297822952270508	0.51482482432586307	0.65638140543263246	2.2907667841390613	-1	2	0.15000156146253432	0.4005487859249115	0.4005487859249115	10939	3.8192266704009222e-05	0.41778520547515691
0	6	28	534	221	1	1701	0.099737204909381955	0.10171236906343234	0.60297822952270508	0.5032410246133231	0.86881772586711514	2.0939271920055229	-1	2	0.06264891856494828	0.48325818777084351	0.48325818777084351	7176	5.8219788945813396e-05	0.41778520547515691
0	7	27	1441	534	-2	3543	0.10171236906343234	0.14113770665455888	0.60297822952270508	0.50126586045927268	-1.4190603943014415	2.0714637556462701	-3	0	-0.28044883919164337	0.33387038111686707	0.33387038111686707	3145	0.00013284108282198947	0.41778520547515691
0	8	26	2845	1441	-1	6861	0.14113770665455888	0.1527353328932794	0.60297822952270508	0.4618405228681462	-0.68963369188643187	1.9585561823817996	-2	1	-0.15846689051121923	0.43790692090988159	0.43790692090988159	1845	0.00022644184578599291	0.41778520547515691
0	9	25	7618	2845	1	11885	0.1527353328932794	0.15297600331224484	0.60297822952270508	0.45024289662942568	0.95730233964464795	1.8467842247152342	0	2	0.023120004916619776	0.58479952812194824	0.58479952812194824	1299	0.00032162063546971277	0.41778520547515691
0	10	24	13806	7618	-1	18893	0.15297600331224484	0.15885322489310719	0.60297822952270508	0.45000222621046027	-0.79624223232668312	1.7829348450904421	-2	0	-0.1142822286716714	0.54342478513717651	0.54342478513717651	855	0.00048863766722240579	0.41778520547515691
0	11	23	20559	13806	1	26655	0.15885322489310719	0.18188423220391839	0.60297822952270508	0.44412500462959786	1.3755752214911208	1.6492750077597376	0	3	-0.22772140469240265	0.44309517741203308	0.44309517741203308	507	0.0008240339358484357	0.41778520547515691
0	12	22	45531	20559	0	32347	0.18188423220391839	0.18387778313787187	0.60297822952270508	0.42109399731878672	0.099690992968963457	1.4488778698379043	-1	1	-0.068805656463036838	0.6318545937538147	0.6318545937538147	400	0.0010444630136878922	0.41778520547515691
0	13	21	75571	45531	2	41185	0.18387778313787187	0.1838985322202823	0.60297822952270508	0.41910044638483318	2.0109341469363038	1.5539767603908048	1	3	-0.0070362358144623475	0.64099878072738647	0.64099878072738647	298	0.0014019637767622715	0.41778520547515691
0	14	20	102263	75571	0	49851	0.1838985322202823	0.20084258703454744	0.60297822952270508	0.41907969730242278	0.30841763539475159	1.5338356940798485	-1	1	-0.20107605826696581	0.53241652250289917	0.53241652250289917	182	0.0022955231070063567	0.41778520547515691
0	15	19	151107	102263	-2	51799	0.20084258703454744	0.21498675523931041	0.60297822952270508	0.40213564248815764	-1.7505964892890302	1.3298422911839727	-3	-1	-0.18754367518942658	0.59072130918502808	0.59072130918502808	133	0.0031412421464297514	0.41778520547515691
0	16	18	200108	151107	1	52896	0.21498675523931041	0.2149994764156917	0.60297822952270508	0.38799147428339464	1.0076264932899524	1.3319022317781828	0	2	-0.0057260158501052042	0.68932104110717773	0.68932104110717773	106	0.0039413698629731783	0.41778520547515691
0	17	17	277909	200108	-2	51522	0.2149994764156917	0.25201141473369731	0.60297822952270508	0.38797875310701341	-1.5867143078099546	1.3380841520010571	-2	-1	-0.30886375238208397	0.56444436311721802	0.56444436311721802	62	0.0067384710560509176	0.41778520547515691
0	18	16	319039	277909	-1	46145	0.25201141473369731	0.25293566055858163	0.60297822952270508	0.35096681478900776	-1.0636557042167687	1.2404424082751455	-2	0	0.051316936435028007	0.69238418340682983	0.69238418340682983	47	0.008889046925003339	0.41778520547515691
0	19	15	417785	319039	-3	35173	0.25293566055858163	0.32501327747993325	0.60297822952270508	0.35004256896412345	-2.4871673503970859	1.1301494771451825	-3	-2	-0.45377417764095818	0.48864713311195374	0.48864713311195374	24	0.017407716894798204	0.41778520547515691
0	20	14	448475	417785	0	27068	0.32501327747993325	0.32912869122705979	0.60297822952270508	0.27796495204277183	-0.12881260454302754	1.0586359297258796	-1	0	0.12167790732020775	0.80258220434188843	0.80258220434188843	20	0.020889260273757846	0.41778520547515691
0	21	13	480796	448475	2	18377	0.32912869122705979	0.32956710973446651	0.60297822952270508	0.27384953829564529	1.9617034852703039	0.9571297571502756	2	2	0.040011831670262572	1	1	19	0.021988695025008258	0.41778520547515691
0	22	12	487064	480796	-4	11565	0.32956710973446651	0.33027364813134774	0.60297822952270508	0.27341111978823857	-4.0453677543693081	0.89245738045088763	-4	-4	0.050834645287360682	1	1	18	0.023210289193064271	0.41778520547515691
0	23	11	492933	487064	3	6878	0.33027364813134774	0.37346298920173143	0.60297822952270508	0.27270458139135734	2.6701105749038203	0.82894615609514333	2	3	0.39796242816320665	0.69441723823547363	0.69441723823547363	12	0.034815433789596409	0.41778520547515691
0	24	10	499753	492933	2	3992	0.37346298920173143	0.38502107544673497	0.60297822952270508	0.22951524032097365	2.1717852916100457	0.76550631111985579	2	2	-0.22440741390981059	1	1	11	0.037980473225014265	0.41778520547515691
0	25	9	500212	499753	-2	2076	0.38502107544673497	0.39671146563425669	0.60297822952270508	0.21795715407597011	-2.1565043008190141	0.67576755660618937	-2	-2	0.23159487206666629	1	1	10	0.041778520547515692	0.41778520547515691
0	26	8	501180	500212	2	1012	0.39671146563425669	0.396745880304821	0.60297822952270508	0.20626676388844839	2.0078058861402335	0.60431730594913269	2	2	-0.012916866790656402	1	1	9	0.046420578386128543	0.41778520547515691
0	27	7	502329	501180	-3	436	0.396745880304821	0.40662797806759415	0.60297822952270508	0.20623234921788408	-3.1302184796886214	0.59487599205283059	-3	-3	0.21890021017532807	1	1	8	0.052223150684394613	0.41778520547515691
0	28	6	502501	502329	-2	160	0.40662797806759415	0.42255427622628949	0.60297822952270508	0.1963502514551109	-1.8385145838333039	0.56701117326506312	-2	-2	-0.28480111818044518	1	1	7	0.059683600782165273	0.41778520547515691
0	29	5	502827	502501	-5	74	0.42255427622628949	0.46258959615729123	0.60297822952270508	0.18042395329641558	-4.7597622848453804	0.50999584079321525	-5	-5	-0.4710581850647429	1	1	6	0.069630867579192818	0.41778520547515691
0	30	4	503003	502827	-4	30	0.46258959615729123	0.47311112624469825	0.60297822952270508	0.14038863336541388	-4.1274729572441595	0.46563389187633986	-4	-4	0.27376219701381455	1	1	5	0.083557041095031384	0.41778520547515691
0	31	3	503089	503003	1	16	0.47311112624469825	0.56745227778981455	0.60297822952270508	0.12986710327800682	0.5921342953679618	0.47853772379995818	1	1	0.85231672310653028	1	1	4	0.10444630136878923	0.41778520547515691
0	32	2	503207	503089	0	4	0.56745227778981455	0.5835650953330126	0.60297822952270508	0.035525951732890505	0.14983304322648289	0.22248191627954012	0	0	-0.67346167154647896	1	1	3	0.13926173515838564	0.41778520547515691
0	33	1	503238	503207	-3	4	0.5835650953330126	0.58386153334627244	0.60297822952270508	0.0194131341896925	-2.979493750147808	0.16594612891054072	-3	-3	-0.12357172768547331	1	1	2	0.20889260273757845	0.41778520547515691
0	34	0	503278	503238	-1	1	0.58386153334627244	0.58834028244018555	0.60297822952270508	0.019116696176432628	-0.92443194841405185	0.15612278038744618	-1	-1	-0.4840296297466179	1	1	1	0.41778520547515691	0.41778520547515691
1	1	33	1	0	0	5	0	0	0.58834028244018555	0.58834028244018555	0	2.7737326491673642	-2	2	0	0.40894037485122681	0.40894037485122681	135872	0	0
1	2	32	3	1	0	23	0	0	0.58834028244018555	0.58834028244018555	0	2.6883902895767156	-2	2	0	0.416288822889328	0.416288822889328	79969	0	0
1	3	31	12	3	0	75	0	0	0.58834028244018555	0.58834028244018555	0	2.5623090887082625	-2	2	0	0.42805925011634827	0.42805925011634827	48558	0	0
1	4	30	31	12	0	203	0	0	0.58834028244018555	0.58834028244018555	0	2.3261112739639165	-2	2	0	0.45356357097625732	0.45356357097625732	32011	0	0
1	5	29	72	31	0	513	0	0	0.58834028244018555	0.58834028244018555	0	2.2687585496010758	-2	2	0	0.46054896712303162	0.46054896712303162	21060	0	0
1	6	28	161	72	0	1099	0	0	0.58834028244018555	0.58834028244018555	0	2.1099253814130918	-2	2	0	0.48181086778640747	0.48181086778640747	14857	0	0
1	7	27	364	161	0	2013	0	0	0.58834028244018555	0.58834028244018555	0	1.9770664847388815	-1	1	0	0.57894706726074219	0.57894706726074219	10920	0	0
1	8	26	600	364	0	3327	0	0	0.58834028244018555	0.58834028244018555	0	1.9192267514861918	-1	1	0	0.58636033535003662	0.58636033535003662	8129	0	0
1	9	25	1077	600	0	5063	0	0	0.58834028244018555	0.58834028244018555	0	1.871128098631621	-1	1	0	0.59284204244613647	0.59284204244613647	6102	0	0
1	10	24	1636	1077	0	7385	0	0	0.58834028244018555	0.58834028244018555	0	1.9148328477387484	-1	1	0	0.58694016933441162	0.58694016933441162	4351	0	0
1	11	23	2887	1636	0	10135	0	0	0.58834028244018555	0.58834028244018555	0	1.8663629529049774	-1	1	0	0.59350061416625977	0.59350061416625977	3094	0	0
1	12	22	5206	2887	0	13135	0	0	0.58834028244018555	0.58834028244018555	0	1.8381387928275286	-1	1	0	0.59746414422988892	0.59746414422988892	2199	0	0
1	13	21	8123	5206	0	16209	0	0	0.58834028244018555	0.58834028244018555	0	1.8147639102579949	-1	1	0	0.60082995891571045	0.60082995891571045	1560	0	0
1	14	20	12136	8123	0	20591	0	0	0.58834028244018555	0.58834028244018555	0	1.9170559595928818	-1	1	0	0.58664649724960327	0.58664649724960327	1015	0	0
1	15	19	16323	12136	0	22891	0	0	0.58834028244018555	0.58834028244018555	0	1.7383688201777059	-1	1	0	0.61238694190979004	0.61238694190979004	718	0	0
1	16	18	22216	16323	0	24451	0	0	0.58834028244018555	0.58834028244018555	0	1.720814972005029	-1	1	0	0.61516904830932617	0.61516904830932617	485	0	0
1	17	17	31469	22216	0	23093	0	0	0.58834028244018555	0.58834028244018555	0	1.5825079057479685	-1	1	0	0.63891762495040894	0.63891762495040894	352	0	0
1	18	16	47460	31469	0	21617	0	0	0.58834028244018555	0.58834028244018555	0	1.5951193932715406	-1	1	0	0.63660925626754761	0.63660925626754761	239	0	0
1	19	15	73419	47460	0	18133	0	0	0.58834028244018555	0.58834028244018555	0	1.4671699322676364	-1	1	0	0.66150796413421631	0.66150796413421631	180	0	0
1	20	14	112886	73419	0	14493	0	0	0.58834028244018555	0.58834028244018555	0	1.4533080255708237	-1	1	0	0.6644132137298584	0.6644132137298584	135	0	0
1	21	13	170453	112886	0	11197	0	0	0.58834028244018555	0.58834028244018555	0	1.4290210279420219	-1	1	0	0.66960793733596802	0.66960793733596802	94	0	0
1	22	12	218244	170453	0	7485	0	0	0.58834028244018555	0.58834028244018555	0	1.2732550858183793	-1	1	0	0.70633083581924438	0.70633083581924438	71	0	0
1	23	11	228387	218244	0	4775	0	0	0.58834028244018555	0.58834028244018555	0	1.2340645270847408	-1	1	0	0.71657055616378784	0.71657055616378784	52	0	0
1	24	10	230092	228387	0	3021	0	0	0.58834028244018555	0.58834028244018555	0	1.2704725515392434	-1	1	0	0.70704394578933716	0.70704394578933716	39	0	0
1	25	9	231685	230092	0	1715	0	0	0.58834028244018555	0.58834028244018555	0	1.1473922105332472	-1	1	0	0.74076259136199951	0.74076259136199951	34	0	0
1	26	8	232786	231685	0	903	0	0	0.58834028244018555	0.58834028244018555	0	1.132101544474144	-1	1	0	0.7452579140663147	0.7452579140663147	27	0	0
1	27	7	233725	232786	0	445	0	0	0.58834028244018555	0.58834028244018555	0	1.0817348820860284	-1	1	0	0.76055681705474854	0.76055681705474854	22	0	0
1	28	6	234076	233725	0	239	0	0	0.58834028244018555	0.58834028244018555	0	1.0881415564060688	-1	1	0	0.75856882333755493	0.75856882333755493	17	0	0
1	29	5	234265	234076	0	125	0	0	0.58834028244018555	0.58834028244018555	0	1.1065140804824918	-1	1	0	0.75293564796447754	0.75293564796447754	10	0	0
1	30	4	234394	234265	0	65	0	0	0.58834028244018555	0.58834028244018555	0	1.060628136811838	-1	1	0	0.76719290018081665	0.76719290018081665	7	0	0
1	31	3	234435	234394	0	25	0	0	0.58834028244018555	0.58834028244018555	0	0.96564383493816297	0	0	0	1	1	6	0	0
1	32	2	234444	234435	0	13	0	0	0.58834028244018555	0.58834028244018555	0	0.91378466999016283	0	0	0	1	1	5	0	0
1	33	1	234461	234444	0	7	0	0	0.58834028244018555	0.58834028244018555	0	0.86942777654018444	0	0	0	1	1	4	0	0
1	34	0	234468	234461	1	3	0	0.58834028244018555	0.58834028244018555	0.58834028244018555	0	1.000000000002	-1	1	0.99999999999800004	0.10650698095560074	0.10650698095560074	1	0	0
