[phase 0 initial]
[[338 455 -464 259 -157 -271 -222 283 -366 21 20 -92 634 -267 151 -9 -280 484 267 595 335 -288 -159 577 238 -214 -192 306 -138 96 -1]
[145 -442 -381 163 -639 -76 278 -258 -414 -16 428 -166 194 -298 -40 399 73 11 -203 176 547 13 194 -327 -207 -113 804 0 -535 105 23]
[160 -124 358 -559 -382 -206 -151 -423 216 258 383 -558 -489 -381 -107 10 228 -120 -820 -164 413 261 30 -541 -476 109 296 451 301 -155 -52]
[-245 -406 -200 -330 178 526 -108 -375 -203 -229 357 -288 -443 138 -470 -255 392 235 -460 7 -18 580 378 -694 234 325 181 620 -34 172 -2]
[-312 -764 -216 -296 -85 219 332 144 -719 -218 48 276 -340 -106 -371 -194 -36 -248 -262 409 -113 -222 303 -942 82 292 142 -158 -489 478 24]
[320 -292 -330 -10 -274 42 -615 323 -495 -303 377 -410 59 -124 -326 96 -7 237 -697 1134 657 -3 -303 -65 1 199 171 180 109 719 176]
[-470 -14 206 19 -123 65 150 -406 353 545 394 443 -751 171 -130 -52 -396 235 31 -894 -210 29 146 123 380 -177 89 -68 -81 -163 -156]
[-315 180 -65 140 -41 326 -22 168 -227 -133 547 48 -312 41 -410 -16 197 -6 493 -1075 -282 18 216 114 151 -218 -319 349 302 -168 101]
[-60 669 104 -116 -69 -494 219 -331 237 85 -310 210 -8 -26 236 -38 -548 186 295 403 -135 -709 -390 491 -222 -259 -422 74 -676 397 -389]
[-152 532 222 -60 -383 -412 -274 -156 656 178 -571 284 329 360 134 41 40 -170 162 657 428 -144 -543 223 -105 -447 -325 -210 325 449 -103]
[-365 270 187 18 575 305 -512 -495 61 -199 -292 -524 -71 -379 -365 -757 460 157 251 -531 -150 290 -271 -560 -216 -157 -275 627 370 -622 -24]
[-286 -143 -143 -227 -342 281 -410 48 448 -384 81 192 279 -408 -255 -182 79 42 -135 21 533 423 -341 -565 -587 45 667 80 459 161 248]
[98 375 287 -634 -482 -280 -96 200 581 -333 798 312 -528 -100 -376 -547 347 95 117 -311 216 86 140 -46 90 -110 -204 443 200 276 -196]
[30 132 381 505 424 74 -291 172 93 34 -247 -27 -282 835 -171 -254 -135 633 83 116 140 68 -537 461 52 -382 -365 -249 -441 -473 -137]
[312 618 -82 279 -116 -303 -52 241 -73 116 -60 -116 194 -386 226 -192 743 -178 -58 331 -18 -932 -701 375 -15 -385 -507 -417 269 267 -30]
[-156 -519 -662 465 -138 663 123 -91 -21 120 -568 -242 70 56 -210 168 542 -132 -154 782 196 521 -193 -358 64 -11 650 -758 -145 -518 -9]
[21 347 -387 147 4 -286 172 -342 485 112 462 -185 -101 -245 482 -570 234 688 -375 -376 96 468 176 -125 397 72 204 707 -181 524 -231]
[37 -93 541 -93 330 -188 221 8 -427 -66 -490 -43 42 206 -74 -204 -457 -407 -7 26 -70 -824 -322 128 358 -232 -91 -65 430 6 231]
[307 386 218 -553 57 275 -447 388 58 -211 637 25 707 -452 96 131 165 547 131 108 -43 103 152 75 358 194 -317 258 322 553 -61]
[505 601 230 -393 -246 -421 31 153 488 718 -201 13 95 236 855 -69 368 68 -79 -71 -32 587 -241 -385 182 -174 -649 27 214 -873 -591]
[57 158 -386 633 -93 54 -234 344 -24 -679 275 315 305 293 -513 -103 -22 573 -35 -539 597 39 435 199 89 -205 264 342 -188 195 -13]
[-186 -681 442 -149 -124 344 302 18 321 201 239 119 -225 143 34 -141 -308 414 -231 -196 145 602 287 -207 790 -102 361 632 -317 -261 305]
[205 21 287 -275 397 -478 97 -59 -41 296 121 362 -283 470 -41 -255 275 149 -418 151 -116 363 -462 -7 559 -241 -534 -484 45 736 -259]
[237 415 -469 -302 62 -318 -228 348 -446 -293 -513 -429 -766 -260 -300 -202 345 311 -349 315 285 -8 -329 -244 -405 -86 -245 72 -99 60 18]
[-684 321 718 322 540 -243 -171 -233 412 110 66 157 -368 398 309 -155 301 616 415 -395 -669 -467 -443 388 300 -25 119 -663 -543 -156 -141]
[-405 -276 -336 5 498 997 138 -258 42 -397 -227 60 347 -342 -93 -251 49 -149 480 -734 -223 230 529 14 86 525 -36 198 15 -140 -416]
[12 -568 -248 49 -272 280 335 -176 33 -602 -312 -35 -124 348 179 251 718 71 193 -125 -108 533 923 -351 378 9 -380 188 -97 -318 -220]
[-457 161 -266 424 158 393 240 227 117 -589 363 -121 440 -144 287 -254 535 13 567 -66 98 524 -424 193 -433 25 -56 -758 -82 -640 -110]
[804 -245 147 -103 1 47 15 -333 77 -360 128 -452 475 -109 -30 -218 165 163 -518 481 161 565 -191 -192 -75 637 -272 5 -241 307 -4]
[-29 444 237 201 -706 -294 29 -119 353 221 -249 70 -74 -622 53 66 -318 421 -336 63 421 754 461 380 546 -392 552 163 142 -251 -227]
[-173 639 -253 703 74 169 229 -67 366 201 -262 246 126 -32 239 203 242 403 88 363 685 153 -160 129 -586 46 674 -167 -22 -1 -22]]
[phase 0 refreshed]
[[187 496 -421 -266 28 -232 -309 -124 -72 -209 49 538 171 -40 -50 309 -143 66 15 129 -638 93 246 -592 447 88 23 206 160 -158 5]
[39 584 305 -44 -153 -501 94 -296 370 -45 -182 55 274 -78 -144 544 -251 264 311 -113 -284 163 564 -321 65 -352 152 5 -447 -78 -158]
[338 455 -464 259 -157 -271 -222 283 -366 21 20 -92 634 -267 151 -9 -280 484 267 595 335 -288 -159 577 238 -214 -192 306 -138 96 -1]
[-245 -406 -200 -330 178 526 -108 -375 -203 -229 357 -288 -443 138 -470 -255 392 235 -460 7 -18 580 378 -694 234 325 181 620 -34 172 -2]
[227 -341 334 61 -295 -213 -285 415 74 -95 0 -30 -132 5 -7 360 -119 -482 -504 532 340 -295 -522 52 -471 88 182 -746 281 451 179]
[160 -124 358 -559 -382 -206 -151 -423 216 258 383 -558 -489 -381 -107 10 228 -120 -820 -164 413 261 30 -541 -476 109 296 451 301 -155 -52]
[-312 -764 -216 -296 -85 219 332 144 -719 -218 48 276 -340 -106 -371 -194 -36 -248 -262 409 -113 -222 303 -942 82 292 142 -158 -489 478 24]
[-107 97 785 -537 -166 -451 84 90 -13 241 -208 -691 -286 -494 -381 -357 -269 303 -316 422 442 -192 298 -308 -331 -140 -429 398 -398 394 -215]
[-198 166 -881 91 275 483 27 -796 47 -385 255 613 -165 606 147 64 113 118 151 -12 -595 63 -310 105 343 206 188 296 -312 175 -176]
[-434 159 -62 144 288 291 150 -58 -224 -42 146 -210 -217 -450 -50 -287 -319 611 528 -107 -588 103 135 -369 511 16 -496 70 -910 495 -626]
[-152 532 222 -60 -383 -412 -274 -156 656 178 -571 284 329 360 134 41 40 -170 162 657 428 -144 -543 223 -105 -447 -325 -210 325 449 -103]
[-37 93 -541 93 -330 188 -221 -8 427 66 490 43 -42 -206 74 204 457 407 7 -26 70 824 322 -128 -358 232 91 65 -430 -6 -231]
[109 -14 -8 44 -231 -310 205 -140 587 192 -236 421 231 -59 555 341 89 -484 162 316 -228 -143 139 662 23 14 -165 300 -181 -69 407]
[-173 -640 379 29 46 248 341 -130 422 98 -636 460 -90 -191 283 -93 -197 -603 103 -64 7 -386 86 348 -467 233 -309 -78 -761 -531 -172]
[627 201 121 -20 -233 -186 39 95 50 -205 5 -114 527 -20 589 154 -444 191 -173 192 437 -120 -1034 -40 -214 -274 559 -93 2 -353 -170]
[-91 182 275 -144 -111 111 349 261 -22 -392 82 -66 206 -13 -10 -143 -263 359 526 26 -62 -118 -33 275 339 -402 -469 1123 -610 131 173]
[223 362 -830 369 -200 -360 257 422 -185 -273 14 132 -221 -232 -317 92 -55 302 -416 431 -234 -316 209 -39 105 -58 414 -81 -373 133 222]
[-537 61 -156 36 -2 -287 533 -566 136 149 -672 -695 -325 -252 -298 -305 -99 -274 92 -40 27 178 728 -55 -113 -28 -4 716 -125 163 9]
[51 -278 343 76 198 -751 -31 140 -591 79 -222 -105 -252 308 28 472 -623 -553 197 431 -655 -55 227 -252 253 19 -148 -182 48 169 542]
[-339 -267 31 691 34 95 -906 120 364 -118 -140 458 -175 -5 -166 -22 -201 -217 63 721 -4 -383 -841 753 193 -142 -294 -158 197 471 634]
[13 -314 -296 547 375 187 309 149 328 -198 -467 622 284 454 367 -727 39 78 -142 -485 506 -139 -42 471 -128 166 260 -192 -152 -278 -132]
[619 -236 -89 80 -188 -599 -47 413 -261 -163 -256 267 198 -228 -19 183 -262 -661 -420 17 245 272 -511 -94 352 -307 -172 102 442 -161 81]
[-264 -174 -251 -948 42 579 38 -509 -370 -201 93 65 -441 -193 284 -203 -141 157 202 -763 175 468 -541 -736 314 119 239 410 301 211 -343]
[-106 -796 -23 95 91 278 66 430 -94 158 -115 349 -25 326 388 -97 -884 -321 207 -225 320 189 -241 640 -284 412 174 -208 212 -361 190]
[-459 -208 -256 181 4 -239 68 39 12 -364 252 225 -77 171 -47 -180 620 77 -131 -284 394 118 -657 342 -251 121 504 -580 -170 606 -279]
[-258 -198 15 406 -272 166 -534 -379 155 -330 -190 -238 -444 -122 -172 -207 383 465 238 -423 207 269 117 -159 309 -451 -576 307 335 -556 -222]
[-205 199 297 -126 -142 -127 151 110 415 -162 -223 420 -372 235 338 -3 -162 -89 258 -69 227 493 197 -657 -274 -326 -250 -806 54 -447 301]
[6 -235 464 -635 -446 336 266 -354 -72 -282 -122 -43 -755 478 -254 -495 313 60 -336 7 298 -412 -714 -565 65 75 -33 -44 202 311 656]
[4 88 294 -149 -342 -81 226 -31 233 -215 -791 -126 -239 -474 412 -455 61 -376 -650 878 445 141 -480 492 -359 92 81 -6 132 291 -301]
[-132 648 -194 -56 89 -13 -90 195 -89 278 -239 38 -263 -488 -48 -389 81 508 -524 1027 773 -109 -180 -450 -535 346 116 432 187 313 -74]
[-47 285 -240 293 22 -161 120 -605 425 -142 490 374 -98 -63 33 -226 196 70 693 -164 -379 -106 364 562 1064 -99 60 -48 -232 531 -308]]
[phase 1 initial]
[[187 496 -421 -266 28 -232 -309 -124 -72 -209 49 538 171 -40 -50 309 -143 66 15 129 -638 93 246 -592 447 88 23 206 160 -158 5]
[39 584 305 -44 -153 -501 94 -296 370 -45 -182 55 274 -78 -144 544 -251 264 311 -113 -284 163 564 -321 65 -352 152 5 -447 -78 -158]
[338 455 -464 259 -157 -271 -222 283 -366 21 20 -92 634 -267 151 -9 -280 484 267 595 335 -288 -159 577 238 -214 -192 306 -138 96 -1]
[-245 -406 -200 -330 178 526 -108 -375 -203 -229 357 -288 -443 138 -470 -255 392 235 -460 7 -18 580 378 -694 234 325 181 620 -34 172 -2]
[227 -341 334 61 -295 -213 -285 415 74 -95 0 -30 -132 5 -7 360 -119 -482 -504 532 340 -295 -522 52 -471 88 182 -746 281 451 179]
[160 -124 358 -559 -382 -206 -151 -423 216 258 383 -558 -489 -381 -107 10 228 -120 -820 -164 413 261 30 -541 -476 109 296 451 301 -155 -52]
[-312 -764 -216 -296 -85 219 332 144 -719 -218 48 276 -340 -106 -371 -194 -36 -248 -262 409 -113 -222 303 -942 82 292 142 -158 -489 478 24]
[-107 97 785 -537 -166 -451 84 90 -13 241 -208 -691 -286 -494 -381 -357 -269 303 -316 422 442 -192 298 -308 -331 -140 -429 398 -398 394 -215]
[-198 166 -881 91 275 483 27 -796 47 -385 255 613 -165 606 147 64 113 118 151 -12 -595 63 -310 105 343 206 188 296 -312 175 -176]
[-434 159 -62 144 288 291 150 -58 -224 -42 146 -210 -217 -450 -50 -287 -319 611 528 -107 -588 103 135 -369 511 16 -496 70 -910 495 -626]
[-152 532 222 -60 -383 -412 -274 -156 656 178 -571 284 329 360 134 41 40 -170 162 657 428 -144 -543 223 -105 -447 -325 -210 325 449 -103]
[-37 93 -541 93 -330 188 -221 -8 427 66 490 43 -42 -206 74 204 457 407 7 -26 70 824 322 -128 -358 232 91 65 -430 -6 -231]
[109 -14 -8 44 -231 -310 205 -140 587 192 -236 421 231 -59 555 341 89 -484 162 316 -228 -143 139 662 23 14 -165 300 -181 -69 407]
[-173 -640 379 29 46 248 341 -130 422 98 -636 460 -90 -191 283 -93 -197 -603 103 -64 7 -386 86 348 -467 233 -309 -78 -761 -531 -172]
[627 201 121 -20 -233 -186 39 95 50 -205 5 -114 527 -20 589 154 -444 191 -173 192 437 -120 -1034 -40 -214 -274 559 -93 2 -353 -170]
[-91 182 275 -144 -111 111 349 261 -22 -392 82 -66 206 -13 -10 -143 -263 359 526 26 -62 -118 -33 275 339 -402 -469 1123 -610 131 173]
[223 362 -830 369 -200 -360 257 422 -185 -273 14 132 -221 -232 -317 92 -55 302 -416 431 -234 -316 209 -39 105 -58 414 -81 -373 133 222]
[-537 61 -156 36 -2 -287 533 -566 136 149 -672 -695 -325 -252 -298 -305 -99 -274 92 -40 27 178 728 -55 -113 -28 -4 716 -125 163 9]
[51 -278 343 76 198 -751 -31 140 -591 79 -222 -105 -252 308 28 472 -623 -553 197 431 -655 -55 227 -252 253 19 -148 -182 48 169 542]
[-339 -267 31 691 34 95 -906 120 364 -118 -140 458 -175 -5 -166 -22 -201 -217 63 721 -4 -383 -841 753 193 -142 -294 -158 197 471 634]
[13 -314 -296 547 375 187 309 149 328 -198 -467 622 284 454 367 -727 39 78 -142 -485 506 -139 -42 471 -128 166 260 -192 -152 -278 -132]
[619 -236 -89 80 -188 -599 -47 413 -261 -163 -256 267 198 -228 -19 183 -262 -661 -420 17 245 272 -511 -94 352 -307 -172 102 442 -161 81]
[-264 -174 -251 -948 42 579 38 -509 -370 -201 93 65 -441 -193 284 -203 -141 157 202 -763 175 468 -541 -736 314 119 239 410 301 211 -343]
[-106 -796 -23 95 91 278 66 430 -94 158 -115 349 -25 326 388 -97 -884 -321 207 -225 320 189 -241 640 -284 412 174 -208 212 -361 190]
[-459 -208 -256 181 4 -239 68 39 12 -364 252 225 -77 171 -47 -180 620 77 -131 -284 394 118 -657 342 -251 121 504 -580 -170 606 -279]
[-258 -198 15 406 -272 166 -534 -379 155 -330 -190 -238 -444 -122 -172 -207 383 465 238 -423 207 269 117 -159 309 -451 -576 307 335 -556 -222]
[-205 199 297 -126 -142 -127 151 110 415 -162 -223 420 -372 235 338 -3 -162 -89 258 -69 227 493 197 -657 -274 -326 -250 -806 54 -447 301]
[6 -235 464 -635 -446 336 266 -354 -72 -282 -122 -43 -755 478 -254 -495 313 60 -336 7 298 -412 -714 -565 65 75 -33 -44 202 311 656]
[4 88 294 -149 -342 -81 226 -31 233 -215 -791 -126 -239 -474 412 -455 61 -376 -650 878 445 141 -480 492 -359 92 81 -6 132 291 -301]
[-132 648 -194 -56 89 -13 -90 195 -89 278 -239 38 -263 -488 -48 -389 81 508 -524 1027 773 -109 -180 -450 -535 346 116 432 187 313 -74]
[-47 285 -240 293 22 -161 120 -605 425 -142 490 374 -98 -63 33 -226 196 70 693 -164 -379 -106 364 562 1064 -99 60 -48 -232 531 -308]]
