[phase 0]
score=4.013352613203219
squared_norm=2333430
coefficients=[-1 0 -2 1 -1 1 1 -1 1 -1 1 0 0 -2 0 0 -1 0 0 1 1 0 0 0 0 -1 0 0 0 0 0]
vector=[187 496 -421 -266 28 -232 -309 -124 -72 -209 49 538 171 -40 -50 309 -143 66 15 129 -638 93 246 -592 447 88 23 206 160 -158 5]

[phase 1]
score=0
squared_norm=2333430
coefficients=[1 0 0 0 0 0 0 0 0 0 0 0 0 0 0 0 0 0 0 0 0 0 0 0 0 0 0 0 0 0 0]
vector=[187 496 -421 -266 28 -232 -309 -124 -72 -209 49 538 171 -40 -50 309 -143 66 15 129 -638 93 246 -592 447 88 23 206 160 -158 5]

