[phase 0 initial]
[[98 -270 819 -475 357 -68 103 -166 66 12 -186 61 -153 -205 -8 27 -61 -209 -545 -462 -109 -2 468 229 -51 248 -591 9 -460 -133 -332 39]
[387 36 182 -35 466 402 -282 289 133 149 -517 477 298 -407 371 281 -89 -608 -30 -415 -166 131 -211 -203 106 531 13 -30 -409 -132 180 -164]
[-111 301 -258 220 -472 -229 247 457 -246 315 -140 -40 -67 576 -567 346 187 255 265 542 352 71 412 -290 -123 -890 -5 -306 37 289 93 125]
[-183 -52 131 -18 596 473 70 -145 -311 17 -331 -283 -185 243 311 -444 -69 112 621 -452 74 389 -455 75 -242 566 219 28 -318 147 34 21]
[255 199 98 386 58 399 -230 16 949 -334 -367 85 207 -479 382 141 -194 -202 -510 -31 -299 418 166 655 -92 76 294 181 166 -302 -42 0]
[598 16 -80 486 632 -19 104 111 361 -46 -345 -558 -288 71 79 -662 -144 145 236 166 446 509 -43 146 78 -206 177 -103 128 681 -20 3]
[-704 167 -445 -309 -39 200 514 -306 198 -262 280 23 -154 -29 2 603 328 236 24 491 -26 -439 461 -314 -167 -303 -259 346 181 -29 -31 178]
[-392 -642 257 69 344 -550 141 -308 -73 262 128 -984 -264 -47 22 -504 291 -318 125 -309 206 8 -195 -275 -20 371 -625 684 77 484 -63 39]
[-4 56 -49 590 135 410 -83 -143 281 184 -331 -577 237 92 -71 431 -223 394 309 -188 -231 5 -499 -162 -664 -1 617 518 -100 -351 658 -9]
[480 160 -84 -99 21 541 -688 -332 -335 47 -149 49 -20 616 -52 106 -73 325 222 -383 317 295 287 21 -700 -298 -17 156 -458 -24 72 53]
[-703 614 573 289 -67 12 645 -240 262 -541 -123 -478 -636 -140 3 64 28 -226 -39 140 98 325 547 243 24 518 -164 111 -170 630 -131 343]
[250 475 232 -155 112 202 -662 104 -774 -126 -131 -149 -458 -81 219 -79 -69 -380 585 -15 258 310 -124 131 545 -351 -157 -318 -145 596 -53 -9]
[-180 -122 -37 -134 -134 -190 -837 -310 162 -252 -213 -194 124 -131 -62 -143 297 -143 -627 149 6 264 -89 -44 712 -488 -487 392 202 358 -161 -160]
[93 -16 -145 -143 -78 200 -109 413 -283 -197 98 -284 387 -225 504 325 164 527 494 -172 91 128 -562 -147 -404 -129 656 123 -118 -48 350 -128]
[-160 -376 190 23 109 -122 -441 -198 -416 249 254 325 54 -317 -81 -155 -90 -876 75 -650 -890 197 10 305 210 798 54 34 104 -5 199 -224]
[-32 -658 183 -214 603 -292 547 -169 126 299 -489 88 265 -25 -642 -307 146 -763 -193 214 -79 -104 460 -849 155 -13 -363 260 -340 -63 234 -266]
[76 -557 219 -157 714 -185 405 517 -153 174 -283 -676 305 -333 0 26 356 -745 663 -173 572 175 -585 -4 -72 -340 -96 -32 -437 98 -274 14]
[-377 -272 -286 361 70 404 454 344 7 241 201 -515 569 -387 224 579 128 -151 223 207 13 26 -369 -129 -292 308 613 194 -206 -41 651 439]
[-662 -26 214 -289 -503 -156 511 191 -154 -262 82 67 29 -451 -488 220 -136 267 -1065 375 -378 275 567 -129 -390 -204 -76 10 -15 -5 54 102]
[22 485 -334 461 -692 -544 -114 567 218 360 270 214 -99 -34 -377 -567 -126 -190 159 -29 560 -16 -579 -45 81 246 -337 294 418 647 159 -211]
[406 56 161 -180 -92 644 -171 -223 -422 -415 268 -302 0 -362 128 -641 158 57 -129 -569 274 850 366 740 175 495 -20 130 -244 180 -11 -90]
[694 -68 16 413 -505 135 -54 -440 -290 251 -36 103 122 503 -169 -252 -64 447 -35 129 393 420 -47 -188 196 231 278 -49 326 62 31 316]
[190 11 -150 330 848 -143 242 427 -191 225 356 -521 -97 353 -398 156 323 156 93 -608 518 28 234 -352 7 -286 5 274 -256 410 329 -27]
[-146 -572 -117 -297 -579 81 -27 -348 -235 -222 308 -236 574 194 135 550 -72 123 -506 308 105 23 56 206 -92 -266 -340 -6 85 -279 -578 -144]
[-774 103 -235 500 -150 -445 110 100 486 -276 130 -625 197 -326 -2 282 248 561 404 454 -68 256 -60 534 194 134 170 -14 -317 308 196 626]
[-297 -117 -42 292 -62 -115 253 293 -951 -262 -180 118 -439 108 -64 -378 125 636 163 263 -181 591 -475 351 409 -237 84 -519 36 472 124 -248]
[-62 18 915 319 -93 -535 352 -256 -185 -554 254 -437 119 -402 -71 -391 21 -121 -543 98 396 -125 -595 288 -506 218 120 21 163 -171 147 331]
[293 67 -33 948 -111 -226 702 -484 299 75 189 -40 125 -42 -71 262 -183 134 -562 -75 282 -11 324 358 -265 -221 -1 -300 32 -481 -9 581]
[222 -177 -621 -165 55 320 -300 -155 9 -450 -536 -449 155 -181 34 -299 -143 -716 248 170 -25 608 -859 -28 405 384 191 222 242 -15 -242 146]
[905 36 323 46 432 726 -404 57 251 -280 -235 177 -144 -688 428 209 -159 74 -626 -84 -421 -128 -21 -245 209 -38 -383 -123 376 68 -356 300]
[446 207 142 218 -166 -382 576 235 -354 -235 -338 -216 331 213 -833 186 -122 630 192 34 405 -3 253 -16 186 -225 998 -509 200 444 -250 -399]
[-182 12 384 254 367 -669 686 -281 -6 -3 351 -92 128 -510 346 -371 -30 -529 -509 281 -337 -345 627 71 555 614 -284 651 168 264 56 -309]]
[phase 0 refreshed]
[[-314 -24 -69 -64 86 39 214 148 -44 46 296 -184 80 659 -172 -192 138 -523 59 -183 197 -764 -468 -141 72 -147 324 -113 -38 -35 87 -466]
[98 -270 819 -475 357 -68 103 -166 66 12 -186 61 -153 -205 -8 27 -61 -209 -545 -462 -109 -2 468 229 -51 248 -591 9 -460 -133 -332 39]
[93 -16 -145 -143 -78 200 -109 413 -283 -197 98 -284 387 -225 504 325 164 527 494 -172 91 128 -562 -147 -404 -129 656 123 -118 -48 350 -128]
[387 36 182 -35 466 402 -282 289 133 149 -517 477 298 -407 371 281 -89 -608 -30 -415 -166 131 -211 -203 106 531 13 -30 -409 -132 180 -164]
[-111 301 -258 220 -472 -229 247 457 -246 315 -140 -40 -67 576 -567 346 187 255 265 542 352 71 412 -290 -123 -890 -5 -306 37 289 93 125]
[255 199 98 386 58 399 -230 16 949 -334 -367 85 207 -479 382 141 -194 -202 -510 -31 -299 418 166 655 -92 76 294 181 166 -302 -42 0]
[-183 -52 131 -18 596 473 70 -145 -311 17 -331 -283 -185 243 311 -444 -69 112 621 -452 74 389 -455 75 -242 566 219 28 -318 147 34 21]
[488 -519 155 -51 -34 -108 261 -293 -97 36 692 -231 233 214 -156 138 340 -365 -313 -229 28 -340 274 -185 176 -74 420 219 441 346 250 -303]
[-694 68 -16 -413 505 -135 54 440 290 -251 36 -103 -122 -503 169 252 64 -447 35 -129 -393 -420 47 188 -196 -231 -278 49 -326 -62 -31 -316]
[377 135 -247 69 -78 737 178 -457 41 138 -273 603 266 67 204 632 175 75 -41 205 201 112 203 -705 135 459 32 267 98 -99 180 330]
[972 -218 463 -114 315 -360 28 503 455 -248 -102 -498 131 -602 264 134 28 351 -436 -16 354 246 318 153 -135 -653 23 1 -132 353 -36 -107]
[-97 72 96 733 213 210 26 -556 564 381 -429 -293 -150 317 -575 106 -387 -133 -185 -16 -322 -123 63 -15 -260 128 -39 395 18 -303 308 119]
[-248 -142 97 675 -70 -380 158 165 630 243 -379 -939 -124 50 -163 -17 284 -265 -120 202 259 497 383 90 -235 -443 -336 559 280 471 -12 164]
[1 34 -636 207 97 60 305 -168 250 -367 334 94 104 -25 -322 -449 -136 -392 354 643 198 -161 -497 682 420 -471 456 -512 436 -362 -502 103]
[-305 346 -397 402 -259 546 -687 356 386 56 -581 21 363 387 476 426 249 759 -163 -375 87 649 -679 256 -247 83 260 142 -3 129 -35 97]
[-470 -256 -141 504 148 204 563 -69 290 438 103 -231 182 -162 -280 254 -36 -678 -271 379 -78 -102 193 18 112 437 -43 71 -88 7 301 567]
[562 31 121 207 -318 -319 -167 -25 -811 214 90 -191 -253 -223 -632 523 -73 264 36 -203 11 544 -149 -301 -232 -431 -55 31 476 578 -80 22]
[-324 387 164 40 332 -408 -412 193 568 -322 -292 183 6 313 -27 -208 169 -419 210 -351 -50 -403 -370 319 664 210 -106 -351 -558 182 -188 -443]
[-130 -388 -636 261 246 -224 444 -3 60 287 -303 27 418 180 -634 -334 207 -554 352 676 30 -102 -8 -1078 206 -261 228 251 120 70 566 -305]
[275 -349 -517 252 88 -204 -989 35 -367 440 438 53 312 -814 -111 131 -374 -469 72 -38 -343 100 -57 13 -181 358 -320 131 -440 -16 533 407]
[179 -36 186 -91 229 107 -172 75 -115 -507 -372 -737 103 -403 92 -201 136 -210 406 411 137 621 151 -7 98 -948 417 276 -28 315 309 -239]
[478 595 174 -354 -436 648 103 -271 352 -677 264 504 230 -38 -87 -424 -127 -386 -322 124 594 -259 -231 99 372 -154 462 385 285 54 193 -547]
[-129 728 -39 24 -93 482 459 62 272 -317 -492 47 -235 -359 -309 335 306 160 -6 37 -127 297 611 -121 319 -178 -250 308 129 22 166 -452]
[-141 -411 325 -61 557 -237 41 -558 -65 -535 315 -353 -30 247 278 -355 243 60 -76 -87 148 310 24 -48 395 -290 431 501 478 -35 -239 206]
[-788 57 -201 14 112 -40 -75 -456 -371 -224 112 29 -35 331 -291 97 -582 568 374 118 68 501 -347 122 -274 -147 -337 509 150 -32 -329 102]
[-58 -142 -13 -185 163 -300 289 -225 -222 -267 163 418 -590 82 107 476 597 284 86 369 -12 -514 342 320 823 -654 -909 -202 90 168 -327 -154]
[-197 367 292 -486 495 -397 241 590 -148 312 -72 -241 -76 -166 336 -301 -163 370 212 138 149 -248 720 49 -14 290 -1010 -661 -103 275 -17 -105]
[-314 405 53 302 121 -145 -89 52 -114 -566 -256 -268 -46 -438 973 -624 -16 -282 -167 -153 378 273 -151 -64 147 -128 -157 -65 -388 10 220 -79]
[226 395 -424 -406 -852 408 -464 32 -301 -494 -481 -36 17 298 -37 373 -209 602 -201 251 -263 630 44 -232 -101 -47 347 80 138 -5 143 168]
[-222 -122 -193 -26 -157 492 -258 465 -16 -276 404 -108 185 -24 545 -79 264 324 202 254 -713 -407 199 127 18 -359 364 -273 332 -142 186 215]
[-180 451 -436 -80 105 18 -36 479 40 -519 -15 -452 -191 -217 814 -399 -165 535 591 -224 266 -345 -146 425 -168 124 610 51 630 211 -449 -631]
[361 140 826 -579 29 -132 236 -275 -722 242 -64 311 138 555 94 -272 522 85 183 -286 194 -176 342 357 -248 -193 345 42 -412 499 -89 -113]]
[phase 1 initial]
[[-314 -24 -69 -64 86 39 214 148 -44 46 296 -184 80 659 -172 -192 138 -523 59 -183 197 -764 -468 -141 72 -147 324 -113 -38 -35 87 -466]
[98 -270 819 -475 357 -68 103 -166 66 12 -186 61 -153 -205 -8 27 -61 -209 -545 -462 -109 -2 468 229 -51 248 -591 9 -460 -133 -332 39]
[93 -16 -145 -143 -78 200 -109 413 -283 -197 98 -284 387 -225 504 325 164 527 494 -172 91 128 -562 -147 -404 -129 656 123 -118 -48 350 -128]
[387 36 182 -35 466 402 -282 289 133 149 -517 477 298 -407 371 281 -89 -608 -30 -415 -166 131 -211 -203 106 531 13 -30 -409 -132 180 -164]
[-111 301 -258 220 -472 -229 247 457 -246 315 -140 -40 -67 576 -567 346 187 255 265 542 352 71 412 -290 -123 -890 -5 -306 37 289 93 125]
[255 199 98 386 58 399 -230 16 949 -334 -367 85 207 -479 382 141 -194 -202 -510 -31 -299 418 166 655 -92 76 294 181 166 -302 -42 0]
[-183 -52 131 -18 596 473 70 -145 -311 17 -331 -283 -185 243 311 -444 -69 112 621 -452 74 389 -455 75 -242 566 219 28 -318 147 34 21]
[488 -519 155 -51 -34 -108 261 -293 -97 36 692 -231 233 214 -156 138 340 -365 -313 -229 28 -340 274 -185 176 -74 420 219 441 346 250 -303]
[-694 68 -16 -413 505 -135 54 440 290 -251 36 -103 -122 -503 169 252 64 -447 35 -129 -393 -420 47 188 -196 -231 -278 49 -326 -62 -31 -316]
[377 135 -247 69 -78 737 178 -457 41 138 -273 603 266 67 204 632 175 75 -41 205 201 112 203 -705 135 459 32 267 98 -99 180 330]
[972 -218 463 -114 315 -360 28 503 455 -248 -102 -498 131 -602 264 134 28 351 -436 -16 354 246 318 153 -135 -653 23 1 -132 353 -36 -107]
[-97 72 96 733 213 210 26 -556 564 381 -429 -293 -150 317 -575 106 -387 -133 -185 -16 -322 -123 63 -15 -260 128 -39 395 18 -303 308 119]
[-248 -142 97 675 -70 -380 158 165 630 243 -379 -939 -124 50 -163 -17 284 -265 -120 202 259 497 383 90 -235 -443 -336 559 280 471 -12 164]
[1 34 -636 207 97 60 305 -168 250 -367 334 94 104 -25 -322 -449 -136 -392 354 643 198 -161 -497 682 420 -471 456 -512 436 -362 -502 103]
[-305 346 -397 402 -259 546 -687 356 386 56 -581 21 363 387 476 426 249 759 -163 -375 87 649 -679 256 -247 83 260 142 -3 129 -35 97]
[-470 -256 -141 504 148 204 563 -69 290 438 103 -231 182 -162 -280 254 -36 -678 -271 379 -78 -102 193 18 112 437 -43 71 -88 7 301 567]
[562 31 121 207 -318 -319 -167 -25 -811 214 90 -191 -253 -223 -632 523 -73 264 36 -203 11 544 -149 -301 -232 -431 -55 31 476 578 -80 22]
[-324 387 164 40 332 -408 -412 193 568 -322 -292 183 6 313 -27 -208 169 -419 210 -351 -50 -403 -370 319 664 210 -106 -351 -558 182 -188 -443]
[-130 -388 -636 261 246 -224 444 -3 60 287 -303 27 418 180 -634 -334 207 -554 352 676 30 -102 -8 -1078 206 -261 228 251 120 70 566 -305]
[275 -349 -517 252 88 -204 -989 35 -367 440 438 53 312 -814 -111 131 -374 -469 72 -38 -343 100 -57 13 -181 358 -320 131 -440 -16 533 407]
[179 -36 186 -91 229 107 -172 75 -115 -507 -372 -737 103 -403 92 -201 136 -210 406 411 137 621 151 -7 98 -948 417 276 -28 315 309 -239]
[478 595 174 -354 -436 648 103 -271 352 -677 264 504 230 -38 -87 -424 -127 -386 -322 124 594 -259 -231 99 372 -154 462 385 285 54 193 -547]
[-129 728 -39 24 -93 482 459 62 272 -317 -492 47 -235 -359 -309 335 306 160 -6 37 -127 297 611 -121 319 -178 -250 308 129 22 166 -452]
[-141 -411 325 -61 557 -237 41 -558 -65 -535 315 -353 -30 247 278 -355 243 60 -76 -87 148 310 24 -48 395 -290 431 501 478 -35 -239 206]
[-788 57 -201 14 112 -40 -75 -456 -371 -224 112 29 -35 331 -291 97 -582 568 374 118 68 501 -347 122 -274 -147 -337 509 150 -32 -329 102]
[-58 -142 -13 -185 163 -300 289 -225 -222 -267 163 418 -590 82 107 476 597 284 86 369 -12 -514 342 320 823 -654 -909 -202 90 168 -327 -154]
[-197 367 292 -486 495 -397 241 590 -148 312 -72 -241 -76 -166 336 -301 -163 370 212 138 149 -248 720 49 -14 290 -1010 -661 -103 275 -17 -105]
[-314 405 53 302 121 -145 -89 52 -114 -566 -256 -268 -46 -438 973 -624 -16 -282 -167 -153 378 273 -151 -64 147 -128 -157 -65 -388 10 220 -79]
[226 395 -424 -406 -852 408 -464 32 -301 -494 -481 -36 17 298 -37 373 -209 602 -201 251 -263 630 44 -232 -101 -47 347 80 138 -5 143 168]
[-222 -122 -193 -26 -157 492 -258 465 -16 -276 404 -108 185 -24 545 -79 264 324 202 254 -713 -407 199 127 18 -359 364 -273 332 -142 186 215]
[-180 451 -436 -80 105 18 -36 479 40 -519 -15 -452 -191 -217 814 -399 -165 535 591 -224 266 -345 -146 425 -168 124 610 51 630 211 -449 -631]
[361 140 826 -579 29 -132 236 -275 -722 242 -64 311 138 555 94 -272 522 85 183 -286 194 -176 342 357 -248 -193 345 42 -412 499 -89 -113]]
