[phase 0]
score=2.904105310248768
squared_norm=2380184
coefficients=[0 -1 0 0 -1 0 -1 -1 0 0 1 -1 1 0 0 0 0 1 -1 0 0 -1 0 0 -1 0 0 0 0 0 0 0]
vector=[-314 -24 -69 -64 86 39 214 148 -44 46 296 -184 80 659 -172 -192 138 -523 59 -183 197 -764 -468 -141 72 -147 324 -113 -38 -35 87 -466]

[phase 1]
score=0
squared_norm=2380184
coefficients=[1 0 0 0 0 0 0 0 0 0 0 0 0 0 0 0 0 0 0 0 0 0 0 0 0 0 0 0 0 0 0 0]
vector=[-314 -24 -69 -64 86 39 214 148 -44 46 296 -184 80 659 -172 -192 138 -523 59 -183 197 -764 -468 -141 72 -147 324 -113 -38 -35 87 -466]

