[phase 0]
squared_norm=2467678
coefficients=[-1 -3 0 1 -4 -5 -2 -3 2 -2 2 3 -4 2 0 -3 -1 -2 1 -2 0 2 0 1 -1 1 -1 -2 1 1 0 1 -1 -1]
vector=[64 -607 226 244 75 76 -133 -168 114 181 -383 -84 125 -131 129 142 -300 -198 365 295 -509 -149 -228 -301 -122 -346 278 254 213 -237 -241 -519 -183 -382]

[phase 1]
squared_norm=2467678
coefficients=[1 0 0 0 0 0 0 0 0 0 0 0 0 0 0 0 0 0 0 0 0 0 0 0 0 0 0 0 0 0 0 0 0 0]
vector=[64 -607 226 244 75 76 -133 -168 114 181 -383 -84 125 -131 129 142 -300 -198 365 295 -509 -149 -228 -301 -122 -346 278 254 213 -237 -241 -519 -183 -382]

