[phase 0 initial]
[[-380 13 268 -481 228 -232 -89 -678 -146 -231 -375 127 -41 104 -167 -372 -175 410 99 -117 15 -251 180 -60 168 321 595 374 -251 321 300 -240 476 397 -299 -340 268 609 48 39]
[-371 -143 164 405 -296 8 74 146 394 140 397 -56 -543 511 526 74 -207 325 -263 -91 -286 -436 6 -70 107 -374 -269 -317 -448 92 -290 -32 -123 159 286 466 477 -599 -436 33]
[-586 345 -270 60 -93 -387 219 -253 -380 -380 146 118 -296 402 416 -715 289 130 309 -216 328 -155 144 250 27 -487 -9 -606 -335 368 411 -422 -174 -124 225 24 470 -298 -82 77]
[928 -220 234 320 163 198 235 759 443 173 60 -17 293 -250 -354 110 -492 -459 246 34 -319 891 -103 -166 88 42 -471 -456 367 102 -307 -174 258 72 -200 -272 -46 -228 -88 -63]
[-326 -186 -73 -174 221 458 -9 72 65 11 -61 -151 329 -209 -205 -216 23 272 -391 -543 90 495 -362 -8 -499 -33 588 466 -18 328 -62 562 461 324 -278 -150 -866 159 449 -22]
[417 -239 59 -394 -49 -99 -33 -299 373 -349 -561 307 -221 -33 86 -287 446 -148 -27 388 158 297 263 -115 569 91 -479 286 -102 49 333 -957 43 456 -235 -133 251 634 5 6]
[305 -797 196 414 70 154 -269 -68 623 224 -38 443 -442 204 -363 173 -244 82 -595 95 -158 885 -62 -120 -158 24 100 -83 -590 347 373 88 748 542 -86 297 -341 -122 209 71]
[-213 -87 -399 499 63 331 -493 35 -653 -232 240 -149 273 224 -200 383 -114 -225 -533 -480 380 489 -194 5 -109 412 288 -354 -115 590 134 317 221 -189 -146 254 -107 -384 280 -97]
[871 356 64 82 20 31 360 850 216 605 -425 278 510 -67 -37 143 -308 -151 726 507 -431 352 -246 259 -479 318 79 25 570 -481 -509 -227 129 285 -46 174 4 302 313 113]
[-479 -637 320 -101 165 672 -164 -102 -75 120 364 -539 -115 394 54 -101 -382 169 -293 -411 102 -343 -116 -80 313 -75 108 391 -350 129 -174 487 233 158 -1114 -597 63 217 -239 -114]
[-442 -328 -36 98 -572 1091 -194 -157 137 -477 31 -106 -159 -313 656 299 118 385 -566 -85 115 -77 79 -379 310 -32 111 262 -476 605 -123 67 -396 -154 -151 -213 -605 214 59 -142]
[-22 143 -317 75 304 -237 280 -344 -596 -147 -645 -1 -8 411 -576 266 -415 158 257 -33 729 -483 -102 431 -169 920 128 -87 283 -75 391 129 51 581 -115 -59 269 129 396 169]
[74 78 453 278 534 -349 430 1 427 404 -3 314 -605 -166 -781 -240 -648 639 -167 -193 -576 -111 120 -310 -300 454 -243 -194 115 75 252 342 -318 269 340 243 415 -400 -135 122]
[-243 314 452 -261 -72 -330 -41 -446 139 -249 540 128 -399 559 -151 -307 41 126 -672 171 -193 499 -268 -449 570 175 95 294 31 235 -6 25 521 -39 -67 92 402 -178 -565 -189]
[-562 188 81 -652 -57 -46 -685 -54 -358 -115 256 -344 -498 -81 426 194 610 -98 -82 -293 -528 -195 154 -2 396 -161 -245 317 495 -123 -95 231 -292 -205 360 354 30 -824 -564 -230]
[-298 119 23 -212 187 328 -364 -880 -371 -4 289 249 -282 292 -547 -556 -299 96 -454 -36 -53 594 191 78 605 514 157 -360 263 -272 295 -243 199 363 -385 -220 762 -208 -251 -50]
[274 328 407 -306 16 248 -592 -549 160 216 -108 16 -569 -514 -236 -28 37 219 -312 413 -344 1165 367 22 429 -309 -200 -103 -65 213 -16 -105 -430 -315 509 85 -268 -79 -64 -124]
[422 -322 -125 -48 -96 -43 130 560 248 378 138 -162 -53 393 643 -180 -13 -466 -727 633 311 821 -234 174 -536 -785 -229 43 -178 541 -178 98 426 -522 -231 246 -529 32 225 -8]
[180 -4 -476 12 -354 541 -3 -499 -24 -154 -97 -660 224 -603 -17 367 -217 -259 -959 158 852 84 159 -489 503 -256 204 635 -127 137 -560 -89 -188 212 -24 -134 -1006 100 252 -130]
[-211 397 58 76 197 -273 -255 -341 -709 -668 -662 244 -547 533 323 -128 473 -90 39 48 -251 93 -234 -226 817 -42 197 198 -698 462 -30 -438 346 585 500 523 494 -318 4 -83]
[7 234 272 231 -46 -506 101 360 506 606 365 -148 191 292 -561 611 -317 158 289 -570 -246 89 4 -237 33 -124 296 145 286 185 -257 -40 706 704 495 -337 6 -427 191 28]
[-618 -40 4 -102 -68 366 -262 -724 719 476 -294 61 -309 -584 -362 255 -161 697 -807 207 -234 236 418 -149 333 -182 258 177 57 698 264 430 -70 461 135 1 -451 -50 307 -58]
[-171 15 -691 516 336 91 152 -28 305 116 95 22 654 634 -555 186 -422 -130 -32 -31 401 603 -4 -147 136 331 220 -283 220 357 112 -383 37 730 -335 -174 -112 197 436 182]
[67 89 20 -287 -641 373 -260 1039 69 279 -191 276 635 -648 342 442 709 -199 312 166 -457 -159 -111 -444 346 176 -89 404 15 -329 -539 54 -100 -27 -47 218 -425 -249 354 -271]
[142 565 -93 119 131 -488 91 275 -145 310 -48 619 -86 138 -242 -105 27 372 392 692 -471 390 -156 100 175 -117 463 -318 -151 531 52 295 -430 -878 377 213 -334 -377 -268 -79]
[220 263 181 45 195 -255 211 639 396 578 38 -224 92 -63 608 730 -549 563 -155 -43 134 -120 -381 344 -586 -395 176 189 341 173 -577 425 219 296 459 346 -473 -476 -298 -112]
[257 -470 20 -152 592 94 559 581 126 -262 -282 -256 334 183 -112 -572 263 -452 -521 -303 -262 -23 -121 85 -721 195 -183 397 -349 54 203 -26 243 41 -252 -105 -307 199 198 373]
[464 -116 0 546 -93 519 213 440 -78 -140 -625 -269 35 377 366 142 -245 -465 499 18 -402 -9 350 47 248 70 -76 2 -47 491 -473 -392 -749 278 248 76 200 -481 -363 75]
[-371 240 -447 211 442 -87 -96 -441 -491 192 332 -7 -392 -596 204 -209 195 44 157 -366 358 342 347 330 -734 -101 493 -638 12 -447 396 419 -20 107 380 -28 -653 -249 376 376]
[-415 131 210 69 11 -250 -465 572 -58 -492 161 -174 292 118 716 505 -105 244 114 27 -488 7 -247 -44 128 58 153 -128 -141 482 -844 356 440 101 449 715 -214 315 -416 -15]
[588 -341 -72 317 -314 -353 -191 631 -138 85 20 426 302 -23 -533 633 145 60 683 -294 -365 349 343 11 221 584 -5 -351 303 361 118 250 713 -498 -483 -125 -5 194 156 -116]
[317 -49 172 480 89 102 -437 170 -223 298 -367 535 265 103 -154 378 -176 -41 823 92 -1145 -217 220 73 -144 384 165 14 -219 320 772 400 317 -75 235 -176 362 470 199 -29]
[-145 10 -235 -460 737 -3 -612 -348 -181 47 446 -291 45 -396 -599 -640 263 -53 720 -713 -350 503 10 622 67 -283 335 -239 273 81 -101 421 -346 -96 126 -572 -277 41 342 101]
[-79 -496 -529 102 -106 271 -321 216 668 464 -101 181 166 -319 -547 660 166 483 -266 93 -108 -268 110 69 -310 -153 -373 -59 476 -632 321 232 -646 -214 -127 -33 -12 5 125 421]
[-119 -217 638 -271 161 566 -414 -381 299 637 -252 -83 262 189 414 65 -229 563 270 256 -78 -391 568 -475 201 451 -513 143 -438 163 -409 -351 -434 65 -424 69 621 1114 -141 -145]
[36 -736 -502 754 457 -10 -114 168 -467 82 519 43 52 109 -351 -101 -441 -205 -17 -505 -71 429 225 76 -180 32 -314 -495 -279 -170 26 335 -91 401 -97 -244 -81 -1258 -113 220]
[-135 21 73 1 426 -105 474 365 -139 -128 -18 -500 714 -956 -156 -492 -395 -253 462 142 -267 -187 123 -661 248 -703 549 -202 57 187 -168 -257 538 -228 -53 -311 186 483 -26 190]
[62 -242 -564 800 -225 448 173 176 -314 -269 194 239 76 20 547 84 246 -317 24 268 984 -29 -692 -180 -85 192 -324 -179 81 479 732 219 -70 -733 -15 -146 -453 -339 268 45]
[424 -566 1074 169 -50 -407 -575 518 213 419 314 3 -308 34 294 434 -14 40 740 -544 -750 -550 75 -628 -19 50 -35 -237 288 -181 -95 -12 205 -61 59 -73 546 -264 -767 278]
[247 -318 5 340 -323 424 316 -12 60 470 -52 647 -10 34 490 533 52 -489 -181 74 -280 -103 -398 201 -493 195 -97 312 220 -274 -26 866 576 -81 417 544 -83 50 286 113]]
[phase 0 refreshed accepted=1]
[[-147 73 -189 -498 346 -291 127 327 -46 -105 -94 -117 -242 188 -245 -302 -139 4 -185 -258 611 264 -263 -122 -379 -92 277 274 -311 -247 -212 281 236 -355 -189 347 -32 111 68 -175]
[-326 -186 -73 -174 221 458 -9 72 65 11 -61 -151 329 -209 -205 -216 23 272 -391 -543 90 495 -362 -8 -499 -33 588 466 -18 328 -62 562 461 324 -278 -150 -866 159 449 -22]
[-371 -143 164 405 -296 8 74 146 394 140 397 -56 -543 511 526 74 -207 325 -263 -91 -286 -436 6 -70 107 -374 -269 -317 -448 92 -290 -32 -123 159 286 466 477 -599 -436 33]
[-586 345 -270 60 -93 -387 219 -253 -380 -380 146 118 -296 402 416 -715 289 130 309 -216 328 -155 144 250 27 -487 -9 -606 -335 368 411 -422 -174 -124 225 24 470 -298 -82 77]
[-380 13 268 -481 228 -232 -89 -678 -146 -231 -375 127 -41 104 -167 -372 -175 410 99 -117 15 -251 180 -60 168 321 595 374 -251 321 300 -240 476 397 -299 -340 268 609 48 39]
[417 -239 59 -394 -49 -99 -33 -299 373 -349 -561 307 -221 -33 86 -287 446 -148 -27 388 158 297 263 -115 569 91 -479 286 -102 49 333 -957 43 456 -235 -133 251 634 5 6]
[274 259 344 -381 138 -146 521 137 923 56 -412 31 -169 124 257 -46 154 106 -111 21 -270 -144 -298 -559 336 -333 -445 34 -65 -800 -483 -230 61 135 103 1054 253 -205 -265 -311]
[488 56 266 102 72 424 491 -41 221 528 -201 179 123 198 253 58 -47 225 -55 -293 -298 -282 72 -277 -271 125 -243 -42 249 -546 57 -536 -144 497 206 139 -48 -50 538 91]
[61 172 -55 118 201 185 28 172 270 -176 -172 -118 104 348 57 337 40 -119 -644 -459 110 345 -492 -554 227 79 -157 -320 -180 -210 -349 87 282 -54 -43 1308 146 -589 15 -408]
[279 -408 -231 661 -216 176 431 -39 -27 -45 115 352 -837 241 159 41 -215 437 239 -213 81 -564 217 525 43 -362 -73 -671 -130 301 449 -229 -382 -255 340 -571 215 -464 -473 126]
[202 190 -80 -51 -37 337 171 -406 77 -519 -445 442 -88 -363 33 66 262 -71 -19 152 339 589 -50 -545 231 -138 186 -511 -450 -41 487 -38 -19 -699 32 513 -562 -6 339 -355]
[-415 87 -123 -84 245 -58 174 -421 217 -503 -823 -183 271 -60 -532 248 -52 307 -5 -4 236 -114 -571 263 318 521 237 181 262 246 1 716 481 898 -307 359 -264 22 -26 -80]
[585 -229 46 577 194 -213 -301 13 -209 422 187 343 -7 -65 -770 602 -506 -367 86 341 -120 529 31 73 -335 340 260 -518 -22 -122 392 515 367 -397 141 114 -203 -316 191 54]
[-132 -37 291 7 -7 407 121 478 -50 -302 244 -269 -257 -29 9 238 -1157 216 12 -271 174 35 -8 -604 117 181 403 -298 -551 404 -613 329 70 -820 -326 -195 200 -87 -367 -325]
[416 -135 -61 -18 -154 -17 -389 261 -188 335 -39 542 -655 336 229 448 -356 374 -75 197 -172 -458 117 100 -203 155 930 331 -534 -239 -271 -193 84 -970 28 321 521 412 -439 -155]
[-747 67 -216 82 -169 -427 256 -299 -209 -398 93 -285 -410 -92 346 206 -789 207 21 -163 612 -538 689 -551 -88 5 44 82 -520 273 -115 62 20 124 24 -185 551 -316 87 19]
[-479 -637 320 -101 165 672 -164 -102 -75 120 364 -539 -115 394 54 -101 -382 169 -293 -411 102 -343 -116 -80 313 -75 108 391 -350 129 -174 487 233 158 -1114 -597 63 217 -239 -114]
[-398 570 -27 -434 293 -333 869 804 167 324 139 -375 -192 635 120 -650 -109 415 -114 -8 311 -67 -236 -347 -73 -192 -819 164 2 48 -592 57 -1024 100 272 149 -144 -556 116 52]
[-232 -255 -68 127 165 422 -144 303 -16 215 271 -127 -269 -516 39 26 -506 57 -612 -145 106 425 535 -927 -288 296 -186 722 -353 195 -173 341 -334 -106 -849 -39 209 142 391 -129]
[7 827 237 -557 54 292 316 317 137 168 130 -70 -54 -431 490 25 83 -126 -2 260 74 -127 302 18 -341 29 118 450 253 -961 17 -262 -194 -283 -228 -39 492 444 -156 -63]
[155 -457 100 -33 207 639 -144 17 -191 -140 -188 243 751 1 -312 -34 -77 71 95 -344 -384 193 4 57 132 -234 -375 -572 197 -72 224 -30 -55 44 250 4 -490 101 413 -140]
[230 -48 323 -873 459 247 -405 82 306 58 -127 -213 220 -355 -132 288 524 -361 -499 100 279 232 283 10 218 -221 -144 54 -431 -317 470 -416 -304 -513 357 -187 -797 334 31 -50]
[262 -349 -354 -67 -324 -441 -63 144 153 -89 -212 154 214 240 -944 -137 386 -386 373 743 -533 156 6 364 605 349 -146 348 257 165 -240 -104 -74 262 320 -759 -310 129 -125 404]
[-20 279 294 39 -566 960 478 -407 640 371 -486 135 189 -623 -101 50 -366 425 301 462 -554 -406 -110 -181 288 92 632 305 83 -93 -149 226 -305 -36 -624 -393 -37 -90 -40 -208]
[79 118 -425 173 341 -19 344 -384 -279 302 257 -293 -382 239 -326 40 19 -311 -146 -928 325 172 321 -296 -82 -114 658 -567 143 -197 154 4 695 -337 44 -389 -203 -192 553 117]
[-88 -30 -405 531 34 -456 -86 110 54 147 -83 307 219 30 215 130 83 -20 592 540 -766 -236 -25 341 239 -58 -243 -212 -79 -760 -504 307 -251 607 143 770 302 -994 -583 169]
[289 102 492 296 -221 -160 -225 319 -340 195 117 329 76 427 -432 248 -168 -533 75 410 14 -11 369 -288 379 316 291 -556 -443 -4 -65 9 12 -495 745 176 274 366 50 4]
[606 16 -280 -84 -111 -133 -89 139 -30 156 421 112 -286 -145 318 468 -117 -468 207 323 412 346 -58 -298 -672 -148 -500 -158 298 -241 -200 -527 393 -661 764 -340 192 -45 -22 -102]
[110 232 -187 -490 -470 -28 -326 -33 247 -495 -43 -303 425 -652 396 162 -185 -97 135 405 686 914 329 -7 -429 300 -143 285 21 -297 -490 -141 -121 -440 -521 361 -99 646 -24 -128]
[2 -397 199 -714 104 -280 -374 210 64 469 249 269 -104 126 -975 -478 6 178 -26 362 150 -53 357 -228 -291 261 -665 517 -798 -232 309 -394 46 -266 -125 -98 274 646 61 11]
[-77 112 197 -518 215 56 40 306 50 -186 293 120 -89 177 114 -926 218 784 206 -298 -90 211 -379 149 -723 -336 -120 486 -14 161 -133 158 297 732 192 569 -141 158 -133 308]
[578 306 -582 149 385 -13 816 338 -249 -309 -272 295 34 371 -57 220 261 -8 301 -27 576 -347 478 237 145 59 -431 -260 -539 312 203 -97 -246 -257 638 135 165 -277 186 -93]
[-419 124 -40 321 -79 534 365 -158 173 -625 -51 -237 -142 -259 -8 391 -28 227 -749 -434 5 289 -428 -102 105 -84 -34 204 -45 -286 116 812 -21 89 -500 -17 -87 -436 551 -87]
[-125 81 599 195 353 31 109 -1 -162 572 -22 48 -61 122 319 342 -67 226 -5 -169 -565 -377 353 114 -367 -154 345 329 -130 144 182 217 -97 -457 476 -138 -359 146 -531 -343]
[659 172 628 -178 -113 -66 -47 -43 298 496 -200 -305 139 -291 114 49 -21 -65 5 520 -153 -201 60 59 869 -115 -384 523 457 -454 -118 -92 -643 -256 470 -175 -439 -155 -138 185]
[-58 -554 -142 159 -58 -152 62 -163 -176 449 41 -191 -172 197 -180 -205 311 -222 286 704 -504 -148 472 606 260 157 -62 150 174 -48 130 50 180 64 7 -36 409 378 -31 242]
[6 291 -285 53 -97 -205 -372 254 128 340 -291 -79 -346 272 235 238 -373 -238 339 360 -323 79 620 -219 488 544 -297 81 -514 357 -20 -407 -233 423 321 -333 815 -256 -117 113]
[-218 455 300 -438 198 79 -201 110 -66 -102 375 210 145 -424 -236 -305 -217 244 688 -178 -24 564 -432 280 -652 718 568 107 -374 -69 -149 80 105 -448 -52 -464 -162 742 372 -307]
[275 407 -363 58 507 -122 187 -93 -206 -65 -113 246 83 327 -111 -175 -600 231 -146 -49 807 27 4 181 138 0 -233 -230 -252 -41 542 54 -47 -334 -44 -321 909 566 -283 -353]
[-218 645 439 -265 180 -194 45 -498 -819 191 589 -213 87 -169 -275 140 296 -322 -42 -286 -245 -355 -371 119 -22 -31 -57 -100 166 -53 671 -291 -322 -385 227 284 863 -106 -146 115]]
[phase 1 initial]
[[-147 73 -189 -498 346 -291 127 327 -46 -105 -94 -117 -242 188 -245 -302 -139 4 -185 -258 611 264 -263 -122 -379 -92 277 274 -311 -247 -212 281 236 -355 -189 347 -32 111 68 -175]
[-326 -186 -73 -174 221 458 -9 72 65 11 -61 -151 329 -209 -205 -216 23 272 -391 -543 90 495 -362 -8 -499 -33 588 466 -18 328 -62 562 461 324 -278 -150 -866 159 449 -22]
[-371 -143 164 405 -296 8 74 146 394 140 397 -56 -543 511 526 74 -207 325 -263 -91 -286 -436 6 -70 107 -374 -269 -317 -448 92 -290 -32 -123 159 286 466 477 -599 -436 33]
[-586 345 -270 60 -93 -387 219 -253 -380 -380 146 118 -296 402 416 -715 289 130 309 -216 328 -155 144 250 27 -487 -9 -606 -335 368 411 -422 -174 -124 225 24 470 -298 -82 77]
[-380 13 268 -481 228 -232 -89 -678 -146 -231 -375 127 -41 104 -167 -372 -175 410 99 -117 15 -251 180 -60 168 321 595 374 -251 321 300 -240 476 397 -299 -340 268 609 48 39]
[417 -239 59 -394 -49 -99 -33 -299 373 -349 -561 307 -221 -33 86 -287 446 -148 -27 388 158 297 263 -115 569 91 -479 286 -102 49 333 -957 43 456 -235 -133 251 634 5 6]
[274 259 344 -381 138 -146 521 137 923 56 -412 31 -169 124 257 -46 154 106 -111 21 -270 -144 -298 -559 336 -333 -445 34 -65 -800 -483 -230 61 135 103 1054 253 -205 -265 -311]
[488 56 266 102 72 424 491 -41 221 528 -201 179 123 198 253 58 -47 225 -55 -293 -298 -282 72 -277 -271 125 -243 -42 249 -546 57 -536 -144 497 206 139 -48 -50 538 91]
[61 172 -55 118 201 185 28 172 270 -176 -172 -118 104 348 57 337 40 -119 -644 -459 110 345 -492 -554 227 79 -157 -320 -180 -210 -349 87 282 -54 -43 1308 146 -589 15 -408]
[279 -408 -231 661 -216 176 431 -39 -27 -45 115 352 -837 241 159 41 -215 437 239 -213 81 -564 217 525 43 -362 -73 -671 -130 301 449 -229 -382 -255 340 -571 215 -464 -473 126]
[202 190 -80 -51 -37 337 171 -406 77 -519 -445 442 -88 -363 33 66 262 -71 -19 152 339 589 -50 -545 231 -138 186 -511 -450 -41 487 -38 -19 -699 32 513 -562 -6 339 -355]
[-415 87 -123 -84 245 -58 174 -421 217 -503 -823 -183 271 -60 -532 248 -52 307 -5 -4 236 -114 -571 263 318 521 237 181 262 246 1 716 481 898 -307 359 -264 22 -26 -80]
[585 -229 46 577 194 -213 -301 13 -209 422 187 343 -7 -65 -770 602 -506 -367 86 341 -120 529 31 73 -335 340 260 -518 -22 -122 392 515 367 -397 141 114 -203 -316 191 54]
[-132 -37 291 7 -7 407 121 478 -50 -302 244 -269 -257 -29 9 238 -1157 216 12 -271 174 35 -8 -604 117 181 403 -298 -551 404 -613 329 70 -820 -326 -195 200 -87 -367 -325]
[416 -135 -61 -18 -154 -17 -389 261 -188 335 -39 542 -655 336 229 448 -356 374 -75 197 -172 -458 117 100 -203 155 930 331 -534 -239 -271 -193 84 -970 28 321 521 412 -439 -155]
[-747 67 -216 82 -169 -427 256 -299 -209 -398 93 -285 -410 -92 346 206 -789 207 21 -163 612 -538 689 -551 -88 5 44 82 -520 273 -115 62 20 124 24 -185 551 -316 87 19]
[-479 -637 320 -101 165 672 -164 -102 -75 120 364 -539 -115 394 54 -101 -382 169 -293 -411 102 -343 -116 -80 313 -75 108 391 -350 129 -174 487 233 158 -1114 -597 63 217 -239 -114]
[-398 570 -27 -434 293 -333 869 804 167 324 139 -375 -192 635 120 -650 -109 415 -114 -8 311 -67 -236 -347 -73 -192 -819 164 2 48 -592 57 -1024 100 272 149 -144 -556 116 52]
[-232 -255 -68 127 165 422 -144 303 -16 215 271 -127 -269 -516 39 26 -506 57 -612 -145 106 425 535 -927 -288 296 -186 722 -353 195 -173 341 -334 -106 -849 -39 209 142 391 -129]
[7 827 237 -557 54 292 316 317 137 168 130 -70 -54 -431 490 25 83 -126 -2 260 74 -127 302 18 -341 29 118 450 253 -961 17 -262 -194 -283 -228 -39 492 444 -156 -63]
[155 -457 100 -33 207 639 -144 17 -191 -140 -188 243 751 1 -312 -34 -77 71 95 -344 -384 193 4 57 132 -234 -375 -572 197 -72 224 -30 -55 44 250 4 -490 101 413 -140]
[230 -48 323 -873 459 247 -405 82 306 58 -127 -213 220 -355 -132 288 524 -361 -499 100 279 232 283 10 218 -221 -144 54 -431 -317 470 -416 -304 -513 357 -187 -797 334 31 -50]
[262 -349 -354 -67 -324 -441 -63 144 153 -89 -212 154 214 240 -944 -137 386 -386 373 743 -533 156 6 364 605 349 -146 348 257 165 -240 -104 -74 262 320 -759 -310 129 -125 404]
[-20 279 294 39 -566 960 478 -407 640 371 -486 135 189 -623 -101 50 -366 425 301 462 -554 -406 -110 -181 288 92 632 305 83 -93 -149 226 -305 -36 -624 -393 -37 -90 -40 -208]
[79 118 -425 173 341 -19 344 -384 -279 302 257 -293 -382 239 -326 40 19 -311 -146 -928 325 172 321 -296 -82 -114 658 -567 143 -197 154 4 695 -337 44 -389 -203 -192 553 117]
[-88 -30 -405 531 34 -456 -86 110 54 147 -83 307 219 30 215 130 83 -20 592 540 -766 -236 -25 341 239 -58 -243 -212 -79 -760 -504 307 -251 607 143 770 302 -994 -583 169]
[289 102 492 296 -221 -160 -225 319 -340 195 117 329 76 427 -432 248 -168 -533 75 410 14 -11 369 -288 379 316 291 -556 -443 -4 -65 9 12 -495 745 176 274 366 50 4]
[606 16 -280 -84 -111 -133 -89 139 -30 156 421 112 -286 -145 318 468 -117 -468 207 323 412 346 -58 -298 -672 -148 -500 -158 298 -241 -200 -527 393 -661 764 -340 192 -45 -22 -102]
[110 232 -187 -490 -470 -28 -326 -33 247 -495 -43 -303 425 -652 396 162 -185 -97 135 405 686 914 329 -7 -429 300 -143 285 21 -297 -490 -141 -121 -440 -521 361 -99 646 -24 -128]
[2 -397 199 -714 104 -280 -374 210 64 469 249 269 -104 126 -975 -478 6 178 -26 362 150 -53 357 -228 -291 261 -665 517 -798 -232 309 -394 46 -266 -125 -98 274 646 61 11]
[-77 112 197 -518 215 56 40 306 50 -186 293 120 -89 177 114 -926 218 784 206 -298 -90 211 -379 149 -723 -336 -120 486 -14 161 -133 158 297 732 192 569 -141 158 -133 308]
[578 306 -582 149 385 -13 816 338 -249 -309 -272 295 34 371 -57 220 261 -8 301 -27 576 -347 478 237 145 59 -431 -260 -539 312 203 -97 -246 -257 638 135 165 -277 186 -93]
[-419 124 -40 321 -79 534 365 -158 173 -625 -51 -237 -142 -259 -8 391 -28 227 -749 -434 5 289 -428 -102 105 -84 -34 204 -45 -286 116 812 -21 89 -500 -17 -87 -436 551 -87]
[-125 81 599 195 353 31 109 -1 -162 572 -22 48 -61 122 319 342 -67 226 -5 -169 -565 -377 353 114 -367 -154 345 329 -130 144 182 217 -97 -457 476 -138 -359 146 -531 -343]
[659 172 628 -178 -113 -66 -47 -43 298 496 -200 -305 139 -291 114 49 -21 -65 5 520 -153 -201 60 59 869 -115 -384 523 457 -454 -118 -92 -643 -256 470 -175 -439 -155 -138 185]
[-58 -554 -142 159 -58 -152 62 -163 -176 449 41 -191 -172 197 -180 -205 311 -222 286 704 -504 -148 472 606 260 157 -62 150 174 -48 130 50 180 64 7 -36 409 378 -31 242]
[6 291 -285 53 -97 -205 -372 254 128 340 -291 -79 -346 272 235 238 -373 -238 339 360 -323 79 620 -219 488 544 -297 81 -514 357 -20 -407 -233 423 321 -333 815 -256 -117 113]
[-218 455 300 -438 198 79 -201 110 -66 -102 375 210 145 -424 -236 -305 -217 244 688 -178 -24 564 -432 280 -652 718 568 107 -374 -69 -149 80 105 -448 -52 -464 -162 742 372 -307]
[275 407 -363 58 507 -122 187 -93 -206 -65 -113 246 83 327 -111 -175 -600 231 -146 -49 807 27 4 181 138 0 -233 -230 -252 -41 542 54 -47 -334 -44 -321 909 566 -283 -353]
[-218 645 439 -265 180 -194 45 -498 -819 191 589 -213 87 -169 -275 140 296 -322 -42 -286 -245 -355 -371 119 -22 -31 -57 -100 166 -53 671 -291 -322 -385 227 284 863 -106 -146 115]]
