[phase 0]
squared_norm=2538107
coefficients=[2 1 -1 1 1 0 0 0 -2 0 -1 0 1 0 0 0 0 1 0 0 0 -2 0 1 0 0 -1 1 1 0 0 0 0 1 0 -1 0 0 -1 0]
vector=[-147 73 -189 -498 346 -291 127 327 -46 -105 -94 -117 -242 188 -245 -302 -139 4 -185 -258 611 264 -263 -122 -379 -92 277 274 -311 -247 -212 281 236 -355 -189 347 -32 111 68 -175]

[phase 1]
squared_norm=2538107
coefficients=[1 0 0 0 0 0 0 0 0 0 0 0 0 0 0 0 0 0 0 0 0 0 0 0 0 0 0 0 0 0 0 0 0 0 0 0 0 0 0 0]
vector=[-147 73 -189 -498 346 -291 127 327 -46 -105 -94 -117 -242 188 -245 -302 -139 4 -185 -258 611 264 -263 -122 -379 -92 277 274 -311 -247 -212 281 236 -355 -189 347 -32 111 68 -175]

