[phase 0 initial]
[[442 -101 -44 584 -196 237 -146 36 -143 102 -359 229 -53 -509 -178 12 195 41 8 40 216 -245 -162 192 -274 -92 352 -258 146 -316 692 -348 54 642 -851 293 -4]
[-334 190 -162 -239 186 111 316 6 -84 255 49 -192 -178 58 471 -185 -617 -355 -445 75 -542 188 135 -469 212 -554 -197 -317 -461 452 -315 643 -177 105 -144 -376 -3]
[374 61 -50 -603 409 30 118 274 -131 -98 642 -5 323 128 -192 266 410 72 -228 182 -63 -172 336 -10 -447 506 -187 58 110 96 -314 -813 296 -326 432 -18 -51]
[-197 95 406 -445 322 -368 -651 50 222 4 24 -313 171 614 -109 363 414 -7 -260 -199 -116 385 -87 -242 124 -271 96 102 29 836 -12 75 -398 -755 -277 -28 69]
[-874 120 85 191 711 -228 -293 -155 -208 -114 -455 -348 215 -282 610 -12 157 -226 -698 -29 -256 991 -319 -204 380 -364 -215 49 29 497 165 570 -282 -146 302 -97 62]
[-100 65 -522 -249 -251 -143 11 -214 953 138 356 -389 33 377 120 -284 -336 -145 234 -202 -270 -78 -386 105 -208 -816 219 58 -184 249 -100 953 -658 -63 -145 -525 54]
[99 -270 162 113 227 -184 -86 145 -106 -237 -806 -213 -683 158 141 -95 -227 320 900 -311 -21 -24 361 162 -181 25 14 299 85 -217 23 183 -337 -543 112 -94 6]
[484 289 -493 -172 429 522 94 504 77 225 269 92 -100 -326 238 -67 -328 687 657 -72 -326 -278 63 -373 -583 -488 -254 154 3 269 113 -276 23 602 -184 -502 -82]
[-269 63 -256 -360 363 -345 17 -128 450 -153 286 921 160 231 390 -503 -477 -416 -647 -370 222 286 -420 10 -19 -441 79 423 -7 75 -89 329 -4 57 518 8 0]
[-22 -333 194 -597 675 -714 99 -710 418 -189 -124 62 -283 195 -14 -113 -97 -300 -415 -350 -37 -356 327 -26 -154 -602 281 -21 -1 437 -610 -404 -170 -335 -188 -26 -51]
[-605 260 256 -521 142 223 313 -247 622 211 287 278 -264 111 -598 -375 -485 -121 -685 -556 -372 -464 114 -235 24 -554 293 43 217 792 -31 198 169 -281 -210 21 13]
[69 -476 27 123 -235 -333 -399 -371 58 -158 28 -734 526 -27 -145 -265 381 -399 490 376 183 691 -168 -44 185 -277 3 131 460 -519 -29 284 -429 190 -376 365 38]
[-665 560 -173 568 53 53 -336 -223 276 60 -835 266 331 -446 1 127 -97 135 -424 -542 -278 -451 -594 -304 86 -486 367 151 87 34 680 -187 313 846 168 123 10]
[143 -23 99 437 -280 259 -827 431 13 401 -550 -164 -632 278 62 83 -319 100 446 -726 -21 -359 -349 -86 -260 259 294 -482 48 -69 356 202 89 -590 -211 390 83]
[486 79 346 -121 33 -277 405 -333 96 -324 -262 656 253 711 14 272 149 -355 680 328 -224 -163 276 -217 -485 27 86 -192 -320 -171 -250 -100 203 336 -218 97 -62]
[175 423 -349 194 -52 -24 -173 577 -176 -211 -212 114 48 389 114 -16 427 184 279 -197 -971 -148 117 -397 -818 -321 -347 -435 -637 943 613 -268 -113 -43 -665 -355 13]
[-188 -555 -217 375 388 -516 -373 -681 -215 -113 -182 172 -17 -215 360 257 669 65 418 15 -319 3 -369 -25 -336 513 -460 405 -356 -230 212 -400 32 467 232 49 -70]
[-93 263 261 519 -256 347 -235 128 -222 -57 -498 267 9 327 130 -179 144 -81 486 -167 279 -124 -314 -420 317 -558 -472 -899 167 201 424 274 151 556 23 -299 -18]
[835 -201 -609 -180 348 -142 -286 -268 -192 -682 453 -167 -17 447 363 -510 231 35 -47 5 -228 252 93 415 -553 680 -179 121 -228 -119 -838 -456 -418 -960 360 319 30]
[-168 -297 -393 961 -449 410 -198 -827 581 -310 205 -86 262 -149 428 26 498 -206 167 402 620 -254 -534 570 -10 303 -721 -135 -254 -221 -75 366 197 37 755 -114 -3]
[-166 -77 28 -43 30 -693 -226 -160 180 -162 472 574 305 328 102 23 131 -175 76 298 72 81 539 -378 -358 0 -368 813 399 -292 171 -130 62 -371 87 185 -11]
[40 -68 -95 -836 -145 401 -213 413 -63 50 -129 -82 137 -13 -590 111 -422 -887 -124 112 -77 -351 434 -277 113 -330 404 166 -165 -125 -146 -78 367 -536 -250 137 -85]
[-370 -148 -388 343 -120 598 -579 -159 239 313 -103 -486 819 -974 -234 -141 469 187 -327 -35 -439 -440 -361 3 232 -218 -38 -86 133 195 151 -441 206 78 200 648 176]
[-455 -622 -169 -149 8 -291 24 -167 240 -173 -87 476 -10 -182 -352 -720 195 -378 166 78 182 262 -283 169 70 66 9 100 583 -146 -270 166 -481 33 631 280 -60]
[611 -486 362 2 -274 579 294 644 -341 93 93 -54 216 -296 353 -185 -79 -555 -584 -74 317 232 -125 -95 68 -29 -105 -202 60 -105 214 -266 392 -224 -87 252 170]
[491 18 -195 -344 325 108 -386 238 -482 496 -9 359 -226 -318 93 -541 -789 447 502 3 -31 -87 162 -38 203 110 -12 289 -361 -98 69 -103 201 -17 127 -95 106]
[-73 185 145 -517 224 -28 -99 413 42 -103 -75 388 -304 645 -330 47 264 -35 -787 -609 457 309 -150 318 366 800 -235 27 -252 -224 133 -390 -423 -399 600 126 -59]
[232 -86 -171 -193 23 189 237 315 226 420 -52 -701 -664 372 -255 83 -443 -106 120 483 331 53 290 65 509 -219 -360 -84 -152 -3 285 603 -857 -269 -360 -35 3]
[-396 -158 -129 316 197 -272 28 145 207 43 -318 -112 384 31 103 -160 -60 -409 -649 833 498 83 -318 494 427 -570 514 -45 329 -415 478 541 -352 139 212 -225 363]
[461 -78 524 206 204 202 -115 36 -54 69 -203 337 184 587 -375 -5 -383 396 330 82 301 0 -6 -10 795 -615 -125 33 -364 357 289 -70 -589 558 -706 120 425]
[714 309 4 188 385 449 -331 202 51 64 -581 261 165 -319 72 -161 68 -60 -574 -423 -47 -530 168 340 -250 -34 238 341 -76 189 49 -864 661 158 302 585 -134]
[64 447 228 -119 150 -114 -156 -133 305 -336 959 -305 317 574 -883 -60 645 -85 -232 -52 -596 197 -218 51 -97 458 -126 -292 761 303 8 237 -75 -362 -165 423 210]
[660 -129 372 105 -719 -202 77 -291 223 302 -429 -170 112 -242 -222 169 173 -75 1053 9 -57 -416 -73 210 -411 -113 46 -366 620 -1197 -64 63 191 109 -126 -27 39]
[-110 651 -381 413 411 -135 462 -20 -15 247 53 283 139 -331 391 -233 219 257 154 -283 -11 69 -171 152 50 97 -193 116 -285 -104 254 360 126 440 373 335 21]
[-392 476 45 172 -190 205 570 11 -154 -58 -39 -464 -95 -664 -174 -164 -599 8 469 330 -788 406 69 -366 -156 -96 -155 -323 195 -416 297 578 195 -130 -180 168 -440]
[-339 -266 183 38 -356 -289 32 -5 -39 -29 51 -373 960 503 232 223 656 -45 -88 718 87 755 -192 -209 859 616 -214 173 -280 -58 136 125 -37 -864 291 -111 -212]
[-194 -232 82 703 -381 -418 -973 -427 -372 -279 52 -249 497 317 -274 56 516 31 -209 679 81 449 -291 -222 475 645 -244 -283 -185 -620 -210 387 -100 -608 413 566 118]]
