[phase 0 initial]
[[442 -101 -44 584 -196 237 -146 36 -143 102 -359 229 -53 -509 -178 12 195 41 8 40 216 -245 -162 192 -274 -92 352 -258 146 -316 692 -348 54 642 -851 293 -4]
[-334 190 -162 -239 186 111 316 6 -84 255 49 -192 -178 58 471 -185 -617 -355 -445 75 -542 188 135 -469 212 -554 -197 -317 -461 452 -315 643 -177 105 -144 -376 -3]
[374 61 -50 -603 409 30 118 274 -131 -98 642 -5 323 128 -192 266 410 72 -228 182 -63 -172 336 -10 -447 506 -187 58 110 96 -314 -813 296 -326 432 -18 -51]
[-197 95 406 -445 322 -368 -651 50 222 4 24 -313 171 614 -109 363 414 -7 -260 -199 -116 385 -87 -242 124 -271 96 102 29 836 -12 75 -398 -755 -277 -28 69]
[-874 120 85 191 711 -228 -293 -155 -208 -114 -455 -348 215 -282 610 -12 157 -226 -698 -29 -256 991 -319 -204 380 -364 -215 49 29 497 165 570 -282 -146 302 -97 62]
[-100 65 -522 -249 -251 -143 11 -214 953 138 356 -389 33 377 120 -284 -336 -145 234 -202 -270 -78 -386 105 -208 -816 219 58 -184 249 -100 953 -658 -63 -145 -525 54]
[99 -270 162 113 227 -184 -86 145 -106 -237 -806 -213 -683 158 141 -95 -227 320 900 -311 -21 -24 361 162 -181 25 14 299 85 -217 23 183 -337 -543 112 -94 6]
[484 289 -493 -172 429 522 94 504 77 225 269 92 -100 -326 238 -67 -328 687 657 -72 -326 -278 63 -373 -583 -488 -254 154 3 269 113 -276 23 602 -184 -502 -82]
[-269 63 -256 -360 363 -345 17 -128 450 -153 286 921 160 231 390 -503 -477 -416 -647 -370 222 286 -420 10 -19 -441 79 423 -7 75 -89 329 -4 57 518 8 0]
[-22 -333 194 -597 675 -714 99 -710 418 -189 -124 62 -283 195 -14 -113 -97 -300 -415 -350 -37 -356 327 -26 -154 -602 281 -21 -1 437 -610 -404 -170 -335 -188 -26 -51]
[-605 260 256 -521 142 223 313 -247 622 211 287 278 -264 111 -598 -375 -485 -121 -685 -556 -372 -464 114 -235 24 -554 293 43 217 792 -31 198 169 -281 -210 21 13]
[69 -476 27 123 -235 -333 -399 -371 58 -158 28 -734 526 -27 -145 -265 381 -399 490 376 183 691 -168 -44 185 -277 3 131 460 -519 -29 284 -429 190 -376 365 38]
[-665 560 -173 568 53 53 -336 -223 276 60 -835 266 331 -446 1 127 -97 135 -424 -542 -278 -451 -594 -304 86 -486 367 151 87 34 680 -187 313 846 168 123 10]
[143 -23 99 437 -280 259 -827 431 13 401 -550 -164 -632 278 62 83 -319 100 446 -726 -21 -359 -349 -86 -260 259 294 -482 48 -69 356 202 89 -590 -211 390 83]
[486 79 346 -121 33 -277 405 -333 96 -324 -262 656 253 711 14 272 149 -355 680 328 -224 -163 276 -217 -485 27 86 -192 -320 -171 -250 -100 203 336 -218 97 -62]
[175 423 -349 194 -52 -24 -173 577 -176 -211 -212 114 48 389 114 -16 427 184 279 -197 -971 -148 117 -397 -818 -321 -347 -435 -637 943 613 -268 -113 -43 -665 -355 13]
[-188 -555 -217 375 388 -516 -373 -681 -215 -113 -182 172 -17 -215 360 257 669 65 418 15 -319 3 -369 -25 -336 513 -460 405 -356 -230 212 -400 32 467 232 49 -70]
[-93 263 261 519 -256 347 -235 128 -222 -57 -498 267 9 327 130 -179 144 -81 486 -167 279 -124 -314 -420 317 -558 -472 -899 167 201 424 274 151 556 23 -299 -18]
[835 -201 -609 -180 348 -142 -286 -268 -192 -682 453 -167 -17 447 363 -510 231 35 -47 5 -228 252 93 415 -553 680 -179 121 -228 -119 -838 -456 -418 -960 360 319 30]
[-168 -297 -393 961 -449 410 -198 -827 581 -310 205 -86 262 -149 428 26 498 -206 167 402 620 -254 -534 570 -10 303 -721 -135 -254 -221 -75 366 197 37 755 -114 -3]
[-166 -77 28 -43 30 -693 -226 -160 180 -162 472 574 305 328 102 23 131 -175 76 298 72 81 539 -378 -358 0 -368 813 399 -292 171 -130 62 -371 87 185 -11]
[40 -68 -95 -836 -145 401 -213 413 -63 50 -129 -82 137 -13 -590 111 -422 -887 -124 112 -77 -351 434 -277 113 -330 404 166 -165 -125 -146 -78 367 -536 -250 137 -85]
[-370 -148 -388 343 -120 598 -579 -159 239 313 -103 -486 819 -974 -234 -141 469 187 -327 -35 -439 -440 -361 3 232 -218 -38 -86 133 195 151 -441 206 78 200 648 176]
[-455 -622 -169 -149 8 -291 24 -167 240 -173 -87 476 -10 -182 -352 -720 195 -378 166 78 182 262 -283 169 70 66 9 100 583 -146 -270 166 -481 33 631 280 -60]
[611 -486 362 2 -274 579 294 644 -341 93 93 -54 216 -296 353 -185 -79 -555 -584 -74 317 232 -125 -95 68 -29 -105 -202 60 -105 214 -266 392 -224 -87 252 170]
[491 18 -195 -344 325 108 -386 238 -482 496 -9 359 -226 -318 93 -541 -789 447 502 3 -31 -87 162 -38 203 110 -12 289 -361 -98 69 -103 201 -17 127 -95 106]
[-73 185 145 -517 224 -28 -99 413 42 -103 -75 388 -304 645 -330 47 264 -35 -787 -609 457 309 -150 318 366 800 -235 27 -252 -224 133 -390 -423 -399 600 126 -59]
[232 -86 -171 -193 23 189 237 315 226 420 -52 -701 -664 372 -255 83 -443 -106 120 483 331 53 290 65 509 -219 -360 -84 -152 -3 285 603 -857 -269 -360 -35 3]
[-396 -158 -129 316 197 -272 28 145 207 43 -318 -112 384 31 103 -160 -60 -409 -649 833 498 83 -318 494 427 -570 514 -45 329 -415 478 541 -352 139 212 -225 363]
[461 -78 524 206 204 202 -115 36 -54 69 -203 337 184 587 -375 -5 -383 396 330 82 301 0 -6 -10 795 -615 -125 33 -364 357 289 -70 -589 558 -706 120 425]
[714 309 4 188 385 449 -331 202 51 64 -581 261 165 -319 72 -161 68 -60 -574 -423 -47 -530 168 340 -250 -34 238 341 -76 189 49 -864 661 158 302 585 -134]
[64 447 228 -119 150 -114 -156 -133 305 -336 959 -305 317 574 -883 -60 645 -85 -232 -52 -596 197 -218 51 -97 458 -126 -292 761 303 8 237 -75 -362 -165 423 210]
[660 -129 372 105 -719 -202 77 -291 223 302 -429 -170 112 -242 -222 169 173 -75 1053 9 -57 -416 -73 210 -411 -113 46 -366 620 -1197 -64 63 191 109 -126 -27 39]
[-110 651 -381 413 411 -135 462 -20 -15 247 53 283 139 -331 391 -233 219 257 154 -283 -11 69 -171 152 50 97 -193 116 -285 -104 254 360 126 440 373 335 21]
[-392 476 45 172 -190 205 570 11 -154 -58 -39 -464 -95 -664 -174 -164 -599 8 469 330 -788 406 69 -366 -156 -96 -155 -323 195 -416 297 578 195 -130 -180 168 -440]
[-339 -266 183 38 -356 -289 32 -5 -39 -29 51 -373 960 503 232 223 656 -45 -88 718 87 755 -192 -209 859 616 -214 173 -280 -58 136 125 -37 -864 291 -111 -212]
[-194 -232 82 703 -381 -418 -973 -427 -372 -279 52 -249 497 317 -274 56 516 31 -209 679 81 449 -291 -222 475 645 -244 -283 -185 -620 -210 387 -100 -608 413 566 118]]
[phase 0 refreshed accepted=1]
[[-193 21 265 -553 104 119 -148 191 468 53 -330 -215 287 -373 181 8 -14 -287 94 -118 226 -3 -125 -13 67 169 -61 332 738 -16 199 9 182 94 151 348 129]
[-334 190 -162 -239 186 111 316 6 -84 255 49 -192 -178 58 471 -185 -617 -355 -445 75 -542 188 135 -469 212 -554 -197 -317 -461 452 -315 643 -177 105 -144 -376 -3]
[442 -101 -44 584 -196 237 -146 36 -143 102 -359 229 -53 -509 -178 12 195 41 8 40 216 -245 -162 192 -274 -92 352 -258 146 -316 692 -348 54 642 -851 293 -4]
[374 61 -50 -603 409 30 118 274 -131 -98 642 -5 323 128 -192 266 410 72 -228 182 -63 -172 336 -10 -447 506 -187 58 110 96 -314 -813 296 -326 432 -18 -51]
[324 132 -439 -220 417 63 172 -13 371 -207 -233 93 279 -604 174 -28 60 17 -574 735 -319 -462 223 67 -555 -191 -49 -18 -113 -100 340 180 -346 343 -296 -268 124]
[23 276 -284 55 409 276 20 -77 467 270 -385 193 76 -471 763 123 109 232 -269 257 204 -259 -173 11 61 -585 22 -249 -327 -341 71 -247 497 423 -123 -151 -72]
[-455 -622 -169 -149 8 -291 24 -167 240 -173 -87 476 -10 -182 -352 -720 195 -378 166 78 182 262 -283 169 70 66 9 100 583 -146 -270 166 -481 33 631 280 -60]
[-285 -82 -498 588 -66 201 169 -96 -122 231 393 -293 68 -296 295 -353 -48 -268 150 -545 62 573 -667 258 -118 -304 122 -177 185 -210 115 107 154 519 311 -51 -132]
[-234 125 360 10 437 254 305 220 -1037 117 -307 197 -211 -319 351 99 -281 -210 -679 277 -272 266 521 -574 420 262 -416 -375 -277 203 -215 -310 481 168 1 149 -57]
[-197 95 406 -445 322 -368 -651 50 222 4 24 -313 171 614 -109 363 414 -7 -260 -199 -116 385 -87 -242 124 -271 96 102 29 836 -12 75 -398 -755 -277 -28 69]
[-401 -320 357 442 72 -401 -65 -924 -12 -604 -276 209 129 -201 -971 -485 318 171 -432 578 -75 75 371 -17 304 -235 121 283 215 -292 118 218 -303 -200 -325 396 50]
[99 -270 162 113 227 -184 -86 145 -106 -237 -806 -213 -683 158 141 -95 -227 320 900 -311 -21 -24 361 162 -181 25 14 299 85 -217 23 183 -337 -543 112 -94 6]
[175 163 -348 317 173 607 15 243 24 124 220 -328 -26 77 -198 -241 299 691 529 416 -258 131 268 -77 -271 -452 -75 -29 -192 -610 131 0 184 -296 -128 -199 -144]
[484 289 -493 -172 429 522 94 504 77 225 269 92 -100 -326 238 -67 -328 687 657 -72 -326 -278 63 -373 -583 -488 -254 154 3 269 113 -276 23 602 -184 -502 -82]
[-503 -174 -254 625 321 200 -289 -309 -336 185 258 -445 -290 -33 -335 -674 -256 -280 -509 -436 -639 305 -174 -324 -309 -328 153 -635 97 -23 -40 357 59 -492 63 341 -53]
[-268 276 217 66 -723 610 780 633 -123 243 -197 95 -114 -186 50 124 -91 -418 -33 -257 282 185 -99 621 262 445 217 150 183 -86 707 293 247 341 -41 -38 15]
[-521 74 -16 -139 278 267 532 454 -478 344 -1089 333 -271 -18 188 -159 53 -495 -178 83 -411 83 393 -463 345 -674 204 -331 -295 -169 -38 -492 112 534 -70 -39 -296]
[-404 337 -92 414 298 25 -673 -601 -308 140 14 141 86 -324 226 152 -101 642 -138 153 -105 53 271 148 644 100 -262 172 -530 142 -148 35 340 -131 -281 544 53]
[604 -790 515 163 -40 -374 286 -252 -541 -820 506 753 215 -76 -656 -331 48 213 -545 19 274 -42 193 -118 55 177 -257 507 47 362 -262 -628 -131 -367 376 80 160]
[-479 -493 562 677 -171 56 69 -453 -375 -435 395 36 13 78 -347 -588 258 169 -65 -682 45 646 -71 -81 -158 -189 -503 593 269 480 161 464 232 -126 557 136 -263]
[147 128 -366 92 -19 -15 594 -411 192 31 -223 -336 11 -90 369 298 113 -464 366 -34 -58 26 399 75 -268 -437 4 469 -269 -479 97 -252 592 -43 -17 395 -453]
[-59 175 -2 740 -199 107 178 425 89 469 -1 -42 -345 33 -3 -214 103 -169 530 -31 155 574 -92 -35 329 -332 214 171 599 -62 44 -332 77 -169 222 -179 -106]
[17 -82 -411 38 290 178 -369 133 18 36 328 -291 411 -465 207 420 107 642 114 -149 -220 -327 -131 -152 -509 -252 -27 -5 -40 -210 684 -392 35 -283 -522 -28 321]
[-527 408 -71 -322 -641 -129 320 36 32 -674 -391 226 -33 430 47 255 23 80 -80 174 -239 -57 -101 134 163 977 45 258 -67 -150 385 407 -673 -450 -126 -130 321]
[-155 -630 -509 298 -310 470 65 381 -652 219 78 123 -80 134 825 -587 19 -189 729 188 619 333 -139 573 64 57 -79 -89 261 -807 174 -171 74 380 -201 492 34]
[-11 -409 55 265 -465 -453 -179 -299 -160 -271 -371 109 -51 -230 54 -358 80 204 570 105 -256 -246 63 607 -311 164 -17 -551 -393 -616 -245 213 -317 55 -25 153 -406]
[532 191 -410 -3 345 -152 -66 -86 153 24 315 -316 36 -146 -420 -496 116 348 -416 727 -576 -114 -94 -692 -945 -513 333 -120 692 209 242 200 -150 266 -576 397 -264]
[40 -68 -95 -836 -145 401 -213 413 -63 50 -129 -82 137 -13 -590 111 -422 -887 -124 112 -77 -351 434 -277 113 -330 404 166 -165 -125 -146 -78 367 -536 -250 137 -85]
[-490 329 -212 -360 412 461 180 -569 -76 370 -478 411 -191 -517 -385 -194 426 -189 -676 145 -884 -145 -243 -461 267 55 120 3 274 161 403 108 -139 323 -142 703 -317]
[-57 64 247 61 175 -61 250 -671 711 -1 -74 114 -243 120 -225 -240 -79 102 411 -313 -5 -154 -410 141 527 64 115 910 32 -268 -274 -434 631 91 629 -39 16]
[-398 -219 -226 -875 -57 236 280 -226 -32 289 195 435 -69 -456 630 -501 85 175 18 -417 -2 -188 -451 14 81 428 -372 -35 -197 616 -246 -447 250 214 573 -296 -75]
[-138 -257 197 605 -123 -424 -338 -14 71 -122 -326 464 41 -666 -797 -599 246 -163 289 607 140 197 97 499 397 243 -130 -280 365 229 382 238 -13 -80 -197 566 257]
[-465 99 305 383 -656 -226 376 261 -710 -466 -514 102 57 -19 -152 540 -329 -500 94 -55 176 -229 -246 339 190 555 575 561 -518 -49 643 57 -274 -104 -534 172 26]
[491 18 -195 -344 325 108 -386 238 -482 496 -9 359 -226 -318 93 -541 -789 447 502 3 -31 -87 162 -38 203 110 -12 289 -361 -98 69 -103 201 -17 127 -95 106]
[-48 -16 -334 -295 312 -552 -1180 -50 348 108 -34 324 134 168 -260 -111 92 521 -6 345 342 -149 -546 548 255 -122 -139 445 36 -20 -448 -455 -84 -389 399 -15 193]
[481 -439 224 167 -239 364 29 638 203 420 291 172 638 472 -313 -146 -63 3 230 -75 195 -606 478 17 53 -103 195 -92 166 -333 -144 -635 492 355 -360 232 -294]
[707 150 -721 -59 -116 54 -28 37 -237 614 627 244 26 -77 -201 285 -166 -114 544 153 -398 -130 2 6 -373 349 -321 73 327 -36 -285 251 -355 -18 250 -217 455]]
[phase 1 initial]
[[-193 21 265 -553 104 119 -148 191 468 53 -330 -215 287 -373 181 8 -14 -287 94 -118 226 -3 -125 -13 67 169 -61 332 738 -16 199 9 182 94 151 348 129]
[-334 190 -162 -239 186 111 316 6 -84 255 49 -192 -178 58 471 -185 -617 -355 -445 75 -542 188 135 -469 212 -554 -197 -317 -461 452 -315 643 -177 105 -144 -376 -3]
[442 -101 -44 584 -196 237 -146 36 -143 102 -359 229 -53 -509 -178 12 195 41 8 40 216 -245 -162 192 -274 -92 352 -258 146 -316 692 -348 54 642 -851 293 -4]
[374 61 -50 -603 409 30 118 274 -131 -98 642 -5 323 128 -192 266 410 72 -228 182 -63 -172 336 -10 -447 506 -187 58 110 96 -314 -813 296 -326 432 -18 -51]
[324 132 -439 -220 417 63 172 -13 371 -207 -233 93 279 -604 174 -28 60 17 -574 735 -319 -462 223 67 -555 -191 -49 -18 -113 -100 340 180 -346 343 -296 -268 124]
[23 276 -284 55 409 276 20 -77 467 270 -385 193 76 -471 763 123 109 232 -269 257 204 -259 -173 11 61 -585 22 -249 -327 -341 71 -247 497 423 -123 -151 -72]
[-455 -622 -169 -149 8 -291 24 -167 240 -173 -87 476 -10 -182 -352 -720 195 -378 166 78 182 262 -283 169 70 66 9 100 583 -146 -270 166 -481 33 631 280 -60]
[-285 -82 -498 588 -66 201 169 -96 -122 231 393 -293 68 -296 295 -353 -48 -268 150 -545 62 573 -667 258 -118 -304 122 -177 185 -210 115 107 154 519 311 -51 -132]
[-234 125 360 10 437 254 305 220 -1037 117 -307 197 -211 -319 351 99 -281 -210 -679 277 -272 266 521 -574 420 262 -416 -375 -277 203 -215 -310 481 168 1 149 -57]
[-197 95 406 -445 322 -368 -651 50 222 4 24 -313 171 614 -109 363 414 -7 -260 -199 -116 385 -87 -242 124 -271 96 102 29 836 -12 75 -398 -755 -277 -28 69]
[-401 -320 357 442 72 -401 -65 -924 -12 -604 -276 209 129 -201 -971 -485 318 171 -432 578 -75 75 371 -17 304 -235 121 283 215 -292 118 218 -303 -200 -325 396 50]
[99 -270 162 113 227 -184 -86 145 -106 -237 -806 -213 -683 158 141 -95 -227 320 900 -311 -21 -24 361 162 -181 25 14 299 85 -217 23 183 -337 -543 112 -94 6]
[175 163 -348 317 173 607 15 243 24 124 220 -328 -26 77 -198 -241 299 691 529 416 -258 131 268 -77 -271 -452 -75 -29 -192 -610 131 0 184 -296 -128 -199 -144]
[484 289 -493 -172 429 522 94 504 77 225 269 92 -100 -326 238 -67 -328 687 657 -72 -326 -278 63 -373 -583 -488 -254 154 3 269 113 -276 23 602 -184 -502 -82]
[-503 -174 -254 625 321 200 -289 -309 -336 185 258 -445 -290 -33 -335 -674 -256 -280 -509 -436 -639 305 -174 -324 -309 -328 153 -635 97 -23 -40 357 59 -492 63 341 -53]
[-268 276 217 66 -723 610 780 633 -123 243 -197 95 -114 -186 50 124 -91 -418 -33 -257 282 185 -99 621 262 445 217 150 183 -86 707 293 247 341 -41 -38 15]
[-521 74 -16 -139 278 267 532 454 -478 344 -1089 333 -271 -18 188 -159 53 -495 -178 83 -411 83 393 -463 345 -674 204 -331 -295 -169 -38 -492 112 534 -70 -39 -296]
[-404 337 -92 414 298 25 -673 -601 -308 140 14 141 86 -324 226 152 -101 642 -138 153 -105 53 271 148 644 100 -262 172 -530 142 -148 35 340 -131 -281 544 53]
[604 -790 515 163 -40 -374 286 -252 -541 -820 506 753 215 -76 -656 -331 48 213 -545 19 274 -42 193 -118 55 177 -257 507 47 362 -262 -628 -131 -367 376 80 160]
[-479 -493 562 677 -171 56 69 -453 -375 -435 395 36 13 78 -347 -588 258 169 -65 -682 45 646 -71 -81 -158 -189 -503 593 269 480 161 464 232 -126 557 136 -263]
[147 128 -366 92 -19 -15 594 -411 192 31 -223 -336 11 -90 369 298 113 -464 366 -34 -58 26 399 75 -268 -437 4 469 -269 -479 97 -252 592 -43 -17 395 -453]
[-59 175 -2 740 -199 107 178 425 89 469 -1 -42 -345 33 -3 -214 103 -169 530 -31 155 574 -92 -35 329 -332 214 171 599 -62 44 -332 77 -169 222 -179 -106]
[17 -82 -411 38 290 178 -369 133 18 36 328 -291 411 -465 207 420 107 642 114 -149 -220 -327 -131 -152 -509 -252 -27 -5 -40 -210 684 -392 35 -283 -522 -28 321]
[-527 408 -71 -322 -641 -129 320 36 32 -674 -391 226 -33 430 47 255 23 80 -80 174 -239 -57 -101 134 163 977 45 258 -67 -150 385 407 -673 -450 -126 -130 321]
[-155 -630 -509 298 -310 470 65 381 -652 219 78 123 -80 134 825 -587 19 -189 729 188 619 333 -139 573 64 57 -79 -89 261 -807 174 -171 74 380 -201 492 34]
[-11 -409 55 265 -465 -453 -179 -299 -160 -271 -371 109 -51 -230 54 -358 80 204 570 105 -256 -246 63 607 -311 164 -17 -551 -393 -616 -245 213 -317 55 -25 153 -406]
[532 191 -410 -3 345 -152 -66 -86 153 24 315 -316 36 -146 -420 -496 116 348 -416 727 -576 -114 -94 -692 -945 -513 333 -120 692 209 242 200 -150 266 -576 397 -264]
[40 -68 -95 -836 -145 401 -213 413 -63 50 -129 -82 137 -13 -590 111 -422 -887 -124 112 -77 -351 434 -277 113 -330 404 166 -165 -125 -146 -78 367 -536 -250 137 -85]
[-490 329 -212 -360 412 461 180 -569 -76 370 -478 411 -191 -517 -385 -194 426 -189 -676 145 -884 -145 -243 -461 267 55 120 3 274 161 403 108 -139 323 -142 703 -317]
[-57 64 247 61 175 -61 250 -671 711 -1 -74 114 -243 120 -225 -240 -79 102 411 -313 -5 -154 -410 141 527 64 115 910 32 -268 -274 -434 631 91 629 -39 16]
[-398 -219 -226 -875 -57 236 280 -226 -32 289 195 435 -69 -456 630 -501 85 175 18 -417 -2 -188 -451 14 81 428 -372 -35 -197 616 -246 -447 250 214 573 -296 -75]
[-138 -257 197 605 -123 -424 -338 -14 71 -122 -326 464 41 -666 -797 -599 246 -163 289 607 140 197 97 499 397 243 -130 -280 365 229 382 238 -13 -80 -197 566 257]
[-465 99 305 383 -656 -226 376 261 -710 -466 -514 102 57 -19 -152 540 -329 -500 94 -55 176 -229 -246 339 190 555 575 561 -518 -49 643 57 -274 -104 -534 172 26]
[491 18 -195 -344 325 108 -386 238 -482 496 -9 359 -226 -318 93 -541 -789 447 502 3 -31 -87 162 -38 203 110 -12 289 -361 -98 69 -103 201 -17 127 -95 106]
[-48 -16 -334 -295 312 -552 -1180 -50 348 108 -34 324 134 168 -260 -111 92 521 -6 345 342 -149 -546 548 255 -122 -139 445 36 -20 -448 -455 -84 -389 399 -15 193]
[481 -439 224 167 -239 364 29 638 203 420 291 172 638 472 -313 -146 -63 3 230 -75 195 -606 478 17 53 -103 195 -92 166 -333 -144 -635 492 355 -360 232 -294]
[707 150 -721 -59 -116 54 -28 37 -237 614 627 244 26 -77 -201 285 -166 -114 544 153 -398 -130 2 6 -373 349 -321 73 327 -36 -285 251 -355 -18 250 -217 455]]
