[phase 0]
squared_norm=2234654
coefficients=[2 5 2 4 -4 -3 4 -1 3 -1 -1 2 2 -1 0 0 -1 -1 -1 2 -1 -1 1 0 0 1 0 0 0 -1 -1 1 0 0 0 0 -1]
vector=[-193 21 265 -553 104 119 -148 191 468 53 -330 -215 287 -373 181 8 -14 -287 94 -118 226 -3 -125 -13 67 169 -61 332 738 -16 199 9 182 94 151 348 129]

[phase 1]
squared_norm=2234654
coefficients=[1 0 0 0 0 0 0 0 0 0 0 0 0 0 0 0 0 0 0 0 0 0 0 0 0 0 0 0 0 0 0 0 0 0 0 0 0]
vector=[-193 21 265 -553 104 119 -148 191 468 53 -330 -215 287 -373 181 8 -14 -287 94 -118 226 -3 -125 -13 67 169 -61 332 738 -16 199 9 182 94 151 348 129]

