[phase 0]
score=1.001253275673099
squared_norm=2407378
coefficients=[0 0 0 1 0 1 -1 0 0 -1 0 0 1 1 -1 0 0 0 0 0 0 0 0 0 0 0 0 0 0 0 0]
vector=[37 304 -546 14 -80 0 -362 -265 55 -211 -354 -65 73 80 449 5 196 -415 -9 230 -3 381 -414 183 581 -139 -299 -512 -36 181 -247]

[phase 1]
score=0
squared_norm=2407378
coefficients=[1 0 0 0 0 0 0 0 0 0 0 0 0 0 0 0 0 0 0 0 0 0 0 0 0 0 0 0 0 0 0]
vector=[37 304 -546 14 -80 0 -362 -265 55 -211 -354 -65 73 80 449 5 196 -415 -9 230 -3 381 -414 183 581 -139 -299 -512 -36 181 -247]

