phase	depth	k	node	parent	z_k	nodes_at_depth	parent_rho	rho	bound_r2	remaining	center	delta	legal_lo	legal_hi	offset	P	Ptheta	N	Q	M
0	1	36	1	0	0	7	0	0	0.79276227951049805	0.79276227951049805	0	3.2095489346319224	-3	3	0	0.33828520774841309	0.33828520774841309	4099293	0	0
0	2	35	3	1	0	35	0	0	0.79276227951049805	0.79276227951049805	0	3.2974532443223485	-3	3	0	0.33230981230735779	0.33230981230735779	1772088	0	0
0	3	34	16	3	0	139	0	0	0.79276227951049805	0.79276227951049805	0	3.1139429712638154	-3	3	0	0.34518876671791077	0.34518876671791077	791649	0	0
0	4	33	47	16	0	535	0	0	0.79276227951049805	0.79276227951049805	0	3.305012195415427	-3	3	0	0.33181166648864746	0.33181166648864746	307411	0	0
0	5	32	144	47	0	1793	0	0	0.79276227951049805	0.79276227951049805	0	3.1466533214796124	-3	3	0	0.34277713298797607	0.34277713298797607	120610	0	0
0	6	31	403	144	0	5271	0	0	0.79276227951049805	0.79276227951049805	0	2.9896098837433178	-2	2	0	0.39227762818336487	0.39227762818336487	48069	0	0
0	7	30	1264	403	0	14403	0	0	0.79276227951049805	0.79276227951049805	0	2.999565305186211	-2	2	0	0.39156913757324219	0.39156913757324219	18822	0	0
0	8	29	2919	1264	0	35569	0	0	0.79276227951049805	0.79276227951049805	0	2.8605129449345776	-2	2	0	0.40192955732345581	0.40192955732345581	7565	0	0
0	9	28	6920	2919	0	75075	0	0	0.79276227951049805	0.79276227951049805	0	2.5962894734933237	-2	2	0	0.42477279901504517	0.42477279901504517	3214	0	0
0	10	27	23966	6920	1	157707	0	0.10740947310355921	0.79276227951049805	0.79276227951049805	0	2.7167532533320435	-2	2	0.36808642771422839	0.19818399846553802	0.19818399846553802	636	0	0
0	11	26	60785	23966	0	278155	0.10740947310355921	0.1401229236242755	0.79276227951049805	0.68535280640693885	-0.48397466954537777	2.2152184116752638	-2	1	0.2184771790423008	0.3609139621257782	0.3609139621257782	229	0	0
0	12	25	149513	60785	0	475119	0.1401229236242755	0.15755253917088941	0.79276227951049805	0.65263935588622257	0.35704782465975393	2.1848373788637616	-1	2	-0.16342077818415887	0.40351030230522156	0.40351030230522156	92	0	0
0	13	24	405424	149513	0	727457	0.15755253917088941	0.16607275137878433	0.79276227951049805	0.63520974033960864	0.23329693304201468	2.0143846260381775	-1	2	-0.11581548529828441	0.45923522114753723	0.45923522114753723	42	0	0
0	14	23	960262	405424	0	1099857	0.16607275137878433	0.16734661539218793	0.79276227951049805	0.62668952813171375	-0.095326086872451407	2.114347906335055	-2	2	0.045085336517624808	0.45771226286888123	0.45771226286888123	20	0	0
0	15	22	2288167	960262	0	1319499	0.16734661539218793	0.16788039415206943	0.79276227951049805	0.62541566411831018	-0.057599554094343058	1.9716183629064858	-2	1	0.029214352624222853	0.52137964963912964	0.52137964963912964	11	0	0
0	16	21	4086595	2288167	0	1214232	0.16788039415206943	0.16952589464008491	0.79276227951049805	0.62488188535842859	-0.094582771020129866	1.8431555714630434	-1	1	0.051315674316657275	0.57054126262664795	0.57054126262664795	6	0	0
0	17	20	5528021	4086595	0	993033	0.16952589464008491	0.20575611893067897	0.79276227951049805	0.62323638487041311	0.4340845409749356	1.8003842630734557	-1	2	-0.24110660700505407	0.40363970398902893	0.40363970398902893	2	0	0
0	18	19	8934546	5528021	0	783013	0.20575611893067897	0.22741825884983244	0.79276227951049805	0.58700616057981903	-0.32963251993763365	1.7159344828017755	-2	1	0.19210087753432759	0.4558793306350708	0.4558793306350708	1	0	0
0	19	18	-1	8934546	0	591946	0.22741825884983244	0.23387326307219622	0.79276227951049805	0.56534402066066558	0.17221904304771254	1.6117189342573557	-1	1	-0.10685426558388561	0.57722485065460205	0.57722485065460205	0	0	0
0	20	17	-1	-1	0	428060	0.23387326307219622	0.24197853878885517	0.79276227951049805	0.5588890164383018	0.18236687166062523	1.5143450392124966	-1	1	-0.12042623506427658	0	0	0	0	0
0	21	16	-1	-1	0	291922	0.24197853878885517	0.24213249449183114	0.79276227951049805	0.55078374072164282	0.023464522492868217	1.4034740459805843	-1	1	-0.016718885938837535	0	0	0	0	0
0	22	15	-1	-1	0	202844	0.24213249449183114	0.26129778692280059	0.79276227951049805	0.55062978501866688	0.26791964986448136	1.4360735778776117	-1	1	-0.18656401314787968	0	0	0	0	0
0	23	14	-1	-1	0	135836	0.26129778692280059	0.26395637878328115	0.79276227951049805	0.53146449258769746	0.096847738247982484	1.3693068306617326	-1	1	-0.070727565275621782	0	0	0	0	0
0	24	13	-1	-1	0	78730	0.26395637878328115	0.27085358471792892	0.79276227951049805	0.52880590072721689	-0.13606197405392856	1.1913745467516392	-1	1	0.11420587625017711	0	0	0	0	0
0	25	12	-1	-1	0	45608	0.27085358471792892	0.29175746505595523	0.79276227951049805	0.52190869479256907	-0.2415268270667825	1.206838584520225	-1	0	0.2001318404671332	0	0	0	0	0
0	26	11	-1	-1	0	23340	0.29175746505595523	0.32887698822399919	0.79276227951049805	0.50100481445454281	0.28748712983012625	1.056180542279352	0	1	-0.27219506355390516	0	0	0	0	0
0	27	10	-1	-1	0	11812	0.32887698822399919	0.36548902000462408	0.79276227951049805	0.46388529128649886	0.28501233352216343	1.0145116527247433	0	1	-0.28093549517808525	0	0	0	0	0
0	28	9	-1	-1	0	5334	0.36548902000462408	0.40737599238780858	0.79276227951049805	0.42727325950587397	-0.27566330543806161	0.88042492918449933	-1	0	0.31310256706769646	0	0	0	0	0
0	29	8	-1	-1	0	2270	0.40737599238780858	0.41487637356482787	0.79276227951049805	0.38538628712268946	0.1076225669374415	0.77145359539144698	0	0	-0.13950620955085732	0	0	0	0	0
0	30	7	-1	-1	0	874	0.41487637356482787	0.42114863140992043	0.79276227951049805	0.37788590594567018	0.092145458149064483	0.71522441167550099	0	0	-0.12883433037919167	0	0	0	0	0
0	31	6	-1	-1	0	350	0.42114863140992043	0.43299530616745641	0.79276227951049805	0.37161364810057762	-0.1295076299386046	0.72534220938752847	0	0	0.17854693724215984	0	0	0	0	0
0	32	5	-1	-1	0	112	0.43299530616745641	0.54077789773111307	0.79276227951049805	0.35976697334304164	0.38082289862013213	0.69575989214387679	0	1	-0.54734816266382513	0	0	0	0	0
0	33	4	-1	-1	0	50	0.54077789773111307	0.67143356203242965	0.79276227951049805	0.25198438177938504	-0.40809827277054744	0.56674467371577075	0	0	0.72007429746964613	0	0	0	0	0
0	34	3	-1	-1	0	10	0.67143356203242965	0.67396562286382011	0.79276227951049805	0.12132871747806843	-0.059610500003125538	0.41263636639247481	0	0	0.14446254585914908	0	0	0	0	0
0	35	2	-1	-1	0	2	0.67396562286382011	0.6807073462341332	0.79276227951049805	0.11879665664667788	0.088642287504640774	0.37209822632942624	0	0	-0.2382228165370612	0	0	0	0	0
0	36	1	-1	-1	0	0	0.6807073462341332	0.75803101802901696	0.79276227951049805	0.11205493327636487	0.29690946935802104	0.35742366611609538	0	0	-0.83069336897680801	0	0	0	0	0
0	37	0	-1	-1	0	0	0.75803101802901696	0.79276227951049805	0.79276227951049805	0.034731261481481035	-0.19819007257883378	0.19819007258355581	0	0	0.99999999997617439	0	0	0	0	0
