[phase 0]
score=3.800711022144445
squared_norm=2672315
coefficients=[0 0 0 0 0 0 0 0 0 0 0 0 0 0 0 0 0 0 0 0 0 0 0 -1 0 0 0 0 0 0 0 0 0 0 0]
vector=[264 -202 -103 523 85 598 116 31 -150 166 370 165 -77 -210 261 -213 206 -51 518 652 -107 -579 -159 -345 117 -29 351 -122 -164 -165 150 80 -163 117 124]

[phase 1]
score=0
squared_norm=2672315
coefficients=[1 0 0 0 0 0 0 0 0 0 0 0 0 0 0 0 0 0 0 0 0 0 0 0 0 0 0 0 0 0 0 0 0 0 0]
vector=[264 -202 -103 523 85 598 116 31 -150 166 370 165 -77 -210 261 -213 206 -51 518 652 -107 -579 -159 -345 117 -29 351 -122 -164 -165 150 80 -163 117 124]

[phase 2]
score=0
squared_norm=2672315
coefficients=[1 0 0 0 0 0 0 0 0 0 0 0 0 0 0 0 0 0 0 0 0 0 0 0 0 0 0 0 0 0 0 0 0 0 0]
vector=[264 -202 -103 523 85 598 116 31 -150 166 370 165 -77 -210 261 -213 206 -51 518 652 -107 -579 -159 -345 117 -29 351 -122 -164 -165 150 80 -163 117 124]

