[phase 0 initial]
[[-173 83 212 -403 26 -227 180 425 -13 -1036 334 -242 -340 1 511 -154 -340 -50 -70 -206 253 -177 -41 246 -302 -43 184 -111 -328 362 157 -26 332 687 -126 181 156 14]
[-137 177 -71 -451 484 -375 398 -44 381 -371 283 -317 -380 45 19 219 215 311 -232 584 114 -71 127 -162 -539 113 131 -801 -244 -3 371 513 43 689 16 303 45 158]
[252 248 -144 55 -4 215 495 -204 607 290 205 -162 177 -36 -293 -153 -186 141 -145 409 216 91 128 334 -423 69 215 -789 535 120 -5 189 -289 93 -24 -872 -90 151]
[92 -53 312 76 -297 -143 -34 422 -615 481 -525 -60 -498 349 -372 -305 -8 -371 -45 -96 -461 548 14 78 856 -400 120 295 -178 -46 -125 69 467 -371 384 165 -167 -165]
[152 84 -455 486 477 153 -598 452 -455 733 -183 -21 -391 -169 -377 183 -189 113 -311 -80 -197 33 90 250 578 435 26 325 263 39 -146 -109 356 29 -375 67 361 -1]
[-585 -41 -92 -129 -246 200 967 -119 -132 -863 -188 -66 -443 318 -118 -838 142 48 108 374 21 121 -255 90 -454 203 -68 -329 -85 -528 76 293 434 436 192 130 -46 1]
[181 -88 -289 -132 660 -583 291 180 154 -162 641 46 56 424 92 236 -440 262 -563 -448 625 -178 460 463 -357 38 62 -56 -5 747 -54 -393 -169 122 -455 107 61 -332]
[120 766 -309 139 -16 -542 111 558 467 -40 -28 -270 -348 -317 -100 -152 -322 -141 156 327 -452 -142 -30 165 423 160 162 -554 221 548 -220 447 417 608 609 -10 292 170]
[374 429 -438 600 391 -705 -474 261 -185 -39 -87 395 -81 -82 206 324 -154 -4 -554 -618 -578 -227 88 479 -136 109 -118 632 88 423 -237 50 -144 -312 -35 157 -10 -1]
[136 31 130 -133 246 194 -148 -87 213 855 73 -73 321 -82 90 640 -825 535 -69 -538 -248 -57 168 389 -182 368 234 -169 -60 -182 143 -311 -512 -402 -449 -631 -70 -6]
[-298 84 167 -324 -214 -543 347 85 -30 446 -366 234 -510 143 -146 138 341 -182 296 69 -549 31 -27 -258 526 232 -185 55 -223 -300 431 -382 -61 -782 798 47 -370 -478]
[-479 -517 -18 -292 -424 -267 616 134 112 -278 -15 288 599 484 59 -408 262 36 217 40 632 -158 -462 320 68 -24 -24 -255 678 46 -171 -349 86 -337 -4 -274 107 -629]
[389 530 24 202 136 342 58 -569 -35 290 16 301 -453 -361 -327 100 534 11 -298 192 257 42 181 -91 9 200 -94 -488 349 385 291 306 -440 391 -376 -181 -168 607]
[485 125 172 121 -346 578 131 -375 -151 9 339 474 -70 -145 -75 -371 529 -395 -88 -322 -151 -174 -246 -582 -72 63 -199 198 205 427 -102 -449 -181 -504 3 -56 -25 159]
[862 273 474 357 -148 220 -291 206 -260 -510 -21 -17 -307 -621 -1 -335 124 -130 -142 -305 -352 2 -226 267 -41 -401 -467 209 -14 -186 255 -178 274 457 -90 184 297 474]
[62 269 136 -281 -491 33 -504 -543 -595 321 -196 150 -110 380 321 313 314 3 -46 768 -303 448 37 -984 275 -304 -174 7 -296 -570 199 889 -413 -209 11 -34 -420 319]
[223 291 -11 -49 -686 272 60 -676 268 -314 155 57 -316 62 922 -232 -37 -447 416 275 119 -309 313 -295 154 -295 338 -179 178 163 382 -124 -225 144 -49 -532 -399 538]
[210 -8 161 409 179 497 363 74 137 -283 60 -378 488 141 -80 -430 -306 98 2 -317 689 -478 430 391 179 -216 285 455 -346 -181 29 -449 662 181 238 504 289 -2]
[-490 245 -701 354 -212 63 -511 -153 347 137 -57 211 173 161 119 -242 342 159 159 319 -577 -258 -487 184 -38 888 51 4 726 27 -271 -152 -505 350 -273 -1035 26 48]
[50 46 34 -185 39 287 518 -1121 334 -214 107 -45 436 762 -66 57 42 363 382 -129 293 -130 28 -320 130 -258 35 -73 69 -74 -348 -701 -496 291 -449 440 -344 -22]
[-271 134 -355 -117 844 -146 -226 -314 886 20 -46 -92 55 54 230 313 -223 377 414 -437 -184 -754 126 248 461 244 -39 300 -380 564 -41 -286 112 356 -302 229 -79 -152]
[44 446 382 -239 -242 296 -344 257 443 -406 104 -154 634 -392 374 -24 41 308 445 -482 57 -211 -643 -390 -185 -537 -395 374 7 -177 -455 209 40 -9 -112 450 415 -322]
[-459 -21 -164 255 -378 235 185 -242 251 -376 243 132 -96 -361 -581 -491 -192 -330 117 70 622 -352 -36 358 -70 370 -29 -276 -44 471 -37 -324 -128 430 736 -64 229 -245]
[327 368 -9 187 351 -629 -424 18 430 691 -205 468 193 -353 -107 631 467 99 3 -846 -48 -511 146 -390 -192 627 -78 312 159 123 235 290 -107 -612 295 162 -195 263]
[-37 167 -514 396 275 179 -296 -434 -235 -49 -384 543 -251 -531 -54 -525 -234 -239 586 -247 -438 -419 -246 -644 753 506 -405 241 381 -199 -173 -820 194 101 -34 -240 4 429]
[-13 -216 -27 -16 -73 -317 -58 -247 376 474 -168 -5 -761 8 195 424 115 -300 -126 265 428 -74 637 -31 279 -407 97 851 -510 437 99 -132 607 -703 604 298 -318 -243]
[-30 187 277 211 -336 172 66 522 -29 313 -645 -415 61 -321 -274 65 128 -16 293 -8 -202 12 -429 -46 336 315 -97 -153 628 -217 -407 -511 1155 -635 469 -21 75 -116]
[-58 157 206 -37 -4 779 -531 237 -166 285 -301 -417 257 -195 -498 -228 33 -604 288 243 158 165 8 377 -57 -368 89 54 -76 -109 -267 556 317 32 -14 -444 -615 78]
[-186 271 2 616 -258 -277 -391 381 -221 180 -736 -491 -490 293 -97 107 773 -45 -335 596 -164 -6 -473 -179 69 714 -118 175 394 -608 310 324 130 -2 191 -174 -185 102]
[54 202 134 605 -162 748 154 449 -104 131 -464 -861 -725 -572 -101 -238 -492 226 151 -28 -11 187 39 310 -223 -333 425 -332 -338 -262 36 -243 173 -122 203 -352 395 203]
[714 24 -433 361 472 172 -551 -450 289 583 416 -3 -161 411 -317 771 -205 111 -128 -141 -234 -522 -93 233 -85 52 -28 352 -13 101 -483 109 -544 13 0 -245 -270 293]
[-226 193 -33 -394 -268 436 280 -57 -125 -221 834 11 538 305 248 160 -481 84 191 -39 827 -232 -275 87 -585 -615 102 -22 279 496 -285 280 -537 -93 -236 -121 520 -177]
[510 -241 486 328 107 -301 -277 427 -492 317 54 -578 -35 -137 36 342 -307 -464 250 -31 -396 -248 373 -277 74 -143 238 319 -123 -39 -89 86 286 -48 283 -107 -103 279]
[-623 422 -178 -38 -68 -440 452 415 112 -646 -176 139 -400 -134 144 45 -59 576 -116 -237 -127 274 317 42 -152 62 -683 501 -650 401 69 128 135 -593 32 574 -151 -36]
[467 477 -224 -370 136 -383 64 -66 681 -398 413 98 -521 -367 524 -23 85 80 -158 279 140 312 -186 -533 -327 -15 -70 -55 440 462 -396 154 -728 -651 32 -797 -512 354]
[508 433 -166 198 266 66 -454 -219 231 -319 -310 -553 -94 -863 -20 243 -337 188 -670 -6 -118 -132 226 -88 -7 -859 -242 184 -135 274 -181 190 233 207 185 27 213 207]
[-270 -35 493 -104 -64 -872 -793 98 213 -597 710 -128 387 -491 298 291 -160 -92 104 168 487 -220 -432 -252 179 131 -168 -12 -403 -230 830 43 -371 447 203 39 435 146]
[178 -614 170 148 -217 -77 -197 77 -274 -254 472 -350 -108 -181 404 -83 237 -274 693 -59 275 226 49 -120 -13 -196 74 217 -463 660 787 -656 -20 531 -511 470 -177 649]]
[phase 0 refreshed]
[[112 77 -626 149 -153 215 -626 135 109 -482 266 17 221 351 210 -27 -156 -114 201 -144 567 17 -179 172 216 -134 -482 -219 210 -15 -288 -73 -40 283 66 -90 -181 192]
[-173 83 212 -403 26 -227 180 425 -13 -1036 334 -242 -340 1 511 -154 -340 -50 -70 -206 253 -177 -41 246 -302 -43 184 -111 -328 362 157 -26 332 687 -126 181 156 14]
[36 94 -283 -48 458 -148 218 -469 394 665 -51 -75 -40 44 -492 373 555 361 -162 790 -139 106 168 -408 -237 156 -53 -690 84 -365 214 539 -289 2 142 122 -111 144]
[252 248 -144 55 -4 215 495 -204 607 290 205 -162 177 -36 -293 -153 -186 141 -145 409 216 91 128 334 -423 69 215 -789 535 120 -5 189 -289 93 -24 -872 -90 151]
[92 -53 312 76 -297 -143 -34 422 -615 481 -525 -60 -498 349 -372 -305 -8 -371 -45 -96 -461 548 14 78 856 -400 120 295 -178 -46 -125 69 467 -371 384 165 -167 -165]
[136 31 130 -133 246 194 -148 -87 213 855 73 -73 321 -82 90 640 -825 535 -69 -538 -248 -57 168 389 -182 368 234 -169 -60 -182 143 -311 -512 -402 -449 -631 -70 -6]
[-701 -258 182 -317 4 179 324 -2 -526 -298 -320 23 -299 272 265 -45 -497 442 184 -573 -443 -27 -215 145 -213 502 -49 291 -680 -830 224 -207 211 -59 -233 371 -26 -156]
[181 -88 -289 -132 660 -583 291 180 154 -162 641 46 56 424 92 236 -440 262 -563 -448 625 -178 460 463 -357 38 62 -56 -5 747 -54 -393 -169 122 -455 107 61 -332]
[-187 -267 89 -325 301 140 313 200 -358 473 18 79 -716 256 -205 166 -52 163 -386 -135 175 120 180 407 -44 533 78 34 26 -327 657 -775 -79 -581 -336 -567 -235 -484]
[186 -161 459 175 367 328 279 -220 -79 36 100 -251 289 -494 -64 -111 -185 296 -497 75 -18 -48 206 86 -742 -98 667 164 13 315 -143 455 101 499 -864 43 551 286]
[-51 488 -689 411 259 -387 -530 -85 488 225 -42 194 313 -631 54 460 212 139 416 220 -460 -604 -131 -493 292 534 -357 51 192 112 -247 215 -93 199 375 516 393 170]
[152 82 228 245 -231 408 -201 -256 -212 -583 -161 215 48 -224 432 -67 82 -34 -362 -294 -282 7 -255 431 -927 -63 57 342 79 -390 189 159 -349 -262 -339 -631 -297 326]
[-479 -517 -18 -292 -424 -267 616 134 112 -278 -15 288 599 484 59 -408 262 36 217 40 632 -158 -462 320 68 -24 -24 -255 678 46 -171 -349 86 -337 -4 -274 107 -629]
[485 125 172 121 -346 578 131 -375 -151 9 339 474 -70 -145 -75 -371 529 -395 -88 -322 -151 -174 -246 -582 -72 63 -199 198 205 427 -102 -449 -181 -504 3 -56 -25 159]
[389 530 24 202 136 342 58 -569 -35 290 16 301 -453 -361 -327 100 534 11 -298 192 257 42 181 -91 9 200 -94 -488 349 385 291 306 -440 391 -376 -181 -168 607]
[862 273 474 357 -148 220 -291 206 -260 -510 -21 -17 -307 -621 -1 -335 124 -130 -142 -305 -352 2 -226 267 -41 -401 -467 209 -14 -186 255 -178 274 457 -90 184 297 474]
[-152 528 -98 274 -611 -214 729 -393 -362 -1 -78 537 192 15 319 -547 -572 35 -37 93 -443 -174 123 -192 -107 405 82 594 291 264 -328 214 -244 -333 -125 -488 145 -185]
[223 291 -11 -49 -686 272 60 -676 268 -314 155 57 -316 62 922 -232 -37 -447 416 275 119 -309 313 -295 154 -295 338 -179 178 163 382 -124 -225 144 -49 -532 -399 538]
[210 -8 161 409 179 497 363 74 137 -283 60 -378 488 141 -80 -430 -306 98 2 -317 689 -478 430 391 179 -216 285 455 -346 -181 29 -449 662 181 238 504 289 -2]
[100 -330 -146 327 -113 417 -712 -249 -168 250 111 249 166 81 -214 -358 706 204 223 -19 -195 -121 -428 -145 425 390 -635 425 412 -317 15 -936 -299 461 -633 -210 328 26]
[7 517 516 -86 145 -17 -249 508 -285 -916 -411 -227 -538 -244 -414 44 570 -97 -172 -100 -530 101 -804 282 119 15 -50 371 39 -81 -112 -361 297 443 120 339 26 -197]
[734 192 -544 216 453 -570 -325 -444 627 -150 160 -61 343 643 75 -212 220 157 -45 539 -260 -199 217 -216 390 -879 -727 439 -121 110 -237 252 135 143 91 245 -149 -155]
[44 446 382 -239 -242 296 -344 257 443 -406 104 -154 634 -392 374 -24 41 308 445 -482 57 -211 -643 -390 -185 -537 -395 374 7 -177 -455 209 40 -9 -112 450 415 -322]
[-656 138 -271 -147 187 -280 -213 -332 -477 -205 -32 53 258 618 379 -32 -623 458 19 -435 -185 -458 83 -199 60 636 -231 -775 -504 80 113 420 103 287 -180 289 -171 82]
[-459 -21 -164 255 -378 235 185 -242 251 -376 243 132 -96 -361 -581 -491 -192 -330 117 70 622 -352 -36 358 -70 370 -29 -276 -44 471 -37 -324 -128 430 736 -64 229 -245]
[-370 -307 -176 -277 67 5 352 -369 308 651 -9 290 -265 157 381 476 -338 579 -39 -489 -40 -648 -81 -78 -37 517 138 406 -374 261 -239 -269 689 -706 -102 645 309 -234]
[327 368 -9 187 351 -629 -424 18 430 691 -205 468 193 -353 -107 631 467 99 3 -846 -48 -511 146 -390 -192 627 -78 312 159 123 235 290 -107 -612 295 162 -195 263]
[200 154 145 -274 445 245 171 -680 229 -263 -4 -120 93 -193 206 -292 -1004 305 255 -286 -287 -63 0 -331 -216 -80 239 -814 -141 -169 -69 -58 -103 770 -506 -517 -179 895]
[510 -241 486 328 107 -301 -277 427 -492 317 54 -578 -35 -137 36 342 -307 -464 250 -31 -396 -248 373 -277 74 -143 238 319 -123 -39 -89 86 286 -48 283 -107 -103 279]
[-58 157 206 -37 -4 779 -531 237 -166 285 -301 -417 257 -195 -498 -228 33 -604 288 243 158 165 8 377 -57 -368 89 54 -76 -109 -267 556 317 32 -14 -444 -615 78]
[262 -125 385 416 -788 544 -123 -25 -34 -10 -16 -258 267 -221 86 -325 -287 -576 432 158 974 -81 57 -385 552 -264 -174 445 -161 -241 388 289 -512 196 223 -56 93 190]
[-300 649 326 -335 24 206 193 385 -97 -292 -247 -284 708 99 -79 -362 -1106 535 421 -642 36 -67 -245 560 179 209 189 56 222 140 121 -109 570 429 -470 -357 588 92]
[-280 469 -75 -210 258 -578 668 -350 355 -266 -602 -22 5 218 -29 -57 70 603 38 -226 302 -556 126 382 -521 82 428 -180 -402 35 336 -468 58 -109 -115 414 -128 -218]
[160 9 451 687 -164 298 258 5 220 282 -664 -302 -64 -285 -531 -99 148 112 409 -72 -974 121 87 710 222 -499 330 451 192 -125 -15 100 -599 -345 -238 -624 -370 521]
[423 583 -368 18 205 5 -434 -376 196 585 -165 -11 -736 -336 -363 -275 -336 4 141 173 -74 -20 -44 262 402 -80 -169 -441 109 52 -416 448 -261 -114 127 -165 -631 531]
[-115 -78 87 -430 -90 608 -212 101 -544 -343 -219 -645 92 536 -48 -198 -154 296 -481 -449 -567 -186 -61 -371 106 382 194 77 -668 -175 301 666 466 233 -180 -81 -3 182]
[-270 -35 493 -104 -64 -872 -793 98 213 -597 710 -128 387 -491 298 291 -160 -92 104 168 487 -220 -432 -252 179 131 -168 -12 -403 -230 830 43 -371 447 203 39 435 146]
[-37 -121 439 428 -147 246 788 -921 -490 422 -50 294 778 17 -25 -190 -518 219 416 -179 -6 -233 -424 -421 498 -303 429 343 476 -205 6 -163 -136 -620 -103 416 -58 3]]
[phase 1 initial]
[[112 77 -626 149 -153 215 -626 135 109 -482 266 17 221 351 210 -27 -156 -114 201 -144 567 17 -179 172 216 -134 -482 -219 210 -15 -288 -73 -40 283 66 -90 -181 192]
[-173 83 212 -403 26 -227 180 425 -13 -1036 334 -242 -340 1 511 -154 -340 -50 -70 -206 253 -177 -41 246 -302 -43 184 -111 -328 362 157 -26 332 687 -126 181 156 14]
[36 94 -283 -48 458 -148 218 -469 394 665 -51 -75 -40 44 -492 373 555 361 -162 790 -139 106 168 -408 -237 156 -53 -690 84 -365 214 539 -289 2 142 122 -111 144]
[252 248 -144 55 -4 215 495 -204 607 290 205 -162 177 -36 -293 -153 -186 141 -145 409 216 91 128 334 -423 69 215 -789 535 120 -5 189 -289 93 -24 -872 -90 151]
[92 -53 312 76 -297 -143 -34 422 -615 481 -525 -60 -498 349 -372 -305 -8 -371 -45 -96 -461 548 14 78 856 -400 120 295 -178 -46 -125 69 467 -371 384 165 -167 -165]
[136 31 130 -133 246 194 -148 -87 213 855 73 -73 321 -82 90 640 -825 535 -69 -538 -248 -57 168 389 -182 368 234 -169 -60 -182 143 -311 -512 -402 -449 -631 -70 -6]
[-701 -258 182 -317 4 179 324 -2 -526 -298 -320 23 -299 272 265 -45 -497 442 184 -573 -443 -27 -215 145 -213 502 -49 291 -680 -830 224 -207 211 -59 -233 371 -26 -156]
[181 -88 -289 -132 660 -583 291 180 154 -162 641 46 56 424 92 236 -440 262 -563 -448 625 -178 460 463 -357 38 62 -56 -5 747 -54 -393 -169 122 -455 107 61 -332]
[-187 -267 89 -325 301 140 313 200 -358 473 18 79 -716 256 -205 166 -52 163 -386 -135 175 120 180 407 -44 533 78 34 26 -327 657 -775 -79 -581 -336 -567 -235 -484]
[186 -161 459 175 367 328 279 -220 -79 36 100 -251 289 -494 -64 -111 -185 296 -497 75 -18 -48 206 86 -742 -98 667 164 13 315 -143 455 101 499 -864 43 551 286]
[-51 488 -689 411 259 -387 -530 -85 488 225 -42 194 313 -631 54 460 212 139 416 220 -460 -604 -131 -493 292 534 -357 51 192 112 -247 215 -93 199 375 516 393 170]
[152 82 228 245 -231 408 -201 -256 -212 -583 -161 215 48 -224 432 -67 82 -34 -362 -294 -282 7 -255 431 -927 -63 57 342 79 -390 189 159 -349 -262 -339 -631 -297 326]
[-479 -517 -18 -292 -424 -267 616 134 112 -278 -15 288 599 484 59 -408 262 36 217 40 632 -158 -462 320 68 -24 -24 -255 678 46 -171 -349 86 -337 -4 -274 107 -629]
[485 125 172 121 -346 578 131 -375 -151 9 339 474 -70 -145 -75 -371 529 -395 -88 -322 -151 -174 -246 -582 -72 63 -199 198 205 427 -102 -449 -181 -504 3 -56 -25 159]
[389 530 24 202 136 342 58 -569 -35 290 16 301 -453 -361 -327 100 534 11 -298 192 257 42 181 -91 9 200 -94 -488 349 385 291 306 -440 391 -376 -181 -168 607]
[862 273 474 357 -148 220 -291 206 -260 -510 -21 -17 -307 -621 -1 -335 124 -130 -142 -305 -352 2 -226 267 -41 -401 -467 209 -14 -186 255 -178 274 457 -90 184 297 474]
[-152 528 -98 274 -611 -214 729 -393 -362 -1 -78 537 192 15 319 -547 -572 35 -37 93 -443 -174 123 -192 -107 405 82 594 291 264 -328 214 -244 -333 -125 -488 145 -185]
[223 291 -11 -49 -686 272 60 -676 268 -314 155 57 -316 62 922 -232 -37 -447 416 275 119 -309 313 -295 154 -295 338 -179 178 163 382 -124 -225 144 -49 -532 -399 538]
[210 -8 161 409 179 497 363 74 137 -283 60 -378 488 141 -80 -430 -306 98 2 -317 689 -478 430 391 179 -216 285 455 -346 -181 29 -449 662 181 238 504 289 -2]
[100 -330 -146 327 -113 417 -712 -249 -168 250 111 249 166 81 -214 -358 706 204 223 -19 -195 -121 -428 -145 425 390 -635 425 412 -317 15 -936 -299 461 -633 -210 328 26]
[7 517 516 -86 145 -17 -249 508 -285 -916 -411 -227 -538 -244 -414 44 570 -97 -172 -100 -530 101 -804 282 119 15 -50 371 39 -81 -112 -361 297 443 120 339 26 -197]
[734 192 -544 216 453 -570 -325 -444 627 -150 160 -61 343 643 75 -212 220 157 -45 539 -260 -199 217 -216 390 -879 -727 439 -121 110 -237 252 135 143 91 245 -149 -155]
[44 446 382 -239 -242 296 -344 257 443 -406 104 -154 634 -392 374 -24 41 308 445 -482 57 -211 -643 -390 -185 -537 -395 374 7 -177 -455 209 40 -9 -112 450 415 -322]
[-656 138 -271 -147 187 -280 -213 -332 -477 -205 -32 53 258 618 379 -32 -623 458 19 -435 -185 -458 83 -199 60 636 -231 -775 -504 80 113 420 103 287 -180 289 -171 82]
[-459 -21 -164 255 -378 235 185 -242 251 -376 243 132 -96 -361 -581 -491 -192 -330 117 70 622 -352 -36 358 -70 370 -29 -276 -44 471 -37 -324 -128 430 736 -64 229 -245]
[-370 -307 -176 -277 67 5 352 -369 308 651 -9 290 -265 157 381 476 -338 579 -39 -489 -40 -648 -81 -78 -37 517 138 406 -374 261 -239 -269 689 -706 -102 645 309 -234]
[327 368 -9 187 351 -629 -424 18 430 691 -205 468 193 -353 -107 631 467 99 3 -846 -48 -511 146 -390 -192 627 -78 312 159 123 235 290 -107 -612 295 162 -195 263]
[200 154 145 -274 445 245 171 -680 229 -263 -4 -120 93 -193 206 -292 -1004 305 255 -286 -287 -63 0 -331 -216 -80 239 -814 -141 -169 -69 -58 -103 770 -506 -517 -179 895]
[510 -241 486 328 107 -301 -277 427 -492 317 54 -578 -35 -137 36 342 -307 -464 250 -31 -396 -248 373 -277 74 -143 238 319 -123 -39 -89 86 286 -48 283 -107 -103 279]
[-58 157 206 -37 -4 779 -531 237 -166 285 -301 -417 257 -195 -498 -228 33 -604 288 243 158 165 8 377 -57 -368 89 54 -76 -109 -267 556 317 32 -14 -444 -615 78]
[262 -125 385 416 -788 544 -123 -25 -34 -10 -16 -258 267 -221 86 -325 -287 -576 432 158 974 -81 57 -385 552 -264 -174 445 -161 -241 388 289 -512 196 223 -56 93 190]
[-300 649 326 -335 24 206 193 385 -97 -292 -247 -284 708 99 -79 -362 -1106 535 421 -642 36 -67 -245 560 179 209 189 56 222 140 121 -109 570 429 -470 -357 588 92]
[-280 469 -75 -210 258 -578 668 -350 355 -266 -602 -22 5 218 -29 -57 70 603 38 -226 302 -556 126 382 -521 82 428 -180 -402 35 336 -468 58 -109 -115 414 -128 -218]
[160 9 451 687 -164 298 258 5 220 282 -664 -302 -64 -285 -531 -99 148 112 409 -72 -974 121 87 710 222 -499 330 451 192 -125 -15 100 -599 -345 -238 -624 -370 521]
[423 583 -368 18 205 5 -434 -376 196 585 -165 -11 -736 -336 -363 -275 -336 4 141 173 -74 -20 -44 262 402 -80 -169 -441 109 52 -416 448 -261 -114 127 -165 -631 531]
[-115 -78 87 -430 -90 608 -212 101 -544 -343 -219 -645 92 536 -48 -198 -154 296 -481 -449 -567 -186 -61 -371 106 382 194 77 -668 -175 301 666 466 233 -180 -81 -3 182]
[-270 -35 493 -104 -64 -872 -793 98 213 -597 710 -128 387 -491 298 291 -160 -92 104 168 487 -220 -432 -252 179 131 -168 -12 -403 -230 830 43 -371 447 203 39 435 146]
[-37 -121 439 428 -147 246 788 -921 -490 422 -50 294 778 17 -25 -190 -518 219 416 -179 -6 -233 -424 -421 498 -303 429 343 476 -205 6 -163 -136 -620 -103 416 -58 3]]
