[phase 0]
squared_norm=2675414
coefficients=[-1 0 2 0 0 -2 1 -2 -1 0 -2 0 0 0 -1 0 1 0 1 -1 1 0 0 0 -1 1 -1 0 -1 0 0 0 0 -1 0 -1]
vector=[-130 -507 573 18 -268 35 368 10 -273 484 -151 -91 -116 126 301 72 -97 178 497 297 -98 -767 -226 -106 -91 -19 249 -151 -53 -58 240 -120 -156 140 -105 369]

[phase 1]
squared_norm=2675414
coefficients=[1 0 0 0 0 0 0 0 0 0 0 0 0 0 0 0 0 0 0 0 0 0 0 0 0 0 0 0 0 0 0 0 0 0 0 0]
vector=[-130 -507 573 18 -268 35 368 10 -273 484 -151 -91 -116 126 301 72 -97 178 497 297 -98 -767 -226 -106 -91 -19 249 -151 -53 -58 240 -120 -156 140 -105 369]

