[phase 0 initial]
[[-165 530 534 4 67 125 9 -2 -334 190 60 -344 23 -301 623 -98 248 347 -294 -482 564 296 205 -22 -643 124 -132 -89 821 419 123 106 -4]
[188 358 1109 576 137 670 -425 169 -331 -293 266 95 -121 -532 -14 -233 497 -205 505 -363 275 214 399 100 -404 74 531 -18 315 -163 -91 45 0]
[90 454 -57 377 191 70 -948 -80 -208 359 -203 587 -127 -109 -39 -515 516 -713 293 -104 436 -152 -58 311 -451 401 232 -169 -556 102 360 -78 0]
[526 -15 -44 337 -323 -614 471 -135 385 304 -233 526 250 -73 -113 51 -111 32 720 387 161 -516 64 -77 -106 -87 -7 608 -972 208 390 116 0]
[-117 -602 -51 -17 495 -183 -640 -439 98 -163 112 103 -202 63 138 113 284 -770 -48 -748 33 213 -587 -490 368 242 512 -228 -172 -262 -366 -239 0]
[-242 -514 -221 -443 54 -498 -405 350 215 262 106 -96 147 347 -133 365 -180 7 737 -426 121 -295 455 -84 149 -204 -199 -246 -349 -137 233 465 10]
[-61 252 -320 -284 260 79 31 106 -682 585 95 -268 10 685 215 37 -767 316 -10 206 639 43 452 -68 186 -40 -505 -610 -76 -207 40 107 8]
[1 131 -120 -678 -165 236 505 -36 -539 280 268 -275 43 -34 619 -391 -837 306 -209 217 449 100 388 264 0 141 -546 342 335 675 -290 -250 -59]
[-330 -385 24 -720 529 -323 -567 -87 -203 451 121 -74 282 208 312 -355 -590 -408 -138 -425 367 403 -230 180 641 -169 -500 -613 -277 -19 -565 250 -94]
[-191 -232 -485 65 -387 -395 -180 62 388 95 -312 234 525 -28 214 590 -611 376 330 -192 80 -718 210 114 148 -189 -101 511 -401 -7 -20 -202 41]
[-20 -340 306 71 95 14 -178 -125 376 45 52 -229 153 -1297 272 228 221 404 587 -518 -284 34 -114 64 209 -148 362 -284 407 -134 -299 318 3]
[-647 -194 -317 -344 8 -433 -52 801 729 -131 -296 -548 356 270 -444 88 -212 -328 -493 -589 -380 -14 61 -218 520 -116 -336 42 258 -599 -200 23 3]
[340 -166 518 -140 448 681 75 -334 -257 -10 145 306 -517 57 -91 -401 -397 227 504 293 293 11 70 -207 -420 -315 -32 -65 -112 16 306 -62 -93]
[-331 267 227 461 310 -96 -794 -466 234 -171 -166 909 -238 -418 -13 -230 489 -348 -177 -654 221 -49 -764 319 -520 -353 -5 -539 430 -140 -359 -164 -56]
[-101 51 352 121 92 -18 -161 140 161 -349 51 306 307 -427 -466 569 0 490 430 -98 -627 374 53 309 -242 -116 -374 123 17 -279 559 617 -19]
[553 -90 149 599 -310 -340 306 74 -120 -102 202 -105 32 -470 141 376 1066 566 -213 94 112 100 -716 -32 -275 -391 267 221 575 207 -256 -170 100]
[-156 -60 -313 -618 64 -572 -140 -182 -1 682 101 414 292 211 -253 -249 416 -81 31 -316 1 349 -399 579 7 253 201 -30 114 530 -130 721 -38]
[448 -705 128 -188 -467 -494 345 278 977 -39 -19 -60 -468 130 -137 601 -328 -98 234 -202 486 -301 104 -506 278 -847 -370 286 -129 -258 -26 -371 36]
[-47 344 -720 135 267 135 -740 32 -439 -146 135 -402 271 -10 215 355 198 -207 413 287 -669 102 295 71 257 -61 -125 -217 -187 187 356 127 6]
[-123 547 -64 311 -221 -257 -32 -255 -202 228 366 305 134 -136 636 -242 -867 -102 -526 123 696 -75 378 49 -502 578 -27 -176 112 329 -38 -589 78]
[299 -235 -455 473 304 49 -476 117 -127 356 -79 114 133 56 -845 25 277 -710 265 -55 -313 692 -104 74 -22 200 860 -440 -582 -213 194 188 61]
[262 258 -532 9 243 -384 146 -260 851 93 -438 301 475 244 -158 -546 73 140 -421 158 -549 -440 -173 -263 -181 -182 39 245 413 -239 82 -150 37]
[-164 -275 326 -488 394 -70 103 -210 -101 -483 745 499 -66 743 -367 101 105 29 -43 -493 -675 506 81 -39 107 -31 138 -450 -209 -450 -464 241 -159]
[-14 163 -178 46 26 553 421 520 634 -389 -221 -94 -85 -142 -560 7 455 -27 -236 10 -33 -106 1 -13 -656 22 129 -82 61 -345 321 -283 -299]
[652 -144 -170 -196 32 -232 545 61 -151 118 -183 9 574 -580 -50 -387 -381 -444 521 591 -231 -219 123 -124 -175 -27 -363 33 -416 151 -61 -366 -345]
[-343 367 191 486 517 150 -628 61 -542 -515 39 288 -114 542 540 76 361 -152 274 -511 572 123 -89 -54 -84 239 166 -522 24 -523 -1 -165 264]
[4 252 -138 76 136 -133 -281 331 -381 279 -165 -719 57 -57 -370 -299 -346 189 -291 213 86 -281 20 -436 -193 111 -523 -928 -235 -542 11 6 259]
[-471 220 -402 -177 -201 130 189 -166 517 -232 -346 -247 -547 -108 -422 187 -345 453 -357 204 -259 -463 459 169 554 -243 -33 190 714 79 -473 -137 171]
[422 634 -135 83 -384 77 984 -283 246 202 46 -300 -79 586 360 -79 201 468 -528 805 126 287 82 90 -105 -190 -694 183 412 23 -247 317 -391]
[-139 409 259 -33 239 -173 258 20 -280 147 162 -347 69 155 -13 305 24 172 -748 357 -76 401 -243 -77 -398 633 -117 33 282 -297 -18 673 310]
[318 -284 -77 59 117 -289 560 733 191 433 93 60 -73 -174 -164 -263 -165 161 393 589 73 194 -131 -154 195 -321 -391 -779 -488 333 -52 -323 -335]
[276 414 -313 -152 -85 -333 95 67 -558 232 234 113 377 -256 928 -435 -156 228 -427 368 338 61 -96 -470 50 59 -662 0 346 583 -179 -226 250]
[-293 742 572 768 282 298 -446 -359 133 8 -16 268 31 -880 303 417 489 -233 312 -151 -58 -401 -32 -112 -629 118 40 -77 410 123 494 -491 276]]
[phase 0 refreshed]
[[16 91 -218 -242 88 393 -15 -203 -348 -288 206 -377 -342 -83 -164 -35 268 86 183 -51 -419 -192 -202 30 56 -672 13 566 -386 -299 -66 61 77]
[-107 638 -282 69 -133 136 -47 -458 -550 -60 572 -72 -208 -219 472 -277 -599 -16 -343 72 277 -267 176 79 -446 -94 -14 390 -274 30 -104 -528 155]
[-242 -514 -221 -443 54 -498 -405 350 215 262 106 -96 147 347 -133 365 -180 7 737 -426 121 -295 455 -84 149 -204 -199 -246 -349 -137 233 465 10]
[-214 86 195 -25 199 -376 -432 388 238 334 -259 98 441 179 -445 -77 -37 56 119 106 -115 90 -31 406 273 -552 -466 -727 -440 -432 91 739 -35]
[288 128 183 90 339 441 483 214 -347 383 -583 -100 71 557 -124 -51 12 325 -404 560 241 605 -179 -63 483 258 -292 -754 547 -100 -89 170 -157]
[-152 -35 395 -419 -226 -219 42 246 381 29 -86 91 474 -540 -41 -505 -107 46 -80 117 -305 147 -95 738 87 -371 -507 225 -29 450 -239 382 -102]
[51 282 -264 508 -441 103 225 -288 173 -167 -418 330 378 -375 347 225 -431 369 -407 234 -41 -423 -245 198 -1 15 98 757 -52 130 -253 -667 31]
[-165 530 534 4 67 125 9 -2 -334 190 60 -344 23 -301 623 -98 248 347 -294 -482 564 296 205 -22 -643 124 -132 -89 821 419 123 106 -4]
[354 -41 455 -106 -95 781 71 135 -536 -203 474 164 -101 -265 -18 -526 -588 -246 590 336 160 18 582 386 239 91 117 413 -171 93 -504 -311 -55]
[214 38 -113 -612 247 563 -411 139 -545 411 -301 7 -218 -7 -56 -664 546 -305 610 -10 189 23 -48 526 51 -36 -287 349 -333 448 108 261 -137]
[548 132 404 172 666 162 308 -565 -546 426 -438 -192 -200 163 360 -20 701 20 157 -334 580 406 -699 -622 158 -135 94 103 -162 -34 -8 214 -84]
[88 -129 -245 277 -475 -175 162 437 418 -189 -15 -22 -135 139 -445 720 410 415 875 -1 -246 -698 685 -264 -492 -35 301 367 -72 -118 798 215 104]
[-20 -340 306 71 95 14 -178 -125 376 45 52 -229 153 -1297 272 228 221 404 587 -518 -284 34 -114 64 209 -148 362 -284 407 -134 -299 318 3]
[-37 661 -158 -3 -61 -516 552 146 176 18 355 -328 -127 6 -299 -728 -311 -688 -446 62 -22 -79 91 -330 -180 -108 -256 529 -587 -354 106 -187 117]
[340 -166 518 -140 448 681 75 -334 -257 -10 145 306 -517 57 -91 -401 -397 227 504 293 293 11 70 -207 -420 -315 -32 -65 -112 16 306 -62 -93]
[114 -29 -187 -9 -10 235 44 -125 59 -365 339 722 -878 16 -676 -393 425 -350 453 236 -220 -225 -106 227 -517 -182 -17 -252 273 5 46 -103 -48]
[337 135 173 -186 172 214 -114 425 -395 396 116 -35 -213 -286 186 -843 136 58 -118 -89 910 45 -255 118 -626 -280 -415 371 500 401 -80 -537 -49]
[-156 -60 -313 -618 64 -572 -140 -182 -1 682 101 414 292 211 -253 -249 416 -81 31 -316 1 349 -399 579 7 253 201 -30 114 530 -130 721 -38]
[238 -281 -689 -719 -640 -183 -195 329 322 702 -140 -164 63 348 44 241 -205 -207 -392 -121 500 38 102 340 459 262 173 775 -81 436 -80 -347 85]
[132 411 141 418 908 209 -472 -427 -33 -218 -183 -263 34 -341 461 -257 190 -706 65 -426 -119 387 -347 -859 -173 -9 79 297 -15 106 376 -394 -98]
[384 -324 -389 -146 111 -144 83 503 -299 316 -136 -356 -56 -260 -372 -269 260 -827 788 -222 18 465 168 225 268 -489 -484 -173 -516 200 -240 237 -91]
[82 73 716 256 164 691 558 92 -521 -389 -153 -72 -26 366 455 210 106 -152 -3 -69 31 590 20 -335 434 125 152 74 -260 536 -512 -520 -399]
[85 -46 167 -350 112 203 -68 -156 -125 49 -180 1213 436 444 88 -303 -48 7 -23 -218 -108 298 -10 655 101 620 -64 90 -208 427 -543 -226 -342]
[182 -237 -198 -337 232 -384 325 298 816 366 -333 358 447 -7 -361 -297 -246 -403 346 -28 495 -219 -165 90 -121 -234 -378 -87 -1188 -156 146 83 -393]
[128 517 -180 -692 308 -267 15 -717 -254 -24 69 95 61 187 492 -474 -265 -734 -318 386 -44 488 -250 154 -340 72 -178 -459 -816 73 425 -36 27]
[361 456 -306 -416 24 234 147 -492 -229 538 -922 -32 364 -191 130 283 295 -299 -445 -68 -34 434 -460 362 286 -128 -191 -379 415 66 -452 -3 -351]
[-80 112 116 -9 -401 -608 289 -429 376 -556 -93 47 -134 46 131 179 77 -217 -570 -290 -76 197 -628 -119 299 421 47 -367 34 -175 -629 -94 493]
[399 -133 -249 -463 136 -76 127 322 -356 4 -132 -192 243 -120 292 -193 711 330 99 245 -358 136 -474 -519 552 -519 -635 176 234 254 -141 363 172]
[-293 6 33 176 -116 77 145 267 220 -213 -115 -9 -31 -101 -229 344 -414 426 210 -529 740 91 328 -593 -524 -362 422 478 113 -661 -435 -131 145]
[-37 91 -186 -163 90 -419 -528 -178 123 -261 80 -247 -473 -92 274 -144 881 -121 -808 -183 -155 -19 -5 -52 213 158 -18 118 -271 420 -375 -575 100]
[205 -871 633 -188 257 -366 615 166 -41 -352 236 5 -69 -522 -648 55 -217 -99 625 -122 -481 67 -170 -592 302 -109 556 83 -427 90 297 79 350]
[-38 327 87 35 908 -353 191 -110 176 -238 -493 606 197 -74 41 -94 475 -459 -365 -255 -437 -34 -637 -91 46 -136 35 584 522 -349 -37 141 384]
[-396 -68 -199 599 -112 303 -365 8 -218 -106 1172 -524 15 -562 101 469 401 93 401 -176 -226 -347 438 134 -1009 -170 254 -67 258 -445 -263 -345 164]]
[phase 1 initial]
[[16 91 -218 -242 88 393 -15 -203 -348 -288 206 -377 -342 -83 -164 -35 268 86 183 -51 -419 -192 -202 30 56 -672 13 566 -386 -299 -66 61 77]
[-107 638 -282 69 -133 136 -47 -458 -550 -60 572 -72 -208 -219 472 -277 -599 -16 -343 72 277 -267 176 79 -446 -94 -14 390 -274 30 -104 -528 155]
[-242 -514 -221 -443 54 -498 -405 350 215 262 106 -96 147 347 -133 365 -180 7 737 -426 121 -295 455 -84 149 -204 -199 -246 -349 -137 233 465 10]
[-214 86 195 -25 199 -376 -432 388 238 334 -259 98 441 179 -445 -77 -37 56 119 106 -115 90 -31 406 273 -552 -466 -727 -440 -432 91 739 -35]
[288 128 183 90 339 441 483 214 -347 383 -583 -100 71 557 -124 -51 12 325 -404 560 241 605 -179 -63 483 258 -292 -754 547 -100 -89 170 -157]
[-152 -35 395 -419 -226 -219 42 246 381 29 -86 91 474 -540 -41 -505 -107 46 -80 117 -305 147 -95 738 87 -371 -507 225 -29 450 -239 382 -102]
[51 282 -264 508 -441 103 225 -288 173 -167 -418 330 378 -375 347 225 -431 369 -407 234 -41 -423 -245 198 -1 15 98 757 -52 130 -253 -667 31]
[-165 530 534 4 67 125 9 -2 -334 190 60 -344 23 -301 623 -98 248 347 -294 -482 564 296 205 -22 -643 124 -132 -89 821 419 123 106 -4]
[354 -41 455 -106 -95 781 71 135 -536 -203 474 164 -101 -265 -18 -526 -588 -246 590 336 160 18 582 386 239 91 117 413 -171 93 -504 -311 -55]
[214 38 -113 -612 247 563 -411 139 -545 411 -301 7 -218 -7 -56 -664 546 -305 610 -10 189 23 -48 526 51 -36 -287 349 -333 448 108 261 -137]
[548 132 404 172 666 162 308 -565 -546 426 -438 -192 -200 163 360 -20 701 20 157 -334 580 406 -699 -622 158 -135 94 103 -162 -34 -8 214 -84]
[88 -129 -245 277 -475 -175 162 437 418 -189 -15 -22 -135 139 -445 720 410 415 875 -1 -246 -698 685 -264 -492 -35 301 367 -72 -118 798 215 104]
[-20 -340 306 71 95 14 -178 -125 376 45 52 -229 153 -1297 272 228 221 404 587 -518 -284 34 -114 64 209 -148 362 -284 407 -134 -299 318 3]
[-37 661 -158 -3 -61 -516 552 146 176 18 355 -328 -127 6 -299 -728 -311 -688 -446 62 -22 -79 91 -330 -180 -108 -256 529 -587 -354 106 -187 117]
[340 -166 518 -140 448 681 75 -334 -257 -10 145 306 -517 57 -91 -401 -397 227 504 293 293 11 70 -207 -420 -315 -32 -65 -112 16 306 -62 -93]
[114 -29 -187 -9 -10 235 44 -125 59 -365 339 722 -878 16 -676 -393 425 -350 453 236 -220 -225 -106 227 -517 -182 -17 -252 273 5 46 -103 -48]
[337 135 173 -186 172 214 -114 425 -395 396 116 -35 -213 -286 186 -843 136 58 -118 -89 910 45 -255 118 -626 -280 -415 371 500 401 -80 -537 -49]
[-156 -60 -313 -618 64 -572 -140 -182 -1 682 101 414 292 211 -253 -249 416 -81 31 -316 1 349 -399 579 7 253 201 -30 114 530 -130 721 -38]
[238 -281 -689 -719 -640 -183 -195 329 322 702 -140 -164 63 348 44 241 -205 -207 -392 -121 500 38 102 340 459 262 173 775 -81 436 -80 -347 85]
[132 411 141 418 908 209 -472 -427 -33 -218 -183 -263 34 -341 461 -257 190 -706 65 -426 -119 387 -347 -859 -173 -9 79 297 -15 106 376 -394 -98]
[384 -324 -389 -146 111 -144 83 503 -299 316 -136 -356 -56 -260 -372 -269 260 -827 788 -222 18 465 168 225 268 -489 -484 -173 -516 200 -240 237 -91]
[82 73 716 256 164 691 558 92 -521 -389 -153 -72 -26 366 455 210 106 -152 -3 -69 31 590 20 -335 434 125 152 74 -260 536 -512 -520 -399]
[85 -46 167 -350 112 203 -68 -156 -125 49 -180 1213 436 444 88 -303 -48 7 -23 -218 -108 298 -10 655 101 620 -64 90 -208 427 -543 -226 -342]
[182 -237 -198 -337 232 -384 325 298 816 366 -333 358 447 -7 -361 -297 -246 -403 346 -28 495 -219 -165 90 -121 -234 -378 -87 -1188 -156 146 83 -393]
[128 517 -180 -692 308 -267 15 -717 -254 -24 69 95 61 187 492 -474 -265 -734 -318 386 -44 488 -250 154 -340 72 -178 -459 -816 73 425 -36 27]
[361 456 -306 -416 24 234 147 -492 -229 538 -922 -32 364 -191 130 283 295 -299 -445 -68 -34 434 -460 362 286 -128 -191 -379 415 66 -452 -3 -351]
[-80 112 116 -9 -401 -608 289 -429 376 -556 -93 47 -134 46 131 179 77 -217 -570 -290 -76 197 -628 -119 299 421 47 -367 34 -175 -629 -94 493]
[399 -133 -249 -463 136 -76 127 322 -356 4 -132 -192 243 -120 292 -193 711 330 99 245 -358 136 -474 -519 552 -519 -635 176 234 254 -141 363 172]
[-293 6 33 176 -116 77 145 267 220 -213 -115 -9 -31 -101 -229 344 -414 426 210 -529 740 91 328 -593 -524 -362 422 478 113 -661 -435 -131 145]
[-37 91 -186 -163 90 -419 -528 -178 123 -261 80 -247 -473 -92 274 -144 881 -121 -808 -183 -155 -19 -5 -52 213 158 -18 118 -271 420 -375 -575 100]
[205 -871 633 -188 257 -366 615 166 -41 -352 236 5 -69 -522 -648 55 -217 -99 625 -122 -481 67 -170 -592 302 -109 556 83 -427 90 297 79 350]
[-38 327 87 35 908 -353 191 -110 176 -238 -493 606 197 -74 41 -94 475 -459 -365 -255 -437 -34 -637 -91 46 -136 35 584 522 -349 -37 141 384]
[-396 -68 -199 599 -112 303 -365 8 -218 -106 1172 -524 15 -562 101 469 401 93 401 -176 -226 -347 438 134 -1009 -170 254 -67 258 -445 -263 -345 164]]
