[phase 0]
score=4.099482237470975
squared_norm=2255926
coefficients=[0 -1 1 1 -1 -1 0 0 0 0 1 2 2 0 -1 1 0 0 1 0 0 -1 1 0 0 0 0 0 0 0 -1 0 0]
vector=[16 91 -218 -242 88 393 -15 -203 -348 -288 206 -377 -342 -83 -164 -35 268 86 183 -51 -419 -192 -202 30 56 -672 13 566 -386 -299 -66 61 77]

[phase 1]
score=0
squared_norm=2255926
coefficients=[1 0 0 0 0 0 0 0 0 0 0 0 0 0 0 0 0 0 0 0 0 0 0 0 0 0 0 0 0 0 0 0 0]
vector=[16 91 -218 -242 88 393 -15 -203 -348 -288 206 -377 -342 -83 -164 -35 268 86 183 -51 -419 -192 -202 30 56 -672 13 566 -386 -299 -66 61 77]

