[phase 0 initial]
[[32 297 -299 200 322 48 -121 -247 -333 -52 146 -17 83 156 274 -148 245 110 -24 -392 630 -203 -749 -361 -603 195 51 452 429 -204 67 -20 267 -209 14 -4]
[481 201 -361 341 102 240 -258 -195 -137 -380 -347 272 440 -355 164 252 330 -149 -294 69 -148 -504 -598 179 -702 353 232 -112 202 207 522 -17 22 -410 -218 45]
[-58 -337 239 -324 83 441 23 532 -429 310 397 -54 68 277 -248 -29 322 91 421 596 -247 -19 590 -332 128 -80 342 107 429 -473 -331 254 -143 3 -15 4]
[-365 -377 6 -338 6 -102 130 176 -71 -301 -323 19 -329 -264 666 -356 -173 -76 693 -905 105 35 127 -77 398 -94 -393 69 -432 77 -403 -150 -161 484 247 -17]
[-503 -4 65 -380 64 -114 -80 -474 158 -70 358 293 -485 -621 335 -612 -295 -116 567 -338 327 285 -196 -415 50 -285 -286 469 -275 338 7 -181 289 -472 23 34]
[-579 506 15 123 -183 429 -177 -225 239 87 -316 -153 17 -318 504 -98 -80 516 397 -284 -412 212 -78 431 -269 349 146 117 416 84 158 35 33 -92 394 -28]
[-627 149 287 -382 165 177 37 164 854 -411 -412 356 545 -481 567 -30 -266 -93 -12 152 -707 -183 70 -178 -240 -363 418 148 -110 477 458 323 -703 -289 -187 42]
[100 -289 385 686 -900 -244 57 -292 126 -138 457 341 -790 274 -419 -38 160 -18 -142 -12 593 833 604 144 461 -363 -275 -120 -676 129 -22 -158 172 143 161 -38]
[-431 237 462 -50 594 412 363 -485 332 -477 -248 387 483 -231 156 107 34 -92 52 -306 542 169 -845 -207 -97 -600 74 337 -291 697 -111 -354 265 -110 -210 -12]
[252 -888 -384 143 78 156 219 185 -391 -622 -16 366 144 379 -239 714 55 63 111 -76 400 557 153 72 215 -124 230 -49 -602 96 -814 12 -92 587 473 -68]
[53 -31 -127 218 367 917 45 705 364 -582 -179 84 52 -198 122 1043 -92 30 156 238 -140 -327 -128 252 -26 -95 313 -115 -153 85 -97 278 -130 162 241 -19]
[-541 442 1000 -422 -217 -51 104 -483 -259 240 -45 76 -298 84 17 -586 -286 312 590 -391 231 236 93 -339 -78 246 207 -34 -105 229 139 99 230 -206 199 -143]
[-251 -349 -796 -135 451 -328 -412 58 204 -180 -434 -555 506 52 1114 -96 -396 -186 -597 -391 -722 -47 132 -31 119 282 -120 -186 27 416 186 137 -473 496 216 112]
[-368 281 833 314 -720 449 -88 455 -503 506 229 -30 -906 -261 -115 117 53 563 517 -358 52 325 196 92 -110 -346 -300 -142 -392 203 67 -220 210 -394 110 -34]
[704 -147 -262 -198 323 -296 302 -576 567 441 -478 -345 76 241 -188 -560 -98 -354 -912 423 -464 -107 472 467 188 -201 -479 -482 152 -53 511 105 -53 210 -348 201]
[-156 38 -324 -376 414 -193 148 -337 51 131 240 -400 -469 52 161 324 -496 492 80 302 353 -251 -50 -181 -97 342 -266 -255 -462 -452 202 148 597 -370 215 -100]
[10 -60 -265 362 -558 -365 -301 -482 -398 -429 -13 459 197 -190 -100 -296 -176 304 35 -917 200 -312 -78 32 173 478 78 -294 -154 331 372 166 -323 378 303 -94]
[776 647 295 -505 297 35 -341 286 47 95 -97 -261 112 134 -251 398 181 -195 -388 405 -151 -829 -79 118 -658 471 52 34 344 -84 -231 100 -145 -129 211 31]
[-127 -81 536 11 -29 -72 505 -760 -223 -12 594 39 515 -146 -600 -136 150 -652 -84 197 84 2 -342 -220 -20 53 262 -223 280 18 9 -15 553 -213 -882 -102]
[203 134 -443 -346 -71 -698 187 -410 -282 273 378 -410 151 546 392 -239 98 -218 13 104 1 -89 -78 -422 -59 316 -451 -308 -4 -11 -673 -585 258 -89 182 -45]
[313 57 -247 365 187 -1 63 -287 -246 -75 -531 -145 505 570 484 370 418 -4 240 -578 180 497 -221 -496 222 77 387 -142 -452 305 46 -442 95 13 33 -76]
[362 281 -360 461 -395 -700 232 338 792 -606 -112 -339 262 261 301 431 -273 -591 -354 -11 109 515 438 -166 351 189 57 -223 -15 140 16 418 -649 177 -120 40]
[-158 3 210 -489 118 -482 333 94 -24 83 232 -27 26 -282 -604 -255 3 -190 604 479 198 265 132 52 489 -204 -151 -518 467 -314 -785 -75 545 183 -22 -14]
[-489 48 148 -283 103 482 -338 291 -133 823 615 56 -193 58 -742 140 -635 29 418 427 -259 739 -108 263 589 426 132 438 315 39 -210 -297 403 -597 516 -156]
[228 349 -521 394 -150 232 -142 309 -326 301 443 195 115 -161 -255 127 63 -383 -208 366 156 278 31 271 -509 376 259 -145 490 -745 46 302 628 -537 -13 113]
[-67 -155 554 -216 314 231 567 -88 59 32 -241 -513 -115 621 -511 -132 79 138 -38 401 203 759 -20 -427 283 158 71 -452 68 -225 -157 -38 415 510 31 -160]
[-700 426 559 -133 116 -269 -127 -557 501 215 199 -645 -71 251 784 -338 171 318 -100 -114 -43 12 -600 -222 173 -51 108 784 214 41 -211 -17 648 -261 -17 134]
[-142 -69 -115 97 -126 -582 -134 -293 -399 403 -557 -726 -451 -521 306 -295 250 -31 -81 -621 -221 154 401 416 -5 451 -729 -66 688 42 -72 -107 -298 600 385 69]
[-432 505 206 191 -841 -70 -676 -815 -161 65 233 299 398 125 -57 -146 130 288 -162 -114 141 -37 -119 68 -107 255 -48 126 -390 229 1091 -356 278 -531 -31 197]
[-91 150 -291 598 -895 506 -95 -80 -113 27 18 267 124 49 311 -95 98 241 -31 -417 -5 200 -769 643 93 352 65 -124 -100 -138 477 -91 -48 278 227 -11]
[-209 -353 155 349 13 205 -587 -607 143 -45 752 165 -178 -207 -299 -420 -29 214 141 460 -355 170 240 -34 617 490 -274 -197 420 -48 -312 -160 235 -20 209 128]
[-345 -146 501 198 -683 19 -182 -632 620 -256 46 -723 -187 -294 458 -362 362 -48 354 -70 121 406 519 461 7 -248 -199 352 165 72 -6 -130 594 -250 110 107]
[421 -371 -12 451 -133 506 -135 -671 -195 -293 596 104 92 408 -175 -241 797 -737 -160 442 177 340 -228 -98 -15 -205 223 -66 344 -94 -94 -268 403 -673 -8 468]
[282 -417 -583 -132 84 -613 -67 574 -31 -123 -166 96 448 -92 -269 -114 -82 -381 -350 769 -600 -553 -45 -121 -106 -26 261 323 -507 -68 -191 297 -413 253 163 -269]
[368 84 -261 -395 -4 -286 443 -386 -331 17 6 -156 -100 361 -678 73 -350 -456 -48 210 363 -134 -209 333 131 644 -382 -480 -180 -54 -669 313 -116 283 -160 -415]
[44 1 33 298 -68 776 -300 431 -751 270 -126 -88 -606 284 121 161 -122 306 397 -310 -403 -337 109 -169 273 -63 -365 -634 280 -132 -37 -252 17 285 170 -413]]
[phase 0 refreshed]
[[-11 -177 -207 -629 -387 64 54 -448 194 181 298 59 -226 78 137 -115 512 450 0 79 -171 140 123 -134 271 -45 206 164 387 280 37 -269 513 560 -105 -162]
[32 297 -299 200 322 48 -121 -247 -333 -52 146 -17 83 156 274 -148 245 110 -24 -392 630 -203 -749 -361 -603 195 51 452 429 -204 67 -20 267 -209 14 -4]
[481 201 -361 341 102 240 -258 -195 -137 -380 -347 272 440 -355 164 252 330 -149 -294 69 -148 -504 -598 179 -702 353 232 -112 202 207 522 -17 22 -410 -218 45]
[-58 -337 239 -324 83 441 23 532 -429 310 397 -54 68 277 -248 -29 322 91 421 596 -247 -19 590 -332 128 -80 342 107 429 -473 -331 254 -143 3 -15 4]
[-365 -377 6 -338 6 -102 130 176 -71 -301 -323 19 -329 -264 666 -356 -173 -76 693 -905 105 35 127 -77 398 -94 -393 69 -432 77 -403 -150 -161 484 247 -17]
[-503 -4 65 -380 64 -114 -80 -474 158 -70 358 293 -485 -621 335 -612 -295 -116 567 -338 327 285 -196 -415 50 -285 -286 469 -275 338 7 -181 289 -472 23 34]
[-579 506 15 123 -183 429 -177 -225 239 87 -316 -153 17 -318 504 -98 -80 516 397 -284 -412 212 -78 431 -269 349 146 117 416 84 158 35 33 -92 394 -28]
[-627 149 287 -382 165 177 37 164 854 -411 -412 356 545 -481 567 -30 -266 -93 -12 152 -707 -183 70 -178 -240 -363 418 148 -110 477 458 323 -703 -289 -187 42]
[100 -289 385 686 -900 -244 57 -292 126 -138 457 341 -790 274 -419 -38 160 -18 -142 -12 593 833 604 144 461 -363 -275 -120 -676 129 -22 -158 172 143 161 -38]
[-380 -351 -242 48 -472 -332 -3 -745 -516 47 -153 129 109 259 143 -427 67 549 352 -598 128 1096 203 251 -28 320 63 183 -33 95 -559 -231 71 333 626 -77]
[53 -31 -127 218 367 917 45 705 364 -582 -179 84 52 -198 122 1043 -92 30 156 238 -140 -327 -128 252 -26 -95 313 -115 -153 85 -97 278 -130 162 241 -19]
[-541 442 1000 -422 -217 -51 104 -483 -259 240 -45 76 -298 84 17 -586 -286 312 590 -391 231 236 93 -339 -78 246 207 -34 -105 229 139 99 230 -206 199 -143]
[-88 679 858 -11 29 31 228 -587 202 608 34 -318 -289 -285 -446 -429 0 -172 -23 10 219 -2 -319 260 531 -308 -625 -214 -8 328 178 -669 793 -199 -510 18]
[-250 286 -151 1 494 349 -510 -534 -316 120 435 -477 -441 62 355 135 -630 209 35 -129 298 295 -296 -278 -93 605 89 -83 36 514 180 160 780 -215 619 -41]
[-304 361 863 372 -299 -322 320 734 187 96 -129 -49 -318 431 -29 426 -245 238 -610 -641 455 -35 -201 -310 -160 -851 -265 -123 -845 320 236 -8 -427 79 -247 -51]
[254 -182 -324 -360 754 507 267 -345 1089 -211 -299 32 -357 -578 269 -129 -485 -440 -189 323 -277 -149 148 304 212 -581 -452 -128 -276 370 421 202 106 -100 -84 216]
[-17 -428 -516 646 -98 231 217 -574 -152 -356 -274 -41 151 170 510 317 770 538 -106 -49 368 281 -19 459 -124 41 -374 -177 -281 -383 -34 -438 396 164 111 -18]
[10 -60 -265 362 -558 -365 -301 -482 -398 -429 -13 459 197 -190 -100 -296 -176 304 35 -917 200 -312 -78 32 173 478 78 -294 -154 331 372 166 -323 378 303 -94]
[776 647 295 -505 297 35 -341 286 47 95 -97 -261 112 134 -251 398 181 -195 -388 405 -151 -829 -79 118 -658 471 52 34 344 -84 -231 100 -145 -129 211 31]
[-34 84 -230 462 -119 -200 301 -154 42 -99 759 -499 -341 121 -276 429 -383 -362 -131 -316 427 -174 -366 31 22 480 -22 -218 216 -532 -101 360 546 257 -184 -162]
[203 134 -443 -346 -71 -698 187 -410 -282 273 378 -410 151 546 392 -239 98 -218 13 104 1 -89 -78 -422 -59 316 -451 -308 -4 -11 -673 -585 258 -89 182 -45]
[313 57 -247 365 187 -1 63 -287 -246 -75 -531 -145 505 570 484 370 418 -4 240 -578 180 497 -221 -496 222 77 387 -142 -452 305 46 -442 95 13 33 -76]
[362 281 -360 461 -395 -700 232 338 792 -606 -112 -339 262 261 301 431 -273 -591 -354 -11 109 515 438 -166 351 189 57 -223 -15 140 16 418 -649 177 -120 40]
[-158 3 210 -489 118 -482 333 94 -24 83 232 -27 26 -282 -604 -255 3 -190 604 479 198 265 132 52 489 -204 -151 -518 467 -314 -785 -75 545 183 -22 -14]
[130 -124 -272 100 147 734 -386 746 -499 212 -413 54 403 60 -247 648 -183 -80 250 -71 -629 -15 -383 780 235 970 257 -74 360 -15 -98 -283 -25 -51 522 -162]
[228 349 -521 394 -150 232 -142 309 -326 301 443 195 115 -161 -255 127 63 -383 -208 366 156 278 31 271 -509 376 259 -145 490 -745 46 302 628 -537 -13 113]
[496 -192 746 149 498 -99 -76 -460 106 -384 -389 -13 -162 110 57 -75 71 -494 -290 176 -35 -229 -376 13 153 533 -508 -673 -331 185 -260 -502 470 31 -268 97]
[-432 505 206 191 -841 -70 -676 -815 -161 65 233 299 398 125 -57 -146 130 288 -162 -114 141 -37 -119 68 -107 255 -48 126 -390 229 1091 -356 278 -531 -31 197]
[-265 309 85 -95 146 436 528 29 -15 563 -149 190 -377 82 407 -368 178 -320 407 406 243 120 699 -514 191 -62 -155 291 85 -391 244 -67 -88 -406 255 74]
[-32 -485 398 184 136 296 -456 581 -315 -214 -176 -8 -54 -91 184 685 -227 -513 514 808 470 3 180 236 20 423 101 -59 53 -185 -50 -30 -195 -209 460 64]
[494 43 11 -202 220 215 -123 123 163 189 -275 -247 -280 -106 -130 233 -318 21 -827 516 -248 -209 153 446 14 -323 -196 -78 333 277 262 -108 -257 28 -940 566]
[-147 117 -97 740 368 -270 187 -87 -1 280 -631 -885 374 339 -283 -572 -135 -138 -387 191 -129 922 -186 225 -153 401 -509 -350 355 -735 -78 -111 -165 -98 90 136]
[182 -4 182 -392 431 -281 86 43 -224 242 -374 202 647 -77 145 -383 -320 -435 -768 6 -507 -354 -138 -410 212 -84 264 -532 -717 349 142 -223 -431 -934 -215 231]
[-91 150 -291 598 -895 506 -95 -80 -113 27 18 267 124 49 311 -95 98 241 -31 -417 -5 200 -769 643 93 352 65 -124 -100 -138 477 -91 -48 278 227 -11]
[470 -220 229 804 -182 -248 -296 -297 -197 186 -677 236 199 72 -1080 -180 423 -589 -470 176 189 -95 -20 374 22 175 10 -434 274 -156 71 238 -184 -68 -151 -73]
[407 68 -435 1097 -371 271 -681 98 -121 -137 -88 -324 -276 98 -48 553 -494 -170 -634 258 58 -68 -668 -61 -164 308 171 -33 373 -434 143 285 62 182 175 -27]]
[phase 1 initial]
[[-11 -177 -207 -629 -387 64 54 -448 194 181 298 59 -226 78 137 -115 512 450 0 79 -171 140 123 -134 271 -45 206 164 387 280 37 -269 513 560 -105 -162]
[32 297 -299 200 322 48 -121 -247 -333 -52 146 -17 83 156 274 -148 245 110 -24 -392 630 -203 -749 -361 -603 195 51 452 429 -204 67 -20 267 -209 14 -4]
[481 201 -361 341 102 240 -258 -195 -137 -380 -347 272 440 -355 164 252 330 -149 -294 69 -148 -504 -598 179 -702 353 232 -112 202 207 522 -17 22 -410 -218 45]
[-58 -337 239 -324 83 441 23 532 -429 310 397 -54 68 277 -248 -29 322 91 421 596 -247 -19 590 -332 128 -80 342 107 429 -473 -331 254 -143 3 -15 4]
[-365 -377 6 -338 6 -102 130 176 -71 -301 -323 19 -329 -264 666 -356 -173 -76 693 -905 105 35 127 -77 398 -94 -393 69 -432 77 -403 -150 -161 484 247 -17]
[-503 -4 65 -380 64 -114 -80 -474 158 -70 358 293 -485 -621 335 -612 -295 -116 567 -338 327 285 -196 -415 50 -285 -286 469 -275 338 7 -181 289 -472 23 34]
[-579 506 15 123 -183 429 -177 -225 239 87 -316 -153 17 -318 504 -98 -80 516 397 -284 -412 212 -78 431 -269 349 146 117 416 84 158 35 33 -92 394 -28]
[-627 149 287 -382 165 177 37 164 854 -411 -412 356 545 -481 567 -30 -266 -93 -12 152 -707 -183 70 -178 -240 -363 418 148 -110 477 458 323 -703 -289 -187 42]
[100 -289 385 686 -900 -244 57 -292 126 -138 457 341 -790 274 -419 -38 160 -18 -142 -12 593 833 604 144 461 -363 -275 -120 -676 129 -22 -158 172 143 161 -38]
[-380 -351 -242 48 -472 -332 -3 -745 -516 47 -153 129 109 259 143 -427 67 549 352 -598 128 1096 203 251 -28 320 63 183 -33 95 -559 -231 71 333 626 -77]
[53 -31 -127 218 367 917 45 705 364 -582 -179 84 52 -198 122 1043 -92 30 156 238 -140 -327 -128 252 -26 -95 313 -115 -153 85 -97 278 -130 162 241 -19]
[-541 442 1000 -422 -217 -51 104 -483 -259 240 -45 76 -298 84 17 -586 -286 312 590 -391 231 236 93 -339 -78 246 207 -34 -105 229 139 99 230 -206 199 -143]
[-88 679 858 -11 29 31 228 -587 202 608 34 -318 -289 -285 -446 -429 0 -172 -23 10 219 -2 -319 260 531 -308 -625 -214 -8 328 178 -669 793 -199 -510 18]
[-250 286 -151 1 494 349 -510 -534 -316 120 435 -477 -441 62 355 135 -630 209 35 -129 298 295 -296 -278 -93 605 89 -83 36 514 180 160 780 -215 619 -41]
[-304 361 863 372 -299 -322 320 734 187 96 -129 -49 -318 431 -29 426 -245 238 -610 -641 455 -35 -201 -310 -160 -851 -265 -123 -845 320 236 -8 -427 79 -247 -51]
[254 -182 -324 -360 754 507 267 -345 1089 -211 -299 32 -357 -578 269 -129 -485 -440 -189 323 -277 -149 148 304 212 -581 -452 -128 -276 370 421 202 106 -100 -84 216]
[-17 -428 -516 646 -98 231 217 -574 -152 -356 -274 -41 151 170 510 317 770 538 -106 -49 368 281 -19 459 -124 41 -374 -177 -281 -383 -34 -438 396 164 111 -18]
[10 -60 -265 362 -558 -365 -301 -482 -398 -429 -13 459 197 -190 -100 -296 -176 304 35 -917 200 -312 -78 32 173 478 78 -294 -154 331 372 166 -323 378 303 -94]
[776 647 295 -505 297 35 -341 286 47 95 -97 -261 112 134 -251 398 181 -195 -388 405 -151 -829 -79 118 -658 471 52 34 344 -84 -231 100 -145 -129 211 31]
[-34 84 -230 462 -119 -200 301 -154 42 -99 759 -499 -341 121 -276 429 -383 -362 -131 -316 427 -174 -366 31 22 480 -22 -218 216 -532 -101 360 546 257 -184 -162]
[203 134 -443 -346 -71 -698 187 -410 -282 273 378 -410 151 546 392 -239 98 -218 13 104 1 -89 -78 -422 -59 316 -451 -308 -4 -11 -673 -585 258 -89 182 -45]
[313 57 -247 365 187 -1 63 -287 -246 -75 -531 -145 505 570 484 370 418 -4 240 -578 180 497 -221 -496 222 77 387 -142 -452 305 46 -442 95 13 33 -76]
[362 281 -360 461 -395 -700 232 338 792 -606 -112 -339 262 261 301 431 -273 -591 -354 -11 109 515 438 -166 351 189 57 -223 -15 140 16 418 -649 177 -120 40]
[-158 3 210 -489 118 -482 333 94 -24 83 232 -27 26 -282 -604 -255 3 -190 604 479 198 265 132 52 489 -204 -151 -518 467 -314 -785 -75 545 183 -22 -14]
[130 -124 -272 100 147 734 -386 746 -499 212 -413 54 403 60 -247 648 -183 -80 250 -71 -629 -15 -383 780 235 970 257 -74 360 -15 -98 -283 -25 -51 522 -162]
[228 349 -521 394 -150 232 -142 309 -326 301 443 195 115 -161 -255 127 63 -383 -208 366 156 278 31 271 -509 376 259 -145 490 -745 46 302 628 -537 -13 113]
[496 -192 746 149 498 -99 -76 -460 106 -384 -389 -13 -162 110 57 -75 71 -494 -290 176 -35 -229 -376 13 153 533 -508 -673 -331 185 -260 -502 470 31 -268 97]
[-432 505 206 191 -841 -70 -676 -815 -161 65 233 299 398 125 -57 -146 130 288 -162 -114 141 -37 -119 68 -107 255 -48 126 -390 229 1091 -356 278 -531 -31 197]
[-265 309 85 -95 146 436 528 29 -15 563 -149 190 -377 82 407 -368 178 -320 407 406 243 120 699 -514 191 -62 -155 291 85 -391 244 -67 -88 -406 255 74]
[-32 -485 398 184 136 296 -456 581 -315 -214 -176 -8 -54 -91 184 685 -227 -513 514 808 470 3 180 236 20 423 101 -59 53 -185 -50 -30 -195 -209 460 64]
[494 43 11 -202 220 215 -123 123 163 189 -275 -247 -280 -106 -130 233 -318 21 -827 516 -248 -209 153 446 14 -323 -196 -78 333 277 262 -108 -257 28 -940 566]
[-147 117 -97 740 368 -270 187 -87 -1 280 -631 -885 374 339 -283 -572 -135 -138 -387 191 -129 922 -186 225 -153 401 -509 -350 355 -735 -78 -111 -165 -98 90 136]
[182 -4 182 -392 431 -281 86 43 -224 242 -374 202 647 -77 145 -383 -320 -435 -768 6 -507 -354 -138 -410 212 -84 264 -532 -717 349 142 -223 -431 -934 -215 231]
[-91 150 -291 598 -895 506 -95 -80 -113 27 18 267 124 49 311 -95 98 241 -31 -417 -5 200 -769 643 93 352 65 -124 -100 -138 477 -91 -48 278 227 -11]
[470 -220 229 804 -182 -248 -296 -297 -197 186 -677 236 199 72 -1080 -180 423 -589 -470 176 189 -95 -20 374 22 175 10 -434 274 -156 71 238 -184 -68 -151 -73]
[407 68 -435 1097 -371 271 -681 98 -121 -137 -88 -324 -276 98 -48 553 -494 -170 -634 258 58 -68 -668 -61 -164 308 171 -33 373 -434 143 285 62 182 175 -27]]
