[phase 0]
score=1.786240860160519
squared_norm=2692807
coefficients=[-1 1 1 -1 2 0 0 1 -1 0 1 -1 0 -1 0 -1 1 0 0 1 0 -1 0 0 0 1 1 0 0 0 -1 0 -1 -1 0 0]
vector=[-11 -177 -207 -629 -387 64 54 -448 194 181 298 59 -226 78 137 -115 512 450 0 79 -171 140 123 -134 271 -45 206 164 387 280 37 -269 513 560 -105 -162]

[phase 1]
score=0
squared_norm=2692807
coefficients=[1 0 0 0 0 0 0 0 0 0 0 0 0 0 0 0 0 0 0 0 0 0 0 0 0 0 0 0 0 0 0 0 0 0 0 0]
vector=[-11 -177 -207 -629 -387 64 54 -448 194 181 298 59 -226 78 137 -115 512 450 0 79 -171 140 123 -134 271 -45 206 164 387 280 37 -269 513 560 -105 -162]

