[phase 0]
score=2.16460377595729
squared_norm=2223684
coefficients=[0 0 -1 0 -1 1 1 0 0 0 0 0 1 -1 0 -1 0 0 0 0 0 0 0 0 1 0 0 0 0 -1 0 0 0]
vector=[259 -233 -106 -129 -165 -466 503 -172 468 168 284 -100 -198 -299 -104 315 188 19 80 371 -81 122 -357 195 -89 167 155 44 194 470 -106 -121 -508]

[phase 1]
score=0
squared_norm=2223684
coefficients=[1 0 0 0 0 0 0 0 0 0 0 0 0 0 0 0 0 0 0 0 0 0 0 0 0 0 0 0 0 0 0 0 0]
vector=[259 -233 -106 -129 -165 -466 503 -172 468 168 284 -100 -198 -299 -104 315 188 19 80 371 -81 122 -357 195 -89 167 155 44 194 470 -106 -121 -508]

