[phase 0]
score=5.836203051276714
squared_norm=2654735
coefficients=[2 1 1 0 -1 0 0 -1 -1 1 1 -1 1 0 1 0 0 0 1 0 0 0 0 0 0 0 0 -1 0 0 0 0 0]
vector=[-239 148 185 138 -389 -158 -85 -45 -350 -554 -687 -393 49 -151 157 -60 642 94 -70 -40 28 -141 -218 119 -210 213 -21 181 500 -339 225 385 177]

[phase 1]
score=0
squared_norm=2654735
coefficients=[1 0 0 0 0 0 0 0 0 0 0 0 0 0 0 0 0 0 0 0 0 0 0 0 0 0 0 0 0 0 0 0 0]
vector=[-239 148 185 138 -389 -158 -85 -45 -350 -554 -687 -393 49 -151 157 -60 642 94 -70 -40 28 -141 -218 119 -210 213 -21 181 500 -339 225 385 177]

