[phase 0]
score=2.302290108088733
squared_norm=2135390
coefficients=[-2 3 4 1 -3 -2 1 2 -2 0 0 2 1 -1 0 1 0 0 0 1 1 1 1 2 0 0 1 0 -1 0 -1 0 0 -1 0]
vector=[110 -85 95 -234 -468 209 396 101 185 -77 -367 80 -226 275 -358 187 126 -443 347 226 -319 -278 223 -141 54 234 -173 -40 178 -88 121 597 -104 87 34]

[phase 1]
score=0
squared_norm=2135390
coefficients=[1 0 0 0 0 0 0 0 0 0 0 0 0 0 0 0 0 0 0 0 0 0 0 0 0 0 0 0 0 0 0 0 0 0 0]
vector=[110 -85 95 -234 -468 209 396 101 185 -77 -367 80 -226 275 -358 187 126 -443 347 226 -319 -278 223 -141 54 234 -173 -40 178 -88 121 597 -104 87 34]

