[phase 0 initial]
[[400 234 100 166 -133 -137 183 283 -244 175 -87 410 -209 -490 -424 -667 240 540 -655 53 -186 -376 -388 662 -431 -79 288 431 -592 -145 -518 82 -28]
[94 252 203 -172 164 -287 -456 -467 214 343 42 -714 722 407 150 86 -50 -129 447 578 35 627 -196 130 1 576 -187 -590 365 722 17 -4 0]
[-469 207 -137 -52 -153 184 74 458 143 -25 203 705 114 -982 -159 -377 104 368 517 186 287 -378 200 203 234 -840 288 557 143 -354 293 -264 28]
[-397 -231 389 -248 3 -374 -308 -365 169 132 537 -88 212 -361 552 -120 -54 -417 511 -147 452 -420 400 -346 876 -92 -283 657 478 -164 549 -152 29]
[455 -60 771 -114 -64 -553 -116 -119 -191 -277 85 -66 108 -31 -287 668 -429 283 -253 83 372 -210 41 196 317 185 96 639 -634 -398 -29 168 -44]
[-340 350 312 -368 -11 90 455 -285 268 224 -607 -12 -223 344 74 -362 260 -79 102 360 168 153 -596 83 -240 -7 71 -458 929 353 -91 -129 23]
[214 434 -93 -640 -14 327 438 -100 -194 21 -267 -262 -310 308 374 -93 315 -379 -280 -155 -246 -25 -159 -347 -427 228 -750 -190 456 159 650 214 20]
[-218 -434 458 75 -269 -221 325 -252 603 -324 -140 11 -399 11 -155 557 399 59 29 -561 -46 -57 -219 -134 868 -145 281 210 443 -184 345 -461 -86]
[-64 366 281 -166 252 119 254 -304 120 -62 -207 -179 486 50 8 -297 122 592 -306 202 -275 248 -360 898 -807 -245 370 500 -135 308 -310 366 65]
[247 627 -214 -75 48 14 378 -349 57 -198 799 -247 241 -458 -429 -338 239 386 481 -522 79 -125 109 476 201 -37 -340 173 20 -72 488 -84 53]
[-151 333 101 54 21 389 639 -76 -455 374 477 556 -37 -422 -405 -108 -89 -323 54 -103 -265 -377 -36 187 -146 -18 285 172 -565 -881 -399 37 25]
[-538 -295 290 194 -435 170 192 160 -474 256 -75 531 -459 -886 -161 549 249 -70 338 50 334 79 -518 -286 666 -354 348 190 -516 -216 -100 -153 -115]
[182 -453 -152 100 40 259 -3 606 114 533 21 -344 -633 212 -167 -269 193 -181 -284 333 -266 140 602 -35 -356 390 -150 -364 217 90 343 -341 -93]
[156 -320 -70 37 8 -8 -229 -319 86 -366 -257 -247 138 327 -378 95 -255 245 -517 -291 486 -979 -166 -593 521 -195 -2 -127 15 -653 -106 -242 -29]
[-141 -181 420 399 -221 -455 71 246 49 -138 765 19 -511 317 -346 -145 469 -142 413 -572 736 238 -99 -3 417 -73 21 176 615 430 435 -64 6]
[-225 250 857 -55 -248 -135 -186 218 -928 847 -326 -305 351 -271 -369 -315 367 -177 -284 453 540 -455 -17 142 62 -34 191 309 -13 -87 -230 203 -50]
[57 -530 417 172 205 -611 289 118 -530 -185 -607 -53 18 -199 -88 360 1 20 -580 226 201 -334 -390 83 274 447 -162 -125 -275 49 -653 -1 -120]
[155 937 -5 -81 -263 -840 -87 66 101 -385 -274 -178 91 265 -649 -477 -122 748 -103 21 133 23 81 -51 149 117 207 -282 48 -19 2 -414 49]
[180 478 303 -39 -69 487 -403 457 -256 652 -5 -521 -119 226 55 408 294 -439 418 845 315 -72 98 -479 -115 -207 146 -526 366 34 35 297 -110]
[458 31 69 -134 82 -68 -424 -110 474 259 393 -58 398 -38 554 206 -379 -436 -201 635 -459 218 145 -5 134 -12 14 24 -336 -401 -647 214 410]
[78 -36 -466 -222 -284 518 -208 349 532 -76 375 95 775 211 -167 393 247 104 787 -111 -227 -249 -214 -549 300 135 -425 -569 112 -431 679 -361 -488]
[-16 -388 168 463 -101 622 -82 64 46 -64 638 -43 -986 203 321 -427 -142 -89 -102 -856 407 -102 250 74 -238 316 -325 269 -73 271 -347 147 -104]
[340 -152 -625 -35 -125 -5 372 509 468 -211 -711 82 -724 19 90 -229 -13 10 -74 -446 -208 -263 -123 -463 -380 -505 -239 -334 33 -282 -137 140 -239]
[-80 -188 178 -59 365 -107 -121 -17 370 -1 102 -419 -200 950 -44 43 114 131 42 -603 179 -179 156 325 517 250 -293 68 1003 63 150 -236 -219]
[-103 -55 410 75 -61 -732 -357 236 22 82 -213 70 -219 103 -335 149 93 65 390 443 1028 386 -420 611 140 90 -150 -215 45 27 -608 510 -200]
[-377 44 -219 -285 -47 833 225 -7 61 -421 -116 129 -86 63 -119 -504 -473 786 831 -64 113 57 1301 126 -390 -119 298 95 417 -13 -184 21 86]
[-617 -172 -100 319 14 -99 498 184 35 -108 -39 835 79 127 250 -1118 154 -423 -197 -41 -334 -375 -44 272 -166 -62 713 774 7 -191 44 71 -36]
[181 480 7 -271 -141 -509 150 -591 100 -195 -533 -640 -455 247 24 158 81 -486 390 99 58 334 -608 -309 212 218 -256 -825 -241 741 278 -294 136]
[-70 -188 795 90 -67 -399 -18 106 44 343 200 102 -409 63 -10 -822 685 -297 16 -84 -555 -81 -41 598 99 449 321 167 -211 -540 56 -222 -201]
[90 426 145 -234 77 -380 -62 -236 -203 -630 -10 305 473 232 -474 -165 -133 187 246 14 48 623 -346 -185 -733 103 -537 -483 -216 306 -39 80 -411]
[-918 268 296 -480 -63 321 -393 -390 234 323 -357 375 228 -227 -127 -129 154 134 57 129 272 -3 -126 35 124 -180 377 -344 225 454 -72 -19 412]
[230 -114 -59 114 146 -147 539 100 -283 -437 -478 285 -371 714 -591 284 -315 122 169 -143 -183 -42 502 506 -154 411 -252 -701 370 -33 144 518 295]
[531 158 -227 -736 -483 -331 -514 136 122 -53 227 -229 176 187 -11 23 -688 330 -17 96 266 295 -162 268 595 350 -104 -95 -68 304 120 -111 75]]
[phase 0 refreshed]
[[-400 -49 10 60 199 284 -254 395 -707 579 167 101 -260 53 -50 35 -36 2 351 8 559 -43 -143 173 315 41 -226 48 44 31 -295 72 -248]
[400 234 100 166 -133 -137 183 283 -244 175 -87 410 -209 -490 -424 -667 240 540 -655 53 -186 -376 -388 662 -431 -79 288 431 -592 -145 -518 82 -28]
[94 252 203 -172 164 -287 -456 -467 214 343 42 -714 722 407 150 86 -50 -129 447 578 35 627 -196 130 1 576 -187 -590 365 722 17 -4 0]
[-469 207 -137 -52 -153 184 74 458 143 -25 203 705 114 -982 -159 -377 104 368 517 186 287 -378 200 203 234 -840 288 557 143 -354 293 -264 28]
[-397 -231 389 -248 3 -374 -308 -365 169 132 537 -88 212 -361 552 -120 -54 -417 511 -147 452 -420 400 -346 876 -92 -283 657 478 -164 549 -152 29]
[455 -60 771 -114 -64 -553 -116 -119 -191 -277 85 -66 108 -31 -287 668 -429 283 -253 83 372 -210 41 196 317 185 96 639 -634 -398 -29 168 -44]
[-340 350 312 -368 -11 90 455 -285 268 224 -607 -12 -223 344 74 -362 260 -79 102 360 168 153 -596 83 -240 -7 71 -458 929 353 -91 -129 23]
[-218 -434 458 75 -269 -221 325 -252 603 -324 -140 11 -399 11 -155 557 399 59 29 -561 -46 -57 -219 -134 868 -145 281 210 443 -184 345 -461 -86]
[214 434 -93 -640 -14 327 438 -100 -194 21 -267 -262 -310 308 374 -93 315 -379 -280 -155 -246 -25 -159 -347 -427 228 -750 -190 456 159 650 214 20]
[57 -530 417 172 205 -611 289 118 -530 -185 -607 -53 18 -199 -88 360 1 20 -580 226 201 -334 -390 83 274 447 -162 -125 -275 49 -653 -1 -120]
[-64 366 281 -166 252 119 254 -304 120 -62 -207 -179 486 50 8 -297 122 592 -306 202 -275 248 -360 898 -807 -245 370 500 -135 308 -310 366 65]
[80 188 -178 59 -365 107 121 17 -370 1 -102 419 200 -950 44 -43 -114 -131 -42 603 -179 179 -156 -325 -517 -250 293 -68 -1003 -63 -150 236 219]
[-114 284 -433 180 442 238 269 -556 -197 -164 441 -409 100 632 -141 -206 -509 -152 525 -263 403 237 275 45 -284 216 -189 -703 134 83 -390 220 142]
[-299 61 154 -426 346 402 -259 432 -247 686 365 125 271 375 271 251 -105 -639 197 65 -257 -360 452 -61 218 240 -388 302 453 -572 314 -40 -222]
[-490 280 9 233 -215 -646 -362 -497 -304 19 300 -541 331 -263 122 -274 260 281 74 -503 -183 365 -42 -267 573 88 187 327 -563 308 -32 -128 21]
[-64 546 335 -61 -275 -200 216 -195 231 -572 57 -121 -976 140 183 669 68 352 178 -246 97 64 -286 -739 472 -483 496 263 -254 -338 96 9 -60]
[-46 -207 -374 35 95 17 -141 322 -532 -189 69 -152 161 -74 -222 -11 -150 543 -428 -652 368 213 216 632 527 -222 -610 410 -337 -95 -368 145 249]
[66 -410 641 351 -84 -376 79 -222 580 -510 109 -206 128 -624 274 -393 -51 168 -69 126 371 -144 7 317 -44 458 -160 63 116 657 -395 -194 52]
[182 -453 -152 100 40 259 -3 606 114 533 21 -344 -633 212 -167 -269 193 -181 -284 333 -266 140 602 -35 -356 390 -150 -364 217 90 343 -341 -93]
[910 541 425 -26 -525 -37 -471 -232 459 329 -182 215 388 -556 -338 345 125 327 480 100 -88 89 -65 1020 417 -77 333 197 -50 56 -136 163 -34]
[175 299 847 -115 -447 -419 68 -177 -221 268 -493 -406 611 -324 -319 -350 403 -179 -635 445 -19 -412 126 -31 -253 -75 417 261 -57 -118 65 131 198]
[-217 -305 -102 281 -9 -270 -75 -70 734 -56 461 -42 28 698 312 -565 159 214 1049 -323 313 477 -166 315 38 422 -172 -464 647 703 -226 -81 -366]
[340 -152 -625 -35 -125 -5 372 509 468 -211 -711 82 -724 19 90 -229 -13 10 -74 -446 -208 -263 -123 -463 -380 -505 -239 -334 33 -282 -137 140 -239]
[592 170 384 248 140 -670 178 -223 -10 199 -392 532 -84 -318 -519 -454 436 -324 -460 -241 -294 -537 -368 895 -10 514 158 47 808 538 39 -206 -10]
[251 497 -352 528 602 -22 -149 98 -328 390 235 -76 -602 258 -821 -411 98 -377 -168 162 203 -565 128 417 -700 99 271 -546 -15 -535 -652 473 -167]
[-251 -37 14 -428 60 462 750 455 241 -124 -205 264 101 -317 -484 -175 324 -150 246 254 -470 -148 -201 -592 -524 -428 197 -194 766 -104 154 -129 115]
[-144 -46 -216 649 74 458 -507 677 59 576 -147 -309 -27 -29 -191 -254 -49 -178 203 134 -163 453 -305 463 -38 210 315 19 -362 565 -278 55 -371]
[181 480 7 -271 -141 -509 150 -591 100 -195 -533 -640 -455 247 24 158 81 -486 390 99 58 334 -608 -309 212 218 -256 -825 -241 741 278 -294 136]
[173 567 223 2 125 353 -725 -149 28 -381 433 -238 16 468 182 -171 -312 -825 225 -344 -198 -82 643 -203 110 459 -304 -547 125 -477 281 -64 231]
[-446 -599 508 -293 350 417 109 283 431 -163 269 140 -448 603 -10 648 -24 -188 43 0 -288 878 263 -80 -149 -365 -349 94 244 -427 -102 -148 -335]
[-728 -214 -244 -348 415 239 712 309 -124 275 108 492 -522 -720 17 -11 729 336 630 415 167 -272 -173 116 -27 -305 73 -468 -203 96 -41 215 -33]
[-165 264 690 254 -108 -266 161 -539 391 64 -42 54 -151 161 -666 96 -354 83 -148 -240 -693 80 -699 141 -140 82 567 -74 -418 -228 -449 277 314]
[-39 -575 -541 -277 -77 47 104 216 197 -576 -89 73 121 -118 618 372 -436 -216 -116 102 -565 -198 11 -454 -112 99 446 -152 -209 224 146 -8 -180]]
[phase 1 initial]
[[-400 -49 10 60 199 284 -254 395 -707 579 167 101 -260 53 -50 35 -36 2 351 8 559 -43 -143 173 315 41 -226 48 44 31 -295 72 -248]
[400 234 100 166 -133 -137 183 283 -244 175 -87 410 -209 -490 -424 -667 240 540 -655 53 -186 -376 -388 662 -431 -79 288 431 -592 -145 -518 82 -28]
[94 252 203 -172 164 -287 -456 -467 214 343 42 -714 722 407 150 86 -50 -129 447 578 35 627 -196 130 1 576 -187 -590 365 722 17 -4 0]
[-469 207 -137 -52 -153 184 74 458 143 -25 203 705 114 -982 -159 -377 104 368 517 186 287 -378 200 203 234 -840 288 557 143 -354 293 -264 28]
[-397 -231 389 -248 3 -374 -308 -365 169 132 537 -88 212 -361 552 -120 -54 -417 511 -147 452 -420 400 -346 876 -92 -283 657 478 -164 549 -152 29]
[455 -60 771 -114 -64 -553 -116 -119 -191 -277 85 -66 108 -31 -287 668 -429 283 -253 83 372 -210 41 196 317 185 96 639 -634 -398 -29 168 -44]
[-340 350 312 -368 -11 90 455 -285 268 224 -607 -12 -223 344 74 -362 260 -79 102 360 168 153 -596 83 -240 -7 71 -458 929 353 -91 -129 23]
[-218 -434 458 75 -269 -221 325 -252 603 -324 -140 11 -399 11 -155 557 399 59 29 -561 -46 -57 -219 -134 868 -145 281 210 443 -184 345 -461 -86]
[214 434 -93 -640 -14 327 438 -100 -194 21 -267 -262 -310 308 374 -93 315 -379 -280 -155 -246 -25 -159 -347 -427 228 -750 -190 456 159 650 214 20]
[57 -530 417 172 205 -611 289 118 -530 -185 -607 -53 18 -199 -88 360 1 20 -580 226 201 -334 -390 83 274 447 -162 -125 -275 49 -653 -1 -120]
[-64 366 281 -166 252 119 254 -304 120 -62 -207 -179 486 50 8 -297 122 592 -306 202 -275 248 -360 898 -807 -245 370 500 -135 308 -310 366 65]
[80 188 -178 59 -365 107 121 17 -370 1 -102 419 200 -950 44 -43 -114 -131 -42 603 -179 179 -156 -325 -517 -250 293 -68 -1003 -63 -150 236 219]
[-114 284 -433 180 442 238 269 -556 -197 -164 441 -409 100 632 -141 -206 -509 -152 525 -263 403 237 275 45 -284 216 -189 -703 134 83 -390 220 142]
[-299 61 154 -426 346 402 -259 432 -247 686 365 125 271 375 271 251 -105 -639 197 65 -257 -360 452 -61 218 240 -388 302 453 -572 314 -40 -222]
[-490 280 9 233 -215 -646 -362 -497 -304 19 300 -541 331 -263 122 -274 260 281 74 -503 -183 365 -42 -267 573 88 187 327 -563 308 -32 -128 21]
[-64 546 335 -61 -275 -200 216 -195 231 -572 57 -121 -976 140 183 669 68 352 178 -246 97 64 -286 -739 472 -483 496 263 -254 -338 96 9 -60]
[-46 -207 -374 35 95 17 -141 322 -532 -189 69 -152 161 -74 -222 -11 -150 543 -428 -652 368 213 216 632 527 -222 -610 410 -337 -95 -368 145 249]
[66 -410 641 351 -84 -376 79 -222 580 -510 109 -206 128 -624 274 -393 -51 168 -69 126 371 -144 7 317 -44 458 -160 63 116 657 -395 -194 52]
[182 -453 -152 100 40 259 -3 606 114 533 21 -344 -633 212 -167 -269 193 -181 -284 333 -266 140 602 -35 -356 390 -150 -364 217 90 343 -341 -93]
[910 541 425 -26 -525 -37 -471 -232 459 329 -182 215 388 -556 -338 345 125 327 480 100 -88 89 -65 1020 417 -77 333 197 -50 56 -136 163 -34]
[175 299 847 -115 -447 -419 68 -177 -221 268 -493 -406 611 -324 -319 -350 403 -179 -635 445 -19 -412 126 -31 -253 -75 417 261 -57 -118 65 131 198]
[-217 -305 -102 281 -9 -270 -75 -70 734 -56 461 -42 28 698 312 -565 159 214 1049 -323 313 477 -166 315 38 422 -172 -464 647 703 -226 -81 -366]
[340 -152 -625 -35 -125 -5 372 509 468 -211 -711 82 -724 19 90 -229 -13 10 -74 -446 -208 -263 -123 -463 -380 -505 -239 -334 33 -282 -137 140 -239]
[592 170 384 248 140 -670 178 -223 -10 199 -392 532 -84 -318 -519 -454 436 -324 -460 -241 -294 -537 -368 895 -10 514 158 47 808 538 39 -206 -10]
[251 497 -352 528 602 -22 -149 98 -328 390 235 -76 -602 258 -821 -411 98 -377 -168 162 203 -565 128 417 -700 99 271 -546 -15 -535 -652 473 -167]
[-251 -37 14 -428 60 462 750 455 241 -124 -205 264 101 -317 -484 -175 324 -150 246 254 -470 -148 -201 -592 -524 -428 197 -194 766 -104 154 -129 115]
[-144 -46 -216 649 74 458 -507 677 59 576 -147 -309 -27 -29 -191 -254 -49 -178 203 134 -163 453 -305 463 -38 210 315 19 -362 565 -278 55 -371]
[181 480 7 -271 -141 -509 150 -591 100 -195 -533 -640 -455 247 24 158 81 -486 390 99 58 334 -608 -309 212 218 -256 -825 -241 741 278 -294 136]
[173 567 223 2 125 353 -725 -149 28 -381 433 -238 16 468 182 -171 -312 -825 225 -344 -198 -82 643 -203 110 459 -304 -547 125 -477 281 -64 231]
[-446 -599 508 -293 350 417 109 283 431 -163 269 140 -448 603 -10 648 -24 -188 43 0 -288 878 263 -80 -149 -365 -349 94 244 -427 -102 -148 -335]
[-728 -214 -244 -348 415 239 712 309 -124 275 108 492 -522 -720 17 -11 729 336 630 415 167 -272 -173 116 -27 -305 73 -468 -203 96 -41 215 -33]
[-165 264 690 254 -108 -266 161 -539 391 64 -42 54 -151 161 -666 96 -354 83 -148 -240 -693 80 -699 141 -140 82 567 -74 -418 -228 -449 277 314]
[-39 -575 -541 -277 -77 47 104 216 197 -576 -89 73 121 -118 618 372 -436 -216 -116 102 -565 -198 11 -454 -112 99 446 -152 -209 224 146 -8 -180]]
