[phase 0]
squared_norm=2470203
coefficients=[1 1 -1 0 -1 2 -2 0 3 0 1 0 0 3 1 2 1 -2 1 1 -1 -1 -1 -1 1 -1 2 -1 0 0 0 -1 0 -1 1 1 -1]
vector=[-121 -87 -308 -17 -151 -274 -126 -172 -121 -406 220 -434 126 807 -13 -422 278 -6 -27 -169 -487 -340 137 -166 162 -140 -28 -254 108 -130 -342 -112 340 -11 69 7 -229]

[phase 1]
squared_norm=2470203
coefficients=[1 0 0 0 0 0 0 0 0 0 0 0 0 0 0 0 0 0 0 0 0 0 0 0 0 0 0 0 0 0 0 0 0 0 0 0 0]
vector=[-121 -87 -308 -17 -151 -274 -126 -172 -121 -406 220 -434 126 807 -13 -422 278 -6 -27 -169 -487 -340 137 -166 162 -140 -28 -254 108 -130 -342 -112 340 -11 69 7 -229]

