phase	depth	k	node	parent	z_k	nodes_at_depth	parent_rho	rho	bound_r2	remaining	center	delta	legal_lo	legal_hi	offset	P	Ptheta	N	Q	M
0	1	36	1	0	0	7	0	0	0.69791984558105469	0.69791984558105469	0	3.149425223117392	-3	3	0	0.33968895420663836	0.33968895420663836	2557788	6.7986304558321324e-07	1.7389455396361959
0	2	35	6	1	-1	33	0	0.073951941433290647	0.69791984558105469	0.69791984558105469	0	3.0720479067612705	-3	3	-0.32551575702940699	0.18160696598301776	0.18160696598301776	639202	2.7204945222890355e-06	1.7389455396361959
0	3	34	23	6	0	133	0.073951941433290647	0.074002456338129297	0.69791984558105469	0.62396790414776404	0.026311367328063221	2.9242518517226448	-2	2	-0.0089976406486888191	0.38971542731351516	0.38971542731351516	340446	5.1078454134758402e-06	1.7389455396361959
0	4	33	87	23	0	433	0.074002456338129297	0.085750475971313259	0.69791984558105469	0.62391738924292539	0.35259938710782679	2.5695836857261827	-2	2	-0.13722043343693616	0.35118579602848143	0.35118579602848143	176399	9.8580237962584592e-06	1.7389455396361959
0	5	32	232	87	0	1269	0.085750475971313259	0.10650447482532395	0.69791984558105469	0.61216936960974144	-0.47810699561367853	2.596629590266113	-3	2	0.18412599063260318	0.30129069314368584	0.30129069314368584	79805	2.1789932205202629e-05	1.7389455396361959
0	6	31	641	232	0	3219	0.10650447482532395	0.11124526103513369	0.69791984558105469	0.5914153707557307	-0.21434371631577098	2.3940426032877005	-2	2	0.089532122787379043	0.39507520493175985	0.39507520493175985	45728	3.80280252719602e-05	1.7389455396361959
0	7	30	1783	641	0	7665	0.11124526103513369	0.12146302233480079	0.69791984558105469	0.58667458454592103	0.3100472363233221	2.3493548887006908	-2	2	-0.13197122231915909	0.37582966125265271	0.37582966125265271	24296	7.157332645851975e-05	1.7389455396361959
0	8	29	4334	1783	0	17217	0.12146302233480079	0.12151298810153083	0.69791984558105469	0.57645682324625391	0.02156961041196083	2.3168046436581817	-2	2	-0.0093100687064848545	0.44587964151710002	0.44587964151710002	14518	0.00011977858793471524	1.7389455396361959
0	9	28	14700	4334	1	34411	0.12151298810153083	0.17652687799515132	0.69791984558105469	0.57640685747952392	0.31905571897401852	2.2041440257941103	-1	2	0.30893819689511914	0.29794004115551648	0.29794004115551648	5523	0.00031485524889302843	1.7389455396361959
0	10	27	39325	14700	-1	65325	0.17652687799515132	0.21432193034103461	0.69791984558105469	0.52139296758590337	-0.43518718513241123	2.0978269037536861	-2	1	-0.26923709189588391	0.33748459815979004	0.33748459815979004	2409	0.00072185369017691817	1.7389455396361959
0	11	26	84466	39325	0	115721	0.21432193034103461	0.21483973047322882	0.69791984558105469	0.4835979152400201	-0.064434764409099121	1.9691616830579002	-2	1	0.032721926779033572	0.51466275795289151	0.51466275795289151	1583	0.0010985126592774454	1.7389455396361959
0	12	25	194885	84466	0	177899	0.21483973047322882	0.21522774381316528	0.69791984558105469	0.48308011510782589	-0.050526936752573005	1.7828270777693604	-1	1	0.028340907193193043	0.5869109455671625	0.5869109455671625	1119	0.001554017461694545	1.7389455396361959
0	13	24	332008	194885	0	265969	0.21522774381316528	0.21600607620259057	0.69791984558105469	0.4826921017678894	-0.072470464479997582	1.8047356170237148	-1	1	0.040155723528919135	0.57763242721557617	0.57763242721557617	768	0.0022642520047346302	1.7389455396361959
0	14	23	487369	332008	0	378456	0.21600607620259057	0.21606149284949594	0.69791984558105469	0.48191376937846414	-0.019015037671223908	1.7732163847400881	-1	1	0.01072347280053532	0.59701876942785426	0.59701876942785426	511	0.0034030245394054714	1.7389455396361959
0	15	22	765556	487369	1	450678	0.21606149284949594	0.24643312181873003	0.69791984558105469	0.48185835273155875	0.61353616317195359	1.5393398563164788	0	2	0.25105816317445612	0.4931647254998196	0.4931647254998196	287	0.006059043692112181	1.7389455396361959
0	16	21	1085128	765556	0	520079	0.24643312181873003	0.24809936435726435	0.69791984558105469	0.45148672376232463	-0.091305089346217352	1.5029632761527332	-1	1	0.060750046787529627	0.61908436744040796	0.61908436744040796	206	0.0084414832021174561	1.7389455396361959
0	17	20	1771321	1085128	0	560331	0.24809936435726435	0.3801570472210129	0.69791984558105469	0.44982048122379037	0.79447351696633428	1.4662809814793816	0	2	-0.54182897207379888	0.26486155390739441	0.26486155390739441	61	0.028507303928462228	1.7389455396361959
0	18	19	2775205	1771321	-1	550149	0.3801570472210129	0.3812992173281633	0.69791984558105469	0.31776279836004179	-1.0706367285902412	1.1781937331602803	-2	0	0.059953407153823232	0.69740563631057739	0.69740563631057739	52	0.033441260377619152	1.7389455396361959
0	19	18	4277398	2775205	-1	517161	0.3812992173281633	0.39726803898968438	0.69791984558105469	0.31662062825289139	-0.73538972546861281	1.1782565728850518	-1	0	-0.22457780471656405	0.68512165546417236	0.68512165546417236	35	0.049684158275319884	1.7389455396361959
0	20	17	4644814	4277398	0	447516	0.39726803898968438	0.41733590209832261	0.686309814453125	0.28904177546344062	0.28677264999097268	1.088347221203003	0	1	-0.26349371267194394	0.68647140264511108	0.68647140264511108	25	0.069557821585447835	1.7389455396361959
0	21	16	4852401	4644814	-1	352070	0.41733590209832261	0.41927577205305827	0.686309814453125	0.26897391235480239	-0.91595638568490723	0.98963145975294253	-1	0	-0.084924153821942863	0.84307098388671875	0.84307098388671875	22	0.079042979074372535	1.7389455396361959
0	22	15	5073943	4852401	-1	269759	0.41927577205305827	0.41927667855476636	0.686309814453125	0.26703404240006673	-1.0018092650869275	0.98197674835565196	-1	-1	0.0018424724312027156	1	1	21	0.082806930458866473	1.7389455396361959
0	23	14	5184147	5073943	0	196808	0.41927667855476636	0.42267935467866363	0.686309814453125	0.26703313589835864	0.10709403613712661	0.948718911065214	0	1	-0.11288278845088297	0.83977770805358887	0.83977770805358887	19	0.091523449454536623	1.7389455396361959
0	24	13	5211226	5184147	2	129349	0.42267935467866363	0.42529884218930286	0.686309814453125	0.26363045977446137	1.9144587107422053	0.85815437122991067	2	2	0.099680537821180679	1	1	18	0.096608085535344224	1.7389455396361959
0	25	12	5212830	5211226	-1	76862	0.42529884218930286	0.42830532765949159	0.686309814453125	0.26101097226382214	-1.0838682612965185	0.78144329135955704	-1	-1	0.10732482091004228	1	1	17	0.10229091409624681	1.7389455396361959
0	26	11	5218066	5212830	-2	40501	0.42830532765949159	0.43341585710481267	0.686309814453125	0.25800448679363341	-1.9006587729058466	0.70584639679719385	-2	-2	-0.14074057407520685	1	1	16	0.10868409622726224	1.7389455396361959
0	27	10	5218788	5218066	-1	23758	0.43341585710481267	0.46878357667875331	0.686309814453125	0.25289395734831233	-0.70395180211820807	0.79164070840927325	-1	0	-0.37396788055110591	0.73701804876327515	0.73701804876327515	12	0.14491212830301634	1.7389455396361959
0	28	9	5221964	5218788	-1	13131	0.46878357667875331	0.51302380093799116	0.686309814453125	0.21752623777437169	-0.6820002989253483	0.70513760484261023	-1	0	-0.45097538252215419	0.73738563060760498	0.73738563060760498	10	0.17389455396361958	1.7389455396361959
0	29	8	5224375	5221964	0	7188	0.51302380093799116	0.53626963117604332	0.686309814453125	0.17328601351513381	0.2276561553372968	0.62156796271300263	0	0	-0.36626108325086365	1	1	9	0.19321617107068845	1.7389455396361959
0	30	7	5225312	5224375	1	3457	0.53626963117604332	0.5370441113304163	0.686309814453125	0.15004018327708168	1.0371884712054908	0.5176151406549433	1	1	-0.071845794847569547	1	1	8	0.21736819245452449	1.7389455396361959
0	31	6	5226412	5225312	-1	1407	0.5370441113304163	0.54251641644090842	0.686309814453125	0.14926570312270873	-1.0886857085976889	0.46317861961586865	-1	-1	0.19147193942423163	1	1	7	0.24842079137659942	1.7389455396361959
0	32	5	5226611	5226412	0	637	0.54251641644090842	0.58759297702432223	0.686309814453125	0.14379339801221661	0.27978895661162634	0.49971761258636194	0	0	-0.5598941273323097	1	1	6	0.28982425660603267	1.7389455396361959
0	33	4	5227302	5226611	-2	273	0.58759297702432223	0.58828024007405033	0.686309814453125	0.098716837428802773	-2.0308279957642528	0.3694701951032785	-2	-2	0.083438383319757142	1	1	5	0.34778910792723916	1.7389455396361959
0	34	3	5227961	5227302	0	120	0.58828024007405033	0.60530825433141533	0.686309814453125	0.098029574379074697	-0.16120606281214978	0.38679239555780115	0	0	0.41677671190942428	1	1	4	0.43473638490904898	1.7389455396361959
0	35	2	5228398	5227961	0	43	0.60530825433141533	0.61192876222184922	0.686309814453125	0.081001560121709656	-0.090730459738705957	0.31736143380295917	0	0	0.28588999820008992	1	1	3	0.57964851321206534	1.7389455396361959
0	36	1	5228581	5228398	1	18	0.61192876222184922	0.64513969551980388	0.686309814453125	0.074381052231275807	1.207698164496062	0.31083024966722106	1	1	-0.66820447726187049	1	1	2	0.86947276981809796	1.7389455396361959
0	37	0	5229057	5228581	0	5	0.64513969551980388	0.65162229537963867	0.686309814453125	0.041170118933321079	-0.09516241144365617	0.23981806346264317	0	0	0.39681085765451429	1	1	1	1.7389455396361959	1.7389455396361959
1	1	36	1	0	0	5	0	0	0.65162229537963867	0.65162229537963867	0	2.6966969367183875	-2	2	0	0.41555267572402954	0.41555267572402954	1950739	0	0
1	2	35	3	1	0	23	0	0	0.65162229537963867	0.65162229537963867	0	2.907683999600903	-2	2	0	0.39829981327056885	0.39829981327056885	1122094	0	0
1	3	34	12	3	0	93	0	0	0.65162229537963867	0.65162229537963867	0	2.8127201743939532	-2	2	0	0.40573552250862122	0.40573552250862122	656421	0	0
1	4	33	35	12	0	295	0	0	0.65162229537963867	0.65162229537963867	0	2.6754421682286984	-2	2	0	0.41744565963745117	0.41744565963745117	395450	0	0
1	5	32	76	35	0	801	0	0	0.65162229537963867	0.65162229537963867	0	2.6210239534589719	-2	2	0	0.42243483662605286	0.42243483662605286	238497	0	0
1	6	31	193	76	0	1925	0	0	0.65162229537963867	0.65162229537963867	0	2.4161366169615808	-2	2	0	0.44325712323188782	0.44325712323188782	153042	0	0
1	7	30	436	193	0	4645	0	0	0.65162229537963867	0.65162229537963867	0	2.6057048435706052	-2	2	0	0.4238775372505188	0.4238775372505188	89767	0	0
1	8	29	1045	436	0	9379	0	0	0.65162229537963867	0.65162229537963867	0	2.3576310671605825	-2	2	0	0.44986659288406372	0.44986659288406372	56640	0	0
1	9	28	2370	1045	0	18521	0	0	0.65162229537963867	0.65162229537963867	0	2.4363401873389803	-2	2	0	0.44104787707328796	0.44104787707328796	33915	0	0
1	10	27	5603	2370	0	34509	0	0	0.65162229537963867	0.65162229537963867	0	2.4103412936441324	-2	2	0	0.44389760494232178	0.44389760494232178	20082	0	0
1	11	26	12290	5603	0	56215	0	0	0.65162229537963867	0.65162229537963867	0	2.2147463622603527	-2	2	0	0.46744963526725769	0.46744963526725769	12765	0	0
1	12	25	27237	12290	0	90371	0	0	0.65162229537963867	0.65162229537963867	0	2.2710100233566441	-2	2	0	0.46026822924613953	0.46026822924613953	7746	0	0
1	13	24	61688	27237	0	140689	0	0	0.65162229537963867	0.65162229537963867	0	2.2864543125151431	-2	2	0	0.45835712552070618	0.45835712552070618	4493	0	0
1	14	23	126027	61688	0	194175	0	0	0.65162229537963867	0.65162229537963867	0	2.0979728924853642	-2	2	0	0.48353525996208191	0.48353525996208191	2838	0	0
1	15	22	245726	126027	0	244133	0	0	0.65162229537963867	0.65162229537963867	0	1.9721117561954882	-1	1	0	0.57956653833389282	0.57956653833389282	1871	0	0
1	16	21	308610	245726	0	300329	0	0	0.65162229537963867	0.65162229537963867	0	1.9851944297249164	-1	1	0	0.57793712615966797	0.57793712615966797	1158	0	0
1	17	20	405779	308610	0	330545	0	0	0.65162229537963867	0.65162229537963867	0	1.8340542495863135	-1	1	0	0.59804677963256836	0.59804677963256836	775	0	0
1	18	19	512002	405779	0	337765	0	0	0.65162229537963867	0.65162229537963867	0	1.7559062732243229	-1	1	0	0.60965585708618164	0.60965585708618164	530	0	0
1	19	18	681377	512002	0	324997	0	0	0.65162229537963867	0.65162229537963867	0	1.6954985769899045	-1	1	0	0.61926907300949097	0.61926907300949097	365	0	0
1	20	17	867440	681377	0	277611	0	0	0.65162229537963867	0.65162229537963867	0	1.5464837581612858	-1	1	0	0.64568132162094116	0.64568132162094116	268	0	0
1	21	16	1148945	867440	0	230399	0	0	0.65162229537963867	0.65162229537963867	0	1.5339680941027933	-1	1	0	0.64809155464172363	0.64809155464172363	191	0	0
1	22	15	1474346	1148945	0	180359	0	0	0.65162229537963867	0.65162229537963867	0	1.4880177507582537	-1	1	0	0.65721839666366577	0.65721839666366577	138	0	0
1	23	14	1897995	1474346	0	126081	0	0	0.65162229537963867	0.65162229537963867	0	1.3533408017677913	-1	1	0	0.68668729066848755	0.68668729066848755	105	0	0
1	24	13	2508198	1897995	0	78989	0	0	0.65162229537963867	0.65162229537963867	0	1.2390695680644284	-1	1	0	0.71523916721343994	0.71523916721343994	84	0	0
1	25	12	2901149	2508198	0	43933	0	0	0.65162229537963867	0.65162229537963867	0	1.1284185072582009	-1	1	0	0.74635106325149536	0.74635106325149536	73	0	0
1	26	11	2975396	2901149	0	28139	0	0	0.65162229537963867	0.65162229537963867	0	1.3215714746504095	-1	1	0	0.69427937269210815	0.69427937269210815	50	0	0
1	27	10	3053457	2975396	0	17285	0	0	0.65162229537963867	0.65162229537963867	0	1.2767285861083371	-1	1	0	0.7054436206817627	0.7054436206817627	31	0	0
1	28	9	3078396	3053457	0	10119	0	0	0.65162229537963867	0.65162229537963867	0	1.2323318661123692	-1	1	0	0.71703314781188965	0.71703314781188965	18	0	0
1	29	8	3086151	3078396	0	5119	0	0	0.65162229537963867	0.65162229537963867	0	1.0794798092130087	-1	1	0	0.76125949621200562	0.76125949621200562	15	0	0
1	30	7	3090758	3086151	0	2269	0	0	0.65162229537963867	0.65162229537963867	0	0.97267537027552131	0	0	0	1	1	14	0	0
1	31	6	3091101	3090758	0	1153	0	0	0.65162229537963867	0.65162229537963867	0	1.0936764221011168	-1	1	0	0.75686115026473999	0.75686115026473999	11	0	0
1	32	5	3091630	3091101	0	529	0	0	0.65162229537963867	0.65162229537963867	0	0.96146117234119277	0	0	0	1	1	10	0	0
1	33	4	3091631	3091630	0	261	0	0	0.65162229537963867	0.65162229537963867	0	1.0115643234306702	-1	1	0	0.78312796354293823	0.78312796354293823	7	0	0
1	34	3	3091722	3091631	0	75	0	0	0.65162229537963867	0.65162229537963867	0	0.90503955507359646	0	0	0	1	1	6	0	0
1	35	2	3091723	3091722	0	25	0	0	0.65162229537963867	0.65162229537963867	0	0.94464044306160766	0	0	0	1	1	5	0	0
1	36	1	3091734	3091723	0	1	0	0	0.65162229537963867	0.65162229537963867	0	0.95887033708276848	0	0	0	1	1	4	0	0
1	37	0	3091743	3091734	1	3	0	0.65162229537963867	0.65162229537963867	0.65162229537963867	0	1.000000000002	-1	1	0.99999999999800004	0.10650698095560074	0.10650698095560074	1	0	0
