[phase 0 initial]
[[-554 173 400 494 191 192 444 398 -95 184 236 170 -86 744 269 -274 328 50 -462 -290 152 -102 253 102 -629 -200 59 206 -55 -130 585 307 304 14 8 -280 -248 -134 -210 -38]
[-271 6 256 395 369 103 52 233 -137 -144 968 294 84 -132 -148 -322 368 -174 -210 -246 714 -681 -103 483 -246 -539 -59 173 123 405 131 222 231 65 -147 -377 -98 204 -31 2]
[227 -132 -224 -147 -248 82 -451 -310 590 286 500 -172 169 -1003 -352 394 -127 -257 51 335 199 108 -275 -147 -479 -169 -63 -400 96 -451 94 -238 -357 -72 -19 516 -562 -86 256 45]
[-515 112 -65 52 -315 108 214 -51 94 137 -716 323 830 192 415 130 165 465 -247 -196 506 -73 57 548 220 522 304 246 369 426 -29 328 -320 268 -336 -121 541 -346 -210 1]
[432 45 -548 157 233 -12 96 -268 -38 492 145 -291 628 -62 270 189 481 -283 180 -64 1001 -90 -134 377 -14 371 -281 -11 361 695 -649 -71 -182 183 50 165 488 -303 315 70]
[-454 66 -33 -9 -21 -122 -443 454 108 -510 -477 -128 -154 -54 -138 -63 188 382 -354 527 -34 -294 -254 -256 -21 415 186 53 171 451 540 173 177 669 70 -242 468 -451 -111 -69]
[80 -159 -286 -335 -368 2 253 24 94 -465 -824 -79 -104 -440 -221 -316 472 807 80 454 151 2 -541 311 709 188 658 311 140 -12 500 -106 -186 132 168 19 563 73 -76 0]
[-35 -133 -767 100 17 57 -453 -297 9 -92 739 -126 706 99 252 125 822 244 -358 109 1268 600 -63 105 -136 79 488 158 105 -130 89 278 -174 -19 332 54 212 -65 236 71]
[365 493 1 41 14 61 203 834 -488 257 115 -412 -492 670 338 -2 206 -37 669 -145 -524 -563 -6 -692 74 438 -380 -43 72 212 -101 -684 601 263 -306 89 553 16 -339 -59]
[-73 322 251 175 -152 229 444 568 143 -565 -17 -6 -172 -41 -393 -284 510 94 -474 88 431 35 -88 755 -269 355 49 359 -507 312 44 427 -120 569 708 -398 157 -612 220 -34]
[358 85 242 -266 -227 309 773 104 440 45 -579 -12 178 230 426 -473 29 224 96 544 -51 554 534 512 -242 433 531 572 -651 224 194 -101 260 -60 158 -420 143 -207 175 -38]
[-302 166 -34 -211 -632 272 160 -11 132 82 431 -691 253 -342 -297 177 632 356 143 -404 676 -226 -650 735 -473 156 -54 -294 752 -354 88 -198 65 -77 -79 951 214 -189 -12 7]
[119 -142 -271 -481 489 -4 241 -73 -116 -434 129 -223 -154 102 -651 -576 442 -43 -507 349 442 119 -56 599 438 -69 52 175 -339 317 -499 85 373 406 198 473 -25 -327 316 -39]
[354 -61 -585 -8 253 -135 425 -450 -202 635 -479 -189 631 98 -49 -510 521 233 463 -274 -46 588 24 -378 874 186 204 155 287 -221 -92 -166 -155 232 117 95 522 -263 -501 55]
[125 93 -709 31 -36 651 497 -262 -339 318 170 611 534 -169 13 153 629 272 167 -143 288 -274 -18 22 -207 156 154 203 204 -294 375 -538 -416 -202 -72 -280 7 -356 -420 107]
[-57 396 83 -290 222 -89 -413 -448 631 -294 329 -141 750 -657 -219 211 -169 -37 161 -215 93 -343 511 294 -343 517 -478 -69 26 404 -416 -635 -116 253 351 -496 537 -314 -42 -24]
[-206 136 -131 -15 323 341 484 -20 -749 -43 -255 283 124 -7 -501 -107 -123 -355 40 -740 0 -217 -199 56 323 256 -278 -404 2 666 -605 184 684 -571 -94 -7 90 -218 -23 48]
[-485 115 320 -332 86 487 111 185 -505 -178 1001 487 -290 -61 -175 -512 399 290 -49 118 -18 -305 -41 -91 -364 -459 -188 398 -153 -1084 162 -416 120 176 295 534 -188 -73 -449 46]
[-486 62 219 428 675 -283 22 -174 141 -172 552 -163 -50 171 -38 320 -502 -110 -920 166 528 -269 364 -108 -283 186 207 -569 58 400 433 38 229 178 -263 -242 -191 87 350 -85]
[121 208 -401 359 419 -29 66 -192 95 187 -344 323 -14 154 153 -93 357 35 -419 -181 -223 40 -145 284 -228 -220 -135 -284 -407 -432 -297 -240 -458 -319 701 -482 -427 -270 -362 102]
[-502 119 575 8 -197 -419 -12 -72 28 -73 -97 -159 281 873 -479 -504 -125 -110 96 -778 -245 59 75 -4 228 30 -228 57 -135 -13 -367 519 3 -333 -236 -13 -198 -185 109 -223]
[-337 -210 -525 -114 18 -121 -190 -171 786 410 136 -58 141 278 -83 192 1054 287 -828 425 680 439 359 628 -571 -455 402 109 180 297 520 -68 293 -164 26 570 96 49 463 -94]
[425 0 -80 -122 323 -511 -641 -198 182 -423 361 32 -132 -808 -82 424 13 -263 117 4 -260 -193 -482 -700 -17 -346 20 -391 169 -680 614 -458 205 232 66 -406 -125 365 -653 189]
[316 85 -175 250 -181 864 -256 -347 -454 511 490 403 451 169 427 779 -215 -84 135 -460 146 664 190 -122 60 230 -370 -70 625 -26 -407 30 -564 -141 18 40 556 -216 140 62]
[48 -281 -13 -212 833 332 -41 -1104 -153 102 375 645 641 264 -160 409 -456 -62 -613 -98 288 376 402 -154 -195 -275 121 34 -41 89 5 355 697 -190 -33 199 -145 38 270 113]
[-476 -511 -501 19 -430 -187 284 -420 -219 -333 -702 -198 12 -5 -347 -50 -276 246 104 291 -377 171 -626 320 576 296 360 -405 477 -133 -284 -230 -190 -533 -185 151 -356 25 98 94]
[-502 244 -57 -502 -592 280 246 350 -921 -347 -718 -124 -152 219 105 -18 357 390 175 -70 -101 102 189 296 276 97 -319 488 400 -35 254 359 338 15 -201 71 -2 -140 -203 -35]
[470 -273 305 -375 206 271 395 -723 -64 193 44 -26 -262 -856 304 171 -115 -727 318 336 -101 35 -225 655 -758 -79 351 -469 7 109 -396 -393 -23 -794 -33 371 -341 -54 415 419]
[-28 257 389 15 143 300 585 96 -187 1 509 119 314 172 45 307 -47 -224 187 346 388 -502 -111 297 -749 857 -305 497 -57 529 -656 65 166 432 -747 310 28 -377 526 277]
[364 150 -777 -268 -321 32 -153 -180 163 -218 30 -337 -250 -343 -261 492 146 194 321 -349 525 -335 -312 -946 -413 -330 -383 -137 -270 -447 -276 -327 -186 -723 524 640 -86 379 220 -155]
[755 -113 -505 255 381 -644 -513 -139 -78 55 752 -119 345 422 -160 157 495 -32 -248 -340 87 -76 -52 -281 1056 341 -53 -41 256 -235 -618 -346 58 663 58 -145 371 -182 -15 -79]
[284 665 241 -294 -166 -194 -484 173 -201 -169 42 -492 595 797 251 -150 155 652 320 125 -374 438 310 93 310 465 298 -213 164 218 -122 -77 220 647 44 257 893 -112 107 -331]
[405 -49 648 277 -6 -1 -38 569 -99 -433 -345 -189 -670 3 354 222 -203 -495 216 -8 -279 273 -131 -14 -86 -79 -676 84 -386 1061 -487 308 821 262 486 -297 72 -149 559 -237]
[-111 10 -57 191 -128 386 230 -432 159 356 571 -52 -142 210 546 204 200 466 -247 121 703 0 7 -17 -753 217 -61 -248 117 -189 114 -490 -85 109 279 621 -7 65 -419 -58]
[62 -606 160 -113 66 -520 -500 -409 -764 -394 61 253 -29 -101 31 26 22 186 394 -275 -372 308 281 -285 745 -469 153 375 30 -295 -212 42 218 498 -98 180 499 642 176 297]
[-392 143 242 -17 -401 -46 -60 143 415 -22 26 377 268 -88 -294 29 -784 -574 -291 10 -303 354 -449 -35 387 -96 -43 -417 -250 -415 -213 303 -635 4 -300 232 -776 -1042 -270 301]
[155 197 -951 -305 70 -373 -586 -591 3 329 -319 -476 96 323 289 -16 694 294 204 -75 289 -253 -126 233 300 497 142 237 337 -397 -305 -408 -434 -15 -169 320 226 -108 143 -246]
[412 -106 163 153 -590 94 67 -235 -319 -150 -26 59 737 42 -405 -198 -225 412 500 -151 132 238 -352 279 656 -265 758 557 372 251 102 -127 -778 273 -176 11 773 -17 -13 -191]
[-230 -84 310 176 297 -409 -350 803 -227 -644 687 183 182 498 7 -477 427 -257 48 1 -169 124 755 -70 -150 -353 36 458 -479 -325 -374 -161 419 8 544 -336 -245 -487 -561 -20]
[-47 -273 -486 -260 -184 26 -348 124 -140 125 140 -719 137 -461 -269 -4 -31 226 609 -400 -498 -117 -300 100 -386 550 -37 181 758 366 -118 -151 -79 599 -379 323 95 -714 -49 470]]
[phase 0 refreshed accepted=1]
[[41 266 -270 -769 -333 477 160 -343 -139 342 178 -302 3 599 -90 11 251 -217 -333 325 220 38 -99 172 -75 -258 -164 -341 171 117 108 4 -84 -149 -29 411 -78 305 410 444]
[-554 173 400 494 191 192 444 398 -95 184 236 170 -86 744 269 -274 328 50 -462 -290 152 -102 253 102 -629 -200 59 206 -55 -130 585 307 304 14 8 -280 -248 -134 -210 -38]
[-271 6 256 395 369 103 52 233 -137 -144 968 294 84 -132 -148 -322 368 -174 -210 -246 714 -681 -103 483 -246 -539 -59 173 123 405 131 222 231 65 -147 -377 -98 204 -31 2]
[227 -132 -224 -147 -248 82 -451 -310 590 286 500 -172 169 -1003 -352 394 -127 -257 51 335 199 108 -275 -147 -479 -169 -63 -400 96 -451 94 -238 -357 -72 -19 516 -562 -86 256 45]
[432 45 -548 157 233 -12 96 -268 -38 492 145 -291 628 -62 270 189 481 -283 180 -64 1001 -90 -134 377 -14 371 -281 -11 361 695 -649 -71 -182 183 50 165 488 -303 315 70]
[-664 -100 339 -204 -370 31 -274 52 90 -683 -129 738 372 -622 -272 -107 -276 524 -175 -88 67 -562 -165 552 617 -188 467 224 186 266 166 314 -211 136 -541 -383 203 295 -346 -29]
[-454 66 -33 -9 -21 -122 -443 454 108 -510 -477 -128 -154 -54 -138 -63 188 382 -354 527 -34 -294 -254 -256 -21 415 186 53 171 451 540 173 177 669 70 -242 468 -451 -111 -69]
[473 -53 -369 264 371 74 579 205 -133 74 273 -523 -392 50 -97 -531 1116 109 45 296 798 -117 -479 242 -154 -163 132 260 77 127 465 -198 256 61 562 25 262 -18 239 31]
[119 -142 -271 -481 489 -4 241 -73 -116 -434 129 -223 -154 102 -651 -576 442 -43 -507 349 442 119 -56 599 438 -69 52 175 -339 317 -499 85 373 406 198 473 -25 -327 316 -39]
[-192 464 522 656 -641 233 203 641 259 -131 -146 217 -18 -143 258 292 68 137 33 -261 -11 -84 -32 156 -707 424 -3 184 -168 -5 543 342 -493 163 510 -871 182 -285 -96 5]
[-288 218 -198 -707 212 141 -599 -260 -331 112 633 -125 126 269 -743 -483 47 -350 -232 232 -450 -159 -10 -769 466 -555 -269 -466 306 199 251 103 233 488 -215 -17 11 159 -262 400]
[213 167 190 220 337 -164 370 91 418 201 -586 -218 -27 62 352 -112 -125 29 313 68 740 466 -115 31 -386 454 365 348 -198 -465 161 55 -564 -450 -231 391 327 -80 8 -191]
[133 -260 171 137 -652 65 181 -200 296 -96 -454 -8 283 -144 344 366 -453 441 -232 -438 -204 327 163 30 -433 36 276 43 276 -355 -25 503 510 5 285 -99 170 -173 -343 -128]
[375 167 257 -459 -783 99 226 177 112 25 -45 -147 -29 765 -311 -550 -40 97 -22 -89 -365 -484 -136 -582 251 -430 94 94 -9 257 252 418 653 -12 -205 -405 136 343 -2 74]
[-502 119 575 8 -197 -419 -12 -72 28 -73 -97 -159 281 873 -479 -504 -125 -110 96 -778 -245 59 75 -4 228 30 -228 57 -135 -13 -367 519 3 -333 -236 -13 -198 -185 109 -223]
[125 93 -709 31 -36 651 497 -262 -339 318 170 611 534 -169 13 153 629 272 167 -143 288 -274 -18 22 -207 156 154 203 204 -294 375 -538 -416 -202 -72 -280 7 -356 -420 107]
[455 429 -69 -179 507 627 230 138 -351 198 -128 79 -37 165 -24 -220 348 -544 464 149 299 306 -274 -730 -213 -24 -426 169 -74 501 300 -72 74 98 -32 -203 417 -426 -115 79]
[-498 -384 -300 138 962 90 361 291 -312 -561 -321 262 -239 -96 -92 -502 137 -100 151 566 517 51 42 29 25 213 96 979 239 38 81 -129 12 315 -132 165 446 -200 -300 1]
[-375 515 309 9 73 265 -337 34 70 374 12 134 95 611 85 566 -327 -124 -26 -405 -468 235 258 361 -446 45 205 -192 82 -217 600 500 -273 -433 -296 -24 90 729 -139 530]
[-287 598 460 -225 -531 477 168 116 -45 601 -81 141 220 721 124 611 49 153 -173 31 -743 120 185 -186 286 406 -226 -282 -163 387 415 -111 308 491 87 158 10 132 492 346]
[-523 -18 137 171 -69 177 -79 -532 610 16 -65 511 870 -371 -719 224 -122 -62 -274 -421 -137 126 -311 387 -218 -43 -398 80 84 -291 -553 219 -55 138 531 148 -411 -444 31 183]
[1040 100 -373 -157 -17 186 727 -405 424 51 201 -211 -34 -232 170 656 54 95 -226 -524 388 -289 330 447 -468 34 -434 17 -191 -418 -827 -741 310 -168 722 361 74 48 182 -99]
[-57 -196 -147 40 492 190 334 98 136 -129 679 -476 -329 -522 -810 -277 255 -49 -598 -241 -104 224 -10 469 48 -767 463 -535 249 -134 631 88 941 285 -238 272 -540 216 -442 62]
[-175 21 -180 -425 247 -64 -420 -199 82 312 -214 -467 188 475 329 -181 99 -744 -27 -209 109 899 564 -364 -309 371 -398 117 478 -470 28 112 -158 -381 210 73 473 -143 -41 250]
[-109 102 -368 -382 161 -134 -124 -559 -137 -89 33 -465 214 -513 -223 -3 286 307 -173 480 118 233 -397 197 -519 640 238 -416 144 -501 -199 -31 -687 207 -389 491 -140 -758 -181 216]
[-44 65 -163 380 -200 20 223 282 -126 613 -427 -580 56 759 765 220 -77 222 185 339 -51 193 -415 191 -340 605 265 -13 701 -132 -230 230 516 197 201 565 777 316 -140 516]
[-158 190 -895 -552 628 158 32 -49 -8 -296 -800 -126 148 197 29 -335 -29 -101 -538 883 197 111 450 -148 -151 82 -36 -159 321 232 -182 -417 23 120 280 340 304 -101 172 -26]
[425 0 -80 -122 323 -511 -641 -198 182 -423 361 32 -132 -808 -82 424 13 -263 117 4 -260 -193 -482 -700 -17 -346 20 -391 169 -680 614 -458 205 232 66 -406 -125 365 -653 189]
[-177 -159 271 450 569 -13 439 -64 -190 595 162 297 205 1147 266 -197 -49 167 -11 -349 -184 2 -22 213 0 675 -83 172 181 -70 149 -65 -116 -282 -755 -67 368 159 9 70]
[60 308 114 127 -177 462 -288 -263 -161 70 -248 34 -6 -138 787 731 -195 51 -161 273 79 339 -226 -118 -361 -331 -213 -74 368 -19 -843 232 -86 33 267 352 -60 -115 209 260]
[-17 183 -485 -136 388 443 777 255 -510 525 -392 -232 -409 416 390 39 499 -48 52 -96 457 -160 324 -173 -436 384 -141 382 302 -142 401 -144 380 -380 473 550 782 393 58 388]
[-57 286 -15 -432 463 180 -169 97 -581 -442 -98 -136 -402 -99 -298 -101 548 430 -434 192 216 -342 -461 359 118 -636 -331 76 179 70 211 206 1282 96 235 315 -125 191 -65 61]
[-60 -534 136 570 775 -705 110 -254 -139 -435 -442 -57 5 -526 -105 132 87 -255 476 -254 491 338 -300 31 467 56 -313 303 1 32 -831 -573 29 451 -124 572 266 -53 530 -44]
[311 -195 -342 -404 -181 -490 188 -578 153 -321 -328 -487 66 651 167 -211 405 640 33 475 265 287 26 425 238 625 298 167 -38 395 -144 19 -264 -135 133 1013 146 -418 557 30]
[-307 573 246 141 -17 469 -42 -554 -133 401 109 108 277 616 124 336 -308 -303 462 -566 128 -35 -577 -126 -428 228 -63 -50 455 -205 88 51 230 -603 -765 60 -205 142 192 -74]
[-111 10 -57 191 -128 386 230 -432 159 356 571 -52 -142 210 546 204 200 466 -247 121 703 0 7 -17 -753 217 -61 -248 117 -189 114 -490 -85 109 279 621 -7 65 -419 -58]
[-129 -683 -465 -162 220 -118 -19 -396 -98 -214 -200 -277 348 -844 -234 318 395 406 110 71 120 755 -443 -76 130 932 -202 307 -318 -221 -95 -139 -177 176 185 79 337 -1208 488 -70]
[94 26 -549 417 -153 -732 -146 678 70 346 -435 -520 651 -355 79 35 -434 -184 -184 41 -129 360 377 -460 -51 617 42 101 -158 -55 -276 -138 21 769 -343 87 -126 -400 -372 -195]
[452 -249 570 -288 -200 -338 429 -150 259 -293 -427 -108 167 -332 -501 -100 -356 575 381 -183 310 68 -292 793 476 671 465 -223 -274 302 -749 266 213 -209 157 -17 -240 124 609 61]
[268 -346 318 -647 -538 -30 -119 -653 1033 -146 -176 -211 244 -205 -152 148 -18 -321 -339 99 -55 -659 -191 527 79 -552 74 -202 28 -522 -34 620 -520 -149 -321 415 -272 1087 73 228]]
[phase 1 initial]
[[41 266 -270 -769 -333 477 160 -343 -139 342 178 -302 3 599 -90 11 251 -217 -333 325 220 38 -99 172 -75 -258 -164 -341 171 117 108 4 -84 -149 -29 411 -78 305 410 444]
[-554 173 400 494 191 192 444 398 -95 184 236 170 -86 744 269 -274 328 50 -462 -290 152 -102 253 102 -629 -200 59 206 -55 -130 585 307 304 14 8 -280 -248 -134 -210 -38]
[-271 6 256 395 369 103 52 233 -137 -144 968 294 84 -132 -148 -322 368 -174 -210 -246 714 -681 -103 483 -246 -539 -59 173 123 405 131 222 231 65 -147 -377 -98 204 -31 2]
[227 -132 -224 -147 -248 82 -451 -310 590 286 500 -172 169 -1003 -352 394 -127 -257 51 335 199 108 -275 -147 -479 -169 -63 -400 96 -451 94 -238 -357 -72 -19 516 -562 -86 256 45]
[432 45 -548 157 233 -12 96 -268 -38 492 145 -291 628 -62 270 189 481 -283 180 -64 1001 -90 -134 377 -14 371 -281 -11 361 695 -649 -71 -182 183 50 165 488 -303 315 70]
[-664 -100 339 -204 -370 31 -274 52 90 -683 -129 738 372 -622 -272 -107 -276 524 -175 -88 67 -562 -165 552 617 -188 467 224 186 266 166 314 -211 136 -541 -383 203 295 -346 -29]
[-454 66 -33 -9 -21 -122 -443 454 108 -510 -477 -128 -154 -54 -138 -63 188 382 -354 527 -34 -294 -254 -256 -21 415 186 53 171 451 540 173 177 669 70 -242 468 -451 -111 -69]
[473 -53 -369 264 371 74 579 205 -133 74 273 -523 -392 50 -97 -531 1116 109 45 296 798 -117 -479 242 -154 -163 132 260 77 127 465 -198 256 61 562 25 262 -18 239 31]
[119 -142 -271 -481 489 -4 241 -73 -116 -434 129 -223 -154 102 -651 -576 442 -43 -507 349 442 119 -56 599 438 -69 52 175 -339 317 -499 85 373 406 198 473 -25 -327 316 -39]
[-192 464 522 656 -641 233 203 641 259 -131 -146 217 -18 -143 258 292 68 137 33 -261 -11 -84 -32 156 -707 424 -3 184 -168 -5 543 342 -493 163 510 -871 182 -285 -96 5]
[-288 218 -198 -707 212 141 -599 -260 -331 112 633 -125 126 269 -743 -483 47 -350 -232 232 -450 -159 -10 -769 466 -555 -269 -466 306 199 251 103 233 488 -215 -17 11 159 -262 400]
[213 167 190 220 337 -164 370 91 418 201 -586 -218 -27 62 352 -112 -125 29 313 68 740 466 -115 31 -386 454 365 348 -198 -465 161 55 -564 -450 -231 391 327 -80 8 -191]
[133 -260 171 137 -652 65 181 -200 296 -96 -454 -8 283 -144 344 366 -453 441 -232 -438 -204 327 163 30 -433 36 276 43 276 -355 -25 503 510 5 285 -99 170 -173 -343 -128]
[375 167 257 -459 -783 99 226 177 112 25 -45 -147 -29 765 -311 -550 -40 97 -22 -89 -365 -484 -136 -582 251 -430 94 94 -9 257 252 418 653 -12 -205 -405 136 343 -2 74]
[-502 119 575 8 -197 -419 -12 -72 28 -73 -97 -159 281 873 -479 -504 -125 -110 96 -778 -245 59 75 -4 228 30 -228 57 -135 -13 -367 519 3 -333 -236 -13 -198 -185 109 -223]
[125 93 -709 31 -36 651 497 -262 -339 318 170 611 534 -169 13 153 629 272 167 -143 288 -274 -18 22 -207 156 154 203 204 -294 375 -538 -416 -202 -72 -280 7 -356 -420 107]
[455 429 -69 -179 507 627 230 138 -351 198 -128 79 -37 165 -24 -220 348 -544 464 149 299 306 -274 -730 -213 -24 -426 169 -74 501 300 -72 74 98 -32 -203 417 -426 -115 79]
[-498 -384 -300 138 962 90 361 291 -312 -561 -321 262 -239 -96 -92 -502 137 -100 151 566 517 51 42 29 25 213 96 979 239 38 81 -129 12 315 -132 165 446 -200 -300 1]
[-375 515 309 9 73 265 -337 34 70 374 12 134 95 611 85 566 -327 -124 -26 -405 -468 235 258 361 -446 45 205 -192 82 -217 600 500 -273 -433 -296 -24 90 729 -139 530]
[-287 598 460 -225 -531 477 168 116 -45 601 -81 141 220 721 124 611 49 153 -173 31 -743 120 185 -186 286 406 -226 -282 -163 387 415 -111 308 491 87 158 10 132 492 346]
[-523 -18 137 171 -69 177 -79 -532 610 16 -65 511 870 -371 -719 224 -122 -62 -274 -421 -137 126 -311 387 -218 -43 -398 80 84 -291 -553 219 -55 138 531 148 -411 -444 31 183]
[1040 100 -373 -157 -17 186 727 -405 424 51 201 -211 -34 -232 170 656 54 95 -226 -524 388 -289 330 447 -468 34 -434 17 -191 -418 -827 -741 310 -168 722 361 74 48 182 -99]
[-57 -196 -147 40 492 190 334 98 136 -129 679 -476 -329 -522 -810 -277 255 -49 -598 -241 -104 224 -10 469 48 -767 463 -535 249 -134 631 88 941 285 -238 272 -540 216 -442 62]
[-175 21 -180 -425 247 -64 -420 -199 82 312 -214 -467 188 475 329 -181 99 -744 -27 -209 109 899 564 -364 -309 371 -398 117 478 -470 28 112 -158 -381 210 73 473 -143 -41 250]
[-109 102 -368 -382 161 -134 -124 -559 -137 -89 33 -465 214 -513 -223 -3 286 307 -173 480 118 233 -397 197 -519 640 238 -416 144 -501 -199 -31 -687 207 -389 491 -140 -758 -181 216]
[-44 65 -163 380 -200 20 223 282 -126 613 -427 -580 56 759 765 220 -77 222 185 339 -51 193 -415 191 -340 605 265 -13 701 -132 -230 230 516 197 201 565 777 316 -140 516]
[-158 190 -895 -552 628 158 32 -49 -8 -296 -800 -126 148 197 29 -335 -29 -101 -538 883 197 111 450 -148 -151 82 -36 -159 321 232 -182 -417 23 120 280 340 304 -101 172 -26]
[425 0 -80 -122 323 -511 -641 -198 182 -423 361 32 -132 -808 -82 424 13 -263 117 4 -260 -193 -482 -700 -17 -346 20 -391 169 -680 614 -458 205 232 66 -406 -125 365 -653 189]
[-177 -159 271 450 569 -13 439 -64 -190 595 162 297 205 1147 266 -197 -49 167 -11 -349 -184 2 -22 213 0 675 -83 172 181 -70 149 -65 -116 -282 -755 -67 368 159 9 70]
[60 308 114 127 -177 462 -288 -263 -161 70 -248 34 -6 -138 787 731 -195 51 -161 273 79 339 -226 -118 -361 -331 -213 -74 368 -19 -843 232 -86 33 267 352 -60 -115 209 260]
[-17 183 -485 -136 388 443 777 255 -510 525 -392 -232 -409 416 390 39 499 -48 52 -96 457 -160 324 -173 -436 384 -141 382 302 -142 401 -144 380 -380 473 550 782 393 58 388]
[-57 286 -15 -432 463 180 -169 97 -581 -442 -98 -136 -402 -99 -298 -101 548 430 -434 192 216 -342 -461 359 118 -636 -331 76 179 70 211 206 1282 96 235 315 -125 191 -65 61]
[-60 -534 136 570 775 -705 110 -254 -139 -435 -442 -57 5 -526 -105 132 87 -255 476 -254 491 338 -300 31 467 56 -313 303 1 32 -831 -573 29 451 -124 572 266 -53 530 -44]
[311 -195 -342 -404 -181 -490 188 -578 153 -321 -328 -487 66 651 167 -211 405 640 33 475 265 287 26 425 238 625 298 167 -38 395 -144 19 -264 -135 133 1013 146 -418 557 30]
[-307 573 246 141 -17 469 -42 -554 -133 401 109 108 277 616 124 336 -308 -303 462 -566 128 -35 -577 -126 -428 228 -63 -50 455 -205 88 51 230 -603 -765 60 -205 142 192 -74]
[-111 10 -57 191 -128 386 230 -432 159 356 571 -52 -142 210 546 204 200 466 -247 121 703 0 7 -17 -753 217 -61 -248 117 -189 114 -490 -85 109 279 621 -7 65 -419 -58]
[-129 -683 -465 -162 220 -118 -19 -396 -98 -214 -200 -277 348 -844 -234 318 395 406 110 71 120 755 -443 -76 130 932 -202 307 -318 -221 -95 -139 -177 176 185 79 337 -1208 488 -70]
[94 26 -549 417 -153 -732 -146 678 70 346 -435 -520 651 -355 79 35 -434 -184 -184 41 -129 360 377 -460 -51 617 42 101 -158 -55 -276 -138 21 769 -343 87 -126 -400 -372 -195]
[452 -249 570 -288 -200 -338 429 -150 259 -293 -427 -108 167 -332 -501 -100 -356 575 381 -183 310 68 -292 793 476 671 465 -223 -274 302 -749 266 213 -209 157 -17 -240 124 609 61]
[268 -346 318 -647 -538 -30 -119 -653 1033 -146 -176 -211 244 -205 -152 148 -18 -321 -339 99 -55 -659 -191 527 79 -552 74 -202 28 -522 -34 620 -520 -149 -321 415 -272 1087 73 228]]
[phase 1 refreshed accepted=1]
[[-398 -305 -268 125 96 214 284 -108 37 -2 402 228 -243 -33 -76 -265 -3 558 323 552 -419 -408 217 2 440 375 -153 108 79 80 -299 -81 385 -80 -53 -294 -170 380 164 172]
[41 266 -270 -769 -333 477 160 -343 -139 342 178 -302 3 599 -90 11 251 -217 -333 325 220 38 -99 172 -75 -258 -164 -341 171 117 108 4 -84 -149 -29 411 -78 305 410 444]
[-554 173 400 494 191 192 444 398 -95 184 236 170 -86 744 269 -274 328 50 -462 -290 152 -102 253 102 -629 -200 59 206 -55 -130 585 307 304 14 8 -280 -248 -134 -210 -38]
[283 -167 -144 -99 178 -89 -392 -165 -42 -328 732 124 170 -876 -417 -48 40 -224 252 44 562 -579 -356 381 383 -339 -118 -33 178 535 -454 -85 -73 51 -155 -97 150 338 179 40]
[227 -132 -224 -147 -248 82 -451 -310 590 286 500 -172 169 -1003 -352 394 -127 -257 51 335 199 108 -275 -147 -479 -169 -63 -400 96 -451 94 -238 -357 -72 -19 516 -562 -86 256 45]
[432 45 -548 157 233 -12 96 -268 -38 492 145 -291 628 -62 270 189 481 -283 180 -64 1001 -90 -134 377 -14 371 -281 -11 361 695 -649 -71 -182 183 50 165 488 -303 315 70]
[-664 -100 339 -204 -370 31 -274 52 90 -683 -129 738 372 -622 -272 -107 -276 524 -175 -88 67 -562 -165 552 617 -188 467 224 186 266 166 314 -211 136 -541 -383 203 295 -346 -29]
[-454 66 -33 -9 -21 -122 -443 454 108 -510 -477 -128 -154 -54 -138 -63 188 382 -354 527 -34 -294 -254 -256 -21 415 186 53 171 451 540 173 177 669 70 -242 468 -451 -111 -69]
[473 -53 -369 264 371 74 579 205 -133 74 273 -523 -392 50 -97 -531 1116 109 45 296 798 -117 -479 242 -154 -163 132 260 77 127 465 -198 256 61 562 25 262 -18 239 31]
[119 -142 -271 -481 489 -4 241 -73 -116 -434 129 -223 -154 102 -651 -576 442 -43 -507 349 442 119 -56 599 438 -69 52 175 -339 317 -499 85 373 406 198 473 -25 -327 316 -39]
[-192 464 522 656 -641 233 203 641 259 -131 -146 217 -18 -143 258 292 68 137 33 -261 -11 -84 -32 156 -707 424 -3 184 -168 -5 543 342 -493 163 510 -871 182 -285 -96 5]
[-288 218 -198 -707 212 141 -599 -260 -331 112 633 -125 126 269 -743 -483 47 -350 -232 232 -450 -159 -10 -769 466 -555 -269 -466 306 199 251 103 233 488 -215 -17 11 159 -262 400]
[213 167 190 220 337 -164 370 91 418 201 -586 -218 -27 62 352 -112 -125 29 313 68 740 466 -115 31 -386 454 365 348 -198 -465 161 55 -564 -450 -231 391 327 -80 8 -191]
[-375 515 309 9 73 265 -337 34 70 374 12 134 95 611 85 566 -327 -124 -26 -405 -468 235 258 361 -446 45 205 -192 82 -217 600 500 -273 -433 -296 -24 90 729 -139 530]
[133 -260 171 137 -652 65 181 -200 296 -96 -454 -8 283 -144 344 366 -453 441 -232 -438 -204 327 163 30 -433 36 276 43 276 -355 -25 503 510 5 285 -99 170 -173 -343 -128]
[-196 -219 50 28 -545 559 28 361 373 -189 99 420 -103 -54 -279 503 -279 -63 73 107 -407 -397 14 399 -729 -240 236 599 300 -107 615 393 366 -240 -206 -122 -228 707 69 441]
[201 161 356 173 202 -443 -115 720 -45 -221 231 163 -315 310 -565 -927 162 -127 543 24 -381 -849 -200 -784 759 -208 -18 392 -456 495 169 -89 227 132 -461 -717 44 211 -69 -242]
[455 429 -69 -179 507 627 230 138 -351 198 -128 79 -37 165 -24 -220 348 -544 464 149 299 306 -274 -730 -213 -24 -426 169 -74 501 300 -72 74 98 -32 -203 417 -426 -115 79]
[125 93 -709 31 -36 651 497 -262 -339 318 170 611 534 -169 13 153 629 272 167 -143 288 -274 -18 22 -207 156 154 203 204 -294 375 -538 -416 -202 -72 -280 7 -356 -420 107]
[214 335 -216 -21 422 -74 46 -367 -239 -355 440 -214 -114 -44 62 -189 -445 -352 -134 357 761 -301 -286 -2 213 612 -123 40 2 163 -1168 -274 214 598 -96 21 228 -362 333 -292]
[-4 431 316 -324 -353 388 -224 -49 -87 273 651 265 390 -155 -293 563 89 -71 79 75 -181 -459 -171 195 669 67 -344 -315 15 922 -39 -196 235 542 -68 61 160 470 671 386]
[425 0 -80 -122 323 -511 -641 -198 182 -423 361 32 -132 -808 -82 424 13 -263 117 4 -260 -193 -482 -700 -17 -346 20 -391 169 -680 614 -458 205 232 66 -406 -125 365 -653 189]
[404 168 -406 -52 669 -147 -348 193 772 -457 -914 -274 -264 -900 -253 229 194 -12 102 -74 212 191 -205 340 -245 141 -43 213 -46 -96 58 -157 -433 79 322 64 537 -174 -428 -62]
[201 148 -279 -273 371 -95 -253 -537 571 186 -1064 17 496 6 160 369 -12 679 -646 312 109 164 -490 128 308 328 351 -339 25 126 -203 -47 393 284 247 500 516 -219 -41 95]
[-438 84 308 -55 -205 312 694 281 -193 -181 -180 441 318 649 176 421 -772 116 -544 204 124 -125 477 200 -377 475 171 -260 -96 298 10 211 -288 -289 -218 -92 328 99 -111 451]
[557 -273 287 238 149 -203 402 246 -218 -72 -129 63 431 -58 -131 -258 80 -861 -234 -824 38 711 -12 184 499 -269 346 336 110 11 -47 -123 820 78 235 -200 196 -120 -150 -41]
[349 -321 176 -112 151 -48 534 -590 -488 272 -406 -429 -320 -111 710 -24 185 193 489 21 -255 665 -474 97 -235 -221 44 -227 179 -345 -185 -122 195 -623 -505 573 -378 95 -17 44]
[49 45 -679 48 545 -25 18 -58 -609 83 -15 -109 198 415 91 -266 -13 63 174 813 -57 102 280 -159 198 281 449 -169 410 251 132 -269 219 -196 245 146 445 613 500 191]
[-177 -159 271 450 569 -13 439 -64 -190 595 162 297 205 1147 266 -197 -49 167 -11 -349 -184 2 -22 213 0 675 -83 172 181 -70 149 -65 -116 -282 -755 -67 368 159 9 70]
[-921 125 -1 102 865 318 -451 -62 323 365 954 34 -152 552 10 141 387 -63 -777 831 120 641 115 -151 290 490 -463 -339 286 -350 163 93 5 773 -176 404 -360 -173 387 373]
[519 -108 -522 -152 -113 -417 -150 177 -111 43 -239 -296 -151 -221 25 -100 546 -106 52 358 150 -632 -574 298 -247 -111 -365 -302 429 474 260 266 -174 85 500 35 481 877 581 313]
[-351 -318 -218 973 851 -350 265 186 767 250 119 198 -131 -225 -116 -377 626 548 -175 252 431 -283 8 492 -152 42 549 117 -342 -395 115 45 118 162 -647 -88 -472 289 158 221]
[320 204 129 -311 -299 329 462 -127 -47 153 -274 -76 737 359 -134 182 594 544 -25 268 257 504 -110 -18 -252 -293 -491 319 147 -216 349 118 206 265 387 251 -46 -531 -150 211]
[-373 101 -14 -106 -35 -30 629 -266 -4 -42 -203 245 -99 562 -39 -1050 -58 195 147 -437 -94 -71 284 -4 118 54 527 829 136 -409 176 666 343 -394 -372 514 -187 148 -339 60]
[378 -215 -82 -207 -138 -303 -223 -492 164 -142 -469 -43 97 -320 361 189 236 270 -268 -212 239 782 399 473 418 475 180 -193 97 320 -472 323 -322 -190 -17 598 96 491 447 -185]
[-805 -471 -72 259 329 -88 110 -456 605 300 202 249 741 -407 -27 -166 108 737 -175 -307 -1 545 306 437 70 227 119 147 -223 -327 32 -211 -134 -91 0 395 -130 236 17 -80]
[153 -265 -102 -484 245 46 -723 84 -516 -133 987 115 -246 -426 -342 346 -44 -165 -103 299 -371 -241 -175 384 -150 -564 -400 -968 -291 38 -599 -391 39 -467 131 763 -416 253 5 388]
[642 88 -251 226 105 206 554 287 -87 499 89 773 388 -317 467 -230 264 66 554 79 404 -687 36 24 772 -131 328 528 -123 483 -33 -453 -273 64 -631 -583 315 501 -277 51]
[405 -373 -391 -788 280 195 193 76 93 -340 113 -28 131 -521 -659 -473 -15 -475 -162 408 676 249 -92 338 -558 -103 -26 82 -386 355 -249 -311 -520 187 428 -107 -288 172 315 527]
[-447 -400 699 71 172 255 -327 151 301 -332 -375 215 433 411 -193 126 150 583 -441 547 -871 -477 210 -230 67 73 -142 51 203 -103 764 314 664 -95 -300 -75 -48 131 -179 -27]]
[phase 2 initial]
[[-398 -305 -268 125 96 214 284 -108 37 -2 402 228 -243 -33 -76 -265 -3 558 323 552 -419 -408 217 2 440 375 -153 108 79 80 -299 -81 385 -80 -53 -294 -170 380 164 172]
[41 266 -270 -769 -333 477 160 -343 -139 342 178 -302 3 599 -90 11 251 -217 -333 325 220 38 -99 172 -75 -258 -164 -341 171 117 108 4 -84 -149 -29 411 -78 305 410 444]
[-554 173 400 494 191 192 444 398 -95 184 236 170 -86 744 269 -274 328 50 -462 -290 152 -102 253 102 -629 -200 59 206 -55 -130 585 307 304 14 8 -280 -248 -134 -210 -38]
[283 -167 -144 -99 178 -89 -392 -165 -42 -328 732 124 170 -876 -417 -48 40 -224 252 44 562 -579 -356 381 383 -339 -118 -33 178 535 -454 -85 -73 51 -155 -97 150 338 179 40]
[227 -132 -224 -147 -248 82 -451 -310 590 286 500 -172 169 -1003 -352 394 -127 -257 51 335 199 108 -275 -147 -479 -169 -63 -400 96 -451 94 -238 -357 -72 -19 516 -562 -86 256 45]
[432 45 -548 157 233 -12 96 -268 -38 492 145 -291 628 -62 270 189 481 -283 180 -64 1001 -90 -134 377 -14 371 -281 -11 361 695 -649 -71 -182 183 50 165 488 -303 315 70]
[-664 -100 339 -204 -370 31 -274 52 90 -683 -129 738 372 -622 -272 -107 -276 524 -175 -88 67 -562 -165 552 617 -188 467 224 186 266 166 314 -211 136 -541 -383 203 295 -346 -29]
[-454 66 -33 -9 -21 -122 -443 454 108 -510 -477 -128 -154 -54 -138 -63 188 382 -354 527 -34 -294 -254 -256 -21 415 186 53 171 451 540 173 177 669 70 -242 468 -451 -111 -69]
[473 -53 -369 264 371 74 579 205 -133 74 273 -523 -392 50 -97 -531 1116 109 45 296 798 -117 -479 242 -154 -163 132 260 77 127 465 -198 256 61 562 25 262 -18 239 31]
[119 -142 -271 -481 489 -4 241 -73 -116 -434 129 -223 -154 102 -651 -576 442 -43 -507 349 442 119 -56 599 438 -69 52 175 -339 317 -499 85 373 406 198 473 -25 -327 316 -39]
[-192 464 522 656 -641 233 203 641 259 -131 -146 217 -18 -143 258 292 68 137 33 -261 -11 -84 -32 156 -707 424 -3 184 -168 -5 543 342 -493 163 510 -871 182 -285 -96 5]
[-288 218 -198 -707 212 141 -599 -260 -331 112 633 -125 126 269 -743 -483 47 -350 -232 232 -450 -159 -10 -769 466 -555 -269 -466 306 199 251 103 233 488 -215 -17 11 159 -262 400]
[213 167 190 220 337 -164 370 91 418 201 -586 -218 -27 62 352 -112 -125 29 313 68 740 466 -115 31 -386 454 365 348 -198 -465 161 55 -564 -450 -231 391 327 -80 8 -191]
[-375 515 309 9 73 265 -337 34 70 374 12 134 95 611 85 566 -327 -124 -26 -405 -468 235 258 361 -446 45 205 -192 82 -217 600 500 -273 -433 -296 -24 90 729 -139 530]
[133 -260 171 137 -652 65 181 -200 296 -96 -454 -8 283 -144 344 366 -453 441 -232 -438 -204 327 163 30 -433 36 276 43 276 -355 -25 503 510 5 285 -99 170 -173 -343 -128]
[-196 -219 50 28 -545 559 28 361 373 -189 99 420 -103 -54 -279 503 -279 -63 73 107 -407 -397 14 399 -729 -240 236 599 300 -107 615 393 366 -240 -206 -122 -228 707 69 441]
[201 161 356 173 202 -443 -115 720 -45 -221 231 163 -315 310 -565 -927 162 -127 543 24 -381 -849 -200 -784 759 -208 -18 392 -456 495 169 -89 227 132 -461 -717 44 211 -69 -242]
[455 429 -69 -179 507 627 230 138 -351 198 -128 79 -37 165 -24 -220 348 -544 464 149 299 306 -274 -730 -213 -24 -426 169 -74 501 300 -72 74 98 -32 -203 417 -426 -115 79]
[125 93 -709 31 -36 651 497 -262 -339 318 170 611 534 -169 13 153 629 272 167 -143 288 -274 -18 22 -207 156 154 203 204 -294 375 -538 -416 -202 -72 -280 7 -356 -420 107]
[214 335 -216 -21 422 -74 46 -367 -239 -355 440 -214 -114 -44 62 -189 -445 -352 -134 357 761 -301 -286 -2 213 612 -123 40 2 163 -1168 -274 214 598 -96 21 228 -362 333 -292]
[-4 431 316 -324 -353 388 -224 -49 -87 273 651 265 390 -155 -293 563 89 -71 79 75 -181 -459 -171 195 669 67 -344 -315 15 922 -39 -196 235 542 -68 61 160 470 671 386]
[425 0 -80 -122 323 -511 -641 -198 182 -423 361 32 -132 -808 -82 424 13 -263 117 4 -260 -193 -482 -700 -17 -346 20 -391 169 -680 614 -458 205 232 66 -406 -125 365 -653 189]
[404 168 -406 -52 669 -147 -348 193 772 -457 -914 -274 -264 -900 -253 229 194 -12 102 -74 212 191 -205 340 -245 141 -43 213 -46 -96 58 -157 -433 79 322 64 537 -174 -428 -62]
[201 148 -279 -273 371 -95 -253 -537 571 186 -1064 17 496 6 160 369 -12 679 -646 312 109 164 -490 128 308 328 351 -339 25 126 -203 -47 393 284 247 500 516 -219 -41 95]
[-438 84 308 -55 -205 312 694 281 -193 -181 -180 441 318 649 176 421 -772 116 -544 204 124 -125 477 200 -377 475 171 -260 -96 298 10 211 -288 -289 -218 -92 328 99 -111 451]
[557 -273 287 238 149 -203 402 246 -218 -72 -129 63 431 -58 -131 -258 80 -861 -234 -824 38 711 -12 184 499 -269 346 336 110 11 -47 -123 820 78 235 -200 196 -120 -150 -41]
[349 -321 176 -112 151 -48 534 -590 -488 272 -406 -429 -320 -111 710 -24 185 193 489 21 -255 665 -474 97 -235 -221 44 -227 179 -345 -185 -122 195 -623 -505 573 -378 95 -17 44]
[49 45 -679 48 545 -25 18 -58 -609 83 -15 -109 198 415 91 -266 -13 63 174 813 -57 102 280 -159 198 281 449 -169 410 251 132 -269 219 -196 245 146 445 613 500 191]
[-177 -159 271 450 569 -13 439 -64 -190 595 162 297 205 1147 266 -197 -49 167 -11 -349 -184 2 -22 213 0 675 -83 172 181 -70 149 -65 -116 -282 -755 -67 368 159 9 70]
[-921 125 -1 102 865 318 -451 -62 323 365 954 34 -152 552 10 141 387 -63 -777 831 120 641 115 -151 290 490 -463 -339 286 -350 163 93 5 773 -176 404 -360 -173 387 373]
[519 -108 -522 -152 -113 -417 -150 177 -111 43 -239 -296 -151 -221 25 -100 546 -106 52 358 150 -632 -574 298 -247 -111 -365 -302 429 474 260 266 -174 85 500 35 481 877 581 313]
[-351 -318 -218 973 851 -350 265 186 767 250 119 198 -131 -225 -116 -377 626 548 -175 252 431 -283 8 492 -152 42 549 117 -342 -395 115 45 118 162 -647 -88 -472 289 158 221]
[320 204 129 -311 -299 329 462 -127 -47 153 -274 -76 737 359 -134 182 594 544 -25 268 257 504 -110 -18 -252 -293 -491 319 147 -216 349 118 206 265 387 251 -46 -531 -150 211]
[-373 101 -14 -106 -35 -30 629 -266 -4 -42 -203 245 -99 562 -39 -1050 -58 195 147 -437 -94 -71 284 -4 118 54 527 829 136 -409 176 666 343 -394 -372 514 -187 148 -339 60]
[378 -215 -82 -207 -138 -303 -223 -492 164 -142 -469 -43 97 -320 361 189 236 270 -268 -212 239 782 399 473 418 475 180 -193 97 320 -472 323 -322 -190 -17 598 96 491 447 -185]
[-805 -471 -72 259 329 -88 110 -456 605 300 202 249 741 -407 -27 -166 108 737 -175 -307 -1 545 306 437 70 227 119 147 -223 -327 32 -211 -134 -91 0 395 -130 236 17 -80]
[153 -265 -102 -484 245 46 -723 84 -516 -133 987 115 -246 -426 -342 346 -44 -165 -103 299 -371 -241 -175 384 -150 -564 -400 -968 -291 38 -599 -391 39 -467 131 763 -416 253 5 388]
[642 88 -251 226 105 206 554 287 -87 499 89 773 388 -317 467 -230 264 66 554 79 404 -687 36 24 772 -131 328 528 -123 483 -33 -453 -273 64 -631 -583 315 501 -277 51]
[405 -373 -391 -788 280 195 193 76 93 -340 113 -28 131 -521 -659 -473 -15 -475 -162 408 676 249 -92 338 -558 -103 -26 82 -386 355 -249 -311 -520 187 428 -107 -288 172 315 527]
[-447 -400 699 71 172 255 -327 151 301 -332 -375 215 433 411 -193 126 150 583 -441 547 -871 -477 210 -230 67 73 -142 51 203 -103 764 314 664 -95 -300 -75 -48 131 -179 -27]]
