[phase 0 initial]
[[-86 -137 262 -505 -107 31 686 170 -326 -66 -247 205 -201 362 -362 -74 436 298 -2 124 159 531 361 -63 225 -384 70 -221 66 273 511 115 -27 -66 1]
[286 585 138 -369 -81 -21 262 57 177 -582 -384 -124 -138 181 -580 726 21 459 43 495 -134 252 24 139 -126 -91 72 -176 377 172 -720 290 -68 247 0]
[127 523 231 -216 9 18 472 -199 471 -712 374 445 -978 116 -74 -333 -65 -28 286 57 283 -160 81 -403 -210 -211 390 231 342 -8 116 277 -71 -284 11]
[722 -310 143 -77 -248 12 -333 159 214 452 -372 -642 68 177 -520 113 354 85 -466 498 -246 661 -352 124 178 -171 -1 -594 672 235 -412 -160 62 -57 0]
[-642 580 37 446 148 -202 -69 397 -294 519 87 313 1300 224 417 -217 -77 106 163 -118 -17 -430 69 265 346 177 60 -308 -167 -39 668 -215 40 -99 -2]
[-518 564 443 -388 50 313 63 -325 137 -105 346 740 34 390 -223 -282 340 -663 162 -136 -315 -117 -165 -857 460 -181 59 110 369 60 28 -60 147 -379 11]
[-491 -471 -139 409 294 -241 168 -154 2 -171 419 374 136 -435 275 -169 -393 635 114 -545 603 165 1075 35 -212 -377 461 -87 -405 266 390 10 -129 -314 -10]
[404 -24 403 -40 -739 431 925 230 -270 21 -257 -476 -395 -347 -294 48 414 410 -479 43 -111 59 -439 439 90 211 -72 -358 3 17 252 94 -74 -171 23]
[458 990 -27 -417 2 240 881 10 107 -506 -92 568 -454 -156 -142 -116 238 742 -311 -14 325 -386 -57 538 -128 -53 -99 -223 98 -79 344 -276 -442 365 2]
[251 157 -19 117 95 -544 -287 581 367 496 -332 -109 20 583 -636 109 202 88 201 284 -498 805 -208 71 -64 -364 -324 -163 161 182 201 411 -475 -177 9]
[-28 -61 -4 133 605 -112 -338 -65 -392 -49 -14 -210 229 119 69 -646 -574 -392 269 182 167 308 -127 -38 149 85 180 55 -73 -403 -302 -657 574 -291 -14]
[111 266 -80 192 -281 -406 286 392 265 262 149 -449 74 555 93 -143 773 151 964 81 369 422 -61 -259 39 -238 -231 -253 177 109 608 451 -206 -73 -1]
[-205 855 -136 -195 -41 78 530 -558 -111 -486 -108 72 -756 -185 -29 578 26 255 991 120 37 -486 -180 -108 262 -1 192 226 104 -180 -324 -286 -74 15 107]
[186 -56 2 92 457 84 -31 351 474 -265 339 95 -166 -143 218 -672 -296 521 -19 334 157 552 318 -394 -598 -515 530 -103 -261 -480 -152 55 -257 -365 -13]
[182 -444 -167 -480 -277 -485 62 92 336 -98 467 -26 -512 528 -315 -57 -449 -274 100 20 33 -313 600 -121 202 -12 681 -217 434 537 495 367 149 -242 4]
[117 333 -44 154 -9 498 89 -716 -61 -91 92 521 -857 -151 212 278 -694 -55 -18 19 240 191 123 -58 -310 -470 -122 551 -345 -156 -268 -190 -214 -300 100]
[-559 627 -2 -447 -461 -144 598 13 -101 -222 177 193 -851 344 103 113 99 -424 624 -68 404 -111 284 -7 290 -555 -477 553 56 267 222 -95 -203 160 145]
[-497 441 95 593 520 -827 359 346 202 -779 239 -128 -232 68 51 70 29 -71 634 187 258 11 673 206 -500 -328 476 -83 473 107 -104 452 -393 -53 -96]
[300 -457 538 -172 -622 345 153 271 -58 -145 239 -60 -710 -186 -242 636 114 -329 -602 554 -185 -2 325 119 -241 -357 130 -513 288 381 -728 408 193 -305 350]
[-34 104 83 -585 91 699 -101 -522 300 -80 -32 -268 -24 300 -1 318 216 -351 309 253 -145 -73 -300 -342 260 43 223 -434 619 -64 -251 264 -346 335 -195]
[353 929 -38 569 -62 185 116 -400 165 -118 126 108 315 -134 218 -411 -49 -418 22 -298 -438 -167 -321 -559 -405 -195 211 -63 -53 -159 10 72 -288 -248 -303]
[-442 -52 -149 603 -188 -371 -147 -34 251 57 -28 -165 -5 -323 632 -172 404 -543 195 -526 8 -568 -324 -20 -90 17 -210 155 131 595 429 -84 -5 -546 -217]
[-331 -201 -2 758 153 286 -8 90 -164 -87 -29 447 367 -65 145 289 19 295 -220 -207 -95 -48 341 -316 -370 -178 -20 167 -457 768 7 112 131 -56 269]
[-310 863 116 152 766 49 11 -259 -357 -30 -587 140 454 -15 -829 499 3 10 593 21 -329 -142 -358 -337 107 180 -501 -315 -317 -182 -230 -207 -669 453 161]
[60 -627 -222 -525 315 254 107 -10 -543 719 146 372 56 -125 294 449 736 72 -173 327 -547 129 -193 226 68 -196 -636 196 -307 -203 424 -33 -148 509 -70]
[-614 -242 205 -230 -217 -256 22 136 27 380 -593 -138 494 23 -171 730 -373 574 -43 480 307 693 428 71 277 139 675 -177 44 -120 381 287 74 310 204]
[308 186 747 -817 148 124 58 -274 511 -101 148 655 -206 621 -241 -16 -2 -556 -643 335 593 98 42 -271 282 -543 -203 629 549 269 28 441 -570 79 -262]
[84 -55 346 -46 182 -184 -140 -64 144 -278 232 -777 -5 -413 42 -35 155 -843 -244 268 -597 419 -667 -259 173 293 -495 -268 -205 -480 -595 80 39 -268 89]
[-126 281 -270 313 -213 -69 -292 701 42 305 -56 226 67 80 475 -240 -312 169 140 -562 -458 -312 -451 75 -270 586 -27 324 103 -565 467 79 -212 -459 -349]
[122 -158 33 302 80 -67 -80 160 517 -57 268 6 128 -103 756 -838 -164 -239 163 -78 460 -16 305 -59 1 -646 218 251 -32 -403 360 320 365 101 315]
[-14 483 -255 883 273 557 3 -4 -255 -233 178 -343 65 -376 272 724 112 299 220 187 180 -96 -355 -111 75 -26 326 -313 119 -378 -102 -199 -41 -437 245]
[-567 134 275 -526 -31 -13 -141 -508 96 81 281 93 -396 78 -331 -26 -558 -523 192 -93 -423 -152 736 -75 112 -66 285 56 367 192 -229 103 289 -494 461]
[314 -209 -154 -207 156 -86 510 -208 425 -662 -59 232 -976 284 -62 424 -8 375 -247 -116 317 177 -222 -74 -766 -395 -156 -67 246 45 706 59 -811 203 80]
[-304 -670 -436 10 334 -111 -902 -602 -106 75 -34 644 417 -143 -170 468 160 122 52 -250 62 -329 303 494 -128 -67 -296 612 -143 369 296 43 -497 -1 102]
[-251 -464 -801 -388 558 -488 192 501 -540 485 -121 328 391 -275 389 -327 -78 220 18 -43 -121 51 561 387 12 -90 -252 -509 -284 -86 371 70 -134 358 303]]
[phase 0 refreshed accepted=1]
[[255 -126 17 121 -389 452 52 384 -181 118 -126 -135 376 617 -409 -329 145 92 231 -284 357 389 -80 -132 -362 83 -208 312 41 154 -98 307 404 92 -187]
[-86 -137 262 -505 -107 31 686 170 -326 -66 -247 205 -201 362 -362 -74 436 298 -2 124 159 531 361 -63 225 -384 70 -221 66 273 511 115 -27 -66 1]
[231 -40 -131 97 -208 111 -65 -456 -74 548 -96 -446 -550 -189 31 -35 359 -119 482 123 -75 -77 -556 -123 566 -81 119 -192 399 -117 -16 -736 56 -289 107]
[286 585 138 -369 -81 -21 262 57 177 -582 -384 -124 -138 181 -580 726 21 459 43 495 -134 252 24 139 -126 -91 72 -176 377 172 -720 290 -68 247 0]
[-722 310 -143 77 248 -12 333 -159 -214 -452 372 642 -68 -177 520 -113 -354 -85 466 -498 246 -661 352 -124 -178 171 1 594 -672 -235 412 160 -62 57 0]
[332 -332 367 -21 50 -60 -58 359 582 -226 482 373 -222 301 -45 -911 -91 -283 -705 -63 246 326 261 -295 -472 -210 198 5 238 172 440 563 3 -299 -96]
[207 793 411 153 -91 -172 70 357 391 259 89 116 390 517 -177 -437 212 163 -17 437 20 71 -202 -14 314 -205 449 -671 847 188 372 -98 31 -440 9]
[-518 564 443 -388 50 313 63 -325 137 -105 346 740 34 390 -223 -282 340 -663 162 -136 -315 -117 -165 -857 460 -181 59 110 369 60 28 -60 147 -379 11]
[26 74 -132 137 5 -151 365 -553 105 -205 -61 -196 -552 -443 -274 522 -13 975 639 73 394 340 543 51 228 -549 652 -455 371 321 -346 -436 -141 -356 97]
[404 -24 403 -40 -739 431 925 230 -270 21 -257 -476 -395 -347 -294 48 414 410 -479 43 -111 59 -439 439 90 211 -72 -358 3 17 252 94 -74 -171 23]
[458 990 -27 -417 2 240 881 10 107 -506 -92 568 -454 -156 -142 -116 238 742 -311 -14 325 -386 -57 538 -128 -53 -99 -223 98 -79 344 -276 -442 365 2]
[84 -55 346 -46 182 -184 -140 -64 144 -278 232 -777 -5 -413 42 -35 155 -843 -244 268 -597 419 -667 -259 173 293 -495 -268 -205 -480 -595 80 39 -268 89]
[111 266 -80 192 -281 -406 286 392 265 262 149 -449 74 555 93 -143 773 151 964 81 369 422 -61 -259 39 -238 -231 -253 177 109 608 451 -206 -73 -1]
[-96 35 -196 220 27 413 -253 -42 -367 448 -331 401 -296 279 -587 -225 -421 -175 416 -456 -339 34 -431 -49 -77 47 -181 804 -248 -125 -109 -309 129 -244 -70]
[-256 257 -579 22 220 479 -198 609 -357 444 -314 695 613 412 495 -248 -347 672 291 56 114 -533 181 109 -527 -49 175 615 -665 -493 349 -152 -158 558 -103]
[10 -242 -400 -504 125 -190 -276 637 123 68 385 -108 96 527 222 -340 -641 -445 147 344 -450 -427 114 -271 -152 232 361 130 -436 -436 249 295 30 48 -10]
[-455 -216 -126 143 487 -87 166 -25 -379 97 42 101 142 -335 -3 -171 793 -501 -293 -454 -147 6 196 289 32 -226 -476 -174 46 -29 88 -513 -518 353 -103]
[-427 299 322 -53 -227 -751 64 283 400 33 -251 -536 204 -573 373 336 265 1034 252 584 278 442 168 174 694 -478 108 -600 147 262 -17 -216 -91 -114 321]
[117 333 -44 154 -9 498 89 -716 -61 -91 92 521 -857 -151 212 278 -694 -55 -18 19 240 191 123 -58 -310 -470 -122 551 -345 -156 -268 -190 -214 -300 100]
[94 -314 366 161 -103 -111 431 328 -441 -407 -51 325 -616 -556 -105 -186 -65 403 161 -333 526 -29 30 481 -220 242 -396 90 -687 107 206 262 527 -259 351]
[-34 104 83 -585 91 699 -101 -522 300 -80 -32 -268 -24 300 -1 318 216 -351 309 253 -145 -73 -300 -342 260 43 223 -434 619 -64 -251 264 -346 335 -195]
[98 900 -338 133 -69 -81 -256 -321 -364 56 -879 -351 227 -257 520 -80 -332 269 690 308 -19 -72 -486 -185 163 -299 84 418 -216 -274 -476 -793 254 369 -84]
[-588 224 -514 716 219 -227 -120 -42 143 18 -171 -443 51 -767 895 67 199 261 881 -129 -81 -342 -267 -119 -216 -288 122 47 -368 -57 -163 -592 -265 -612 -134]
[-331 -201 -2 758 153 286 -8 90 -164 -87 -29 447 367 -65 145 289 19 295 -220 -207 -95 -48 341 -316 -370 -178 -20 167 -457 768 7 112 131 -56 269]
[-169 -352 -6 -198 277 385 -414 56 -171 534 379 493 241 67 -520 -273 -450 90 515 -259 38 -471 -186 -542 -1 162 -285 569 -239 160 193 -54 279 398 53]
[-353 -50 246 -189 460 -1014 -314 518 -245 108 -839 -21 284 -184 -166 -338 -40 -168 -261 573 -126 -160 97 -162 -41 -239 231 -190 40 -189 164 -453 -134 -269 -152]
[-205 533 -265 -165 31 -303 -685 -4 392 338 -416 -78 460 -205 261 800 517 -476 69 444 404 124 -191 257 97 -223 -433 -644 546 229 -559 -755 96 350 293]
[341 -728 -223 -392 562 -212 108 -65 608 -36 54 -253 -525 -418 268 -219 153 -121 164 167 374 392 201 53 119 -569 1007 -154 330 117 214 -94 -509 167 -119]
[365 -96 -67 -86 209 -677 96 62 -132 -446 109 -495 -472 35 511 875 151 222 167 544 -183 393 150 -208 329 446 -89 -567 254 -196 42 231 -24 283 394]
[122 -158 33 302 80 -67 -80 160 517 -57 268 6 128 -103 756 -838 -164 -239 163 -78 460 -16 305 -59 1 -646 218 251 -32 -403 360 320 365 101 315]
[-76 290 -400 433 -302 802 -414 429 223 -50 457 276 -16 15 -463 -16 -444 339 98 -780 303 -163 -299 -373 63 -30 -25 539 -57 150 -18 -117 325 -468 209]
[-567 134 275 -526 -31 -13 -141 -508 96 81 281 93 -396 78 -331 -26 -558 -523 192 -93 -423 -152 736 -75 112 -66 285 56 367 192 -229 103 289 -494 461]
[187 -732 -385 9 147 -104 38 -9 -46 50 -433 -213 2 168 12 757 57 403 -533 -173 34 337 -303 329 -556 -184 -546 -298 -96 53 590 -218 -740 487 69]
[-303 -323 -3 77 516 -761 -16 27 -248 -357 66 90 499 -244 76 91 269 318 93 217 205 148 312 891 -54 -11 -330 -64 -476 55 968 360 -663 -339 190]
[217 70 -815 22 285 -49 30 516 76 -43 374 433 -10 96 268 -915 -434 -14 537 -394 360 -251 201 -85 -785 166 -140 255 33 -213 -122 539 226 232 126]]
[phase 1 initial]
[[255 -126 17 121 -389 452 52 384 -181 118 -126 -135 376 617 -409 -329 145 92 231 -284 357 389 -80 -132 -362 83 -208 312 41 154 -98 307 404 92 -187]
[-86 -137 262 -505 -107 31 686 170 -326 -66 -247 205 -201 362 -362 -74 436 298 -2 124 159 531 361 -63 225 -384 70 -221 66 273 511 115 -27 -66 1]
[231 -40 -131 97 -208 111 -65 -456 -74 548 -96 -446 -550 -189 31 -35 359 -119 482 123 -75 -77 -556 -123 566 -81 119 -192 399 -117 -16 -736 56 -289 107]
[286 585 138 -369 -81 -21 262 57 177 -582 -384 -124 -138 181 -580 726 21 459 43 495 -134 252 24 139 -126 -91 72 -176 377 172 -720 290 -68 247 0]
[-722 310 -143 77 248 -12 333 -159 -214 -452 372 642 -68 -177 520 -113 -354 -85 466 -498 246 -661 352 -124 -178 171 1 594 -672 -235 412 160 -62 57 0]
[332 -332 367 -21 50 -60 -58 359 582 -226 482 373 -222 301 -45 -911 -91 -283 -705 -63 246 326 261 -295 -472 -210 198 5 238 172 440 563 3 -299 -96]
[207 793 411 153 -91 -172 70 357 391 259 89 116 390 517 -177 -437 212 163 -17 437 20 71 -202 -14 314 -205 449 -671 847 188 372 -98 31 -440 9]
[-518 564 443 -388 50 313 63 -325 137 -105 346 740 34 390 -223 -282 340 -663 162 -136 -315 -117 -165 -857 460 -181 59 110 369 60 28 -60 147 -379 11]
[26 74 -132 137 5 -151 365 -553 105 -205 -61 -196 -552 -443 -274 522 -13 975 639 73 394 340 543 51 228 -549 652 -455 371 321 -346 -436 -141 -356 97]
[404 -24 403 -40 -739 431 925 230 -270 21 -257 -476 -395 -347 -294 48 414 410 -479 43 -111 59 -439 439 90 211 -72 -358 3 17 252 94 -74 -171 23]
[458 990 -27 -417 2 240 881 10 107 -506 -92 568 -454 -156 -142 -116 238 742 -311 -14 325 -386 -57 538 -128 -53 -99 -223 98 -79 344 -276 -442 365 2]
[84 -55 346 -46 182 -184 -140 -64 144 -278 232 -777 -5 -413 42 -35 155 -843 -244 268 -597 419 -667 -259 173 293 -495 -268 -205 -480 -595 80 39 -268 89]
[111 266 -80 192 -281 -406 286 392 265 262 149 -449 74 555 93 -143 773 151 964 81 369 422 -61 -259 39 -238 -231 -253 177 109 608 451 -206 -73 -1]
[-96 35 -196 220 27 413 -253 -42 -367 448 -331 401 -296 279 -587 -225 -421 -175 416 -456 -339 34 -431 -49 -77 47 -181 804 -248 -125 -109 -309 129 -244 -70]
[-256 257 -579 22 220 479 -198 609 -357 444 -314 695 613 412 495 -248 -347 672 291 56 114 -533 181 109 -527 -49 175 615 -665 -493 349 -152 -158 558 -103]
[10 -242 -400 -504 125 -190 -276 637 123 68 385 -108 96 527 222 -340 -641 -445 147 344 -450 -427 114 -271 -152 232 361 130 -436 -436 249 295 30 48 -10]
[-455 -216 -126 143 487 -87 166 -25 -379 97 42 101 142 -335 -3 -171 793 -501 -293 -454 -147 6 196 289 32 -226 -476 -174 46 -29 88 -513 -518 353 -103]
[-427 299 322 -53 -227 -751 64 283 400 33 -251 -536 204 -573 373 336 265 1034 252 584 278 442 168 174 694 -478 108 -600 147 262 -17 -216 -91 -114 321]
[117 333 -44 154 -9 498 89 -716 -61 -91 92 521 -857 -151 212 278 -694 -55 -18 19 240 191 123 -58 -310 -470 -122 551 -345 -156 -268 -190 -214 -300 100]
[94 -314 366 161 -103 -111 431 328 -441 -407 -51 325 -616 -556 -105 -186 -65 403 161 -333 526 -29 30 481 -220 242 -396 90 -687 107 206 262 527 -259 351]
[-34 104 83 -585 91 699 -101 -522 300 -80 -32 -268 -24 300 -1 318 216 -351 309 253 -145 -73 -300 -342 260 43 223 -434 619 -64 -251 264 -346 335 -195]
[98 900 -338 133 -69 -81 -256 -321 -364 56 -879 -351 227 -257 520 -80 -332 269 690 308 -19 -72 -486 -185 163 -299 84 418 -216 -274 -476 -793 254 369 -84]
[-588 224 -514 716 219 -227 -120 -42 143 18 -171 -443 51 -767 895 67 199 261 881 -129 -81 -342 -267 -119 -216 -288 122 47 -368 -57 -163 -592 -265 -612 -134]
[-331 -201 -2 758 153 286 -8 90 -164 -87 -29 447 367 -65 145 289 19 295 -220 -207 -95 -48 341 -316 -370 -178 -20 167 -457 768 7 112 131 -56 269]
[-169 -352 -6 -198 277 385 -414 56 -171 534 379 493 241 67 -520 -273 -450 90 515 -259 38 -471 -186 -542 -1 162 -285 569 -239 160 193 -54 279 398 53]
[-353 -50 246 -189 460 -1014 -314 518 -245 108 -839 -21 284 -184 -166 -338 -40 -168 -261 573 -126 -160 97 -162 -41 -239 231 -190 40 -189 164 -453 -134 -269 -152]
[-205 533 -265 -165 31 -303 -685 -4 392 338 -416 -78 460 -205 261 800 517 -476 69 444 404 124 -191 257 97 -223 -433 -644 546 229 -559 -755 96 350 293]
[341 -728 -223 -392 562 -212 108 -65 608 -36 54 -253 -525 -418 268 -219 153 -121 164 167 374 392 201 53 119 -569 1007 -154 330 117 214 -94 -509 167 -119]
[365 -96 -67 -86 209 -677 96 62 -132 -446 109 -495 -472 35 511 875 151 222 167 544 -183 393 150 -208 329 446 -89 -567 254 -196 42 231 -24 283 394]
[122 -158 33 302 80 -67 -80 160 517 -57 268 6 128 -103 756 -838 -164 -239 163 -78 460 -16 305 -59 1 -646 218 251 -32 -403 360 320 365 101 315]
[-76 290 -400 433 -302 802 -414 429 223 -50 457 276 -16 15 -463 -16 -444 339 98 -780 303 -163 -299 -373 63 -30 -25 539 -57 150 -18 -117 325 -468 209]
[-567 134 275 -526 -31 -13 -141 -508 96 81 281 93 -396 78 -331 -26 -558 -523 192 -93 -423 -152 736 -75 112 -66 285 56 367 192 -229 103 289 -494 461]
[187 -732 -385 9 147 -104 38 -9 -46 50 -433 -213 2 168 12 757 57 403 -533 -173 34 337 -303 329 -556 -184 -546 -298 -96 53 590 -218 -740 487 69]
[-303 -323 -3 77 516 -761 -16 27 -248 -357 66 90 499 -244 76 91 269 318 93 217 205 148 312 891 -54 -11 -330 -64 -476 55 968 360 -663 -339 190]
[217 70 -815 22 285 -49 30 516 76 -43 374 433 -10 96 268 -915 -434 -14 537 -394 360 -251 201 -85 -785 166 -140 255 33 -213 -122 539 226 232 126]]
