[phase 0]
squared_norm=2560529
coefficients=[-1 1 -1 -1 -1 1 0 1 0 0 1 1 -1 0 0 0 0 0 0 0 0 0 0 0 0 0 0 -1 0 0 0 0 0 0 0]
vector=[255 -126 17 121 -389 452 52 384 -181 118 -126 -135 376 617 -409 -329 145 92 231 -284 357 389 -80 -132 -362 83 -208 312 41 154 -98 307 404 92 -187]

[phase 1]
squared_norm=2560529
coefficients=[1 0 0 0 0 0 0 0 0 0 0 0 0 0 0 0 0 0 0 0 0 0 0 0 0 0 0 0 0 0 0 0 0 0 0]
vector=[255 -126 17 121 -389 452 52 384 -181 118 -126 -135 376 617 -409 -329 145 92 231 -284 357 389 -80 -132 -362 83 -208 312 41 154 -98 307 404 92 -187]

