phase	depth	k	node	parent	z_k	tree_nodes_at_depth	parent_rho	rho	bound_r2	center	delta	legal_lo	legal_hi	N	Q	M
0	1	38	30	0	-1	7	0	0.14407496930602265	1.5358943939208984	0	3.2650242388824706	-3	3	2781	-0.99959241476476268	1.3093871749259516
0	2	37	184	30	-1	35	0.14407496930602265	0.20224882766186814	1.5358943939208984	-0.4139991753011879	2.8663270309017541	-3	2	2543	-0.99955426876162212	1.3093871749259516
0	3	36	3224	184	1	151	0.20224882766186814	0.28227760010223268	1.5358943939208984	0.26730165978157266	2.9910408389097416	-2	3	1102	-1	0
0	4	35	3225	3224	0	527	0.28227760010223268	0.29263478308263569	1.5358943939208984	-0.23769113157309149	2.6150172281358057	-2	2	748	-1	0
0	5	34	3226	3225	0	1787	0.29263478308263569	0.31341907166782046	1.5358943939208984	-0.37147875727384422	2.8730773254708586	-3	2	408	-1	0
0	6	33	3227	3226	0	4629	0.31341907166782046	0.32590958106170392	1.5358943939208984	0.26086298427914562	2.5807291873472269	-2	2	269	-1	0
0	7	32	3228	3227	0	10645	0.32590958106170392	0.32944656337220546	1.5358943939208984	0.14096597600620078	2.6072808711916551	-2	2	180	-1	0
0	8	31	3229	3228	0	24438	0.32944656337220546	0.33338661105529166	1.5358943939208984	0.1544536886551762	2.7027247525412643	-2	2	108	-1	0
0	9	30	3230	3229	0	50648	0.33338661105529166	0.33460826716210046	1.5358943939208984	-0.081375000298739869	2.553056735052583	-2	2	71	-1	0
0	10	29	3934153	3230	-1	93499	0.33460826716210046	0.42642614667282619	1.5358943939208984	-0.34131437308721141	2.3825267658216336	-2	2	33	-1	0
0	11	28	3934154	3934153	0	154170	0.42642614667282619	0.42650004092029664	1.5358943939208984	0.017423170576603621	2.1349087234570736	-2	2	29	-1	0
0	12	27	3934155	3934154	1	218880	0.42650004092029664	0.42863625693612467	1.5358943939208984	0.91523653571299157	1.9316528986101651	-1	2	27	-1	0
0	13	26	4561754	3934155	0	269729	0.42863625693612467	0.53194038815891986	1.5358943939208984	-0.53153304777800836	1.7401867883473863	-2	1	13	-1	0
0	14	25	4561755	4561754	0	323303	0.53194038815891986	0.53220987168026002	1.5358943939208984	-0.027369359146302844	1.6705344269123115	-1	1	12	-1	0
0	15	24	4561756	4561755	1	359817	0.53220987168026002	0.55372483151778262	1.5358943939208984	0.76562886758419879	1.6007829945414072	0	2	8	-1	0
0	16	23	4561757	4561756	0	429580	0.55372483151778262	0.56730447041711507	1.5358943939208984	-0.20611242458606435	1.7528844842694336	-1	1	6	-1	0
0	17	22	4561758	4561757	-1	448092	0.56730447041711507	0.5673444220893703	1.5358943939208984	-0.98994298766489008	1.5659268652539173	-2	0	6	-1	0
0	18	21	4561759	4561758	0	432628	0.5673444220893703	0.56745051718894868	1.5358943939208984	-0.015561128116915181	1.4868064359878754	-1	1	5	-1	0
0	19	20	4561760	4561759	-1	410478	0.56745051718894868	0.57587021835393792	1.5358943939208984	-1.1397611454022714	1.4989092550554624	-2	0	5	-1	0
0	20	19	4561761	4561760	1	353306	0.57587021835393792	0.61227540633660249	1.5358943939208984	0.73087122197686072	1.3820367301859382	0	2	4	-1	0
0	21	18	4561762	4561761	1	306803	0.61227540633660249	0.70291355497623931	1.5358943939208984	0.56208036386545368	1.3979297016785903	0	1	2	-1	0
0	22	17	4561763	4561762	1	251474	0.70291355497623931	0.71768745932370748	1.5358943939208984	0.82957047512226501	1.2797192345131567	0	2	2	-1	0
0	23	16	4561764	4561763	0	182702	0.71768745932370748	0.72582134736541137	1.5358943939208984	0.11400396007860754	1.1434111429030362	-1	1	2	-1	0
0	24	15	4561765	4561764	0	123994	0.72582134736541137	0.73220259926817877	1.5358943939208984	-0.095797874254918133	1.0793567674997875	-1	0	2	-1	0
0	25	14	4561766	4561765	1	77937	0.73220259926817877	0.76920306821756779	1.5358943939208984	0.78297244286364831	1.0114770540786726	0	1	1	-1	0
0	26	13	4561767	4561766	1	44427	0.76920306821756779	0.79570588297482325	1.5358943939208984	1.1699730414340508	0.9142065318214031	1	2	1	-1	0
0	27	12	4621948	4561767	0	25577	0.79570588297482325	1.0582556802226286	1.5358943939208984	0.54514101854467678	0.91532260420507672	0	1	0	0	0
0	28	11	4621949	4621948	0	14809	1.0582556802226286	1.0722036265077359	1.5358943939208984	0.12722303955387351	0.74449261526918242	0	0	0	0	0
0	29	10	4621950	4621949	0	7881	1.0722036265077359	1.0777157483277506	1.5358943939208984	0.074862490126596376	0.68662417407941834	0	0	0	0	0
0	30	9	-1	-1	0	0	1.0777157483277506	1.2078870681951048	1.5358943939208984	0.34006224328603851	0.63799633404828049	0	0	0	0	0
0	31	8	-1	-1	3	0	1.2078870681951048	1.2405889303800157	1.5358943939208984	2.8248842819342297	0.55460101365820158	3	3	0	0	0
0	32	7	-1	-1	3	0	1.2405889303800157	1.2472214960265458	1.5358943939208984	2.9275105694643964	0.48369283087995274	3	3	0	0	0
0	33	6	-1	-1	-2	0	1.2472214960265458	1.2566176192872007	1.5358943939208984	-1.9111158791284404	0.49266627561279708	-2	-2	0	0	0
0	34	5	-1	-1	-2	0	1.2566176192872007	1.3256647847375875	1.5358943939208984	-2.2362505745623777	0.47513536441694498	-2	-2	0	0	0
0	35	4	-1	-1	-4	0	1.3256647847375875	1.3823061196252828	1.5358943939208984	-3.8083712347828236	0.36918232681201152	-4	-4	0	0	0
0	36	3	-1	-1	3	0	1.3823061196252828	1.3832837458786034	1.5358943939208984	3.0243908051174726	0.30571640132467126	3	3	0	0	0
0	37	2	-1	-1	1	0	1.3832837458786034	1.4125621230186187	1.5358943939208984	1.1327135253878231	0.30299405251223271	1	1	0	0	0
0	38	1	-1	-1	3	0	1.4125621230186187	1.4339115648172494	1.5358943939208984	2.8887515737592873	0.26738619300232214	3	3	0	0	0
0	39	0	-1	-1	4	0	1.4339115648172494	1.4541740417480469	1.5358943939208984	3.8901695937193863	0.24639951645307648	4	4	0	0	0
