[[1709178479566057864192881569525923726878104193770990385043178181178500833544057230633446356695609 0 0 0 0 0 0 0 0 0 0 0 0 0 0 0 0 0 0 0 0 0 0 0 0 0 0 0 0 0 0 0]
[163696839096205778651768396694715062930052603544592637903937754349719939555972327780574725796303 1 0 0 0 0 0 0 0 0 0 0 0 0 0 0 0 0 0 0 0 0 0 0 0 0 0 0 0 0 0 0]
[429843809322959118178677798127099509445157960010329861728440685858073683275506453567376997126587 0 1 0 0 0 0 0 0 0 0 0 0 0 0 0 0 0 0 0 0 0 0 0 0 0 0 0 0 0 0 0]
[1026312344626514001937395291713523160939119953570460768201333436706610587713381582084172662956534 0 0 1 0 0 0 0 0 0 0 0 0 0 0 0 0 0 0 0 0 0 0 0 0 0 0 0 0 0 0 0]
[1591095412341197754083313424057012676286834080630997273932655557756527136874414125980378254222725 0 0 0 1 0 0 0 0 0 0 0 0 0 0 0 0 0 0 0 0 0 0 0 0 0 0 0 0 0 0 0]
[1248492979061406685827416166013690979907205296775404111918486600771224051111182078248906055014324 0 0 0 0 1 0 0 0 0 0 0 0 0 0 0 0 0 0 0 0 0 0 0 0 0 0 0 0 0 0 0]
[1506734098262157114213649250699633485361412402479460085051707273296181452777717770119843557034164 0 0 0 0 0 1 0 0 0 0 0 0 0 0 0 0 0 0 0 0 0 0 0 0 0 0 0 0 0 0 0]
[1116114433711739146022150320955404789596528261908635710357039069726481514595879576102294817939387 0 0 0 0 0 0 1 0 0 0 0 0 0 0 0 0 0 0 0 0 0 0 0 0 0 0 0 0 0 0 0]
[68551099102208420279527661856939315138685843943518814214240249124615616331181540435696865168979 0 0 0 0 0 0 0 1 0 0 0 0 0 0 0 0 0 0 0 0 0 0 0 0 0 0 0 0 0 0 0]
[319579274633206215950004524937765493985612433867749891301111571699644312102129028801448436621933 0 0 0 0 0 0 0 0 1 0 0 0 0 0 0 0 0 0 0 0 0 0 0 0 0 0 0 0 0 0 0]
[1665729266228130399901539269657543965657815925357419672016053611212923898122479921898176813424377 0 0 0 0 0 0 0 0 0 1 0 0 0 0 0 0 0 0 0 0 0 0 0 0 0 0 0 0 0 0 0]
[143259990122467906983302947841689173920778168718749279162381316881824049686982930576569277533226 0 0 0 0 0 0 0 0 0 0 1 0 0 0 0 0 0 0 0 0 0 0 0 0 0 0 0 0 0 0 0]
[475022557714192887742344052034113484596961796468996733725023609525600278264191256208409734212147 0 0 0 0 0 0 0 0 0 0 0 1 0 0 0 0 0 0 0 0 0 0 0 0 0 0 0 0 0 0 0]
[309895408189400321866129135261601505150124621135841868715309878238682865093676998029356253299716 0 0 0 0 0 0 0 0 0 0 0 0 1 0 0 0 0 0 0 0 0 0 0 0 0 0 0 0 0 0 0]
[1269743937216098515573603404757539428984368710306687117765474374068106517234216855179133932429513 0 0 0 0 0 0 0 0 0 0 0 0 0 1 0 0 0 0 0 0 0 0 0 0 0 0 0 0 0 0 0]
[146905711221031482165964216263443852625757279402102436996112739232468931857774848423298585531757 0 0 0 0 0 0 0 0 0 0 0 0 0 0 1 0 0 0 0 0 0 0 0 0 0 0 0 0 0 0 0]
[1679557535944990905885496671161477167425639741511248950016824955718492538618938755745450578530240 0 0 0 0 0 0 0 0 0 0 0 0 0 0 0 1 0 0 0 0 0 0 0 0 0 0 0 0 0 0 0]
[513627874841987419598979467020329270344162591712466563069365837454866978608893102602142072233208 0 0 0 0 0 0 0 0 0 0 0 0 0 0 0 0 1 0 0 0 0 0 0 0 0 0 0 0 0 0 0]
[923476403903936576332318576193257402460755089166168438467861820954909107928919142494166359698067 0 0 0 0 0 0 0 0 0 0 0 0 0 0 0 0 0 1 0 0 0 0 0 0 0 0 0 0 0 0 0]
[1659136852472308591051191832993647608795738502284972322124375943069495055612515967992508695105705 0 0 0 0 0 0 0 0 0 0 0 0 0 0 0 0 0 0 1 0 0 0 0 0 0 0 0 0 0 0 0]
[870967628450328086271906782196475214704697434461738235612823598525700484134776945962115509117802 0 0 0 0 0 0 0 0 0 0 0 0 0 0 0 0 0 0 0 1 0 0 0 0 0 0 0 0 0 0 0]
[93070754350956448565564438966293181914926815528301260332786209551431950443750160541307779734707 0 0 0 0 0 0 0 0 0 0 0 0 0 0 0 0 0 0 0 0 1 0 0 0 0 0 0 0 0 0 0]
[691530011549543567123522858039930954861962036960241284277902301323741915239607025552953789069047 0 0 0 0 0 0 0 0 0 0 0 0 0 0 0 0 0 0 0 0 0 1 0 0 0 0 0 0 0 0 0]
[934530534904941020699461579871020509517893781250294774523842213220257351600234064069406395359839 0 0 0 0 0 0 0 0 0 0 0 0 0 0 0 0 0 0 0 0 0 0 1 0 0 0 0 0 0 0 0]
[69332763363652085283984056455099449957729620529192849555230913762257487514533154057426755977521 0 0 0 0 0 0 0 0 0 0 0 0 0 0 0 0 0 0 0 0 0 0 0 1 0 0 0 0 0 0 0]
[880238499169043309352490085310142267785518254371415375906012017047892165217683116598355527317225 0 0 0 0 0 0 0 0 0 0 0 0 0 0 0 0 0 0 0 0 0 0 0 0 1 0 0 0 0 0 0]
[931703079018727361324860706426647860152288280655902644586481459829337077403798696111118713610639 0 0 0 0 0 0 0 0 0 0 0 0 0 0 0 0 0 0 0 0 0 0 0 0 0 1 0 0 0 0 0]
[169371710132901583536877027576613482825931968035749704291932580456034866946869257068260359385674 0 0 0 0 0 0 0 0 0 0 0 0 0 0 0 0 0 0 0 0 0 0 0 0 0 0 1 0 0 0 0]
[1086584048497156181740026130156763270012142315535309847440665914518077732896471373247179544595109 0 0 0 0 0 0 0 0 0 0 0 0 0 0 0 0 0 0 0 0 0 0 0 0 0 0 0 1 0 0 0]
[598105844269638088586466003072113205348969559981576591989547145444491421381061445686425296220477 0 0 0 0 0 0 0 0 0 0 0 0 0 0 0 0 0 0 0 0 0 0 0 0 0 0 0 0 1 0 0]
[1166598232540069320980508326632512314791664577925750230275108591791315129679894892269346884485433 0 0 0 0 0 0 0 0 0 0 0 0 0 0 0 0 0 0 0 0 0 0 0 0 0 0 0 0 0 1 0]
[374572987651780735519358032413141474603447417450200352362323392752424063035010943295372366828460 0 0 0 0 0 0 0 0 0 0 0 0 0 0 0 0 0 0 0 0 0 0 0 0 0 0 0 0 0 0 1]
]
