[[1778273814208857269656431682550974201368316434229906572799847702975095895524882688889285242770650707 0 0 0 0 0 0 0 0 0 0 0 0 0 0 0 0 0 0 0 0 0 0 0 0 0 0 0 0 0 0 0 0]
[626130093701413041146281376528166522533490866532058764231777405376142030866981797948759287100999392 1 0 0 0 0 0 0 0 0 0 0 0 0 0 0 0 0 0 0 0 0 0 0 0 0 0 0 0 0 0 0 0]
[62726224280060780534223175745730578757451478919110734565506073217222264077382610283988025903615761 0 1 0 0 0 0 0 0 0 0 0 0 0 0 0 0 0 0 0 0 0 0 0 0 0 0 0 0 0 0 0 0]
[1287966980434825000354272711803308518638178986228034531769968586228216495470932894706255287267761720 0 0 1 0 0 0 0 0 0 0 0 0 0 0 0 0 0 0 0 0 0 0 0 0 0 0 0 0 0 0 0 0]
[1407091423089760024359445074556162926463378106109207002022251828123768046297498181159666089391348152 0 0 0 1 0 0 0 0 0 0 0 0 0 0 0 0 0 0 0 0 0 0 0 0 0 0 0 0 0 0 0 0]
[1155119900523392893442399564646217438760005248907580229771756027284799053745769426791295356170931893 0 0 0 0 1 0 0 0 0 0 0 0 0 0 0 0 0 0 0 0 0 0 0 0 0 0 0 0 0 0 0 0]
[613646051769616208449636754673477109923721876194373657616874284023349657966192854804246234800927272 0 0 0 0 0 1 0 0 0 0 0 0 0 0 0 0 0 0 0 0 0 0 0 0 0 0 0 0 0 0 0 0]
[910852254775375821474053720746671632847292380877340020493681680140704128936831437498149052714593234 0 0 0 0 0 0 1 0 0 0 0 0 0 0 0 0 0 0 0 0 0 0 0 0 0 0 0 0 0 0 0 0]
[1562939758827445301328471702402138632976238415336912124300038363522499157030320175079978472146163757 0 0 0 0 0 0 0 1 0 0 0 0 0 0 0 0 0 0 0 0 0 0 0 0 0 0 0 0 0 0 0 0]
[757891093694478698453777445515335528514854051149698832462424019136900371614793757476627816129309960 0 0 0 0 0 0 0 0 1 0 0 0 0 0 0 0 0 0 0 0 0 0 0 0 0 0 0 0 0 0 0 0]
[756922623137252861290074159653591325690141673018150188372680797007042219906351325460223387635158967 0 0 0 0 0 0 0 0 0 1 0 0 0 0 0 0 0 0 0 0 0 0 0 0 0 0 0 0 0 0 0 0]
[1468322244970146335534090199076792688370055781365114308644214677770433949883375369555723985769494294 0 0 0 0 0 0 0 0 0 0 1 0 0 0 0 0 0 0 0 0 0 0 0 0 0 0 0 0 0 0 0 0]
[500023150397231552115338823052793381329177233079208315809103618138671679698110704363571403042509971 0 0 0 0 0 0 0 0 0 0 0 1 0 0 0 0 0 0 0 0 0 0 0 0 0 0 0 0 0 0 0 0]
[1109365410010014034742937055102635873151252990671057772714948185423754397879789151090432078960598046 0 0 0 0 0 0 0 0 0 0 0 0 1 0 0 0 0 0 0 0 0 0 0 0 0 0 0 0 0 0 0 0]
[310495380977318305554186663567232756143394074801297769976504685173334826503481810962731126564203385 0 0 0 0 0 0 0 0 0 0 0 0 0 1 0 0 0 0 0 0 0 0 0 0 0 0 0 0 0 0 0 0]
[357127207071957730578931243825185908118295567384129078569147241078991556858772372133802120792040879 0 0 0 0 0 0 0 0 0 0 0 0 0 0 1 0 0 0 0 0 0 0 0 0 0 0 0 0 0 0 0 0]
[1452370982155100482953348807415433756105662323191256561560248935616994184968896773886505171364372636 0 0 0 0 0 0 0 0 0 0 0 0 0 0 0 1 0 0 0 0 0 0 0 0 0 0 0 0 0 0 0 0]
[793485897151765046772746130887066160731460774711861433607623775821290801831455580184096862258523415 0 0 0 0 0 0 0 0 0 0 0 0 0 0 0 0 1 0 0 0 0 0 0 0 0 0 0 0 0 0 0 0]
[845147609825440308118074148259871209621740823665859728216025386988529216630535299555868149759487387 0 0 0 0 0 0 0 0 0 0 0 0 0 0 0 0 0 1 0 0 0 0 0 0 0 0 0 0 0 0 0 0]
[220394400317888801099648864419576491074701716812703706843620342680595541986412875071238223630788181 0 0 0 0 0 0 0 0 0 0 0 0 0 0 0 0 0 0 1 0 0 0 0 0 0 0 0 0 0 0 0 0]
[40563000433795176541409053403944544016262700512648121749852460307893764764341895694486796235916001 0 0 0 0 0 0 0 0 0 0 0 0 0 0 0 0 0 0 0 1 0 0 0 0 0 0 0 0 0 0 0 0]
[1510902340681087275548683195245169967580811064286941741343960176012277359367301576454905070313290726 0 0 0 0 0 0 0 0 0 0 0 0 0 0 0 0 0 0 0 0 1 0 0 0 0 0 0 0 0 0 0 0]
[380167451207136190374917560203179174587616716712035514382298206613370378489017636912096761692778815 0 0 0 0 0 0 0 0 0 0 0 0 0 0 0 0 0 0 0 0 0 1 0 0 0 0 0 0 0 0 0 0]
[657478098342811662034935960038689963093389143603450181149187406159069932620195848093698041658523819 0 0 0 0 0 0 0 0 0 0 0 0 0 0 0 0 0 0 0 0 0 0 1 0 0 0 0 0 0 0 0 0]
[1514857841530764613763969463995400240008279881771104399142741719529352331872397191063486540929463265 0 0 0 0 0 0 0 0 0 0 0 0 0 0 0 0 0 0 0 0 0 0 0 1 0 0 0 0 0 0 0 0]
[293733357514672769123060466003008645615668746210431392626375933494514863796247173252473270583982929 0 0 0 0 0 0 0 0 0 0 0 0 0 0 0 0 0 0 0 0 0 0 0 0 1 0 0 0 0 0 0 0]
[691250639636443107116082295660813023731474552729528345938854025740097496865161212890373258140945498 0 0 0 0 0 0 0 0 0 0 0 0 0 0 0 0 0 0 0 0 0 0 0 0 0 1 0 0 0 0 0 0]
[1437457308434658408110962707015011341170811201652933513427455273613001793567460044504912458950516855 0 0 0 0 0 0 0 0 0 0 0 0 0 0 0 0 0 0 0 0 0 0 0 0 0 0 1 0 0 0 0 0]
[749520357212727468074537513697781793990321091452304665811775031430504484321883450153220741480433483 0 0 0 0 0 0 0 0 0 0 0 0 0 0 0 0 0 0 0 0 0 0 0 0 0 0 0 1 0 0 0 0]
[1661914942432207947765465350246161449607999929634128051183758963311680183548172401136908289264265411 0 0 0 0 0 0 0 0 0 0 0 0 0 0 0 0 0 0 0 0 0 0 0 0 0 0 0 0 1 0 0 0]
[1429646193863813679948079425185420144467906256732490399142706276854709187858754756206115309274574550 0 0 0 0 0 0 0 0 0 0 0 0 0 0 0 0 0 0 0 0 0 0 0 0 0 0 0 0 0 1 0 0]
[434856413852693004813625472934350164320566923377673459489190656481563449908393946241112140469350554 0 0 0 0 0 0 0 0 0 0 0 0 0 0 0 0 0 0 0 0 0 0 0 0 0 0 0 0 0 0 1 0]
[1378926489294808878785512600950066865023223867970108963103777087512899060146881563271827572534668202 0 0 0 0 0 0 0 0 0 0 0 0 0 0 0 0 0 0 0 0 0 0 0 0 0 0 0 0 0 0 0 1]
]
