[[1303887709176276428037388431250450165723401208508158695563037112521442148668153172558371108573 0 0 0 0 0 0 0 0 0 0 0 0 0 0 0 0 0 0 0 0 0 0 0 0 0 0 0 0 0 0]
[1080590113710265929507912717837619317345413307496425610968802655280335290031030219374351799865 1 0 0 0 0 0 0 0 0 0 0 0 0 0 0 0 0 0 0 0 0 0 0 0 0 0 0 0 0 0]
[513410436662414860102104953154657817321253621004607559342756275765997444369377141914680077216 0 1 0 0 0 0 0 0 0 0 0 0 0 0 0 0 0 0 0 0 0 0 0 0 0 0 0 0 0 0]
[827304406582694215752739574592737249137269526263601205257795347474259696923788738304143698846 0 0 1 0 0 0 0 0 0 0 0 0 0 0 0 0 0 0 0 0 0 0 0 0 0 0 0 0 0 0]
[70668571994441540102963450738710384824369681169595575638947070285657885597472067057066230020 0 0 0 1 0 0 0 0 0 0 0 0 0 0 0 0 0 0 0 0 0 0 0 0 0 0 0 0 0 0]
[707426752011552706313662866848908157139625113800309369654579868359624723986193314424583695905 0 0 0 0 1 0 0 0 0 0 0 0 0 0 0 0 0 0 0 0 0 0 0 0 0 0 0 0 0 0]
[247771034915005589613735547392284687433411149097365329217279645667788559374469847713749561527 0 0 0 0 0 1 0 0 0 0 0 0 0 0 0 0 0 0 0 0 0 0 0 0 0 0 0 0 0 0]
[1178551445161826394274109591680644789477809653127857057371244950971401303668623120038917252566 0 0 0 0 0 0 1 0 0 0 0 0 0 0 0 0 0 0 0 0 0 0 0 0 0 0 0 0 0 0]
[1074575451391018788248381309892855125376009771843673733649272548930788840608419615579686136080 0 0 0 0 0 0 0 1 0 0 0 0 0 0 0 0 0 0 0 0 0 0 0 0 0 0 0 0 0 0]
[255415658573513187923723482050920739621268120589207102429435460967724339037395873143606751426 0 0 0 0 0 0 0 0 1 0 0 0 0 0 0 0 0 0 0 0 0 0 0 0 0 0 0 0 0 0]
[354917395698134426483920392820865920853841984590861624787907412577210831212723409918214921474 0 0 0 0 0 0 0 0 0 1 0 0 0 0 0 0 0 0 0 0 0 0 0 0 0 0 0 0 0 0]
[1240474277937333442264612493448228605371411707009360971772995856574169589594649401284802819602 0 0 0 0 0 0 0 0 0 0 1 0 0 0 0 0 0 0 0 0 0 0 0 0 0 0 0 0 0 0]
[373912684644672257489903313124206864216756399932400202131917194913684499875280697095779235031 0 0 0 0 0 0 0 0 0 0 0 1 0 0 0 0 0 0 0 0 0 0 0 0 0 0 0 0 0 0]
[641714165199065303947111608391659387982535640164968358375174245276084133651638628006304847572 0 0 0 0 0 0 0 0 0 0 0 0 1 0 0 0 0 0 0 0 0 0 0 0 0 0 0 0 0 0]
[789841106739402182722713501324368858813781227944953314263485885862508187701847577031768276975 0 0 0 0 0 0 0 0 0 0 0 0 0 1 0 0 0 0 0 0 0 0 0 0 0 0 0 0 0 0]
[850913741693187991431382184172966501828026103330311145331728598021896610011203576140694189447 0 0 0 0 0 0 0 0 0 0 0 0 0 0 1 0 0 0 0 0 0 0 0 0 0 0 0 0 0 0]
[713090562277751627093434165248986561903262138666516437513404638055344973270999083422844430384 0 0 0 0 0 0 0 0 0 0 0 0 0 0 0 1 0 0 0 0 0 0 0 0 0 0 0 0 0 0]
[590252757707867267429211787117798555285772731255148350580093862891702464983377522823135076977 0 0 0 0 0 0 0 0 0 0 0 0 0 0 0 0 1 0 0 0 0 0 0 0 0 0 0 0 0 0]
[11024819992103721794789410629566725160348578572407684644490607687431077397818412171482892868 0 0 0 0 0 0 0 0 0 0 0 0 0 0 0 0 0 1 0 0 0 0 0 0 0 0 0 0 0 0]
[96593721387946046364342761748058066425663072305033819391800273954374765961937795199613249727 0 0 0 0 0 0 0 0 0 0 0 0 0 0 0 0 0 0 1 0 0 0 0 0 0 0 0 0 0 0]
[860811230084680790168395475843143022207172202441492096958769136822147401880873821178568047824 0 0 0 0 0 0 0 0 0 0 0 0 0 0 0 0 0 0 0 1 0 0 0 0 0 0 0 0 0 0]
[310364659218028796432835011047821249835630490337179326961632736660794924054500923558282548482 0 0 0 0 0 0 0 0 0 0 0 0 0 0 0 0 0 0 0 0 1 0 0 0 0 0 0 0 0 0]
[965657516628256524882908604280080104286263366897095731935879360265906057337782303918790025209 0 0 0 0 0 0 0 0 0 0 0 0 0 0 0 0 0 0 0 0 0 1 0 0 0 0 0 0 0 0]
[202473553717555104746519418651627095522211672221820195603784287695816826796983195043868167059 0 0 0 0 0 0 0 0 0 0 0 0 0 0 0 0 0 0 0 0 0 0 1 0 0 0 0 0 0 0]
[989432322635745289429340287761311238513129740203224916578690126991135486197786251985305352571 0 0 0 0 0 0 0 0 0 0 0 0 0 0 0 0 0 0 0 0 0 0 0 1 0 0 0 0 0 0]
[761812590994593165154369995732907788680872064370658550407917464747954471462318939251702872078 0 0 0 0 0 0 0 0 0 0 0 0 0 0 0 0 0 0 0 0 0 0 0 0 1 0 0 0 0 0]
[799968536849498820212654190407417079582753703932483328119481521696860404767959365068940883560 0 0 0 0 0 0 0 0 0 0 0 0 0 0 0 0 0 0 0 0 0 0 0 0 0 1 0 0 0 0]
[495955231348533256869997534323967346048692260343737823603978138590674235805752324828987251689 0 0 0 0 0 0 0 0 0 0 0 0 0 0 0 0 0 0 0 0 0 0 0 0 0 0 1 0 0 0]
[402571963642341822747574033322773803659735657857023512549198870071851035872157113036860238703 0 0 0 0 0 0 0 0 0 0 0 0 0 0 0 0 0 0 0 0 0 0 0 0 0 0 0 1 0 0]
[1063260726870853168204656065140793323109311486070355577625920198786366895989093606772600502070 0 0 0 0 0 0 0 0 0 0 0 0 0 0 0 0 0 0 0 0 0 0 0 0 0 0 0 0 1 0]
[237785804614258900247115443160523569865495056613191774187254136642410412285308750722092137681 0 0 0 0 0 0 0 0 0 0 0 0 0 0 0 0 0 0 0 0 0 0 0 0 0 0 0 0 0 1]
]
