[[1567597609606819698619301390672759012979915424611183659859073683092726895171018343775834109883357889508838269212964631 0 0 0 0 0 0 0 0 0 0 0 0 0 0 0 0 0 0 0 0 0 0 0 0 0 0 0 0 0 0 0 0 0 0 0 0 0 0]
[772564859484338660769980002815420210294807099161735473144702744821851713337920696337783027152062960038169495047857861 1 0 0 0 0 0 0 0 0 0 0 0 0 0 0 0 0 0 0 0 0 0 0 0 0 0 0 0 0 0 0 0 0 0 0 0 0 0]
[620641987781637407499242254309533353574710712567373225294235406394594535427896517976662260515751019104714531036638112 0 1 0 0 0 0 0 0 0 0 0 0 0 0 0 0 0 0 0 0 0 0 0 0 0 0 0 0 0 0 0 0 0 0 0 0 0 0]
[624580971375049295971967410368586246209744051791873237820717560842155059899764030237495682904395549657661141895895166 0 0 1 0 0 0 0 0 0 0 0 0 0 0 0 0 0 0 0 0 0 0 0 0 0 0 0 0 0 0 0 0 0 0 0 0 0 0]
[889364116255085585385028522776629784303207706818613365322847012001291529288185470083532377792345894049316411917785528 0 0 0 1 0 0 0 0 0 0 0 0 0 0 0 0 0 0 0 0 0 0 0 0 0 0 0 0 0 0 0 0 0 0 0 0 0 0]
[1054503359084092630733408299693125038828535421383852340057919060051269226552011138044648636702571794316581674027000369 0 0 0 0 1 0 0 0 0 0 0 0 0 0 0 0 0 0 0 0 0 0 0 0 0 0 0 0 0 0 0 0 0 0 0 0 0 0]
[901970981583525506414975972707057237978097283455932889130067036412632137637285174171202582663984153625535196550752037 0 0 0 0 0 1 0 0 0 0 0 0 0 0 0 0 0 0 0 0 0 0 0 0 0 0 0 0 0 0 0 0 0 0 0 0 0 0]
[56252610701806710652182185331021477697731713820263305805105592585115882600526060570233403747730657218909257733708455 0 0 0 0 0 0 1 0 0 0 0 0 0 0 0 0 0 0 0 0 0 0 0 0 0 0 0 0 0 0 0 0 0 0 0 0 0 0]
[313350922878923330353008914170621179578781387571180574168270705221054368758997864518634106344499606906368460979394330 0 0 0 0 0 0 0 1 0 0 0 0 0 0 0 0 0 0 0 0 0 0 0 0 0 0 0 0 0 0 0 0 0 0 0 0 0 0]
[1371881629733904288510977728127323724832428138002790600183371491879861615748243450626754755998402389225035220936275805 0 0 0 0 0 0 0 0 1 0 0 0 0 0 0 0 0 0 0 0 0 0 0 0 0 0 0 0 0 0 0 0 0 0 0 0 0 0]
[1421433642457680163931451578445964147265774483227893240664777564590415080359512627933697946372199362632517525594316267 0 0 0 0 0 0 0 0 0 1 0 0 0 0 0 0 0 0 0 0 0 0 0 0 0 0 0 0 0 0 0 0 0 0 0 0 0 0]
[122473930888055815459268991750346305864864959539415291628153317850892805973065118918510554532232499284430704526188506 0 0 0 0 0 0 0 0 0 0 1 0 0 0 0 0 0 0 0 0 0 0 0 0 0 0 0 0 0 0 0 0 0 0 0 0 0 0]
[506965123704486867829214267427145970521848452325058882091296084595796246812598363761709003847590863811196941898832373 0 0 0 0 0 0 0 0 0 0 0 1 0 0 0 0 0 0 0 0 0 0 0 0 0 0 0 0 0 0 0 0 0 0 0 0 0 0]
[569242724733277535188161468634782434108288525609164960233107674537354337287017449473112777601249521156151814803639527 0 0 0 0 0 0 0 0 0 0 0 0 1 0 0 0 0 0 0 0 0 0 0 0 0 0 0 0 0 0 0 0 0 0 0 0 0 0]
[537229876715390233488783553952252861328315076121264032044701461390153901621103259312609426737317228459140699637792160 0 0 0 0 0 0 0 0 0 0 0 0 0 1 0 0 0 0 0 0 0 0 0 0 0 0 0 0 0 0 0 0 0 0 0 0 0 0]
[921259943268646559545837142198968373696662099684614001706093217038715351842284962395640233628985489808479694709006061 0 0 0 0 0 0 0 0 0 0 0 0 0 0 1 0 0 0 0 0 0 0 0 0 0 0 0 0 0 0 0 0 0 0 0 0 0 0]
[617049397239462576559707314475080756888135319324465998381409686255448685438894913585338130883732367199550280064057083 0 0 0 0 0 0 0 0 0 0 0 0 0 0 0 1 0 0 0 0 0 0 0 0 0 0 0 0 0 0 0 0 0 0 0 0 0 0]
[678472517874150432687890177947717799520910629321758665962939847111144897463118248233056220191953016711574473059470683 0 0 0 0 0 0 0 0 0 0 0 0 0 0 0 0 1 0 0 0 0 0 0 0 0 0 0 0 0 0 0 0 0 0 0 0 0 0]
[636017031951542828887153703441540314230393989357430307657850716765649853751417425111401532601140445558388139720169610 0 0 0 0 0 0 0 0 0 0 0 0 0 0 0 0 0 1 0 0 0 0 0 0 0 0 0 0 0 0 0 0 0 0 0 0 0 0]
[360337555453331390894134121143973507120297989396224679000977851895976308701242568719331654163942725917401494913680814 0 0 0 0 0 0 0 0 0 0 0 0 0 0 0 0 0 0 1 0 0 0 0 0 0 0 0 0 0 0 0 0 0 0 0 0 0 0]
[1404139581484523131330896043448428437067886823258629036233166206299513223213220870566826746401705236808162071377335131 0 0 0 0 0 0 0 0 0 0 0 0 0 0 0 0 0 0 0 1 0 0 0 0 0 0 0 0 0 0 0 0 0 0 0 0 0 0]
[1042278453968553403528495513244222844639734024062765706879720067527792506727654813608494638680700584946134018888887985 0 0 0 0 0 0 0 0 0 0 0 0 0 0 0 0 0 0 0 0 1 0 0 0 0 0 0 0 0 0 0 0 0 0 0 0 0 0]
[1318895523446659834190468769704158149421043748116463735372382045730662061938798358456428636085624640465524265240060125 0 0 0 0 0 0 0 0 0 0 0 0 0 0 0 0 0 0 0 0 0 1 0 0 0 0 0 0 0 0 0 0 0 0 0 0 0 0]
[781363514485932325108274754970892557844373493179136512499770399811817267408289705575846517527423917127379653520119058 0 0 0 0 0 0 0 0 0 0 0 0 0 0 0 0 0 0 0 0 0 0 1 0 0 0 0 0 0 0 0 0 0 0 0 0 0 0]
[287373573475063938947230730154223926265122300360408038249757366796116147595155747012378795382639954935322995050577105 0 0 0 0 0 0 0 0 0 0 0 0 0 0 0 0 0 0 0 0 0 0 0 1 0 0 0 0 0 0 0 0 0 0 0 0 0 0]
[190617342343829381706620565611567383172526172638708654114345848160279280362621982702676612202084610765562752545820545 0 0 0 0 0 0 0 0 0 0 0 0 0 0 0 0 0 0 0 0 0 0 0 0 1 0 0 0 0 0 0 0 0 0 0 0 0 0]
[582187927980616941890628173184914502041705752835238135495220648308913786354832042891930045862137060665680268095975782 0 0 0 0 0 0 0 0 0 0 0 0 0 0 0 0 0 0 0 0 0 0 0 0 0 1 0 0 0 0 0 0 0 0 0 0 0 0]
[1282931520758513412200213972756021509246703149049662259205286437309691919600941756516188612855787863546220613296824080 0 0 0 0 0 0 0 0 0 0 0 0 0 0 0 0 0 0 0 0 0 0 0 0 0 0 1 0 0 0 0 0 0 0 0 0 0 0]
[1117379342067989063013414878453389423948497215510313012954846849863006786487701774980438656111892378011263124925354393 0 0 0 0 0 0 0 0 0 0 0 0 0 0 0 0 0 0 0 0 0 0 0 0 0 0 0 1 0 0 0 0 0 0 0 0 0 0]
[1528627176656533123884356453265516617758715057488380734870178523798040778520425706979821862720522382363433712299734835 0 0 0 0 0 0 0 0 0 0 0 0 0 0 0 0 0 0 0 0 0 0 0 0 0 0 0 0 1 0 0 0 0 0 0 0 0 0]
[912692939126374874379047238418359815153277108928369967449979543016666146111805902341325938786196649264342048436912862 0 0 0 0 0 0 0 0 0 0 0 0 0 0 0 0 0 0 0 0 0 0 0 0 0 0 0 0 0 1 0 0 0 0 0 0 0 0]
[605494846956694548682802307510407758077434606826203632102678845041854271808072597718071089974489299086537196303064151 0 0 0 0 0 0 0 0 0 0 0 0 0 0 0 0 0 0 0 0 0 0 0 0 0 0 0 0 0 0 1 0 0 0 0 0 0 0]
[122164443712300985868008457540254737130728236257524091212123550188702639954331832973985096007426151665591783041324220 0 0 0 0 0 0 0 0 0 0 0 0 0 0 0 0 0 0 0 0 0 0 0 0 0 0 0 0 0 0 0 1 0 0 0 0 0 0]
[1291330258129048788434180824094201359274638967163452505536338801012497982759364865244700299258188923839216087741402908 0 0 0 0 0 0 0 0 0 0 0 0 0 0 0 0 0 0 0 0 0 0 0 0 0 0 0 0 0 0 0 0 1 0 0 0 0 0]
[681307386433127533301445503506460813764030176105690005489851449011668766367806333858420852663587892272480667368068095 0 0 0 0 0 0 0 0 0 0 0 0 0 0 0 0 0 0 0 0 0 0 0 0 0 0 0 0 0 0 0 0 0 1 0 0 0 0]
[1330596592802446914184815396609800606160351314292470942894870223938635953969520707904456011835505242398196886056564991 0 0 0 0 0 0 0 0 0 0 0 0 0 0 0 0 0 0 0 0 0 0 0 0 0 0 0 0 0 0 0 0 0 0 1 0 0 0]
[1354477358929146649403427864362481229672056093203368377511946144000952810423339577872141315214407359877646041327974163 0 0 0 0 0 0 0 0 0 0 0 0 0 0 0 0 0 0 0 0 0 0 0 0 0 0 0 0 0 0 0 0 0 0 0 1 0 0]
[512509945317519958103300570940530542167771837997143461209473132923688259220700745096231630037385788367969014943630602 0 0 0 0 0 0 0 0 0 0 0 0 0 0 0 0 0 0 0 0 0 0 0 0 0 0 0 0 0 0 0 0 0 0 0 0 1 0]
[938230675644500734899303839503911713820374710696700528828695927555255818316991768214862933106181539443235939918850280 0 0 0 0 0 0 0 0 0 0 0 0 0 0 0 0 0 0 0 0 0 0 0 0 0 0 0 0 0 0 0 0 0 0 0 0 0 1]
]
