[[1310882187134027726348254385984559930402649765018330742719249520109413624768208185428346603567934998567173153 0 0 0 0 0 0 0 0 0 0 0 0 0 0 0 0 0 0 0 0 0 0 0 0 0 0 0 0 0 0 0 0 0 0 0]
[10044923225114548123139255351326056984076500572929196139026642611181013224149086651863487013143520147862970 1 0 0 0 0 0 0 0 0 0 0 0 0 0 0 0 0 0 0 0 0 0 0 0 0 0 0 0 0 0 0 0 0 0 0]
[15759114568267563077039401969162611078428610706394317582338133747774283293433857269628545807231301210919834 0 1 0 0 0 0 0 0 0 0 0 0 0 0 0 0 0 0 0 0 0 0 0 0 0 0 0 0 0 0 0 0 0 0 0]
[321510982934193094793668635898681735063902837531396127492009000429432559794037090734284712949074140558794499 0 0 1 0 0 0 0 0 0 0 0 0 0 0 0 0 0 0 0 0 0 0 0 0 0 0 0 0 0 0 0 0 0 0 0]
[722450471326455886922986616060776975867249507147519723125341946078135426949101930283173065095666848968179566 0 0 0 1 0 0 0 0 0 0 0 0 0 0 0 0 0 0 0 0 0 0 0 0 0 0 0 0 0 0 0 0 0 0 0]
[718709292014913209475022160753518152549390366239147459721540192832111698162606952656018415690180214826325200 0 0 0 0 1 0 0 0 0 0 0 0 0 0 0 0 0 0 0 0 0 0 0 0 0 0 0 0 0 0 0 0 0 0 0]
[266355417033584916464618724242693887432228493883961536634807289093824248697618940153068400680679364090290335 0 0 0 0 0 1 0 0 0 0 0 0 0 0 0 0 0 0 0 0 0 0 0 0 0 0 0 0 0 0 0 0 0 0 0]
[197386638050273325372711088131681421687759103717806601053952377530853598007859148380050027097054487019416759 0 0 0 0 0 0 1 0 0 0 0 0 0 0 0 0 0 0 0 0 0 0 0 0 0 0 0 0 0 0 0 0 0 0 0]
[1176476136790507946323311059683220471882951493539803366226049384821229187403365321831855581684511272870072923 0 0 0 0 0 0 0 1 0 0 0 0 0 0 0 0 0 0 0 0 0 0 0 0 0 0 0 0 0 0 0 0 0 0 0]
[1266180827565044548488137041498846654981093475647226380166882415492206857288157019308289351288764937287916736 0 0 0 0 0 0 0 0 1 0 0 0 0 0 0 0 0 0 0 0 0 0 0 0 0 0 0 0 0 0 0 0 0 0 0]
[921696966336974107211335607074517555641890935904060365169531677338145795579723381127373009125703500457051254 0 0 0 0 0 0 0 0 0 1 0 0 0 0 0 0 0 0 0 0 0 0 0 0 0 0 0 0 0 0 0 0 0 0 0]
[532829105466254131487503942207205796892094060261013912265445693358157273481293869507206067746787247712385914 0 0 0 0 0 0 0 0 0 0 1 0 0 0 0 0 0 0 0 0 0 0 0 0 0 0 0 0 0 0 0 0 0 0 0]
[309297130035498849890288914108630081426978960963412861178495185402319931061452495661482752740046997434044296 0 0 0 0 0 0 0 0 0 0 0 1 0 0 0 0 0 0 0 0 0 0 0 0 0 0 0 0 0 0 0 0 0 0 0]
[9429091667034138012079530968536536187019614656199005172610391775749529827655564646605830210565487219667465 0 0 0 0 0 0 0 0 0 0 0 0 1 0 0 0 0 0 0 0 0 0 0 0 0 0 0 0 0 0 0 0 0 0 0]
[18245902746627605019415432976136657439608969831224578817051865632812764402107447337965781781788616247603727 0 0 0 0 0 0 0 0 0 0 0 0 0 1 0 0 0 0 0 0 0 0 0 0 0 0 0 0 0 0 0 0 0 0 0]
[128577617657574184227639845730443484770845116997526554339653134327247466429088188930153876903671576232421659 0 0 0 0 0 0 0 0 0 0 0 0 0 0 1 0 0 0 0 0 0 0 0 0 0 0 0 0 0 0 0 0 0 0 0]
[600869873791060735441491426803662074191299686658941649859540951861894038295063045472294557666464993728424280 0 0 0 0 0 0 0 0 0 0 0 0 0 0 0 1 0 0 0 0 0 0 0 0 0 0 0 0 0 0 0 0 0 0 0]
[598726924694078857357642015334923800190623909392990278617884610687273399707170766453634964569343139372890460 0 0 0 0 0 0 0 0 0 0 0 0 0 0 0 0 1 0 0 0 0 0 0 0 0 0 0 0 0 0 0 0 0 0 0]
[1008227308140160692676923318294117483900922570444674892914309204929526776534321627932296157502763363156163004 0 0 0 0 0 0 0 0 0 0 0 0 0 0 0 0 0 1 0 0 0 0 0 0 0 0 0 0 0 0 0 0 0 0 0]
[1027958000660211502686138669086574443646053278861005017282211561747786703532876130196349638543601423395879804 0 0 0 0 0 0 0 0 0 0 0 0 0 0 0 0 0 0 1 0 0 0 0 0 0 0 0 0 0 0 0 0 0 0 0]
[658082400123400334108962331983748229306408245238768457407582248172863580909725569063523311519057326742836747 0 0 0 0 0 0 0 0 0 0 0 0 0 0 0 0 0 0 0 1 0 0 0 0 0 0 0 0 0 0 0 0 0 0 0]
[1254217764618068345300811169191964145129216034008836002089316785687866931207712299320520247696163838298897763 0 0 0 0 0 0 0 0 0 0 0 0 0 0 0 0 0 0 0 0 1 0 0 0 0 0 0 0 0 0 0 0 0 0 0]
[8752991354966503935473665067314937838776829396190221126022245793626572954945432139368123173563635591015233 0 0 0 0 0 0 0 0 0 0 0 0 0 0 0 0 0 0 0 0 0 1 0 0 0 0 0 0 0 0 0 0 0 0 0]
[878708864311366742357940814422023837444048721628623886851522133139489791722975607633453001761389969494077174 0 0 0 0 0 0 0 0 0 0 0 0 0 0 0 0 0 0 0 0 0 0 1 0 0 0 0 0 0 0 0 0 0 0 0]
[384348459626145618763685164626614154907208368968570970523749606107398463331696109983147761117311931387795135 0 0 0 0 0 0 0 0 0 0 0 0 0 0 0 0 0 0 0 0 0 0 0 1 0 0 0 0 0 0 0 0 0 0 0]
[274340361200705336126792920534966017204904633601978647810369884444151914907669820369915739353439239378344572 0 0 0 0 0 0 0 0 0 0 0 0 0 0 0 0 0 0 0 0 0 0 0 0 1 0 0 0 0 0 0 0 0 0 0]
[836241555827299028356656661070908956190067327674417447390688504653952143236248818056267819403861265598291837 0 0 0 0 0 0 0 0 0 0 0 0 0 0 0 0 0 0 0 0 0 0 0 0 0 1 0 0 0 0 0 0 0 0 0]
[696511357560493729619870535660775021212163931097722962519778112297129871886452994855245610056434329295626462 0 0 0 0 0 0 0 0 0 0 0 0 0 0 0 0 0 0 0 0 0 0 0 0 0 0 1 0 0 0 0 0 0 0 0]
[48918541708745291322584923388531671572522616210418766595393555056950821201683465173676021991526399892831854 0 0 0 0 0 0 0 0 0 0 0 0 0 0 0 0 0 0 0 0 0 0 0 0 0 0 0 1 0 0 0 0 0 0 0]
[478769617012846060588828340453901907486368731231001308196862906781738918722912488814920057940038031699390660 0 0 0 0 0 0 0 0 0 0 0 0 0 0 0 0 0 0 0 0 0 0 0 0 0 0 0 0 1 0 0 0 0 0 0]
[1016183575797069680642427478134727008270637580787841195142859089666231884208691565213027854280834749609410062 0 0 0 0 0 0 0 0 0 0 0 0 0 0 0 0 0 0 0 0 0 0 0 0 0 0 0 0 0 1 0 0 0 0 0]
[1295780372763831866530004434733482356883988189088239936199363653001850178000457554815088452886867824206408135 0 0 0 0 0 0 0 0 0 0 0 0 0 0 0 0 0 0 0 0 0 0 0 0 0 0 0 0 0 0 1 0 0 0 0]
[175976306959534025783846498838485249078819595479588563458755391042354348082684938965485334565064272636105327 0 0 0 0 0 0 0 0 0 0 0 0 0 0 0 0 0 0 0 0 0 0 0 0 0 0 0 0 0 0 0 1 0 0 0]
[1113443178892905180845743976721937912357561733705012204473719939855880200959289536514495565276665069075364783 0 0 0 0 0 0 0 0 0 0 0 0 0 0 0 0 0 0 0 0 0 0 0 0 0 0 0 0 0 0 0 0 1 0 0]
[1048123131955376280928050730840734252020084934159427404855164748488883820635457996405997290153443081550779430 0 0 0 0 0 0 0 0 0 0 0 0 0 0 0 0 0 0 0 0 0 0 0 0 0 0 0 0 0 0 0 0 0 1 0]
[1282254757106530799390578169283361085933755840614607768359284781330675020626178474160023116806953163526847267 0 0 0 0 0 0 0 0 0 0 0 0 0 0 0 0 0 0 0 0 0 0 0 0 0 0 0 0 0 0 0 0 0 0 1]
]
