[[1918539356729702133248106917518523060429710788701098723668004015280679863622684047333984198123 0 0 0 0 0 0 0 0 0 0 0 0 0 0 0 0 0 0 0 0 0 0 0 0 0 0 0 0 0 0]
[597739107799887820876960536666855603816386833120387408272587797870106091611681403473416869335 1 0 0 0 0 0 0 0 0 0 0 0 0 0 0 0 0 0 0 0 0 0 0 0 0 0 0 0 0 0]
[1094108826832756774301801164721737086698773236970215265826198376265333913193497104832745668576 0 1 0 0 0 0 0 0 0 0 0 0 0 0 0 0 0 0 0 0 0 0 0 0 0 0 0 0 0 0]
[835500367732202872647735555284925438966027973150552605756895738283659824626372650499101089432 0 0 1 0 0 0 0 0 0 0 0 0 0 0 0 0 0 0 0 0 0 0 0 0 0 0 0 0 0 0]
[706397659409691953670963257512780677672979432733040775724861487149733727722001584484325708650 0 0 0 1 0 0 0 0 0 0 0 0 0 0 0 0 0 0 0 0 0 0 0 0 0 0 0 0 0 0]
[1484430096023897505813241736287730053750153411858549281691263185735527628862900736430482799747 0 0 0 0 1 0 0 0 0 0 0 0 0 0 0 0 0 0 0 0 0 0 0 0 0 0 0 0 0 0]
[922962742092177062085638500620115843108078049958822708259559245531139068722536534483981961518 0 0 0 0 0 1 0 0 0 0 0 0 0 0 0 0 0 0 0 0 0 0 0 0 0 0 0 0 0 0]
[861732084380102361784356562979416746949995413250878458034483822691131970355103265254376579900 0 0 0 0 0 0 1 0 0 0 0 0 0 0 0 0 0 0 0 0 0 0 0 0 0 0 0 0 0 0]
[290113404457093512660582609269775877578931330185682363257039043344643285382586524466914779518 0 0 0 0 0 0 0 1 0 0 0 0 0 0 0 0 0 0 0 0 0 0 0 0 0 0 0 0 0 0]
[984352695977476093732039119561999153229284331421733858130899136522237892615146562392975384319 0 0 0 0 0 0 0 0 1 0 0 0 0 0 0 0 0 0 0 0 0 0 0 0 0 0 0 0 0 0]
[1170129922338399612328675138070674111426656349895046753184204782237517386063041611379468228751 0 0 0 0 0 0 0 0 0 1 0 0 0 0 0 0 0 0 0 0 0 0 0 0 0 0 0 0 0 0]
[1204369527899875650862515322730642376181872144035884241853679809009568231683636529925866851900 0 0 0 0 0 0 0 0 0 0 1 0 0 0 0 0 0 0 0 0 0 0 0 0 0 0 0 0 0 0]
[1529407395661001681931546837808898554239069975674930806620646492557745051355898470895730495744 0 0 0 0 0 0 0 0 0 0 0 1 0 0 0 0 0 0 0 0 0 0 0 0 0 0 0 0 0 0]
[1497555063463515472485168844202325405147166868232559940988325184559621707936263998215928467980 0 0 0 0 0 0 0 0 0 0 0 0 1 0 0 0 0 0 0 0 0 0 0 0 0 0 0 0 0 0]
[477283380258303669116342562301476728210672234412446616348088673109940277045383425435975719503 0 0 0 0 0 0 0 0 0 0 0 0 0 1 0 0 0 0 0 0 0 0 0 0 0 0 0 0 0 0]
[891927435243921322916200894353662824981717284576224097182766487194411300509850227118007076477 0 0 0 0 0 0 0 0 0 0 0 0 0 0 1 0 0 0 0 0 0 0 0 0 0 0 0 0 0 0]
[1063621539154696165852051747329021888136802177216480323407712222484701687162074730124360372433 0 0 0 0 0 0 0 0 0 0 0 0 0 0 0 1 0 0 0 0 0 0 0 0 0 0 0 0 0 0]
[1767476277188903726229256530761061245099946830038335203916699238910698317336518066805914818460 0 0 0 0 0 0 0 0 0 0 0 0 0 0 0 0 1 0 0 0 0 0 0 0 0 0 0 0 0 0]
[1058999795730635169726069042071040494641471631296296152872638223369720471857216172735096131434 0 0 0 0 0 0 0 0 0 0 0 0 0 0 0 0 0 1 0 0 0 0 0 0 0 0 0 0 0 0]
[1807242186828525619641017708989698989810219380196217631467476062576416438721003963075529502997 0 0 0 0 0 0 0 0 0 0 0 0 0 0 0 0 0 0 1 0 0 0 0 0 0 0 0 0 0 0]
[255741044364853096973134477874928369889185499741077727289581959512048045517672601289166486914 0 0 0 0 0 0 0 0 0 0 0 0 0 0 0 0 0 0 0 1 0 0 0 0 0 0 0 0 0 0]
[1683324188220749377481520761878746546259166671115932489028950567896336285339797053728387001201 0 0 0 0 0 0 0 0 0 0 0 0 0 0 0 0 0 0 0 0 1 0 0 0 0 0 0 0 0 0]
[293735459894818320467731726746295855414989075254178683505325495336588843512198598804581412214 0 0 0 0 0 0 0 0 0 0 0 0 0 0 0 0 0 0 0 0 0 1 0 0 0 0 0 0 0 0]
[1748118878178447355466373927344448630410747111854390543115370549238949221125952368161317799093 0 0 0 0 0 0 0 0 0 0 0 0 0 0 0 0 0 0 0 0 0 0 1 0 0 0 0 0 0 0]
[1580015539405004983475565566518766288586224134179009386933561313371202334239541177072616383214 0 0 0 0 0 0 0 0 0 0 0 0 0 0 0 0 0 0 0 0 0 0 0 1 0 0 0 0 0 0]
[57739376360516977307257869483078482302766951463796112970227825364226687267307643211353145933 0 0 0 0 0 0 0 0 0 0 0 0 0 0 0 0 0 0 0 0 0 0 0 0 1 0 0 0 0 0]
[672469918200705205842708257102376723834010858801699798576033883554383644625284810987319427634 0 0 0 0 0 0 0 0 0 0 0 0 0 0 0 0 0 0 0 0 0 0 0 0 0 1 0 0 0 0]
[775911539321046757698072668296584621313256965753890955619829495656729828484944760868053091059 0 0 0 0 0 0 0 0 0 0 0 0 0 0 0 0 0 0 0 0 0 0 0 0 0 0 1 0 0 0]
[764693649953638405519403454561161393543006442679673753800493734303138960938880006986531345625 0 0 0 0 0 0 0 0 0 0 0 0 0 0 0 0 0 0 0 0 0 0 0 0 0 0 0 1 0 0]
[177964849095187444431585315423169572691286838896530214203860704114018554482327129032924508389 0 0 0 0 0 0 0 0 0 0 0 0 0 0 0 0 0 0 0 0 0 0 0 0 0 0 0 0 1 0]
[649529970453259234358169196447291916243589270547485680250231278596857786600277593062952470958 0 0 0 0 0 0 0 0 0 0 0 0 0 0 0 0 0 0 0 0 0 0 0 0 0 0 0 0 0 1]
]
