[[1444280625370763668918478797777089217090902941090871985126204978334356498216960079484312022477708409 0 0 0 0 0 0 0 0 0 0 0 0 0 0 0 0 0 0 0 0 0 0 0 0 0 0 0 0 0 0 0 0]
[1323372024617281787779539742300632080119987293053820084480744351893405318838701733026757469721266964 1 0 0 0 0 0 0 0 0 0 0 0 0 0 0 0 0 0 0 0 0 0 0 0 0 0 0 0 0 0 0 0]
[764642817643930105981356915592588792385566446707345906765399036623310699186273289182732706883460698 0 1 0 0 0 0 0 0 0 0 0 0 0 0 0 0 0 0 0 0 0 0 0 0 0 0 0 0 0 0 0 0]
[500741339989110727283501295123084745725239022758429975636968780613149278607616496709419721585316780 0 0 1 0 0 0 0 0 0 0 0 0 0 0 0 0 0 0 0 0 0 0 0 0 0 0 0 0 0 0 0 0]
[7061636355862876102387472949407240018186260145525994520013356376521877566682891004221488656277114 0 0 0 1 0 0 0 0 0 0 0 0 0 0 0 0 0 0 0 0 0 0 0 0 0 0 0 0 0 0 0 0]
[446137877821011867044543672532614415954755770404203676805916898981295467918802888521450330301954581 0 0 0 0 1 0 0 0 0 0 0 0 0 0 0 0 0 0 0 0 0 0 0 0 0 0 0 0 0 0 0 0]
[851663382867893976772650638304828165525073489102244569308042201788502334112285187740676400340065987 0 0 0 0 0 1 0 0 0 0 0 0 0 0 0 0 0 0 0 0 0 0 0 0 0 0 0 0 0 0 0 0]
[575249139951530567841869665170852986398615873472048923022862745155546859770785788088536076165055495 0 0 0 0 0 0 1 0 0 0 0 0 0 0 0 0 0 0 0 0 0 0 0 0 0 0 0 0 0 0 0 0]
[549693300218120409699439904183470131821129373466714136007737285765441436984421021491603713216716525 0 0 0 0 0 0 0 1 0 0 0 0 0 0 0 0 0 0 0 0 0 0 0 0 0 0 0 0 0 0 0 0]
[436364045160945189082102049576976767121421577118479872720439768913324405445627997997501533938183141 0 0 0 0 0 0 0 0 1 0 0 0 0 0 0 0 0 0 0 0 0 0 0 0 0 0 0 0 0 0 0 0]
[223361723522702467904837550563850197237484924732793476739564018696625399569443835177872290716929741 0 0 0 0 0 0 0 0 0 1 0 0 0 0 0 0 0 0 0 0 0 0 0 0 0 0 0 0 0 0 0 0]
[544145106973780465090780274282841127159909973829358750044586719980220733545595105091723248055433999 0 0 0 0 0 0 0 0 0 0 1 0 0 0 0 0 0 0 0 0 0 0 0 0 0 0 0 0 0 0 0 0]
[1209934905382549782664470841195481547036071991715304957808837007226606794062353385368406408893276263 0 0 0 0 0 0 0 0 0 0 0 1 0 0 0 0 0 0 0 0 0 0 0 0 0 0 0 0 0 0 0 0]
[292430217802935688755280094998634461668024402355615732139328822679411312900004686619690960785244089 0 0 0 0 0 0 0 0 0 0 0 0 1 0 0 0 0 0 0 0 0 0 0 0 0 0 0 0 0 0 0 0]
[726360812521786499118171740672947293305565033000537481409995725924081475797204883329564651466192740 0 0 0 0 0 0 0 0 0 0 0 0 0 1 0 0 0 0 0 0 0 0 0 0 0 0 0 0 0 0 0 0]
[1064044694423932521245320030138290598789427293760256797010270807209201874302610100005790432868767583 0 0 0 0 0 0 0 0 0 0 0 0 0 0 1 0 0 0 0 0 0 0 0 0 0 0 0 0 0 0 0 0]
[1048321812519170212313764366039140263215551772064216052664106373701265152937417715424260395552673283 0 0 0 0 0 0 0 0 0 0 0 0 0 0 0 1 0 0 0 0 0 0 0 0 0 0 0 0 0 0 0 0]
[685760597832183096463891146435819684213613865863476487172086562171534301955070287752451203046408180 0 0 0 0 0 0 0 0 0 0 0 0 0 0 0 0 1 0 0 0 0 0 0 0 0 0 0 0 0 0 0 0]
[794228614642744871861237438311110728587887791534994243599529552538233897317374959313604250228179151 0 0 0 0 0 0 0 0 0 0 0 0 0 0 0 0 0 1 0 0 0 0 0 0 0 0 0 0 0 0 0 0]
[1209600359391793552387960694160770315026610146543187547023470574918767190706503630587838988165433559 0 0 0 0 0 0 0 0 0 0 0 0 0 0 0 0 0 0 1 0 0 0 0 0 0 0 0 0 0 0 0 0]
[142151493120935998510753518054646490612453621379308336547585204868006733634700769670843090168001401 0 0 0 0 0 0 0 0 0 0 0 0 0 0 0 0 0 0 0 1 0 0 0 0 0 0 0 0 0 0 0 0]
[1407322131254764143428527590733408205107699538995146980069894829706788106994288240812524441538736283 0 0 0 0 0 0 0 0 0 0 0 0 0 0 0 0 0 0 0 0 1 0 0 0 0 0 0 0 0 0 0 0]
[745823078356923117278055053795768517561873062677000316130212838383879865188900220446982864582527269 0 0 0 0 0 0 0 0 0 0 0 0 0 0 0 0 0 0 0 0 0 1 0 0 0 0 0 0 0 0 0 0]
[115916886431712596684110779608543916151841518667099069466366923194318575275617186149141642209194887 0 0 0 0 0 0 0 0 0 0 0 0 0 0 0 0 0 0 0 0 0 0 1 0 0 0 0 0 0 0 0 0]
[460446995164343435637082501698302817332307486979342838963412957310035628090329037163721905053817718 0 0 0 0 0 0 0 0 0 0 0 0 0 0 0 0 0 0 0 0 0 0 0 1 0 0 0 0 0 0 0 0]
[1356099963797697921656118930372257747979632519935103458979716381155545844870451652291489190986625280 0 0 0 0 0 0 0 0 0 0 0 0 0 0 0 0 0 0 0 0 0 0 0 0 1 0 0 0 0 0 0 0]
[584890526442056369305500379377616179322612200990560442163956263735149860404275977015220535847449321 0 0 0 0 0 0 0 0 0 0 0 0 0 0 0 0 0 0 0 0 0 0 0 0 0 1 0 0 0 0 0 0]
[631765245423546018288547836386462436657066561053437430658895152053708522458104220462361200784784816 0 0 0 0 0 0 0 0 0 0 0 0 0 0 0 0 0 0 0 0 0 0 0 0 0 0 1 0 0 0 0 0]
[1373354592898693370172423659591884911985725616075210559687884767275716351785520950097493997685347595 0 0 0 0 0 0 0 0 0 0 0 0 0 0 0 0 0 0 0 0 0 0 0 0 0 0 0 1 0 0 0 0]
[297381846242909421323425937951093515188143765056424736519664004487304753170340640255308670821092332 0 0 0 0 0 0 0 0 0 0 0 0 0 0 0 0 0 0 0 0 0 0 0 0 0 0 0 0 1 0 0 0]
[809833213210053737459706148746150412234252676519388973306046257797306493618829095649206718498348882 0 0 0 0 0 0 0 0 0 0 0 0 0 0 0 0 0 0 0 0 0 0 0 0 0 0 0 0 0 1 0 0]
[381307426142508502061327196953233905035428371655252184536704612935221234346226365610083560000729698 0 0 0 0 0 0 0 0 0 0 0 0 0 0 0 0 0 0 0 0 0 0 0 0 0 0 0 0 0 0 1 0]
[1147213893239082985236917867415435541312635682565075522567591438745891484332417438744387547673041177 0 0 0 0 0 0 0 0 0 0 0 0 0 0 0 0 0 0 0 0 0 0 0 0 0 0 0 0 0 0 0 1]
]
