[[1793026912769979853762683711140654358458481576344535331885080570068620193567787373602459062608722340041480975169 0 0 0 0 0 0 0 0 0 0 0 0 0 0 0 0 0 0 0 0 0 0 0 0 0 0 0 0 0 0 0 0 0 0 0 0]
[138368791875521258178995880371519037557181575769323853307668823401589464386940757679563970029864217625605669554 1 0 0 0 0 0 0 0 0 0 0 0 0 0 0 0 0 0 0 0 0 0 0 0 0 0 0 0 0 0 0 0 0 0 0 0]
[171788166959762062615730290080196192138106341383251063959683182610546897957846800144913361503527835362378488129 0 1 0 0 0 0 0 0 0 0 0 0 0 0 0 0 0 0 0 0 0 0 0 0 0 0 0 0 0 0 0 0 0 0 0 0]
[25105315255175325172954968084439526037692028219343846910007584374528204944287544472042710578030762158212133465 0 0 1 0 0 0 0 0 0 0 0 0 0 0 0 0 0 0 0 0 0 0 0 0 0 0 0 0 0 0 0 0 0 0 0 0]
[166164059955752012608015447162272507997645728457854863413981493122450479943893675256380566614465906022278228230 0 0 0 1 0 0 0 0 0 0 0 0 0 0 0 0 0 0 0 0 0 0 0 0 0 0 0 0 0 0 0 0 0 0 0 0]
[1176960408928411293388519949165041757819918395507495647655251102110216075916154769980627053781420650891503252629 0 0 0 0 1 0 0 0 0 0 0 0 0 0 0 0 0 0 0 0 0 0 0 0 0 0 0 0 0 0 0 0 0 0 0 0]
[577360654993454421198809939646618966160223346393552023537413199403384700089316822133186466469266137575411424683 0 0 0 0 0 1 0 0 0 0 0 0 0 0 0 0 0 0 0 0 0 0 0 0 0 0 0 0 0 0 0 0 0 0 0 0]
[233068591046415492416934705294412532064907213702168690834232399999917104982745252424244929599047030926061116340 0 0 0 0 0 0 1 0 0 0 0 0 0 0 0 0 0 0 0 0 0 0 0 0 0 0 0 0 0 0 0 0 0 0 0 0]
[818762056753895509204385839462549132867755292494458507365258333901279674158127525247623616759204644107441916359 0 0 0 0 0 0 0 1 0 0 0 0 0 0 0 0 0 0 0 0 0 0 0 0 0 0 0 0 0 0 0 0 0 0 0 0]
[123080659399634142625854304083052709527915973550874303331778405277338836816808189820905742842713025522746544743 0 0 0 0 0 0 0 0 1 0 0 0 0 0 0 0 0 0 0 0 0 0 0 0 0 0 0 0 0 0 0 0 0 0 0 0]
[1243165045477233477703866070405328924844237989479358654568246598801467937360982807419997485802188045133808925026 0 0 0 0 0 0 0 0 0 1 0 0 0 0 0 0 0 0 0 0 0 0 0 0 0 0 0 0 0 0 0 0 0 0 0 0]
[613400112243561716230676272204692580043469187319210927107610809519206766506689771769896869011500449237523796022 0 0 0 0 0 0 0 0 0 0 1 0 0 0 0 0 0 0 0 0 0 0 0 0 0 0 0 0 0 0 0 0 0 0 0 0]
[959689328454744975896133850498741405916185869369692858269802992570416897686277966074821514432547180397132316256 0 0 0 0 0 0 0 0 0 0 0 1 0 0 0 0 0 0 0 0 0 0 0 0 0 0 0 0 0 0 0 0 0 0 0 0]
[1221471090743740479814436126308008106678792082242486446470484254718480404164298945129289518901851308839177700393 0 0 0 0 0 0 0 0 0 0 0 0 1 0 0 0 0 0 0 0 0 0 0 0 0 0 0 0 0 0 0 0 0 0 0 0]
[906088516113462053680033578736219541663766966175576859386476930704221321616149461559720395779163415269449893975 0 0 0 0 0 0 0 0 0 0 0 0 0 1 0 0 0 0 0 0 0 0 0 0 0 0 0 0 0 0 0 0 0 0 0 0]
[663061966636241119245829897010329636089697280455169550352520800282578186695828057983149456694237748949485119650 0 0 0 0 0 0 0 0 0 0 0 0 0 0 1 0 0 0 0 0 0 0 0 0 0 0 0 0 0 0 0 0 0 0 0 0]
[602076493903265893115673584828709439628963421118921744822202787238648397983745908716242457204502173050429713129 0 0 0 0 0 0 0 0 0 0 0 0 0 0 0 1 0 0 0 0 0 0 0 0 0 0 0 0 0 0 0 0 0 0 0 0]
[1542596730090731079034147355946628074284452088224396106085715117664988655953001675757058429733964093680928843874 0 0 0 0 0 0 0 0 0 0 0 0 0 0 0 0 1 0 0 0 0 0 0 0 0 0 0 0 0 0 0 0 0 0 0 0]
[285398069492350471521703671164866104996845715267196374594647807589764448215208545131011756654788844176727167319 0 0 0 0 0 0 0 0 0 0 0 0 0 0 0 0 0 1 0 0 0 0 0 0 0 0 0 0 0 0 0 0 0 0 0 0]
[137525984745807137384735443224010888398050111527606463061163437118265066195053582990787542789088416125710453605 0 0 0 0 0 0 0 0 0 0 0 0 0 0 0 0 0 0 1 0 0 0 0 0 0 0 0 0 0 0 0 0 0 0 0 0]
[1450529863951470506604570393322423182090174610166106346933368126681930725680411762829734456999263002981883027130 0 0 0 0 0 0 0 0 0 0 0 0 0 0 0 0 0 0 0 1 0 0 0 0 0 0 0 0 0 0 0 0 0 0 0 0]
[401372218592310770291947405158356525656308873587604873809191098275316495165137901192244917331358010638468302099 0 0 0 0 0 0 0 0 0 0 0 0 0 0 0 0 0 0 0 0 1 0 0 0 0 0 0 0 0 0 0 0 0 0 0 0]
[1401726282219877345050733856147630326187159609227364472926841020803495699380627222053851625995106857565993144175 0 0 0 0 0 0 0 0 0 0 0 0 0 0 0 0 0 0 0 0 0 1 0 0 0 0 0 0 0 0 0 0 0 0 0 0]
[515775233193084242120093307394723798258881053505680281851033176714039003309790393305597093010131559259988153122 0 0 0 0 0 0 0 0 0 0 0 0 0 0 0 0 0 0 0 0 0 0 1 0 0 0 0 0 0 0 0 0 0 0 0 0]
[76794140766515247813702908374404864542175629140178270943352964453928594372620629759495877118355188390473376206 0 0 0 0 0 0 0 0 0 0 0 0 0 0 0 0 0 0 0 0 0 0 0 1 0 0 0 0 0 0 0 0 0 0 0 0]
[660526959448398434688726177128606017918401866108827220663136156383825412566992129894616790263109035008915882670 0 0 0 0 0 0 0 0 0 0 0 0 0 0 0 0 0 0 0 0 0 0 0 0 1 0 0 0 0 0 0 0 0 0 0 0]
[157022911255121238392628404290856472672948901746655030285254200067561423544471171374914728635273444779923077182 0 0 0 0 0 0 0 0 0 0 0 0 0 0 0 0 0 0 0 0 0 0 0 0 0 1 0 0 0 0 0 0 0 0 0 0]
[293856549083479980235755937260349422782445811460505422791157029305803034604482046176348775443303679190698160163 0 0 0 0 0 0 0 0 0 0 0 0 0 0 0 0 0 0 0 0 0 0 0 0 0 0 1 0 0 0 0 0 0 0 0 0]
[82136144759934061900914363596268490429048377198102749510489534970739890319891508268960071717041893963608377958 0 0 0 0 0 0 0 0 0 0 0 0 0 0 0 0 0 0 0 0 0 0 0 0 0 0 0 1 0 0 0 0 0 0 0 0]
[936094710430236506610283143019561479304984563661866014579390612703120510688450851390941549609136391419663224665 0 0 0 0 0 0 0 0 0 0 0 0 0 0 0 0 0 0 0 0 0 0 0 0 0 0 0 0 1 0 0 0 0 0 0 0]
[1650839668087982998650810597012300481200506651761927535603997845320351775442756798570338970880552620284563609881 0 0 0 0 0 0 0 0 0 0 0 0 0 0 0 0 0 0 0 0 0 0 0 0 0 0 0 0 0 1 0 0 0 0 0 0]
[621376669323051554190818003170438643707564836643619890084047643812427355738249750030472728682212844450631946178 0 0 0 0 0 0 0 0 0 0 0 0 0 0 0 0 0 0 0 0 0 0 0 0 0 0 0 0 0 0 1 0 0 0 0 0]
[1627775752991571614721970423725300414370499369904361355671588859129029077946617366721778038424113369356395266442 0 0 0 0 0 0 0 0 0 0 0 0 0 0 0 0 0 0 0 0 0 0 0 0 0 0 0 0 0 0 0 1 0 0 0 0]
[583979877044060216767303400152412946391496689687352198943840264369743839105643042040582193384628286407839402978 0 0 0 0 0 0 0 0 0 0 0 0 0 0 0 0 0 0 0 0 0 0 0 0 0 0 0 0 0 0 0 0 1 0 0 0]
[572931446918546332955348198579150658681761805114083785262868332467631547688910682391188006869851122060594546976 0 0 0 0 0 0 0 0 0 0 0 0 0 0 0 0 0 0 0 0 0 0 0 0 0 0 0 0 0 0 0 0 0 1 0 0]
[1467913138929240550589279219319990641194489741321712427929965426842782622189010642617667581206792005973465786309 0 0 0 0 0 0 0 0 0 0 0 0 0 0 0 0 0 0 0 0 0 0 0 0 0 0 0 0 0 0 0 0 0 0 1 0]
[690464690097403839849243554533806858233250331152626477834852063915414497934152099391952228884555859678793893332 0 0 0 0 0 0 0 0 0 0 0 0 0 0 0 0 0 0 0 0 0 0 0 0 0 0 0 0 0 0 0 0 0 0 0 1]
]
