[[1870126098635004222292225940871670576950402205276529526550668290135893292292110423405034421921 0 0 0 0 0 0 0 0 0 0 0 0 0 0 0 0 0 0 0 0 0 0 0 0 0 0 0 0 0 0]
[816783995860929518347951101019321431023812347283884387933034689643991514957036318369466393753 1 0 0 0 0 0 0 0 0 0 0 0 0 0 0 0 0 0 0 0 0 0 0 0 0 0 0 0 0 0]
[220819116784943656356355535086248273087917940748831860784593785496869197060757230414293399316 0 1 0 0 0 0 0 0 0 0 0 0 0 0 0 0 0 0 0 0 0 0 0 0 0 0 0 0 0 0]
[16541049778140813992401718664737894304916821719950411206605087545171746313905082373742854158 0 0 1 0 0 0 0 0 0 0 0 0 0 0 0 0 0 0 0 0 0 0 0 0 0 0 0 0 0 0]
[1402311293819836480176432207718354788318972501217652536535757310762903084297646545724926394524 0 0 0 1 0 0 0 0 0 0 0 0 0 0 0 0 0 0 0 0 0 0 0 0 0 0 0 0 0 0]
[1440315561437348982512774990201133422702816904747662689984960763264576612166377890488982965685 0 0 0 0 1 0 0 0 0 0 0 0 0 0 0 0 0 0 0 0 0 0 0 0 0 0 0 0 0 0]
[139498007206878116561118455276144974015063821673839154413590643412659116431463983502940686274 0 0 0 0 0 1 0 0 0 0 0 0 0 0 0 0 0 0 0 0 0 0 0 0 0 0 0 0 0 0]
[1462998400784743295500851102551398029869175743620269601762751585049559344972900323151360158001 0 0 0 0 0 0 1 0 0 0 0 0 0 0 0 0 0 0 0 0 0 0 0 0 0 0 0 0 0 0]
[67562312018890533507936078976360862811180446831351056563505790246861752529701482640726534399 0 0 0 0 0 0 0 1 0 0 0 0 0 0 0 0 0 0 0 0 0 0 0 0 0 0 0 0 0 0]
[649086879878088655559028133394663205502007408957386596036194783885408297895637633641634969073 0 0 0 0 0 0 0 0 1 0 0 0 0 0 0 0 0 0 0 0 0 0 0 0 0 0 0 0 0 0]
[875920644063961091643960584291510179405878867366945717269389874573457631993155180394170969241 0 0 0 0 0 0 0 0 0 1 0 0 0 0 0 0 0 0 0 0 0 0 0 0 0 0 0 0 0 0]
[771177153776219039052935785946764327662373337136605339409172404956930731611671048291702096747 0 0 0 0 0 0 0 0 0 0 1 0 0 0 0 0 0 0 0 0 0 0 0 0 0 0 0 0 0 0]
[1517722633254435633214812800953215267781949724919560747026686595773319003745966560079592442827 0 0 0 0 0 0 0 0 0 0 0 1 0 0 0 0 0 0 0 0 0 0 0 0 0 0 0 0 0 0]
[1720658725848526971467356416741556487076997978541240808296137112893966382185914458275339336667 0 0 0 0 0 0 0 0 0 0 0 0 1 0 0 0 0 0 0 0 0 0 0 0 0 0 0 0 0 0]
[1586692241539423384068087749843235672433875019893314569321932490275343779495547467959049006944 0 0 0 0 0 0 0 0 0 0 0 0 0 1 0 0 0 0 0 0 0 0 0 0 0 0 0 0 0 0]
[673644896441132933952455384116721491369265611481630385781215255939780934314155733762082475404 0 0 0 0 0 0 0 0 0 0 0 0 0 0 1 0 0 0 0 0 0 0 0 0 0 0 0 0 0 0]
[1319659082446999947319460134705816807660214293558335307728002204578573603842403685758352736950 0 0 0 0 0 0 0 0 0 0 0 0 0 0 0 1 0 0 0 0 0 0 0 0 0 0 0 0 0 0]
[1687787370338343246466192108645806989417658840800739236573213836291495585656079911772106627398 0 0 0 0 0 0 0 0 0 0 0 0 0 0 0 0 1 0 0 0 0 0 0 0 0 0 0 0 0 0]
[1225684722519574697331629061635135950856862587384350154804834776915410462723418862893274436023 0 0 0 0 0 0 0 0 0 0 0 0 0 0 0 0 0 1 0 0 0 0 0 0 0 0 0 0 0 0]
[1150671559244537586912364575194957048185478615917234292543495103814711841990880209210753787391 0 0 0 0 0 0 0 0 0 0 0 0 0 0 0 0 0 0 1 0 0 0 0 0 0 0 0 0 0 0]
[186683885658828607326086510654778387514690809142031733479422282803885854626190415648659866013 0 0 0 0 0 0 0 0 0 0 0 0 0 0 0 0 0 0 0 1 0 0 0 0 0 0 0 0 0 0]
[964546050672980448423202233072768509507423254351014436802320754423027524296393201904445473100 0 0 0 0 0 0 0 0 0 0 0 0 0 0 0 0 0 0 0 0 1 0 0 0 0 0 0 0 0 0]
[384820813829829966575519460737356929635154494319437984156554330110566522379573319531649361219 0 0 0 0 0 0 0 0 0 0 0 0 0 0 0 0 0 0 0 0 0 1 0 0 0 0 0 0 0 0]
[1260326366248481368913855751278795198219253544950744482837182661061438123500479354995989022222 0 0 0 0 0 0 0 0 0 0 0 0 0 0 0 0 0 0 0 0 0 0 1 0 0 0 0 0 0 0]
[1021696718202728654559343821277570148578725628659349046608047965741385649844254083707486542783 0 0 0 0 0 0 0 0 0 0 0 0 0 0 0 0 0 0 0 0 0 0 0 1 0 0 0 0 0 0]
[1498854765959582546270539207650603147664885369939031635869541579713827076184555826559597893436 0 0 0 0 0 0 0 0 0 0 0 0 0 0 0 0 0 0 0 0 0 0 0 0 1 0 0 0 0 0]
[108391458390636038775446779944889098563941908317603870404242306058915330429307700027152211804 0 0 0 0 0 0 0 0 0 0 0 0 0 0 0 0 0 0 0 0 0 0 0 0 0 1 0 0 0 0]
[322874618679200834859328880090676347657002339431386082805283881793918390542913067583646744772 0 0 0 0 0 0 0 0 0 0 0 0 0 0 0 0 0 0 0 0 0 0 0 0 0 0 1 0 0 0]
[736901571735856594842822111433209858401522831826145019010741390035882902623272744259377383778 0 0 0 0 0 0 0 0 0 0 0 0 0 0 0 0 0 0 0 0 0 0 0 0 0 0 0 1 0 0]
[1503980990754536277870029098152103799683485266354315396864174434811992117635824415710632704216 0 0 0 0 0 0 0 0 0 0 0 0 0 0 0 0 0 0 0 0 0 0 0 0 0 0 0 0 1 0]
[464153996576063618417853195455917307802802963976239199811439416847847778388226178733477540203 0 0 0 0 0 0 0 0 0 0 0 0 0 0 0 0 0 0 0 0 0 0 0 0 0 0 0 0 0 1]
]
