[[1858184264586375627323248077617980827174204743308775351555564608600801006891574497487270187773897 0 0 0 0 0 0 0 0 0 0 0 0 0 0 0 0 0 0 0 0 0 0 0 0 0 0 0 0 0 0 0]
[613117731870502760980149130279280226785915585384916844793928857976809588903220161878565866825687 1 0 0 0 0 0 0 0 0 0 0 0 0 0 0 0 0 0 0 0 0 0 0 0 0 0 0 0 0 0 0]
[9703097335048663520061304194895544268731096108738817354625100728133171931987535685906870244428 0 1 0 0 0 0 0 0 0 0 0 0 0 0 0 0 0 0 0 0 0 0 0 0 0 0 0 0 0 0 0]
[1710140907808873848139733312051573114330821433165132615857932382376010593687839739026290917705350 0 0 1 0 0 0 0 0 0 0 0 0 0 0 0 0 0 0 0 0 0 0 0 0 0 0 0 0 0 0 0]
[106724387017942379462254883130404352043690722092783143576338962615358693525043978994368631869552 0 0 0 1 0 0 0 0 0 0 0 0 0 0 0 0 0 0 0 0 0 0 0 0 0 0 0 0 0 0 0]
[112882875437873850057361599189825725181906309836858740082055789737981337298787829796302482150179 0 0 0 0 1 0 0 0 0 0 0 0 0 0 0 0 0 0 0 0 0 0 0 0 0 0 0 0 0 0 0]
[695694074171693701639169475614163607975076350889061315663751184692714379363921632842713491121093 0 0 0 0 0 1 0 0 0 0 0 0 0 0 0 0 0 0 0 0 0 0 0 0 0 0 0 0 0 0 0]
[1820670253312592454311748689381543248576631311092566743512017746711128770503780879289835922514257 0 0 0 0 0 0 1 0 0 0 0 0 0 0 0 0 0 0 0 0 0 0 0 0 0 0 0 0 0 0 0]
[1302967807884863120202913633276231198493810382673153180944910554013622853452392429361475598272246 0 0 0 0 0 0 0 1 0 0 0 0 0 0 0 0 0 0 0 0 0 0 0 0 0 0 0 0 0 0 0]
[246192434231733019902981127091518010777320231780243874451350301103944823728485196970695733279781 0 0 0 0 0 0 0 0 1 0 0 0 0 0 0 0 0 0 0 0 0 0 0 0 0 0 0 0 0 0 0]
[483800175501114438574532413374001786324071080324954516866665788117790008151823694760176231231351 0 0 0 0 0 0 0 0 0 1 0 0 0 0 0 0 0 0 0 0 0 0 0 0 0 0 0 0 0 0 0]
[1251283006629514021223533242158093890185749420643569682547040372826217475691786690403826928048216 0 0 0 0 0 0 0 0 0 0 1 0 0 0 0 0 0 0 0 0 0 0 0 0 0 0 0 0 0 0 0]
[572811156435271968041530780960264584357425535933099100074381298230853455177608129335130959050946 0 0 0 0 0 0 0 0 0 0 0 1 0 0 0 0 0 0 0 0 0 0 0 0 0 0 0 0 0 0 0]
[263470693078933249501422499853039632710213221241896997347368802575412466841348867619056582572569 0 0 0 0 0 0 0 0 0 0 0 0 1 0 0 0 0 0 0 0 0 0 0 0 0 0 0 0 0 0 0]
[911113148256092098950670224178005941473667430411757740110925437243847139014893198301057834342791 0 0 0 0 0 0 0 0 0 0 0 0 0 1 0 0 0 0 0 0 0 0 0 0 0 0 0 0 0 0 0]
[1239497163069013692751390485981490346844072114757406172782074194045056752569854856288543501065074 0 0 0 0 0 0 0 0 0 0 0 0 0 0 1 0 0 0 0 0 0 0 0 0 0 0 0 0 0 0 0]
[1795007803818948900241211873992287042976023699347931414891176857198658670062942700181995143272510 0 0 0 0 0 0 0 0 0 0 0 0 0 0 0 1 0 0 0 0 0 0 0 0 0 0 0 0 0 0 0]
[655786026099977940606868408552656469104033427885894958581963456960287675421736516114264994265802 0 0 0 0 0 0 0 0 0 0 0 0 0 0 0 0 1 0 0 0 0 0 0 0 0 0 0 0 0 0 0]
[1157600122725597817092360420178108421390477922575218054156597709529201720539593325216837900921279 0 0 0 0 0 0 0 0 0 0 0 0 0 0 0 0 0 1 0 0 0 0 0 0 0 0 0 0 0 0 0]
[1786363654816910605436997997882603772475557781545859263614374314251609736780038683242928406132849 0 0 0 0 0 0 0 0 0 0 0 0 0 0 0 0 0 0 1 0 0 0 0 0 0 0 0 0 0 0 0]
[432711522579622950202376722123868206199925916279042217694787702673235250095526390470031618449762 0 0 0 0 0 0 0 0 0 0 0 0 0 0 0 0 0 0 0 1 0 0 0 0 0 0 0 0 0 0 0]
[520580356418847032946456702020631221542716748772729838996978582274023060803715500477520164363800 0 0 0 0 0 0 0 0 0 0 0 0 0 0 0 0 0 0 0 0 1 0 0 0 0 0 0 0 0 0 0]
[688082103495857887944979608652362853320648176692534857614416130350799142066157205310401532032635 0 0 0 0 0 0 0 0 0 0 0 0 0 0 0 0 0 0 0 0 0 1 0 0 0 0 0 0 0 0 0]
[1849705140613782215546000743453740961541679395386143096043314082518759845236107236826201689075635 0 0 0 0 0 0 0 0 0 0 0 0 0 0 0 0 0 0 0 0 0 0 1 0 0 0 0 0 0 0 0]
[952306156875646861200438763391276895491164493571116818856618153012303500737507196463511450535247 0 0 0 0 0 0 0 0 0 0 0 0 0 0 0 0 0 0 0 0 0 0 0 1 0 0 0 0 0 0 0]
[1103870191817154731890854169669883797253554873568351302260871540006095953506594762806812493403297 0 0 0 0 0 0 0 0 0 0 0 0 0 0 0 0 0 0 0 0 0 0 0 0 1 0 0 0 0 0 0]
[1726703669497644700668463525570090234299986489931136167435873292128615841821814308905460032533399 0 0 0 0 0 0 0 0 0 0 0 0 0 0 0 0 0 0 0 0 0 0 0 0 0 1 0 0 0 0 0]
[1797751639887488610769016956161123753259708933078361644137398556461975014353408286017599311451353 0 0 0 0 0 0 0 0 0 0 0 0 0 0 0 0 0 0 0 0 0 0 0 0 0 0 1 0 0 0 0]
[982465180179746178348449676892587164490337597866647790208772233967445467435425776327595729675717 0 0 0 0 0 0 0 0 0 0 0 0 0 0 0 0 0 0 0 0 0 0 0 0 0 0 0 1 0 0 0]
[1768245866511937224534413803954928324502488798488868119597638730085427550488421791189773402311086 0 0 0 0 0 0 0 0 0 0 0 0 0 0 0 0 0 0 0 0 0 0 0 0 0 0 0 0 1 0 0]
[414703200848073374094420524688296688797761587781544540773254140831196592696940246661953653434461 0 0 0 0 0 0 0 0 0 0 0 0 0 0 0 0 0 0 0 0 0 0 0 0 0 0 0 0 0 1 0]
[415824403295750075365403477571144245594583792823783245278105957248692885256203917986099968386764 0 0 0 0 0 0 0 0 0 0 0 0 0 0 0 0 0 0 0 0 0 0 0 0 0 0 0 0 0 0 1]
]
