[[1313232209845222862901894179396895462616932179661143443657075999632624567733828204318137523 0 0 0 0 0 0 0 0 0 0 0 0 0 0 0 0 0 0 0 0 0 0 0 0 0 0 0 0 0]
[1189197837903676580216776884793794360515186810747456961510319763938232702266732374502019934 1 0 0 0 0 0 0 0 0 0 0 0 0 0 0 0 0 0 0 0 0 0 0 0 0 0 0 0 0]
[524118645884928670640536115675420081310169554577577145425013114437404507792265452916951429 0 1 0 0 0 0 0 0 0 0 0 0 0 0 0 0 0 0 0 0 0 0 0 0 0 0 0 0 0]
[1066412695159944836525202142853681318438083369675246637320976535528768053353026807514286570 0 0 1 0 0 0 0 0 0 0 0 0 0 0 0 0 0 0 0 0 0 0 0 0 0 0 0 0 0]
[726630264016467935742503182175189752034613291639809227351130848648673488389350031856773045 0 0 0 1 0 0 0 0 0 0 0 0 0 0 0 0 0 0 0 0 0 0 0 0 0 0 0 0 0]
[564919589528688359529125772232009012872729324871703207337376438863485546421504181239618858 0 0 0 0 1 0 0 0 0 0 0 0 0 0 0 0 0 0 0 0 0 0 0 0 0 0 0 0 0]
[834777417623415499311910094327484061126062786753003850548216776165922658609069903103490443 0 0 0 0 0 1 0 0 0 0 0 0 0 0 0 0 0 0 0 0 0 0 0 0 0 0 0 0 0]
[86866902095673588099600680474676066236290025086189802065682395244806228630180402239855596 0 0 0 0 0 0 1 0 0 0 0 0 0 0 0 0 0 0 0 0 0 0 0 0 0 0 0 0 0]
[624633258039486319452670902320203159063681302053510326254928998428021119989936974656764945 0 0 0 0 0 0 0 1 0 0 0 0 0 0 0 0 0 0 0 0 0 0 0 0 0 0 0 0 0]
[1081888279102372276865504790255054679453268048910418048840545522401940858562094650727061117 0 0 0 0 0 0 0 0 1 0 0 0 0 0 0 0 0 0 0 0 0 0 0 0 0 0 0 0 0]
[167488442637101809257585909628627348042665557451397928215472926134973443992060203127523132 0 0 0 0 0 0 0 0 0 1 0 0 0 0 0 0 0 0 0 0 0 0 0 0 0 0 0 0 0]
[289475482851004833727064558086808371953083622843219477458746171470697394494091045539778597 0 0 0 0 0 0 0 0 0 0 1 0 0 0 0 0 0 0 0 0 0 0 0 0 0 0 0 0 0]
[437107948755569185606205491770208098116862767925884106607100616885808784558311993918604457 0 0 0 0 0 0 0 0 0 0 0 1 0 0 0 0 0 0 0 0 0 0 0 0 0 0 0 0 0]
[1137310288740470931687430043226791001831562984641310535436834900465360476811657878939691571 0 0 0 0 0 0 0 0 0 0 0 0 1 0 0 0 0 0 0 0 0 0 0 0 0 0 0 0 0]
[27349770982861604187379806961202717250318508221189866335143566369946612568785788229395748 0 0 0 0 0 0 0 0 0 0 0 0 0 1 0 0 0 0 0 0 0 0 0 0 0 0 0 0 0]
[593333003163890380205734864653346448609194195762065511564382060715193072132350965415749846 0 0 0 0 0 0 0 0 0 0 0 0 0 0 1 0 0 0 0 0 0 0 0 0 0 0 0 0 0]
[925849707280273934500584828103905608442045473078437270715240919387854245424900619838570810 0 0 0 0 0 0 0 0 0 0 0 0 0 0 0 1 0 0 0 0 0 0 0 0 0 0 0 0 0]
[417895068213252631660411611215563268809985370187382637734055788944335363498277759437492068 0 0 0 0 0 0 0 0 0 0 0 0 0 0 0 0 1 0 0 0 0 0 0 0 0 0 0 0 0]
[863755398958837095195630825553440729641865018843162104853381486850187162722188794244462440 0 0 0 0 0 0 0 0 0 0 0 0 0 0 0 0 0 1 0 0 0 0 0 0 0 0 0 0 0]
[649825657843563834786002808644649227942866357164468498665383453704553766292620954889644194 0 0 0 0 0 0 0 0 0 0 0 0 0 0 0 0 0 0 1 0 0 0 0 0 0 0 0 0 0]
[825115097169964594425638297172395385596698823269015240000644954044691298707748174442021215 0 0 0 0 0 0 0 0 0 0 0 0 0 0 0 0 0 0 0 1 0 0 0 0 0 0 0 0 0]
[740054921164544303279982756950842166582974273815924103443005450400714080124676324748044386 0 0 0 0 0 0 0 0 0 0 0 0 0 0 0 0 0 0 0 0 1 0 0 0 0 0 0 0 0]
[28498025550972700183461517058522674354581871306512558783761946039133690067094043204336312 0 0 0 0 0 0 0 0 0 0 0 0 0 0 0 0 0 0 0 0 0 1 0 0 0 0 0 0 0]
[808147332544850885801239515022641721637494356905500733025166736635753777438840043328477678 0 0 0 0 0 0 0 0 0 0 0 0 0 0 0 0 0 0 0 0 0 0 1 0 0 0 0 0 0]
[301085622294159522858253722922764898374824422575450162467589530662035900953455186763059317 0 0 0 0 0 0 0 0 0 0 0 0 0 0 0 0 0 0 0 0 0 0 0 1 0 0 0 0 0]
[1280198503054318150504176032351690355513357369663689787537236636246913772603267616190512542 0 0 0 0 0 0 0 0 0 0 0 0 0 0 0 0 0 0 0 0 0 0 0 0 1 0 0 0 0]
[137433420026292723833428322274421893013058803587429650978052872187532876151461404686808919 0 0 0 0 0 0 0 0 0 0 0 0 0 0 0 0 0 0 0 0 0 0 0 0 0 1 0 0 0]
[1088836585749982134057619963692651499111894488911582693954321442724745052672451171289135327 0 0 0 0 0 0 0 0 0 0 0 0 0 0 0 0 0 0 0 0 0 0 0 0 0 0 1 0 0]
[925743383385258361202033245433801681036324293018173051384313133999670776199124040455859552 0 0 0 0 0 0 0 0 0 0 0 0 0 0 0 0 0 0 0 0 0 0 0 0 0 0 0 1 0]
[824963968332312437117851236651250885329425928078737648620754830532768541668157622281374284 0 0 0 0 0 0 0 0 0 0 0 0 0 0 0 0 0 0 0 0 0 0 0 0 0 0 0 0 1]
]
