[[1564805471504646065104623223628640959502003109876262477651871263734039633258287848553268401976725299 0 0 0 0 0 0 0 0 0 0 0 0 0 0 0 0 0 0 0 0 0 0 0 0 0 0 0 0 0 0 0 0]
[1342230279353361961797531541560402044141218885148360123353386196779844054782920544974140161775499440 1 0 0 0 0 0 0 0 0 0 0 0 0 0 0 0 0 0 0 0 0 0 0 0 0 0 0 0 0 0 0 0]
[1494303770849135995868451884504905891325682217526386317895299049237992989616455055764868630252001497 0 1 0 0 0 0 0 0 0 0 0 0 0 0 0 0 0 0 0 0 0 0 0 0 0 0 0 0 0 0 0 0]
[1526441514480978739850236090975741413696749507422320553354318793769513009601299401789412562616388744 0 0 1 0 0 0 0 0 0 0 0 0 0 0 0 0 0 0 0 0 0 0 0 0 0 0 0 0 0 0 0 0]
[839474302598624503922065303144635782715718864388737121338244848253370463138164613731619333409280183 0 0 0 1 0 0 0 0 0 0 0 0 0 0 0 0 0 0 0 0 0 0 0 0 0 0 0 0 0 0 0 0]
[1199156787755540466114791480274220065425851096358802702759980476063486638507626472689761820918858588 0 0 0 0 1 0 0 0 0 0 0 0 0 0 0 0 0 0 0 0 0 0 0 0 0 0 0 0 0 0 0 0]
[571587063315910699981737214713581123838382138373648165394112564064334844109991489889927911438298002 0 0 0 0 0 1 0 0 0 0 0 0 0 0 0 0 0 0 0 0 0 0 0 0 0 0 0 0 0 0 0 0]
[387558176033851806625864051667591871761128067162413233593190242943731116689618921919865596641975337 0 0 0 0 0 0 1 0 0 0 0 0 0 0 0 0 0 0 0 0 0 0 0 0 0 0 0 0 0 0 0 0]
[822838801140061769199088689507465152001523604612528755108336568734671234284079492549220330673798181 0 0 0 0 0 0 0 1 0 0 0 0 0 0 0 0 0 0 0 0 0 0 0 0 0 0 0 0 0 0 0 0]
[270999294122550849596660716450504570077466326718354171351503156486857542129550087463615194631854791 0 0 0 0 0 0 0 0 1 0 0 0 0 0 0 0 0 0 0 0 0 0 0 0 0 0 0 0 0 0 0 0]
[547353523946241912355801009039116376470356790574230867339421477780653442653126702345210922888249239 0 0 0 0 0 0 0 0 0 1 0 0 0 0 0 0 0 0 0 0 0 0 0 0 0 0 0 0 0 0 0 0]
[1384658340405213671989634106800041200775705491545882068917899068265073345284347696776188473434793188 0 0 0 0 0 0 0 0 0 0 1 0 0 0 0 0 0 0 0 0 0 0 0 0 0 0 0 0 0 0 0 0]
[1314028291649682831802522642794431392440402609139543205668038097099107742632704240315423516110914736 0 0 0 0 0 0 0 0 0 0 0 1 0 0 0 0 0 0 0 0 0 0 0 0 0 0 0 0 0 0 0 0]
[515867321703908307914875320130101659560679595991380186935465512584488638624204429166331280767667293 0 0 0 0 0 0 0 0 0 0 0 0 1 0 0 0 0 0 0 0 0 0 0 0 0 0 0 0 0 0 0 0]
[1339707503711710619730819376811562656263347742101053191822614159376218950177481751474769663482610853 0 0 0 0 0 0 0 0 0 0 0 0 0 1 0 0 0 0 0 0 0 0 0 0 0 0 0 0 0 0 0 0]
[50691280789845579870790280049491913014688139688105547619305511111794804590780181792218021799199522 0 0 0 0 0 0 0 0 0 0 0 0 0 0 1 0 0 0 0 0 0 0 0 0 0 0 0 0 0 0 0 0]
[1321081706126738433637096916502109956482333739991153163721458673701702943274461177231127025409675810 0 0 0 0 0 0 0 0 0 0 0 0 0 0 0 1 0 0 0 0 0 0 0 0 0 0 0 0 0 0 0 0]
[1381535250574073328718420745451544134895774899052805348125739855895178950796891555814731089840720772 0 0 0 0 0 0 0 0 0 0 0 0 0 0 0 0 1 0 0 0 0 0 0 0 0 0 0 0 0 0 0 0]
[1000460387703153329147522848490203277686905326919302101363897969406155102461973361149893737239950300 0 0 0 0 0 0 0 0 0 0 0 0 0 0 0 0 0 1 0 0 0 0 0 0 0 0 0 0 0 0 0 0]
[1307912139586133944242657077556070298068312180368245012988858748581780209886547472711859541035392536 0 0 0 0 0 0 0 0 0 0 0 0 0 0 0 0 0 0 1 0 0 0 0 0 0 0 0 0 0 0 0 0]
[1358201490582587856406631446041878027387795488676406718103881517048132007627855776852294560182231958 0 0 0 0 0 0 0 0 0 0 0 0 0 0 0 0 0 0 0 1 0 0 0 0 0 0 0 0 0 0 0 0]
[261232940946090456827263156852992167911371901895786962433902339803517396628392265545852801607705326 0 0 0 0 0 0 0 0 0 0 0 0 0 0 0 0 0 0 0 0 1 0 0 0 0 0 0 0 0 0 0 0]
[222805917530578951506788029933468622133221461857985368546264605548804219693897993048382126766427961 0 0 0 0 0 0 0 0 0 0 0 0 0 0 0 0 0 0 0 0 0 1 0 0 0 0 0 0 0 0 0 0]
[1557875092761878110374020247354119944260622515860006122905280988795353525753466330039024756795601889 0 0 0 0 0 0 0 0 0 0 0 0 0 0 0 0 0 0 0 0 0 0 1 0 0 0 0 0 0 0 0 0]
[285650845413884617003873387501413947368875364881186902011257208584554155065091561453036522640146622 0 0 0 0 0 0 0 0 0 0 0 0 0 0 0 0 0 0 0 0 0 0 0 1 0 0 0 0 0 0 0 0]
[86290667033004726004043168611958831641965703411082580625384762845449139199393728313183923974173006 0 0 0 0 0 0 0 0 0 0 0 0 0 0 0 0 0 0 0 0 0 0 0 0 1 0 0 0 0 0 0 0]
[370404233356690339566372011650951264419536372110056806278276863103567722497831186876430881539571315 0 0 0 0 0 0 0 0 0 0 0 0 0 0 0 0 0 0 0 0 0 0 0 0 0 1 0 0 0 0 0 0]
[397698441458787646164540854265208084579900800158123653887304622059533743556683065101798865479932913 0 0 0 0 0 0 0 0 0 0 0 0 0 0 0 0 0 0 0 0 0 0 0 0 0 0 1 0 0 0 0 0]
[128437332199294595995740186033617299167857441238296149600276816163325505863118309778215619864206705 0 0 0 0 0 0 0 0 0 0 0 0 0 0 0 0 0 0 0 0 0 0 0 0 0 0 0 1 0 0 0 0]
[1340704545904963270650588129028370777390323432374801127168132553867336799446685670370929873150648858 0 0 0 0 0 0 0 0 0 0 0 0 0 0 0 0 0 0 0 0 0 0 0 0 0 0 0 0 1 0 0 0]
[1456795625010330104315499258337124049126361026658483331073333594815115896417820952424393918339324786 0 0 0 0 0 0 0 0 0 0 0 0 0 0 0 0 0 0 0 0 0 0 0 0 0 0 0 0 0 1 0 0]
[799115726115604808886161807525016844140763849428582721220880073403969145405353025937374355664199821 0 0 0 0 0 0 0 0 0 0 0 0 0 0 0 0 0 0 0 0 0 0 0 0 0 0 0 0 0 0 1 0]
[136434226330175650767418755017961216497756600685583791626209767000686993846728386195258089495037687 0 0 0 0 0 0 0 0 0 0 0 0 0 0 0 0 0 0 0 0 0 0 0 0 0 0 0 0 0 0 0 1]
]
