[[1489314000135075757990573475478441507423868664701775691716200310235082065758343834023349689 0 0 0 0 0 0 0 0 0 0 0 0 0 0 0 0 0 0 0 0 0 0 0 0 0 0 0 0 0]
[256827923288781805354232532343269157288010787997711991197882107762786494399615288644147532 1 0 0 0 0 0 0 0 0 0 0 0 0 0 0 0 0 0 0 0 0 0 0 0 0 0 0 0 0]
[1410900447074517744819840172220710271941378755181308904738787866349471550376087472565010759 0 1 0 0 0 0 0 0 0 0 0 0 0 0 0 0 0 0 0 0 0 0 0 0 0 0 0 0 0]
[1196130467803240954238985874376209267014647403406968534446932338835449805260952453901606490 0 0 1 0 0 0 0 0 0 0 0 0 0 0 0 0 0 0 0 0 0 0 0 0 0 0 0 0 0]
[1418706970050726607046235772818345556961680766576939137307620298121979335436999016240020383 0 0 0 1 0 0 0 0 0 0 0 0 0 0 0 0 0 0 0 0 0 0 0 0 0 0 0 0 0]
[732548243118989303406557345240694469113262156345435482854886365866636339889735378127470569 0 0 0 0 1 0 0 0 0 0 0 0 0 0 0 0 0 0 0 0 0 0 0 0 0 0 0 0 0]
[1143254270547823043268865131881384464271937946488512774973714869422506205017174789268671284 0 0 0 0 0 1 0 0 0 0 0 0 0 0 0 0 0 0 0 0 0 0 0 0 0 0 0 0 0]
[1258612415167660608558611067258015062903037362629645575663595672500622247402684676433000854 0 0 0 0 0 0 1 0 0 0 0 0 0 0 0 0 0 0 0 0 0 0 0 0 0 0 0 0 0]
[1185163076646864550328573595330702870425277654342243152176536624922466840792594793006258910 0 0 0 0 0 0 0 1 0 0 0 0 0 0 0 0 0 0 0 0 0 0 0 0 0 0 0 0 0]
[794842197266519375135807817024988770834512881460318743099844646435530637393591174129537532 0 0 0 0 0 0 0 0 1 0 0 0 0 0 0 0 0 0 0 0 0 0 0 0 0 0 0 0 0]
[1000931419671106074102445708417247622607167238093787637027530635387038964505355664440180181 0 0 0 0 0 0 0 0 0 1 0 0 0 0 0 0 0 0 0 0 0 0 0 0 0 0 0 0 0]
[630582283876961553264968731565125595904367620571164116378299097563964309017036330067865117 0 0 0 0 0 0 0 0 0 0 1 0 0 0 0 0 0 0 0 0 0 0 0 0 0 0 0 0 0]
[1130417425533985992143052640391641702971491211292077698528526814736529305228312599324605313 0 0 0 0 0 0 0 0 0 0 0 1 0 0 0 0 0 0 0 0 0 0 0 0 0 0 0 0 0]
[1425810130015841268325781247925877602367055256141858419675813372494832885566331297498660555 0 0 0 0 0 0 0 0 0 0 0 0 1 0 0 0 0 0 0 0 0 0 0 0 0 0 0 0 0]
[281559862423866434024887124317312774048359636084084384407352037528423642136063515326390375 0 0 0 0 0 0 0 0 0 0 0 0 0 1 0 0 0 0 0 0 0 0 0 0 0 0 0 0 0]
[484853242245322020779258805180360768691120639447517556166829540013331084754681650440904840 0 0 0 0 0 0 0 0 0 0 0 0 0 0 1 0 0 0 0 0 0 0 0 0 0 0 0 0 0]
[131143430304442639144079670872011985396474517896028313514727949019725084388095408541757961 0 0 0 0 0 0 0 0 0 0 0 0 0 0 0 1 0 0 0 0 0 0 0 0 0 0 0 0 0]
[775810131320052807885801799810811589241032516518699302971974928121408682124527938119295165 0 0 0 0 0 0 0 0 0 0 0 0 0 0 0 0 1 0 0 0 0 0 0 0 0 0 0 0 0]
[272391802445444216769681098611917876636516550599973416925038933752852134467546014074317712 0 0 0 0 0 0 0 0 0 0 0 0 0 0 0 0 0 1 0 0 0 0 0 0 0 0 0 0 0]
[145023329625767853543296900168056333916713941131549001721241894015267332329664259462340732 0 0 0 0 0 0 0 0 0 0 0 0 0 0 0 0 0 0 1 0 0 0 0 0 0 0 0 0 0]
[260703327017503030001106853872290673281484479543252336729954696310815015331563907994950343 0 0 0 0 0 0 0 0 0 0 0 0 0 0 0 0 0 0 0 1 0 0 0 0 0 0 0 0 0]
[428671505779943676906032884580853310639679154643422231223637890335160051276144193528326425 0 0 0 0 0 0 0 0 0 0 0 0 0 0 0 0 0 0 0 0 1 0 0 0 0 0 0 0 0]
[243408746529560956477762240381201307762134413017752360030098988067327815305875464880425395 0 0 0 0 0 0 0 0 0 0 0 0 0 0 0 0 0 0 0 0 0 1 0 0 0 0 0 0 0]
[1462272108549085203349394633044618919835356342202887057770013287455656948006372263778651200 0 0 0 0 0 0 0 0 0 0 0 0 0 0 0 0 0 0 0 0 0 0 1 0 0 0 0 0 0]
[258859399501818815379382821559864175992680925538125363599879686303855109598051380802745762 0 0 0 0 0 0 0 0 0 0 0 0 0 0 0 0 0 0 0 0 0 0 0 1 0 0 0 0 0]
[1164234411976358102190807536339887538062824589322750395288024977847884413727531126846158992 0 0 0 0 0 0 0 0 0 0 0 0 0 0 0 0 0 0 0 0 0 0 0 0 1 0 0 0 0]
[1474419257903443816455363798651341483755662913408757783082270918671695066229603394511080229 0 0 0 0 0 0 0 0 0 0 0 0 0 0 0 0 0 0 0 0 0 0 0 0 0 1 0 0 0]
[467275419664204479113040639189136033741789809383374136162926113030237150818506592340996755 0 0 0 0 0 0 0 0 0 0 0 0 0 0 0 0 0 0 0 0 0 0 0 0 0 0 1 0 0]
[252972976904448083663267939132300381165942543381230745371984588691819475111419698725937096 0 0 0 0 0 0 0 0 0 0 0 0 0 0 0 0 0 0 0 0 0 0 0 0 0 0 0 1 0]
[300049990606685386899760926659325053236559210383737505660654271514814617383784879575432960 0 0 0 0 0 0 0 0 0 0 0 0 0 0 0 0 0 0 0 0 0 0 0 0 0 0 0 0 1]
]
