[[1245185486656757586716740875593463929867831831942865687147301721367796591287815738533850155869361 0 0 0 0 0 0 0 0 0 0 0 0 0 0 0 0 0 0 0 0 0 0 0 0 0 0 0 0 0 0 0]
[840926718798934149858176159464011619495274460801675572356005096109042543501682996724083995621273 1 0 0 0 0 0 0 0 0 0 0 0 0 0 0 0 0 0 0 0 0 0 0 0 0 0 0 0 0 0 0]
[665422578101499060089746245662570834538401183431052067371516689867085766797782581824325690502048 0 1 0 0 0 0 0 0 0 0 0 0 0 0 0 0 0 0 0 0 0 0 0 0 0 0 0 0 0 0 0]
[692615011722211297876223759878567283842381393471346274808944512584477571673950023918011558425062 0 0 1 0 0 0 0 0 0 0 0 0 0 0 0 0 0 0 0 0 0 0 0 0 0 0 0 0 0 0 0]
[697263463836709017948479507764371137342026370041581165771379449842482649113100195983071535470456 0 0 0 1 0 0 0 0 0 0 0 0 0 0 0 0 0 0 0 0 0 0 0 0 0 0 0 0 0 0 0]
[1225183160880803246332731398677969576860906564913109394938264304255857445253275812180317278241121 0 0 0 0 1 0 0 0 0 0 0 0 0 0 0 0 0 0 0 0 0 0 0 0 0 0 0 0 0 0 0]
[992903492834875509876434783923165037139354838705420058890341164167418260750092515778052421040380 0 0 0 0 0 1 0 0 0 0 0 0 0 0 0 0 0 0 0 0 0 0 0 0 0 0 0 0 0 0 0]
[362939655473638050241452648333215370748896707800880562958131665340033692397936644170739494539667 0 0 0 0 0 0 1 0 0 0 0 0 0 0 0 0 0 0 0 0 0 0 0 0 0 0 0 0 0 0 0]
[326264983573942264207201160429411372070150040775905766294394435952876716420886668579017498336016 0 0 0 0 0 0 0 1 0 0 0 0 0 0 0 0 0 0 0 0 0 0 0 0 0 0 0 0 0 0 0]
[1026526238629537931368298879033423714545176546649191127552627516173311380989254166860613820221427 0 0 0 0 0 0 0 0 1 0 0 0 0 0 0 0 0 0 0 0 0 0 0 0 0 0 0 0 0 0 0]
[458087787573175361954963422534728507607088755675046734896139034426408334837855742846179998299108 0 0 0 0 0 0 0 0 0 1 0 0 0 0 0 0 0 0 0 0 0 0 0 0 0 0 0 0 0 0 0]
[875189604922881341216070415513701625995614067947451125218971213247683999509962377002976291508439 0 0 0 0 0 0 0 0 0 0 1 0 0 0 0 0 0 0 0 0 0 0 0 0 0 0 0 0 0 0 0]
[945304484139773746689444976921171423886767076359368488838782690358258755995341909305192212942033 0 0 0 0 0 0 0 0 0 0 0 1 0 0 0 0 0 0 0 0 0 0 0 0 0 0 0 0 0 0 0]
[318616192740221312530254192184800874470425457130832274217529889557492059337247610313032626424868 0 0 0 0 0 0 0 0 0 0 0 0 1 0 0 0 0 0 0 0 0 0 0 0 0 0 0 0 0 0 0]
[382384232907685229341449304651420445590979622367301957849539419230945533288103711317109455047901 0 0 0 0 0 0 0 0 0 0 0 0 0 1 0 0 0 0 0 0 0 0 0 0 0 0 0 0 0 0 0]
[888519328044086744904454948628270758879423102712051031747659702815556644640133772035019463553569 0 0 0 0 0 0 0 0 0 0 0 0 0 0 1 0 0 0 0 0 0 0 0 0 0 0 0 0 0 0 0]
[746146423868667704461279195280964289841313701475489430371799604527097709392700510475394048929064 0 0 0 0 0 0 0 0 0 0 0 0 0 0 0 1 0 0 0 0 0 0 0 0 0 0 0 0 0 0 0]
[423181192067683255504966828978322639307010746683771190928767213105771366555243324044564571687320 0 0 0 0 0 0 0 0 0 0 0 0 0 0 0 0 1 0 0 0 0 0 0 0 0 0 0 0 0 0 0]
[1024256275455442647949753816059510295636089666422271329200049064289793965640388997876954341888977 0 0 0 0 0 0 0 0 0 0 0 0 0 0 0 0 0 1 0 0 0 0 0 0 0 0 0 0 0 0 0]
[525520008918600965984086128643291263114167819185927817238838382554591301288434106851608653746920 0 0 0 0 0 0 0 0 0 0 0 0 0 0 0 0 0 0 1 0 0 0 0 0 0 0 0 0 0 0 0]
[683135498479912466578669232151252005172379713352228026166863683950598608889700099978331461321542 0 0 0 0 0 0 0 0 0 0 0 0 0 0 0 0 0 0 0 1 0 0 0 0 0 0 0 0 0 0 0]
[602575074156068842392824400206585181929115079199497834047274593834617261531666194344118215536250 0 0 0 0 0 0 0 0 0 0 0 0 0 0 0 0 0 0 0 0 1 0 0 0 0 0 0 0 0 0 0]
[65521171279011834764455937854830250064437691118256976049370643173048478456022712275967239432398 0 0 0 0 0 0 0 0 0 0 0 0 0 0 0 0 0 0 0 0 0 1 0 0 0 0 0 0 0 0 0]
[723150084253453798019985590132571425995459262374243619437085475331755164245229002071038899232347 0 0 0 0 0 0 0 0 0 0 0 0 0 0 0 0 0 0 0 0 0 0 1 0 0 0 0 0 0 0 0]
[797204450474711289157851559532451128359694129140837999572480166051821127005192192183547133955799 0 0 0 0 0 0 0 0 0 0 0 0 0 0 0 0 0 0 0 0 0 0 0 1 0 0 0 0 0 0 0]
[875517466735347323927020428660874430881701337656826679259549921484900438913417245855820752115851 0 0 0 0 0 0 0 0 0 0 0 0 0 0 0 0 0 0 0 0 0 0 0 0 1 0 0 0 0 0 0]
[462179179490827544115054791271582910771094857509663352247301675824969591055327283525760608626959 0 0 0 0 0 0 0 0 0 0 0 0 0 0 0 0 0 0 0 0 0 0 0 0 0 1 0 0 0 0 0]
[1171071487849003424239435122485962755865325538334394279868212349784330372203619831505706547358575 0 0 0 0 0 0 0 0 0 0 0 0 0 0 0 0 0 0 0 0 0 0 0 0 0 0 1 0 0 0 0]
[455798916206716994576467214199910146654476137334632265537963183503017338337600210089845653643383 0 0 0 0 0 0 0 0 0 0 0 0 0 0 0 0 0 0 0 0 0 0 0 0 0 0 0 1 0 0 0]
[529341665389635863000485394533730849919237357744097455452372541243325731933675435305866317492574 0 0 0 0 0 0 0 0 0 0 0 0 0 0 0 0 0 0 0 0 0 0 0 0 0 0 0 0 1 0 0]
[636808003325667536071086413349621782689620181783554993855135506521244102683989344884505499592371 0 0 0 0 0 0 0 0 0 0 0 0 0 0 0 0 0 0 0 0 0 0 0 0 0 0 0 0 0 1 0]
[162210941920839938643333523332330635750166729952070488211165631921793636235226897999884146091530 0 0 0 0 0 0 0 0 0 0 0 0 0 0 0 0 0 0 0 0 0 0 0 0 0 0 0 0 0 0 1]
]
