[[2076082037913452592800233602327323880820699035552920403667984538957912055318610675875373936143337700664745241 0 0 0 0 0 0 0 0 0 0 0 0 0 0 0 0 0 0 0 0 0 0 0 0 0 0 0 0 0 0 0 0 0 0 0]
[1793989982210760052627260610644978104444425788640233549358955347833852970567650225406318714706972457122304863 1 0 0 0 0 0 0 0 0 0 0 0 0 0 0 0 0 0 0 0 0 0 0 0 0 0 0 0 0 0 0 0 0 0 0]
[1710250672268265882162673194755275189791933594907372429280783255134266298356007036739931677283266668414193135 0 1 0 0 0 0 0 0 0 0 0 0 0 0 0 0 0 0 0 0 0 0 0 0 0 0 0 0 0 0 0 0 0 0 0]
[1467211002296413306030999539951740717532808714149871053950311817285605432489975664216056272465818028427247203 0 0 1 0 0 0 0 0 0 0 0 0 0 0 0 0 0 0 0 0 0 0 0 0 0 0 0 0 0 0 0 0 0 0 0]
[675636404081179254448691111746590328040534725475576795620822821095191696584412283412189290426464653919612791 0 0 0 1 0 0 0 0 0 0 0 0 0 0 0 0 0 0 0 0 0 0 0 0 0 0 0 0 0 0 0 0 0 0 0]
[84231091801455632991855882244273149943485779242313967181450248158155571027948527342032290392392585308232966 0 0 0 0 1 0 0 0 0 0 0 0 0 0 0 0 0 0 0 0 0 0 0 0 0 0 0 0 0 0 0 0 0 0 0]
[49379077038404251261914785431316082171268120744824097280500133385402459319345658419729799927132016874097073 0 0 0 0 0 1 0 0 0 0 0 0 0 0 0 0 0 0 0 0 0 0 0 0 0 0 0 0 0 0 0 0 0 0 0]
[1135676898025639097860417792298694771676950714394276701226052504374368102490140609340233911985378130725083451 0 0 0 0 0 0 1 0 0 0 0 0 0 0 0 0 0 0 0 0 0 0 0 0 0 0 0 0 0 0 0 0 0 0 0]
[474153119628165028776329714525939439615612922763303918035867825870054352021456167077472696576378777773113713 0 0 0 0 0 0 0 1 0 0 0 0 0 0 0 0 0 0 0 0 0 0 0 0 0 0 0 0 0 0 0 0 0 0 0]
[1609720804870529281529886994093330078558545361156805623288376074448796538546118309052437104698814438857289525 0 0 0 0 0 0 0 0 1 0 0 0 0 0 0 0 0 0 0 0 0 0 0 0 0 0 0 0 0 0 0 0 0 0 0]
[1205462073581944266498667506718280788269418877105224197152143831298144401564316326635919324283843156723823071 0 0 0 0 0 0 0 0 0 1 0 0 0 0 0 0 0 0 0 0 0 0 0 0 0 0 0 0 0 0 0 0 0 0 0]
[111720926693664131069611919610546184337214604841901457228159003140336687539645057689131139064487218149605586 0 0 0 0 0 0 0 0 0 0 1 0 0 0 0 0 0 0 0 0 0 0 0 0 0 0 0 0 0 0 0 0 0 0 0]
[1841040990370368347979605995233031628878979062406634902374641847864398489433161918529295139356848385924425599 0 0 0 0 0 0 0 0 0 0 0 1 0 0 0 0 0 0 0 0 0 0 0 0 0 0 0 0 0 0 0 0 0 0 0]
[779275109091770190159553610950765238095842094842917918165692948111885187818115587096579128245020150701837405 0 0 0 0 0 0 0 0 0 0 0 0 1 0 0 0 0 0 0 0 0 0 0 0 0 0 0 0 0 0 0 0 0 0 0]
[1701178277150620402149082332106934484924788577192111436008202461472839883815826220752325256865121553091133390 0 0 0 0 0 0 0 0 0 0 0 0 0 1 0 0 0 0 0 0 0 0 0 0 0 0 0 0 0 0 0 0 0 0 0]
[309433855170162179061936462733680788653858596289107631123519171773446769902469638245286543747562366752586383 0 0 0 0 0 0 0 0 0 0 0 0 0 0 1 0 0 0 0 0 0 0 0 0 0 0 0 0 0 0 0 0 0 0 0]
[1757195557492849046567667555004175778046186315930272670762208883415702349060824269683029299874054474626732905 0 0 0 0 0 0 0 0 0 0 0 0 0 0 0 1 0 0 0 0 0 0 0 0 0 0 0 0 0 0 0 0 0 0 0]
[172127133756895937880238665523165056210111656086560964201063275733555512259671493104399022133750350629846954 0 0 0 0 0 0 0 0 0 0 0 0 0 0 0 0 1 0 0 0 0 0 0 0 0 0 0 0 0 0 0 0 0 0 0]
[985690088410878630887407811992563527011462031902723756838591879472309972732935989103668288418025877890346228 0 0 0 0 0 0 0 0 0 0 0 0 0 0 0 0 0 1 0 0 0 0 0 0 0 0 0 0 0 0 0 0 0 0 0]
[1922753774871704985706638554980104286216797158493492500563570806671194244178978954214260912402813031849811337 0 0 0 0 0 0 0 0 0 0 0 0 0 0 0 0 0 0 1 0 0 0 0 0 0 0 0 0 0 0 0 0 0 0 0]
[1207036453998580776939468030434126023641203684910608218544772065247297355449191050370972824513020136716770136 0 0 0 0 0 0 0 0 0 0 0 0 0 0 0 0 0 0 0 1 0 0 0 0 0 0 0 0 0 0 0 0 0 0 0]
[1766748868717550189309641582945889063948337832730375555468810072489389026696352307134661924125065952005609786 0 0 0 0 0 0 0 0 0 0 0 0 0 0 0 0 0 0 0 0 1 0 0 0 0 0 0 0 0 0 0 0 0 0 0]
[1561648525953494507854209035498154151914751497010912524163144439159708723989291202010803030954771199239142554 0 0 0 0 0 0 0 0 0 0 0 0 0 0 0 0 0 0 0 0 0 1 0 0 0 0 0 0 0 0 0 0 0 0 0]
[1789962820472520644317602800417825617594498418468887107305714478503156221527966555167185780172172253302607602 0 0 0 0 0 0 0 0 0 0 0 0 0 0 0 0 0 0 0 0 0 0 1 0 0 0 0 0 0 0 0 0 0 0 0]
[1101627531654949876905111531451223306567940388485321502919816674864491268378121820515475015500980709561633830 0 0 0 0 0 0 0 0 0 0 0 0 0 0 0 0 0 0 0 0 0 0 0 1 0 0 0 0 0 0 0 0 0 0 0]
[599354050345556494785350582398925947842005697162135694064996257959336999033091013895019009920608956815412327 0 0 0 0 0 0 0 0 0 0 0 0 0 0 0 0 0 0 0 0 0 0 0 0 1 0 0 0 0 0 0 0 0 0 0]
[92205283593527575999477236216411040103273930143245351536406767037265167179258897812500971102343912491319364 0 0 0 0 0 0 0 0 0 0 0 0 0 0 0 0 0 0 0 0 0 0 0 0 0 1 0 0 0 0 0 0 0 0 0]
[285129696347413263803792205706878742068532024677271873772617086905568520819144145179830375161106949083428581 0 0 0 0 0 0 0 0 0 0 0 0 0 0 0 0 0 0 0 0 0 0 0 0 0 0 1 0 0 0 0 0 0 0 0]
[281187677909786825752244147974412806345847576857079027588378326042195694493908604731331637039026843028641005 0 0 0 0 0 0 0 0 0 0 0 0 0 0 0 0 0 0 0 0 0 0 0 0 0 0 0 1 0 0 0 0 0 0 0]
[1584029479958976134761765882598157372253616600868620295876004706480644264213732276104185366086382886626978775 0 0 0 0 0 0 0 0 0 0 0 0 0 0 0 0 0 0 0 0 0 0 0 0 0 0 0 0 1 0 0 0 0 0 0]
[1082779992928577523463333293571102701380101121364243938272425531422468721453721363292882643809418008936353069 0 0 0 0 0 0 0 0 0 0 0 0 0 0 0 0 0 0 0 0 0 0 0 0 0 0 0 0 0 1 0 0 0 0 0]
[1238180389887491669556607267031296531545619351791275510211044551961801877832625694673739654968304469519341991 0 0 0 0 0 0 0 0 0 0 0 0 0 0 0 0 0 0 0 0 0 0 0 0 0 0 0 0 0 0 1 0 0 0 0]
[1628849246437313820149441194350668119196179118614984237453559960625715940319096051059180003850940728631536301 0 0 0 0 0 0 0 0 0 0 0 0 0 0 0 0 0 0 0 0 0 0 0 0 0 0 0 0 0 0 0 1 0 0 0]
[324111082624569414944834350010764962515028637874399071135316196089534003885554037094575434270909693060707581 0 0 0 0 0 0 0 0 0 0 0 0 0 0 0 0 0 0 0 0 0 0 0 0 0 0 0 0 0 0 0 0 1 0 0]
[1671762390835925887007047279458065736682532358593012903241138238787593711911630073961992074483887503100078746 0 0 0 0 0 0 0 0 0 0 0 0 0 0 0 0 0 0 0 0 0 0 0 0 0 0 0 0 0 0 0 0 0 1 0]
[1164450020655511191312447377640044842275266254514132899323126980792269545491533132178968163887251048317121309 0 0 0 0 0 0 0 0 0 0 0 0 0 0 0 0 0 0 0 0 0 0 0 0 0 0 0 0 0 0 0 0 0 0 1]
]
