[[1503043834389456226059522413915712594052736747757972909681645967767502949718298398005201622183634964084772957574607 0 0 0 0 0 0 0 0 0 0 0 0 0 0 0 0 0 0 0 0 0 0 0 0 0 0 0 0 0 0 0 0 0 0 0 0 0]
[735213421247523364277980752147080938241085562320871326915463361666191510868725800818426246014498280453520326336214 1 0 0 0 0 0 0 0 0 0 0 0 0 0 0 0 0 0 0 0 0 0 0 0 0 0 0 0 0 0 0 0 0 0 0 0 0]
[577665707044628580976732829974103640431015354288628645990831994019204543228323967108484327934637058510066345335884 0 1 0 0 0 0 0 0 0 0 0 0 0 0 0 0 0 0 0 0 0 0 0 0 0 0 0 0 0 0 0 0 0 0 0 0 0]
[120659907145092844802108526920331691029064119855312936021263885672378431952276673729695780197185227456103161015554 0 0 1 0 0 0 0 0 0 0 0 0 0 0 0 0 0 0 0 0 0 0 0 0 0 0 0 0 0 0 0 0 0 0 0 0 0]
[1147671441267451706021554265432847956753781393666262517923886042134279182801665062203252984636996187342945332458269 0 0 0 1 0 0 0 0 0 0 0 0 0 0 0 0 0 0 0 0 0 0 0 0 0 0 0 0 0 0 0 0 0 0 0 0 0]
[1437038922833986897529791690774112084195138885897957764888023796321347899011903602131187808649113261770738190781993 0 0 0 0 1 0 0 0 0 0 0 0 0 0 0 0 0 0 0 0 0 0 0 0 0 0 0 0 0 0 0 0 0 0 0 0 0]
[1455270099271105186222694051684275199734920395559207622910446559916316392659462289843400399577908013068966062580846 0 0 0 0 0 1 0 0 0 0 0 0 0 0 0 0 0 0 0 0 0 0 0 0 0 0 0 0 0 0 0 0 0 0 0 0 0]
[867228655867367299556443789594506179312309753947398600393711760488622997671224042890764630050760672217501504618903 0 0 0 0 0 0 1 0 0 0 0 0 0 0 0 0 0 0 0 0 0 0 0 0 0 0 0 0 0 0 0 0 0 0 0 0 0]
[1477491322048145075067838661054358465682727968979273566497714590991941616663964110324511618598594474329264169977583 0 0 0 0 0 0 0 1 0 0 0 0 0 0 0 0 0 0 0 0 0 0 0 0 0 0 0 0 0 0 0 0 0 0 0 0 0]
[306891326443384807241441620638579465331650153062884823743403110832988347638965523320587486114743358251817063465640 0 0 0 0 0 0 0 0 1 0 0 0 0 0 0 0 0 0 0 0 0 0 0 0 0 0 0 0 0 0 0 0 0 0 0 0 0]
[1408573627829925981970292387956202870783273774495702236523925637799267870247622535952663152393573687111365789669127 0 0 0 0 0 0 0 0 0 1 0 0 0 0 0 0 0 0 0 0 0 0 0 0 0 0 0 0 0 0 0 0 0 0 0 0 0]
[1370653855982901730194921534286652538496306396332939472378191193993111602239028764723682182663496783157242540317412 0 0 0 0 0 0 0 0 0 0 1 0 0 0 0 0 0 0 0 0 0 0 0 0 0 0 0 0 0 0 0 0 0 0 0 0 0]
[733298873052314952529559025149399633014705968472508664451776391843929894100921245519340735810228916128197367651391 0 0 0 0 0 0 0 0 0 0 0 1 0 0 0 0 0 0 0 0 0 0 0 0 0 0 0 0 0 0 0 0 0 0 0 0 0]
[950110575773918046524575453411454960401420584149225788405392513767502423442620196478523475475419791831912769110891 0 0 0 0 0 0 0 0 0 0 0 0 1 0 0 0 0 0 0 0 0 0 0 0 0 0 0 0 0 0 0 0 0 0 0 0 0]
[688719979201205266196490572987104178542006410944892099771099820363375199620699952399726528867642080149060862310621 0 0 0 0 0 0 0 0 0 0 0 0 0 1 0 0 0 0 0 0 0 0 0 0 0 0 0 0 0 0 0 0 0 0 0 0 0]
[387734626285443894676582435621483012767367121145130120959177178845395957203898628154190366374324944430277203307155 0 0 0 0 0 0 0 0 0 0 0 0 0 0 1 0 0 0 0 0 0 0 0 0 0 0 0 0 0 0 0 0 0 0 0 0 0]
[1332617825631508972845918116974766181964828343927239386122153086429708670797121185093938656497201033794731857885468 0 0 0 0 0 0 0 0 0 0 0 0 0 0 0 1 0 0 0 0 0 0 0 0 0 0 0 0 0 0 0 0 0 0 0 0 0]
[770197104526393290731547351602492989375481246901075595789535129934994701911275510007706001378977765081321947938312 0 0 0 0 0 0 0 0 0 0 0 0 0 0 0 0 1 0 0 0 0 0 0 0 0 0 0 0 0 0 0 0 0 0 0 0 0]
[1047243006353483475381421851115025628076856343996101074895723527647521093932814741474996074266352747052322639739320 0 0 0 0 0 0 0 0 0 0 0 0 0 0 0 0 0 1 0 0 0 0 0 0 0 0 0 0 0 0 0 0 0 0 0 0 0]
[1213542794063484979575627472172311529653264898200072919267600668057517671508955938410351719283498416096120531463386 0 0 0 0 0 0 0 0 0 0 0 0 0 0 0 0 0 0 1 0 0 0 0 0 0 0 0 0 0 0 0 0 0 0 0 0 0]
[709912175891747656904842428575860272293478986715093992497199696713413974210050299216490707762582918473148437865103 0 0 0 0 0 0 0 0 0 0 0 0 0 0 0 0 0 0 0 1 0 0 0 0 0 0 0 0 0 0 0 0 0 0 0 0 0]
[366182451429754450436470745728817913439664369338966023354379737135102769394838069196490146231203903485514109625679 0 0 0 0 0 0 0 0 0 0 0 0 0 0 0 0 0 0 0 0 1 0 0 0 0 0 0 0 0 0 0 0 0 0 0 0 0]
[114780512417915993236840530329582744186602200048371903313737339390997503714955672837584562348489760704720075511674 0 0 0 0 0 0 0 0 0 0 0 0 0 0 0 0 0 0 0 0 0 1 0 0 0 0 0 0 0 0 0 0 0 0 0 0 0]
[1118875282682782383909031668681713484113980510967492778213308351350489843120587570573315808841663488994471019998439 0 0 0 0 0 0 0 0 0 0 0 0 0 0 0 0 0 0 0 0 0 0 1 0 0 0 0 0 0 0 0 0 0 0 0 0 0]
[215254751955765801670913693769816856280711852801388259118020915735838937591936455604807996139059018635101152471053 0 0 0 0 0 0 0 0 0 0 0 0 0 0 0 0 0 0 0 0 0 0 0 1 0 0 0 0 0 0 0 0 0 0 0 0 0]
[1477178802112998929736911174396700906670641945654541830124029203363063646520819377922817193404573266958354863956319 0 0 0 0 0 0 0 0 0 0 0 0 0 0 0 0 0 0 0 0 0 0 0 0 1 0 0 0 0 0 0 0 0 0 0 0 0]
[61531069178140766249576605688625647956951107125711250924337341445813391840770666662338760923713406069299289869570 0 0 0 0 0 0 0 0 0 0 0 0 0 0 0 0 0 0 0 0 0 0 0 0 0 1 0 0 0 0 0 0 0 0 0 0 0]
[587885215011640501110954012964052150755380350956792184069182169129743513488586658870907280256289682679564015999212 0 0 0 0 0 0 0 0 0 0 0 0 0 0 0 0 0 0 0 0 0 0 0 0 0 0 1 0 0 0 0 0 0 0 0 0 0]
[1046530374985936620167993671884510702455834308420267430567224806108254535948588787624771140992538932068746895738599 0 0 0 0 0 0 0 0 0 0 0 0 0 0 0 0 0 0 0 0 0 0 0 0 0 0 0 1 0 0 0 0 0 0 0 0 0]
[103128763911816088788630810109875110512736761426373301227526056122244499939857372453297491300648183520366663768806 0 0 0 0 0 0 0 0 0 0 0 0 0 0 0 0 0 0 0 0 0 0 0 0 0 0 0 0 1 0 0 0 0 0 0 0 0]
[299402149118078261339657945181259717018201892792846384929810459073660760310812745109554399243077242801549213774545 0 0 0 0 0 0 0 0 0 0 0 0 0 0 0 0 0 0 0 0 0 0 0 0 0 0 0 0 0 1 0 0 0 0 0 0 0]
[1131119048760169777985435067869333840908397834810101274850589481657331026093481901244034524411184815566080200015591 0 0 0 0 0 0 0 0 0 0 0 0 0 0 0 0 0 0 0 0 0 0 0 0 0 0 0 0 0 0 1 0 0 0 0 0 0]
[85291697539687558072633604655812584261986059292123806748628536092910407640602480602208087203508110144688027996468 0 0 0 0 0 0 0 0 0 0 0 0 0 0 0 0 0 0 0 0 0 0 0 0 0 0 0 0 0 0 0 1 0 0 0 0 0]
[67626809785444513725410571770822000094928849653561466884472315291638020111795107567852778487918027126754984398525 0 0 0 0 0 0 0 0 0 0 0 0 0 0 0 0 0 0 0 0 0 0 0 0 0 0 0 0 0 0 0 0 1 0 0 0 0]
[176638624453823287202211386760598336900152301371867787592789228241520659939497841324970492639527657513911247325327 0 0 0 0 0 0 0 0 0 0 0 0 0 0 0 0 0 0 0 0 0 0 0 0 0 0 0 0 0 0 0 0 0 1 0 0 0]
[342771721111709055986495012062293818863827722801906656007578927268613954730737547757512964286655424753924239048483 0 0 0 0 0 0 0 0 0 0 0 0 0 0 0 0 0 0 0 0 0 0 0 0 0 0 0 0 0 0 0 0 0 0 1 0 0]
[1337297953669382297012569688697672358552137282363085872027503247342212999510119118745047548628350356352934291503933 0 0 0 0 0 0 0 0 0 0 0 0 0 0 0 0 0 0 0 0 0 0 0 0 0 0 0 0 0 0 0 0 0 0 0 1 0]
[109220831712011323509626093707105654436988988396706424174810682246653145491426356944247734669399732962658093947580 0 0 0 0 0 0 0 0 0 0 0 0 0 0 0 0 0 0 0 0 0 0 0 0 0 0 0 0 0 0 0 0 0 0 0 0 1]
]
