[[1584956353405321688700103371067625259084435357343950215283479552064000175647137335160487883423210398565792721987 0 0 0 0 0 0 0 0 0 0 0 0 0 0 0 0 0 0 0 0 0 0 0 0 0 0 0 0 0 0 0 0 0 0 0 0]
[1039997053389191214143679586359095384371919361655507326781003323951845072067627117616024608647990103725432162590 1 0 0 0 0 0 0 0 0 0 0 0 0 0 0 0 0 0 0 0 0 0 0 0 0 0 0 0 0 0 0 0 0 0 0 0]
[986672391007126709977996665627424694903518497480051282518685330428029320855595876456223079282767067534396825956 0 1 0 0 0 0 0 0 0 0 0 0 0 0 0 0 0 0 0 0 0 0 0 0 0 0 0 0 0 0 0 0 0 0 0 0]
[550681775711506884089178577773273235047583138364049042678465260797890733234257962976383893085579006419419517868 0 0 1 0 0 0 0 0 0 0 0 0 0 0 0 0 0 0 0 0 0 0 0 0 0 0 0 0 0 0 0 0 0 0 0 0]
[1263197086596261316440910709125100788262977405409274110995914031240584689999039499258001024876962032970399001178 0 0 0 1 0 0 0 0 0 0 0 0 0 0 0 0 0 0 0 0 0 0 0 0 0 0 0 0 0 0 0 0 0 0 0 0]
[1518904232803297142649928963431984242419671754707176762744799087581262134599433781229880014521473238553158646822 0 0 0 0 1 0 0 0 0 0 0 0 0 0 0 0 0 0 0 0 0 0 0 0 0 0 0 0 0 0 0 0 0 0 0 0]
[1457687602874841157745920871359877156346898649645406288822114834796511163920387165867921968970940877354578607406 0 0 0 0 0 1 0 0 0 0 0 0 0 0 0 0 0 0 0 0 0 0 0 0 0 0 0 0 0 0 0 0 0 0 0 0]
[1349993260369727088065360402770608436313755874415064760521629294546190533260794838357419365904883568518108041724 0 0 0 0 0 0 1 0 0 0 0 0 0 0 0 0 0 0 0 0 0 0 0 0 0 0 0 0 0 0 0 0 0 0 0 0]
[899999760457803283719385004907753486716441232223011249892527675671833326722090491952634977895837936381925275037 0 0 0 0 0 0 0 1 0 0 0 0 0 0 0 0 0 0 0 0 0 0 0 0 0 0 0 0 0 0 0 0 0 0 0 0]
[462703827486335952461587583750924612877403095409092649436437147739817357018980835841454834762273744992190665030 0 0 0 0 0 0 0 0 1 0 0 0 0 0 0 0 0 0 0 0 0 0 0 0 0 0 0 0 0 0 0 0 0 0 0 0]
[244593465132415607786249655984950408827147987790403707536185917510329528736321132333188585919956882107946150450 0 0 0 0 0 0 0 0 0 1 0 0 0 0 0 0 0 0 0 0 0 0 0 0 0 0 0 0 0 0 0 0 0 0 0 0]
[1270103838044510747407293128647860199045135769470559135402135345388076060436743055622694538205428525569490403401 0 0 0 0 0 0 0 0 0 0 1 0 0 0 0 0 0 0 0 0 0 0 0 0 0 0 0 0 0 0 0 0 0 0 0 0]
[272351991585695737280498007048325226127979847141670343127843908392296128987412216805234961466132269979580479776 0 0 0 0 0 0 0 0 0 0 0 1 0 0 0 0 0 0 0 0 0 0 0 0 0 0 0 0 0 0 0 0 0 0 0 0]
[292622559348875123130621346494099228153465125727852500231384781965501266195538879071911857755162303798576277954 0 0 0 0 0 0 0 0 0 0 0 0 1 0 0 0 0 0 0 0 0 0 0 0 0 0 0 0 0 0 0 0 0 0 0 0]
[578835937258148381002346666333948761328566902539412764887987558151510081463662254505332352313327289416101043545 0 0 0 0 0 0 0 0 0 0 0 0 0 1 0 0 0 0 0 0 0 0 0 0 0 0 0 0 0 0 0 0 0 0 0 0]
[1030056935679449908367653227177459036613507542817945171622553910162661272053126057857739249887692491185977350120 0 0 0 0 0 0 0 0 0 0 0 0 0 0 1 0 0 0 0 0 0 0 0 0 0 0 0 0 0 0 0 0 0 0 0 0]
[366162539648610723289781561499035764835700807463091325158451725805369832163297619545511350135893325698518798013 0 0 0 0 0 0 0 0 0 0 0 0 0 0 0 1 0 0 0 0 0 0 0 0 0 0 0 0 0 0 0 0 0 0 0 0]
[1179368749913986109606579554028237414259722724042216544215979429346316892195777033519389152143295156855432046559 0 0 0 0 0 0 0 0 0 0 0 0 0 0 0 0 1 0 0 0 0 0 0 0 0 0 0 0 0 0 0 0 0 0 0 0]
[1147986303113528811173490270837618008635098487048463635713878272015273352728007787338054199568315646409173367995 0 0 0 0 0 0 0 0 0 0 0 0 0 0 0 0 0 1 0 0 0 0 0 0 0 0 0 0 0 0 0 0 0 0 0 0]
[866668579165406508859171515470673904809722753706234713413984979043175560869194332797298637374848758044543956676 0 0 0 0 0 0 0 0 0 0 0 0 0 0 0 0 0 0 1 0 0 0 0 0 0 0 0 0 0 0 0 0 0 0 0 0]
[880706847587247636179698268316191099283898943436667104804832548760041859952102581337945849874368596223968737926 0 0 0 0 0 0 0 0 0 0 0 0 0 0 0 0 0 0 0 1 0 0 0 0 0 0 0 0 0 0 0 0 0 0 0 0]
[128798396985602189794713019206478240994053132991788080996698906779381773193488309377946235946037050881123349383 0 0 0 0 0 0 0 0 0 0 0 0 0 0 0 0 0 0 0 0 1 0 0 0 0 0 0 0 0 0 0 0 0 0 0 0]
[1213471781277357503838088157919523824544847932518313912077624107474964636017171227048035182240848263960457102043 0 0 0 0 0 0 0 0 0 0 0 0 0 0 0 0 0 0 0 0 0 1 0 0 0 0 0 0 0 0 0 0 0 0 0 0]
[711769803815912519523943340435235010825079555219674959952599888037713996061293011495098940792464642802767869171 0 0 0 0 0 0 0 0 0 0 0 0 0 0 0 0 0 0 0 0 0 0 1 0 0 0 0 0 0 0 0 0 0 0 0 0]
[989302363411189364926548396474391628675811055609493459773406516467641660716403620313410283316690929327550168690 0 0 0 0 0 0 0 0 0 0 0 0 0 0 0 0 0 0 0 0 0 0 0 1 0 0 0 0 0 0 0 0 0 0 0 0]
[383354547893270320997079151504115436248348861654594608245204070830484977383591842710491918149905533919947533964 0 0 0 0 0 0 0 0 0 0 0 0 0 0 0 0 0 0 0 0 0 0 0 0 1 0 0 0 0 0 0 0 0 0 0 0]
[373122579151531392364230491303399713492896705026993198349300387478458018224447181878679769152370122629198459683 0 0 0 0 0 0 0 0 0 0 0 0 0 0 0 0 0 0 0 0 0 0 0 0 0 1 0 0 0 0 0 0 0 0 0 0]
[3489555074956087893363559170128379581777832995882115864326363817490625606312348573707383743653130864181567619 0 0 0 0 0 0 0 0 0 0 0 0 0 0 0 0 0 0 0 0 0 0 0 0 0 0 1 0 0 0 0 0 0 0 0 0]
[900053470906931668236640930094169588422713341196763306854382491704107397813622050109217570922094696993474784457 0 0 0 0 0 0 0 0 0 0 0 0 0 0 0 0 0 0 0 0 0 0 0 0 0 0 0 1 0 0 0 0 0 0 0 0]
[257301613266078426865409849653949922678534710578376428751577516839115303448424655643387095579718287492260046580 0 0 0 0 0 0 0 0 0 0 0 0 0 0 0 0 0 0 0 0 0 0 0 0 0 0 0 0 1 0 0 0 0 0 0 0]
[1451762145187538339715269626090414376813268368466428868392802972774299585380575577039394945777725958277816433686 0 0 0 0 0 0 0 0 0 0 0 0 0 0 0 0 0 0 0 0 0 0 0 0 0 0 0 0 0 1 0 0 0 0 0 0]
[1109826433920719233369300014892827204672567040751277921770919767629189271080937059182697980084124062297725067886 0 0 0 0 0 0 0 0 0 0 0 0 0 0 0 0 0 0 0 0 0 0 0 0 0 0 0 0 0 0 1 0 0 0 0 0]
[631498180325094582324069802895645277925275055627278516363148969576309804121881202936717740281423285307255699337 0 0 0 0 0 0 0 0 0 0 0 0 0 0 0 0 0 0 0 0 0 0 0 0 0 0 0 0 0 0 0 1 0 0 0 0]
[1065660363937753107326297815667561394680850378762593960707623146622355621554500585999431065373010717160957795244 0 0 0 0 0 0 0 0 0 0 0 0 0 0 0 0 0 0 0 0 0 0 0 0 0 0 0 0 0 0 0 0 1 0 0 0]
[845326400057497100016170033133567112052739425484688265750368176783285252958895454562241276610780291253106429846 0 0 0 0 0 0 0 0 0 0 0 0 0 0 0 0 0 0 0 0 0 0 0 0 0 0 0 0 0 0 0 0 0 1 0 0]
[342346205272364755180173949966891070532557051558657517450263278212818458375132817498633377660551283445248727799 0 0 0 0 0 0 0 0 0 0 0 0 0 0 0 0 0 0 0 0 0 0 0 0 0 0 0 0 0 0 0 0 0 0 1 0]
[583720416118221855450256189127248169912926718350205228135595547616821403725949108217129557144398138852932611868 0 0 0 0 0 0 0 0 0 0 0 0 0 0 0 0 0 0 0 0 0 0 0 0 0 0 0 0 0 0 0 0 0 0 0 1]
]
