[[1873577165315068953455407287232081590196450367488726495650230896821964179205555910043097238039 0 0 0 0 0 0 0 0 0 0 0 0 0 0 0 0 0 0 0 0 0 0 0 0 0 0 0 0 0 0]
[1071002021832133971448739489740493046836679106111809959646343283858325600441606021619913350815 1 0 0 0 0 0 0 0 0 0 0 0 0 0 0 0 0 0 0 0 0 0 0 0 0 0 0 0 0 0]
[972042178165484194840307772322410034294179272598605655270269809031890957696069605658327210034 0 1 0 0 0 0 0 0 0 0 0 0 0 0 0 0 0 0 0 0 0 0 0 0 0 0 0 0 0 0]
[365749867214922605445139801632463272167558177486692764423745110353317749302247788983222778994 0 0 1 0 0 0 0 0 0 0 0 0 0 0 0 0 0 0 0 0 0 0 0 0 0 0 0 0 0 0]
[641196237585100631395746957643035575689893996479154692704412598736060812448368489649834579839 0 0 0 1 0 0 0 0 0 0 0 0 0 0 0 0 0 0 0 0 0 0 0 0 0 0 0 0 0 0]
[99214260078846845829361159172626410554287698092773342570908722569553146016962149729060158052 0 0 0 0 1 0 0 0 0 0 0 0 0 0 0 0 0 0 0 0 0 0 0 0 0 0 0 0 0 0]
[1715173050744370441332119453892217149679063018643433657183926029369064034050084208158155230807 0 0 0 0 0 1 0 0 0 0 0 0 0 0 0 0 0 0 0 0 0 0 0 0 0 0 0 0 0 0]
[105683620359686439567851682965407171855804448143909896789166534760590217963707893270752135265 0 0 0 0 0 0 1 0 0 0 0 0 0 0 0 0 0 0 0 0 0 0 0 0 0 0 0 0 0 0]
[1225826936126287724416637838154999539382819413936493329328670896990117229849458458572920964180 0 0 0 0 0 0 0 1 0 0 0 0 0 0 0 0 0 0 0 0 0 0 0 0 0 0 0 0 0 0]
[901451988233861021541954186888692587894895816994005318175231353642643858580979084219058445258 0 0 0 0 0 0 0 0 1 0 0 0 0 0 0 0 0 0 0 0 0 0 0 0 0 0 0 0 0 0]
[960168442186598172876650604373763374193397196648655604262124504213206254602235981080053564469 0 0 0 0 0 0 0 0 0 1 0 0 0 0 0 0 0 0 0 0 0 0 0 0 0 0 0 0 0 0]
[147439393658745773364561725974998319387326536218210252101598688668404842903737042837448736906 0 0 0 0 0 0 0 0 0 0 1 0 0 0 0 0 0 0 0 0 0 0 0 0 0 0 0 0 0 0]
[1502118889504521133039896787839731981648441858075724095254058503988658523334455301556053317181 0 0 0 0 0 0 0 0 0 0 0 1 0 0 0 0 0 0 0 0 0 0 0 0 0 0 0 0 0 0]
[1634678037968442884535978639481117126580625425436305839022532152856398727947390023039583755189 0 0 0 0 0 0 0 0 0 0 0 0 1 0 0 0 0 0 0 0 0 0 0 0 0 0 0 0 0 0]
[942228014284089983841742047224548799980993899714553945788655406008170261491110714098089619956 0 0 0 0 0 0 0 0 0 0 0 0 0 1 0 0 0 0 0 0 0 0 0 0 0 0 0 0 0 0]
[1822633660044754658664059201916716449640256012857613099416828427506079653370771543750457384170 0 0 0 0 0 0 0 0 0 0 0 0 0 0 1 0 0 0 0 0 0 0 0 0 0 0 0 0 0 0]
[1290328042889191361076379626061758506183589169093818239214514618969516229679409787896135344252 0 0 0 0 0 0 0 0 0 0 0 0 0 0 0 1 0 0 0 0 0 0 0 0 0 0 0 0 0 0]
[1013151815735604626038995681477231516803117376176756956110030015571353424191080060200386858263 0 0 0 0 0 0 0 0 0 0 0 0 0 0 0 0 1 0 0 0 0 0 0 0 0 0 0 0 0 0]
[1262258995144976913791207194326691244858328786181153254925327806622096264578672999221728354794 0 0 0 0 0 0 0 0 0 0 0 0 0 0 0 0 0 1 0 0 0 0 0 0 0 0 0 0 0 0]
[651720332616177050868046995742683629640597125958552879124716458665390394986014864527369374922 0 0 0 0 0 0 0 0 0 0 0 0 0 0 0 0 0 0 1 0 0 0 0 0 0 0 0 0 0 0]
[300810711131523688704080298132979791099763399473504938551085281748712058124948671206006101679 0 0 0 0 0 0 0 0 0 0 0 0 0 0 0 0 0 0 0 1 0 0 0 0 0 0 0 0 0 0]
[829537348982400953004718105154450442102359016408436460269210953477567474573549222315439689260 0 0 0 0 0 0 0 0 0 0 0 0 0 0 0 0 0 0 0 0 1 0 0 0 0 0 0 0 0 0]
[1309286565160032818360039543752621001664890719721902644148942479846614392128978740954816887617 0 0 0 0 0 0 0 0 0 0 0 0 0 0 0 0 0 0 0 0 0 1 0 0 0 0 0 0 0 0]
[424967721568842772012049226533588240436769457464456616161438715287585593040979011929964010611 0 0 0 0 0 0 0 0 0 0 0 0 0 0 0 0 0 0 0 0 0 0 1 0 0 0 0 0 0 0]
[1211563563576970014902181485855063903772755556374004492468424403528140453079036682304666206385 0 0 0 0 0 0 0 0 0 0 0 0 0 0 0 0 0 0 0 0 0 0 0 1 0 0 0 0 0 0]
[187972405540229123556056947618201441242353166619415425487616439581464125235528890463040354000 0 0 0 0 0 0 0 0 0 0 0 0 0 0 0 0 0 0 0 0 0 0 0 0 1 0 0 0 0 0]
[1540106376779964607664436241021652515453432309003408381403520598376625532585182386852488358596 0 0 0 0 0 0 0 0 0 0 0 0 0 0 0 0 0 0 0 0 0 0 0 0 0 1 0 0 0 0]
[1760552168462832136585004962969695370280451134557886485788907231292853124794957494503418610395 0 0 0 0 0 0 0 0 0 0 0 0 0 0 0 0 0 0 0 0 0 0 0 0 0 0 1 0 0 0]
[553925954606228260483193293500405388249235453629753174429987305010315653953936908439007197892 0 0 0 0 0 0 0 0 0 0 0 0 0 0 0 0 0 0 0 0 0 0 0 0 0 0 0 1 0 0]
[1415248354524744296112198084801578895663340045307107641551260953752673603371013601735560194399 0 0 0 0 0 0 0 0 0 0 0 0 0 0 0 0 0 0 0 0 0 0 0 0 0 0 0 0 1 0]
[974662844864177183826883835729908504800557892216312899521176594289748712404109020305029110396 0 0 0 0 0 0 0 0 0 0 0 0 0 0 0 0 0 0 0 0 0 0 0 0 0 0 0 0 0 1]
]
