[[1393632540770496093170039211734491613275942399863943843658713653701512447239935023749255084659052022694284208651 0 0 0 0 0 0 0 0 0 0 0 0 0 0 0 0 0 0 0 0 0 0 0 0 0 0 0 0 0 0 0 0 0 0 0 0]
[944076557871060763343652389596817039723828580031088560963711049919589866401103371045477170289539882365243064288 1 0 0 0 0 0 0 0 0 0 0 0 0 0 0 0 0 0 0 0 0 0 0 0 0 0 0 0 0 0 0 0 0 0 0 0]
[406907831222219929891259042113128129659936036912934855785084636255635804323498616715749355417195001703147034225 0 1 0 0 0 0 0 0 0 0 0 0 0 0 0 0 0 0 0 0 0 0 0 0 0 0 0 0 0 0 0 0 0 0 0 0]
[476333755074209279708342422991302364538849624684028619431600781087515091256784262485529418738118009225326432368 0 0 1 0 0 0 0 0 0 0 0 0 0 0 0 0 0 0 0 0 0 0 0 0 0 0 0 0 0 0 0 0 0 0 0 0]
[598610342936062811562191898631301754663365611893780242021104793425029473882941567197651633823258643065206906065 0 0 0 1 0 0 0 0 0 0 0 0 0 0 0 0 0 0 0 0 0 0 0 0 0 0 0 0 0 0 0 0 0 0 0 0]
[273345216827308636689720294431884476040958307869150929967950659942615375468700695028275708663436703952690953434 0 0 0 0 1 0 0 0 0 0 0 0 0 0 0 0 0 0 0 0 0 0 0 0 0 0 0 0 0 0 0 0 0 0 0 0]
[1249806802198701848303702512687370605230335191850804560649489875916566779263415654482562467422155568676503992543 0 0 0 0 0 1 0 0 0 0 0 0 0 0 0 0 0 0 0 0 0 0 0 0 0 0 0 0 0 0 0 0 0 0 0 0]
[14051215029747918185304142342674267511556119592540312762770790049772244106405191928481623459318830193991462662 0 0 0 0 0 0 1 0 0 0 0 0 0 0 0 0 0 0 0 0 0 0 0 0 0 0 0 0 0 0 0 0 0 0 0 0]
[1014272362752852008775647759419236454131985240724962595804094607770590542357839689394070908330712173050580418735 0 0 0 0 0 0 0 1 0 0 0 0 0 0 0 0 0 0 0 0 0 0 0 0 0 0 0 0 0 0 0 0 0 0 0 0]
[602597441948932634565723618476191455675922150347720471097533065559561209670501916595060674913201596656899768215 0 0 0 0 0 0 0 0 1 0 0 0 0 0 0 0 0 0 0 0 0 0 0 0 0 0 0 0 0 0 0 0 0 0 0 0]
[868374413098077038158011047566396253603078315509532220107994017848716638699292960760423035542995610203127625308 0 0 0 0 0 0 0 0 0 1 0 0 0 0 0 0 0 0 0 0 0 0 0 0 0 0 0 0 0 0 0 0 0 0 0 0]
[720396151678811412330038172960207270518489874453317181950346864665819239921540202115558765580012354566266870151 0 0 0 0 0 0 0 0 0 0 1 0 0 0 0 0 0 0 0 0 0 0 0 0 0 0 0 0 0 0 0 0 0 0 0 0]
[978275567862334276757639718241197108824609161703613380240637257635569623378647269580862741096643039814549908816 0 0 0 0 0 0 0 0 0 0 0 1 0 0 0 0 0 0 0 0 0 0 0 0 0 0 0 0 0 0 0 0 0 0 0 0]
[52693791925581184370960887439104617697112658033754109284494420265411500447505376312330080557095855622929426522 0 0 0 0 0 0 0 0 0 0 0 0 1 0 0 0 0 0 0 0 0 0 0 0 0 0 0 0 0 0 0 0 0 0 0 0]
[884197392097237806176850678299285713765512116609145354171548841072078862545177757188498546674103537454054877627 0 0 0 0 0 0 0 0 0 0 0 0 0 1 0 0 0 0 0 0 0 0 0 0 0 0 0 0 0 0 0 0 0 0 0 0]
[1259725075152010910705450179161388729761012281946023800510105330445746711544034900504396755366773384933240600689 0 0 0 0 0 0 0 0 0 0 0 0 0 0 1 0 0 0 0 0 0 0 0 0 0 0 0 0 0 0 0 0 0 0 0 0]
[574967165947376723001954509627128612296692888655751932973086051468640761614259369191511522392500093173007073171 0 0 0 0 0 0 0 0 0 0 0 0 0 0 0 1 0 0 0 0 0 0 0 0 0 0 0 0 0 0 0 0 0 0 0 0]
[924184295389669892785557270338803675668313421049122120778304541525710027564390796980562196642819632817942925070 0 0 0 0 0 0 0 0 0 0 0 0 0 0 0 0 1 0 0 0 0 0 0 0 0 0 0 0 0 0 0 0 0 0 0 0]
[1193665065408867717204544577129347377352956499351128286843571715102078519590673675872206572668339860237955637534 0 0 0 0 0 0 0 0 0 0 0 0 0 0 0 0 0 1 0 0 0 0 0 0 0 0 0 0 0 0 0 0 0 0 0 0]
[271564151177303683033924031479800708558512625042060636344033733979182031589814810854286603508510174261106858155 0 0 0 0 0 0 0 0 0 0 0 0 0 0 0 0 0 0 1 0 0 0 0 0 0 0 0 0 0 0 0 0 0 0 0 0]
[907089747018609598518507385647583057760865698103206183255402410486823317668090028954467985183525789436766194659 0 0 0 0 0 0 0 0 0 0 0 0 0 0 0 0 0 0 0 1 0 0 0 0 0 0 0 0 0 0 0 0 0 0 0 0]
[455400055055068316419059792686913640253622359049018106587893872756558985489734913595789112770455176068261128325 0 0 0 0 0 0 0 0 0 0 0 0 0 0 0 0 0 0 0 0 1 0 0 0 0 0 0 0 0 0 0 0 0 0 0 0]
[383385381230468848889355550699105777135567812418457849334649509122966586788646205393801081380118032997468425828 0 0 0 0 0 0 0 0 0 0 0 0 0 0 0 0 0 0 0 0 0 1 0 0 0 0 0 0 0 0 0 0 0 0 0 0]
[830471900473517830724288248330296947288522986678297301151291422888665898439382590710217775701036275885412282873 0 0 0 0 0 0 0 0 0 0 0 0 0 0 0 0 0 0 0 0 0 0 1 0 0 0 0 0 0 0 0 0 0 0 0 0]
[667813756998242236762998532655542566727496706562670664950883687624349180221475619346262980713861278133698487868 0 0 0 0 0 0 0 0 0 0 0 0 0 0 0 0 0 0 0 0 0 0 0 1 0 0 0 0 0 0 0 0 0 0 0 0]
[1104869340141891895590383799875478093851296203219223870225490557000988410807458996502952802438489682609237960396 0 0 0 0 0 0 0 0 0 0 0 0 0 0 0 0 0 0 0 0 0 0 0 0 1 0 0 0 0 0 0 0 0 0 0 0]
[1383218896184399635920378461743243404441819055516992710682176311910356664541809929704127453219105545204610330623 0 0 0 0 0 0 0 0 0 0 0 0 0 0 0 0 0 0 0 0 0 0 0 0 0 1 0 0 0 0 0 0 0 0 0 0]
[1281433896416489784540130800741803325979653570014565279867995614294354336559816706054928547030723091505156361551 0 0 0 0 0 0 0 0 0 0 0 0 0 0 0 0 0 0 0 0 0 0 0 0 0 0 1 0 0 0 0 0 0 0 0 0]
[110343188284168896720287468285652082947992096235122291983832220572113832759190000118204517640029306926924840734 0 0 0 0 0 0 0 0 0 0 0 0 0 0 0 0 0 0 0 0 0 0 0 0 0 0 0 1 0 0 0 0 0 0 0 0]
[1224632520908779651493302851421579585876939458292215291482351982462241779013476734742906323994479905365384334433 0 0 0 0 0 0 0 0 0 0 0 0 0 0 0 0 0 0 0 0 0 0 0 0 0 0 0 0 1 0 0 0 0 0 0 0]
[590019111174974780012797877136141211275151919101169753046547086810581614440344054864331012894939468207037414691 0 0 0 0 0 0 0 0 0 0 0 0 0 0 0 0 0 0 0 0 0 0 0 0 0 0 0 0 0 1 0 0 0 0 0 0]
[254051049550503760682889160659070009252014064910620335372826207760198630698421985781288592741830385728639994986 0 0 0 0 0 0 0 0 0 0 0 0 0 0 0 0 0 0 0 0 0 0 0 0 0 0 0 0 0 0 1 0 0 0 0 0]
[1314845133251292348619557283963875861537133664793467193854294603059639394856227328005038581901584501633219381897 0 0 0 0 0 0 0 0 0 0 0 0 0 0 0 0 0 0 0 0 0 0 0 0 0 0 0 0 0 0 0 1 0 0 0 0]
[890970984198288735564447564461122648037278914072024672391569347179777164281800863606550076249943943646241875783 0 0 0 0 0 0 0 0 0 0 0 0 0 0 0 0 0 0 0 0 0 0 0 0 0 0 0 0 0 0 0 0 1 0 0 0]
[496423657587659631771727417470256068859932664778866552671163926496226240055774695649619955728464384483022603733 0 0 0 0 0 0 0 0 0 0 0 0 0 0 0 0 0 0 0 0 0 0 0 0 0 0 0 0 0 0 0 0 0 1 0 0]
[117482053501065561337697391960239123741049912330147463897017471254918041375946422671517437989458539726230860615 0 0 0 0 0 0 0 0 0 0 0 0 0 0 0 0 0 0 0 0 0 0 0 0 0 0 0 0 0 0 0 0 0 0 1 0]
[565627532762435923304039377273672339677113155896737059400588924623998375525199204862443162448429246686370136455 0 0 0 0 0 0 0 0 0 0 0 0 0 0 0 0 0 0 0 0 0 0 0 0 0 0 0 0 0 0 0 0 0 0 0 1]
]
