[[2231290460940264826174424046070459593871216522471389280947737332022132374933598790799474428045906699049501 0 0 0 0 0 0 0 0 0 0 0 0 0 0 0 0 0 0 0 0 0 0 0 0 0 0 0 0 0 0 0 0 0 0]
[955706779249805895922323688922397624423951851856411945231955090443251909310690625045577203725810194642216 1 0 0 0 0 0 0 0 0 0 0 0 0 0 0 0 0 0 0 0 0 0 0 0 0 0 0 0 0 0 0 0 0 0]
[750065663404244128812543792060782809024520194818598152263411686642294283988815917361916536762623784533258 0 1 0 0 0 0 0 0 0 0 0 0 0 0 0 0 0 0 0 0 0 0 0 0 0 0 0 0 0 0 0 0 0 0]
[1793427645848014276022978847581821842189533183926866611830713442955639280275426804826699106369418753169340 0 0 1 0 0 0 0 0 0 0 0 0 0 0 0 0 0 0 0 0 0 0 0 0 0 0 0 0 0 0 0 0 0 0]
[554770470918285754972793298242163266562487389844403267182062928970045731866458137732208584194771732541046 0 0 0 1 0 0 0 0 0 0 0 0 0 0 0 0 0 0 0 0 0 0 0 0 0 0 0 0 0 0 0 0 0 0]
[966205854866069905983205241752660754925375515511657044615810160758850202127197183391107352404846376454314 0 0 0 0 1 0 0 0 0 0 0 0 0 0 0 0 0 0 0 0 0 0 0 0 0 0 0 0 0 0 0 0 0 0]
[1048065245266780754413103911270583131203895874724347476497632512153043396419195272840385011252327805805190 0 0 0 0 0 1 0 0 0 0 0 0 0 0 0 0 0 0 0 0 0 0 0 0 0 0 0 0 0 0 0 0 0 0]
[1115062344511239182704111687544459297797069869860854015111071859948607288183763096465923921653514178021984 0 0 0 0 0 0 1 0 0 0 0 0 0 0 0 0 0 0 0 0 0 0 0 0 0 0 0 0 0 0 0 0 0 0]
[1034232259145536877166241090172773528541849452095474790686820994829359990302111900529146753412124210828676 0 0 0 0 0 0 0 1 0 0 0 0 0 0 0 0 0 0 0 0 0 0 0 0 0 0 0 0 0 0 0 0 0 0]
[2207546114548744377512009028915115507677178381593879225955329963535683033450087749380404527322933204143121 0 0 0 0 0 0 0 0 1 0 0 0 0 0 0 0 0 0 0 0 0 0 0 0 0 0 0 0 0 0 0 0 0 0]
[750871830087368497444859758483184173610637444463967544940749435468530717347677349947749602130417788169757 0 0 0 0 0 0 0 0 0 1 0 0 0 0 0 0 0 0 0 0 0 0 0 0 0 0 0 0 0 0 0 0 0 0]
[642345885043436364022984669320585591836369505082223219460332000183747649893173089883037989561214502252054 0 0 0 0 0 0 0 0 0 0 1 0 0 0 0 0 0 0 0 0 0 0 0 0 0 0 0 0 0 0 0 0 0 0]
[1419430977412467930945534768313185231866819477209141828937766894210798787549401053132634647442506475714773 0 0 0 0 0 0 0 0 0 0 0 1 0 0 0 0 0 0 0 0 0 0 0 0 0 0 0 0 0 0 0 0 0 0]
[839264534427807634664148731292491475552239309444230613786205464662654700156069733720234806382522663344789 0 0 0 0 0 0 0 0 0 0 0 0 1 0 0 0 0 0 0 0 0 0 0 0 0 0 0 0 0 0 0 0 0 0]
[2202850966289338990049382465781462513283134022771887507848580934769473977751339414279062791019826004763667 0 0 0 0 0 0 0 0 0 0 0 0 0 1 0 0 0 0 0 0 0 0 0 0 0 0 0 0 0 0 0 0 0 0]
[1766449134102109986179322491291415703059590603129837685350133185050803123189432308167446688569415195695097 0 0 0 0 0 0 0 0 0 0 0 0 0 0 1 0 0 0 0 0 0 0 0 0 0 0 0 0 0 0 0 0 0 0]
[1231570392810129105677536951621795196064752892003011569222576637585647701410052629561851373976913831000251 0 0 0 0 0 0 0 0 0 0 0 0 0 0 0 1 0 0 0 0 0 0 0 0 0 0 0 0 0 0 0 0 0 0]
[1187547028678753032644176809588001462484549071773536323712836269814466476733704795263959988924908035186812 0 0 0 0 0 0 0 0 0 0 0 0 0 0 0 0 1 0 0 0 0 0 0 0 0 0 0 0 0 0 0 0 0 0]
[959647436658587465438748258079329390156023429924374754734226380064071759304856947218995670513539297632413 0 0 0 0 0 0 0 0 0 0 0 0 0 0 0 0 0 1 0 0 0 0 0 0 0 0 0 0 0 0 0 0 0 0]
[498470158895786316531578417979838631508399345029360467462549384376645702306149616788341875558374964818875 0 0 0 0 0 0 0 0 0 0 0 0 0 0 0 0 0 0 1 0 0 0 0 0 0 0 0 0 0 0 0 0 0 0]
[2123460868088601677182062404636863216476488143387430091685055062418516176241970144258318106936741853636604 0 0 0 0 0 0 0 0 0 0 0 0 0 0 0 0 0 0 0 1 0 0 0 0 0 0 0 0 0 0 0 0 0 0]
[531760868898328659530505091937251711107677318716350078537604898246415064947243238193530203898590972403057 0 0 0 0 0 0 0 0 0 0 0 0 0 0 0 0 0 0 0 0 1 0 0 0 0 0 0 0 0 0 0 0 0 0]
[377414123904239504475043394925017761938165947422080859069717990693886868659198764791777461789706655507685 0 0 0 0 0 0 0 0 0 0 0 0 0 0 0 0 0 0 0 0 0 1 0 0 0 0 0 0 0 0 0 0 0 0]
[626905629582766862460686937192026057543049944600333955885719032564430692198298093628426184515795234405194 0 0 0 0 0 0 0 0 0 0 0 0 0 0 0 0 0 0 0 0 0 0 1 0 0 0 0 0 0 0 0 0 0 0]
[932233592233450278831947054194532714568167071853948530902397646542849045586084489238308603293835322963405 0 0 0 0 0 0 0 0 0 0 0 0 0 0 0 0 0 0 0 0 0 0 0 1 0 0 0 0 0 0 0 0 0 0]
[1138938649532416102718612216680241251027330441478787201209034816478562369770435257212811285032013687516918 0 0 0 0 0 0 0 0 0 0 0 0 0 0 0 0 0 0 0 0 0 0 0 0 1 0 0 0 0 0 0 0 0 0]
[2198285890954167959438011512540035623362144251063450366608377157539500447053051890849024752534132938630581 0 0 0 0 0 0 0 0 0 0 0 0 0 0 0 0 0 0 0 0 0 0 0 0 0 1 0 0 0 0 0 0 0 0]
[1268858341801623827509534285798357122601782588138583250724290697256711172622661515493929660076268806683397 0 0 0 0 0 0 0 0 0 0 0 0 0 0 0 0 0 0 0 0 0 0 0 0 0 0 1 0 0 0 0 0 0 0]
[971750704748838223933199695045709444395767967271266793403958796796907367232682588886556025694715123160585 0 0 0 0 0 0 0 0 0 0 0 0 0 0 0 0 0 0 0 0 0 0 0 0 0 0 0 1 0 0 0 0 0 0]
[1607829844654091591573611759734510945679003717099021009191579029708568905052033768977714347500530081196508 0 0 0 0 0 0 0 0 0 0 0 0 0 0 0 0 0 0 0 0 0 0 0 0 0 0 0 0 1 0 0 0 0 0]
[551680260000044129497601055411592451264569798851446037035965530209374456954721963486186057212293629945817 0 0 0 0 0 0 0 0 0 0 0 0 0 0 0 0 0 0 0 0 0 0 0 0 0 0 0 0 0 1 0 0 0 0]
[530693269739335050728449045683203208349717571782492312990371982114297157288947370787732515181135728874233 0 0 0 0 0 0 0 0 0 0 0 0 0 0 0 0 0 0 0 0 0 0 0 0 0 0 0 0 0 0 1 0 0 0]
[253198503651893428870451994992587579884975982089253927524660361492755271110353557831435189697120010599099 0 0 0 0 0 0 0 0 0 0 0 0 0 0 0 0 0 0 0 0 0 0 0 0 0 0 0 0 0 0 0 1 0 0]
[1514337815884250711653880903280219825638194269067917385094101165601950085036834344277545729808988800914342 0 0 0 0 0 0 0 0 0 0 0 0 0 0 0 0 0 0 0 0 0 0 0 0 0 0 0 0 0 0 0 0 1 0]
[1765624198156606113767473974837662562886401819538638129233836809555920001928412768471342884261491293075422 0 0 0 0 0 0 0 0 0 0 0 0 0 0 0 0 0 0 0 0 0 0 0 0 0 0 0 0 0 0 0 0 0 1]
]
