[[2123433677301160333438568594619418410038944414904315895669554447116971771715888801236482302900433061815987 0 0 0 0 0 0 0 0 0 0 0 0 0 0 0 0 0 0 0 0 0 0 0 0 0 0 0 0 0 0 0 0 0 0]
[1491807291093665685612291567898608844676764480704002839700933936047720694165661503903773846737021574075175 1 0 0 0 0 0 0 0 0 0 0 0 0 0 0 0 0 0 0 0 0 0 0 0 0 0 0 0 0 0 0 0 0 0]
[794045010792145786613061716180155744756953571472465959276584898658494935739681771816159532697040558785774 0 1 0 0 0 0 0 0 0 0 0 0 0 0 0 0 0 0 0 0 0 0 0 0 0 0 0 0 0 0 0 0 0 0]
[1286893657427188805395397599361834675609551847209683304192629042053134448746759039232008319741561747398706 0 0 1 0 0 0 0 0 0 0 0 0 0 0 0 0 0 0 0 0 0 0 0 0 0 0 0 0 0 0 0 0 0 0]
[1344619459249200627197971105900758163335696753986724799200825794636810457467256251383900673284900898828411 0 0 0 1 0 0 0 0 0 0 0 0 0 0 0 0 0 0 0 0 0 0 0 0 0 0 0 0 0 0 0 0 0 0]
[1699527530867224133419579941205959163570249845861325295177017270759219779621675071168991719853433237203868 0 0 0 0 1 0 0 0 0 0 0 0 0 0 0 0 0 0 0 0 0 0 0 0 0 0 0 0 0 0 0 0 0 0]
[1744619020013084669419716556721176475128828219583836854900737180139321779180304803182547072486915299826668 0 0 0 0 0 1 0 0 0 0 0 0 0 0 0 0 0 0 0 0 0 0 0 0 0 0 0 0 0 0 0 0 0 0]
[1542630173237813018409320303105660820911251431611327689561692593553906516847219180584250785323823263337050 0 0 0 0 0 0 1 0 0 0 0 0 0 0 0 0 0 0 0 0 0 0 0 0 0 0 0 0 0 0 0 0 0 0]
[1477302118367629168423405788032417395637882714469404217052429196909046642230056121469809103951500172714104 0 0 0 0 0 0 0 1 0 0 0 0 0 0 0 0 0 0 0 0 0 0 0 0 0 0 0 0 0 0 0 0 0 0]
[266674427306096304398708607793606137795170817425508345480441505709678701769966915143925491225672324149193 0 0 0 0 0 0 0 0 1 0 0 0 0 0 0 0 0 0 0 0 0 0 0 0 0 0 0 0 0 0 0 0 0 0]
[1152225880383149840628318222115630498074329009069035179432472610152530683038554076347532460783635087717428 0 0 0 0 0 0 0 0 0 1 0 0 0 0 0 0 0 0 0 0 0 0 0 0 0 0 0 0 0 0 0 0 0 0]
[257566712701576504294014701855786137179199770889777201507197049762029026794611579007863906281858024358289 0 0 0 0 0 0 0 0 0 0 1 0 0 0 0 0 0 0 0 0 0 0 0 0 0 0 0 0 0 0 0 0 0 0]
[446580446042651982419608437202895537740387847781991718790918407106462667646837227947462394663769240589705 0 0 0 0 0 0 0 0 0 0 0 1 0 0 0 0 0 0 0 0 0 0 0 0 0 0 0 0 0 0 0 0 0 0]
[740501264909823356647352559563835809412053625566738764286212484526296408193955924933785388243282876246230 0 0 0 0 0 0 0 0 0 0 0 0 1 0 0 0 0 0 0 0 0 0 0 0 0 0 0 0 0 0 0 0 0 0]
[668813859853528396009486133023804102861656542974642247188742962885546681683530142228968785650181714284955 0 0 0 0 0 0 0 0 0 0 0 0 0 1 0 0 0 0 0 0 0 0 0 0 0 0 0 0 0 0 0 0 0 0]
[564527901631378601192178297982298282835525743260369311133188694674864569047495207209928361636243362688769 0 0 0 0 0 0 0 0 0 0 0 0 0 0 1 0 0 0 0 0 0 0 0 0 0 0 0 0 0 0 0 0 0 0]
[860620761852910654309111120705074654575556496287747916776553136465068199399416327927862960589068676520553 0 0 0 0 0 0 0 0 0 0 0 0 0 0 0 1 0 0 0 0 0 0 0 0 0 0 0 0 0 0 0 0 0 0]
[1774138996247359143834738491637739066170422837248912182535071720474609098320466735809029440163381411030989 0 0 0 0 0 0 0 0 0 0 0 0 0 0 0 0 1 0 0 0 0 0 0 0 0 0 0 0 0 0 0 0 0 0]
[1887962528252222862812083829319445528951171118069875908563073953435519644054714093001126130092153747659648 0 0 0 0 0 0 0 0 0 0 0 0 0 0 0 0 0 1 0 0 0 0 0 0 0 0 0 0 0 0 0 0 0 0]
[1478873842201635778229492206186354209441618942813495017001886415119357107963123829128232491168159655797437 0 0 0 0 0 0 0 0 0 0 0 0 0 0 0 0 0 0 1 0 0 0 0 0 0 0 0 0 0 0 0 0 0 0]
[728196185529966026584224374210798210770013251617647779443355556903497727837839810475010949012517570235781 0 0 0 0 0 0 0 0 0 0 0 0 0 0 0 0 0 0 0 1 0 0 0 0 0 0 0 0 0 0 0 0 0 0]
[1804844778289371206843251641073321919082715680031420821478605467429006289915432209677251811668696740663413 0 0 0 0 0 0 0 0 0 0 0 0 0 0 0 0 0 0 0 0 1 0 0 0 0 0 0 0 0 0 0 0 0 0]
[1484636164205784816677693620526909899647658142453803762870240527314437877824855873228726039252464224395296 0 0 0 0 0 0 0 0 0 0 0 0 0 0 0 0 0 0 0 0 0 1 0 0 0 0 0 0 0 0 0 0 0 0]
[181851281864451706670183266737361853233730558882406505577981760203581167942878309684619245374050721069346 0 0 0 0 0 0 0 0 0 0 0 0 0 0 0 0 0 0 0 0 0 0 1 0 0 0 0 0 0 0 0 0 0 0]
[749065731568305776897829169221158154234510199087396246955541663299322557633133802339700517848824845135786 0 0 0 0 0 0 0 0 0 0 0 0 0 0 0 0 0 0 0 0 0 0 0 1 0 0 0 0 0 0 0 0 0 0]
[1802274450680310368304945395716279444046596707541570843029044631669753062643086599644843335923831112718707 0 0 0 0 0 0 0 0 0 0 0 0 0 0 0 0 0 0 0 0 0 0 0 0 1 0 0 0 0 0 0 0 0 0]
[1987339902708956007511536477959754293975325155984895449075577454177521342504221253754336576396987719792791 0 0 0 0 0 0 0 0 0 0 0 0 0 0 0 0 0 0 0 0 0 0 0 0 0 1 0 0 0 0 0 0 0 0]
[485456507624510566875198359560016856645638802249097376021581711709218600816876623584839328490380085516629 0 0 0 0 0 0 0 0 0 0 0 0 0 0 0 0 0 0 0 0 0 0 0 0 0 0 1 0 0 0 0 0 0 0]
[508940301200237495456001238729701660406857010933988767013530923026779275706205093679454048658893888258526 0 0 0 0 0 0 0 0 0 0 0 0 0 0 0 0 0 0 0 0 0 0 0 0 0 0 0 1 0 0 0 0 0 0]
[764902517864884785653503276744623075218818339823104093446676499568728892666033934498872685308161567383309 0 0 0 0 0 0 0 0 0 0 0 0 0 0 0 0 0 0 0 0 0 0 0 0 0 0 0 0 1 0 0 0 0 0]
[1184945516026005995225587242911703339388398754796148323722659329001317597367226806184788827492565310207039 0 0 0 0 0 0 0 0 0 0 0 0 0 0 0 0 0 0 0 0 0 0 0 0 0 0 0 0 0 1 0 0 0 0]
[1699439414118519965487051875436668721165738923603249752995628164827345771658749139844574505565919458495186 0 0 0 0 0 0 0 0 0 0 0 0 0 0 0 0 0 0 0 0 0 0 0 0 0 0 0 0 0 0 1 0 0 0]
[1650844858461713034099823028999526642543890613496659986698001823691878523838429722032373142065274189157361 0 0 0 0 0 0 0 0 0 0 0 0 0 0 0 0 0 0 0 0 0 0 0 0 0 0 0 0 0 0 0 1 0 0]
[1538973473639682589522720276843180596857841755183627515371730159502412803743396426843321739787752827598400 0 0 0 0 0 0 0 0 0 0 0 0 0 0 0 0 0 0 0 0 0 0 0 0 0 0 0 0 0 0 0 0 1 0]
[601959479938024538656342622704946018491865886699159881395893510571856787043652690624213929851099589916824 0 0 0 0 0 0 0 0 0 0 0 0 0 0 0 0 0 0 0 0 0 0 0 0 0 0 0 0 0 0 0 0 0 1]
]
