[[2099904165442175096266291873500796569173217699882575819943699970845281144074001341842046058246266268159058720179 0 0 0 0 0 0 0 0 0 0 0 0 0 0 0 0 0 0 0 0 0 0 0 0 0 0 0 0 0 0 0 0 0 0 0 0]
[76980631295361814516357812715432960120230654774745360959187679211641058355921395697096634769413953636536100729 1 0 0 0 0 0 0 0 0 0 0 0 0 0 0 0 0 0 0 0 0 0 0 0 0 0 0 0 0 0 0 0 0 0 0 0]
[990971001420808494537237595096422093339417213436668562799318527634347702184026689116524629199984464049678236919 0 1 0 0 0 0 0 0 0 0 0 0 0 0 0 0 0 0 0 0 0 0 0 0 0 0 0 0 0 0 0 0 0 0 0 0]
[293764468695870074542790650890447003010948139075503573733125011053390786369314380112652499466543241458303278626 0 0 1 0 0 0 0 0 0 0 0 0 0 0 0 0 0 0 0 0 0 0 0 0 0 0 0 0 0 0 0 0 0 0 0 0]
[1634293722949825432644441445193428722284943855218145814733950594436736061806572613601601289822900414340971011750 0 0 0 1 0 0 0 0 0 0 0 0 0 0 0 0 0 0 0 0 0 0 0 0 0 0 0 0 0 0 0 0 0 0 0 0]
[273029912189327691019049559902884464234718455420732677478526553311007479689287569645165987567219603830458719228 0 0 0 0 1 0 0 0 0 0 0 0 0 0 0 0 0 0 0 0 0 0 0 0 0 0 0 0 0 0 0 0 0 0 0 0]
[1183169693099198288060723281630009353482698488458263915070075784971744066244587572809815142830586686686103471341 0 0 0 0 0 1 0 0 0 0 0 0 0 0 0 0 0 0 0 0 0 0 0 0 0 0 0 0 0 0 0 0 0 0 0 0]
[863461210845432792325931966021147009736490715702077595060463402364780233780769139593293645870060586677963063904 0 0 0 0 0 0 1 0 0 0 0 0 0 0 0 0 0 0 0 0 0 0 0 0 0 0 0 0 0 0 0 0 0 0 0 0]
[1214334421184430203451676040041057474786674664892311044911517956913431781610869271732787011240048865848830661898 0 0 0 0 0 0 0 1 0 0 0 0 0 0 0 0 0 0 0 0 0 0 0 0 0 0 0 0 0 0 0 0 0 0 0 0]
[1366242030829422148709516935004305964567541813362762506523164230478889784904545646204751148703560388695323876475 0 0 0 0 0 0 0 0 1 0 0 0 0 0 0 0 0 0 0 0 0 0 0 0 0 0 0 0 0 0 0 0 0 0 0 0]
[510197967422970539217908806641818449508956909196732373590192999970360899838171730451264814516168892264172686265 0 0 0 0 0 0 0 0 0 1 0 0 0 0 0 0 0 0 0 0 0 0 0 0 0 0 0 0 0 0 0 0 0 0 0 0]
[995660645172709394904530807995960911149554748537968514345726772900280839367813288126605488857391498354712495347 0 0 0 0 0 0 0 0 0 0 1 0 0 0 0 0 0 0 0 0 0 0 0 0 0 0 0 0 0 0 0 0 0 0 0 0]
[524063734179557607202480018408097951446443266194289932289867732284789799258473429231914946477547015776158515234 0 0 0 0 0 0 0 0 0 0 0 1 0 0 0 0 0 0 0 0 0 0 0 0 0 0 0 0 0 0 0 0 0 0 0 0]
[1265294141881952725704034326873349518694593962720931161095822700700670196420154229594204331991674765814496143530 0 0 0 0 0 0 0 0 0 0 0 0 1 0 0 0 0 0 0 0 0 0 0 0 0 0 0 0 0 0 0 0 0 0 0 0]
[1151189294843655003482969302988944189169491654764276339972990377786505543387539438004050722656369653474645865872 0 0 0 0 0 0 0 0 0 0 0 0 0 1 0 0 0 0 0 0 0 0 0 0 0 0 0 0 0 0 0 0 0 0 0 0]
[1814753629196108438661870806439146120632146880740351765533646340670714202555284465578051472567263289706766940117 0 0 0 0 0 0 0 0 0 0 0 0 0 0 1 0 0 0 0 0 0 0 0 0 0 0 0 0 0 0 0 0 0 0 0 0]
[1661617214575538505492771297318692167561332182304838651260921883959654908587587466760307664139670603321249040288 0 0 0 0 0 0 0 0 0 0 0 0 0 0 0 1 0 0 0 0 0 0 0 0 0 0 0 0 0 0 0 0 0 0 0 0]
[1820683043293276017493573609503586946559392822530642309804510898109875481555118392900185975343462674331560556672 0 0 0 0 0 0 0 0 0 0 0 0 0 0 0 0 1 0 0 0 0 0 0 0 0 0 0 0 0 0 0 0 0 0 0 0]
[1776479344652263354934085041748573575206728390290731845633361890156426044803404567375086493008080761748880264228 0 0 0 0 0 0 0 0 0 0 0 0 0 0 0 0 0 1 0 0 0 0 0 0 0 0 0 0 0 0 0 0 0 0 0 0]
[1340699056896035093870370178425813677829034180963036777392744873593001920390930066649571816771663874028693315963 0 0 0 0 0 0 0 0 0 0 0 0 0 0 0 0 0 0 1 0 0 0 0 0 0 0 0 0 0 0 0 0 0 0 0 0]
[1208923597233813237756596993705803879673796843986183004501506420557858232595122127674278749270528180559794810978 0 0 0 0 0 0 0 0 0 0 0 0 0 0 0 0 0 0 0 1 0 0 0 0 0 0 0 0 0 0 0 0 0 0 0 0]
[344317017800955885183124744735686454051624246526759280363875518790776795819808614321299395889501746996204008820 0 0 0 0 0 0 0 0 0 0 0 0 0 0 0 0 0 0 0 0 1 0 0 0 0 0 0 0 0 0 0 0 0 0 0 0]
[927640556102282764319796751686157772686078750079089134393264180644458953114738559971159950331386871609933014098 0 0 0 0 0 0 0 0 0 0 0 0 0 0 0 0 0 0 0 0 0 1 0 0 0 0 0 0 0 0 0 0 0 0 0 0]
[1470370074056984110575844497813871856722525406911859199842433753635835833673804905080837105775578412650726808097 0 0 0 0 0 0 0 0 0 0 0 0 0 0 0 0 0 0 0 0 0 0 1 0 0 0 0 0 0 0 0 0 0 0 0 0]
[1697030218220208960165916829766164519047008414678295807406362072270157506053835021907648932464979033275632742256 0 0 0 0 0 0 0 0 0 0 0 0 0 0 0 0 0 0 0 0 0 0 0 1 0 0 0 0 0 0 0 0 0 0 0 0]
[1598008733726313622370851799127746231247345433373115338444733670505411493039201082861559097908263891021211184249 0 0 0 0 0 0 0 0 0 0 0 0 0 0 0 0 0 0 0 0 0 0 0 0 1 0 0 0 0 0 0 0 0 0 0 0]
[2058391915092083432212381533234886747667775864859918109094348532653343308239033393033583454422735596296298759696 0 0 0 0 0 0 0 0 0 0 0 0 0 0 0 0 0 0 0 0 0 0 0 0 0 1 0 0 0 0 0 0 0 0 0 0]
[141194902739215111675214030381268637271464397317896261826510316735844685952432200071446623180742302844002459880 0 0 0 0 0 0 0 0 0 0 0 0 0 0 0 0 0 0 0 0 0 0 0 0 0 0 1 0 0 0 0 0 0 0 0 0]
[2097495321744293637071472043832302562371745537712203560997537127210871257165807024669431323382062600649694359982 0 0 0 0 0 0 0 0 0 0 0 0 0 0 0 0 0 0 0 0 0 0 0 0 0 0 0 1 0 0 0 0 0 0 0 0]
[1178392235989752949660994983035680655596450347169182880074435696609863872607844921686429574447297968570356993256 0 0 0 0 0 0 0 0 0 0 0 0 0 0 0 0 0 0 0 0 0 0 0 0 0 0 0 0 1 0 0 0 0 0 0 0]
[785214575861171730476621941781296223422901552456190992309388070462342601360933289474710851948386281049787472591 0 0 0 0 0 0 0 0 0 0 0 0 0 0 0 0 0 0 0 0 0 0 0 0 0 0 0 0 0 1 0 0 0 0 0 0]
[1746869379237895652274105236597443173575372510617609908628177778084286897115762702955935690712715520871983709165 0 0 0 0 0 0 0 0 0 0 0 0 0 0 0 0 0 0 0 0 0 0 0 0 0 0 0 0 0 0 1 0 0 0 0 0]
[1192458261551915697806470450899858334414413459667842752667628219986143232540147184655042423250009515121181799424 0 0 0 0 0 0 0 0 0 0 0 0 0 0 0 0 0 0 0 0 0 0 0 0 0 0 0 0 0 0 0 1 0 0 0 0]
[516741273106403075942767222021325229236386767304615146176546854830187033650278187252817654991207017221849292210 0 0 0 0 0 0 0 0 0 0 0 0 0 0 0 0 0 0 0 0 0 0 0 0 0 0 0 0 0 0 0 0 1 0 0 0]
[479827706272630998993836471319228466263374550335227997938440846240806415453045663842241243868333356538209712473 0 0 0 0 0 0 0 0 0 0 0 0 0 0 0 0 0 0 0 0 0 0 0 0 0 0 0 0 0 0 0 0 0 1 0 0]
[631476102318297507483089096149429151213150843001172148211253635714956380751694334480048166220656489691534985192 0 0 0 0 0 0 0 0 0 0 0 0 0 0 0 0 0 0 0 0 0 0 0 0 0 0 0 0 0 0 0 0 0 0 1 0]
[1789523231269589182815555655927591031121381729183847494146498302288955679631423828928544851086706073963659561264 0 0 0 0 0 0 0 0 0 0 0 0 0 0 0 0 0 0 0 0 0 0 0 0 0 0 0 0 0 0 0 0 0 0 0 1]
]
