[[1955280714466445937419507254410574880728316887082213239289599432302315889209575859823146633580356418271 0 0 0 0 0 0 0 0 0 0 0 0 0 0 0 0 0 0 0 0 0 0 0 0 0 0 0 0 0 0 0 0 0]
[1828117853364807269949778557905370639006036164490812612449495384309240992849359384809689307474645803524 1 0 0 0 0 0 0 0 0 0 0 0 0 0 0 0 0 0 0 0 0 0 0 0 0 0 0 0 0 0 0 0 0]
[1546692451063442472906276528954668211527004565232554509643202371474608305430562997255035064259625817278 0 1 0 0 0 0 0 0 0 0 0 0 0 0 0 0 0 0 0 0 0 0 0 0 0 0 0 0 0 0 0 0 0]
[1315426215660317509438634106672240863392287351275824706059310461902258751962106480298415483898781130330 0 0 1 0 0 0 0 0 0 0 0 0 0 0 0 0 0 0 0 0 0 0 0 0 0 0 0 0 0 0 0 0 0]
[1467334039285611396881640820104273375843139173890527387964742061611459939083367732151207391358205799628 0 0 0 1 0 0 0 0 0 0 0 0 0 0 0 0 0 0 0 0 0 0 0 0 0 0 0 0 0 0 0 0 0]
[1609457592685323449598349719778765882618253819042958196659805563902155628040402772602586263632112935939 0 0 0 0 1 0 0 0 0 0 0 0 0 0 0 0 0 0 0 0 0 0 0 0 0 0 0 0 0 0 0 0 0]
[43125648166731150421296857787026596110439470719446737078477181430888167313233821956727106304051123668 0 0 0 0 0 1 0 0 0 0 0 0 0 0 0 0 0 0 0 0 0 0 0 0 0 0 0 0 0 0 0 0 0]
[1897469312123301187988196249305966085045277513547856721852234432243411174545145351972379517064368676547 0 0 0 0 0 0 1 0 0 0 0 0 0 0 0 0 0 0 0 0 0 0 0 0 0 0 0 0 0 0 0 0 0]
[1046495411802090280871648748871511763124203469391597955267157514876615215762735752873936391049775419396 0 0 0 0 0 0 0 1 0 0 0 0 0 0 0 0 0 0 0 0 0 0 0 0 0 0 0 0 0 0 0 0 0]
[1595186464285348468514936003509420647005294607824520655625015644424899853813639657012420029850843950337 0 0 0 0 0 0 0 0 1 0 0 0 0 0 0 0 0 0 0 0 0 0 0 0 0 0 0 0 0 0 0 0 0]
[1728634293857043533497390396088407646720414425530138141044183501630368802452219418730342508802467423740 0 0 0 0 0 0 0 0 0 1 0 0 0 0 0 0 0 0 0 0 0 0 0 0 0 0 0 0 0 0 0 0 0]
[617348464167720201653309718853658508044021670114972198464298931267476704132660550266712032524258594509 0 0 0 0 0 0 0 0 0 0 1 0 0 0 0 0 0 0 0 0 0 0 0 0 0 0 0 0 0 0 0 0 0]
[172660834703559415706013292370321071458310652475006135933477594062466421389156976119520154149112721920 0 0 0 0 0 0 0 0 0 0 0 1 0 0 0 0 0 0 0 0 0 0 0 0 0 0 0 0 0 0 0 0 0]
[56717135210521398938554039297106831220326444820693547308444538881564178312556936959899706292201067795 0 0 0 0 0 0 0 0 0 0 0 0 1 0 0 0 0 0 0 0 0 0 0 0 0 0 0 0 0 0 0 0 0]
[1119853989571505583255312992270412939371959895741321224098636318322393103853993986169132736126311450320 0 0 0 0 0 0 0 0 0 0 0 0 0 1 0 0 0 0 0 0 0 0 0 0 0 0 0 0 0 0 0 0 0]
[1062211596058391071249426844806274112911581263435268742300361970971997146088307744185010875667306438780 0 0 0 0 0 0 0 0 0 0 0 0 0 0 1 0 0 0 0 0 0 0 0 0 0 0 0 0 0 0 0 0 0]
[323937611643298682013241115175787177313380006798070368040865371800171547875404599045414464766984221792 0 0 0 0 0 0 0 0 0 0 0 0 0 0 0 1 0 0 0 0 0 0 0 0 0 0 0 0 0 0 0 0 0]
[1226640750689105121347181259624739100555376404645111374427730453196606444015235244114456914062546796394 0 0 0 0 0 0 0 0 0 0 0 0 0 0 0 0 1 0 0 0 0 0 0 0 0 0 0 0 0 0 0 0 0]
[1308114365999843857014155613295286410878314549178653821297355020755339171197906921916087863372731889342 0 0 0 0 0 0 0 0 0 0 0 0 0 0 0 0 0 1 0 0 0 0 0 0 0 0 0 0 0 0 0 0 0]
[176726835168082829736256466896947689560879436121761347975820121180169255977616123030195670642829850972 0 0 0 0 0 0 0 0 0 0 0 0 0 0 0 0 0 0 1 0 0 0 0 0 0 0 0 0 0 0 0 0 0]
[600255632988866621195330159935826501121224912650371088635329510405256579078831627897396054173503221222 0 0 0 0 0 0 0 0 0 0 0 0 0 0 0 0 0 0 0 1 0 0 0 0 0 0 0 0 0 0 0 0 0]
[486448107034215537774114860069893801954800065633937203333016171037110924795951318101665124140302830689 0 0 0 0 0 0 0 0 0 0 0 0 0 0 0 0 0 0 0 0 1 0 0 0 0 0 0 0 0 0 0 0 0]
[1846469258044350810499042244345396824546667711433748776504601642372335221179338367939481824070486591560 0 0 0 0 0 0 0 0 0 0 0 0 0 0 0 0 0 0 0 0 0 1 0 0 0 0 0 0 0 0 0 0 0]
[1198901990832236230481822536176702599788752975911542961760976999037003571485484614466982053004328136328 0 0 0 0 0 0 0 0 0 0 0 0 0 0 0 0 0 0 0 0 0 0 1 0 0 0 0 0 0 0 0 0 0]
[133154950189953058837740356929771617241829075188973871729600683847297501529536469543596035910122096198 0 0 0 0 0 0 0 0 0 0 0 0 0 0 0 0 0 0 0 0 0 0 0 1 0 0 0 0 0 0 0 0 0]
[677920775243019789718454141938964299245299087320227118619216864502244354955307189085196492208292944758 0 0 0 0 0 0 0 0 0 0 0 0 0 0 0 0 0 0 0 0 0 0 0 0 1 0 0 0 0 0 0 0 0]
[1537025985014169154802607657727284006234910095509294050914426603462834167851296125220212401193117352018 0 0 0 0 0 0 0 0 0 0 0 0 0 0 0 0 0 0 0 0 0 0 0 0 0 1 0 0 0 0 0 0 0]
[994505900094381281985563182271117271608635973448764164394648281867457445458644196538615736810024091511 0 0 0 0 0 0 0 0 0 0 0 0 0 0 0 0 0 0 0 0 0 0 0 0 0 0 1 0 0 0 0 0 0]
[1218019599973936582213233315787895736395178638108372053018107927499233646507876948244961029192689101346 0 0 0 0 0 0 0 0 0 0 0 0 0 0 0 0 0 0 0 0 0 0 0 0 0 0 0 1 0 0 0 0 0]
[367142619080521418520344290402501715500422978351937336179520142078344657539565352825070104084725660840 0 0 0 0 0 0 0 0 0 0 0 0 0 0 0 0 0 0 0 0 0 0 0 0 0 0 0 0 1 0 0 0 0]
[1940377579524754665050544787516726106673088354412536576470177519534460658964217707662437671768696235253 0 0 0 0 0 0 0 0 0 0 0 0 0 0 0 0 0 0 0 0 0 0 0 0 0 0 0 0 0 1 0 0 0]
[1439349321074232513903008033146056191493247308252231924399329652212557812409117286712947613910500670705 0 0 0 0 0 0 0 0 0 0 0 0 0 0 0 0 0 0 0 0 0 0 0 0 0 0 0 0 0 0 1 0 0]
[1643308737065665635461394598558185910102973795908299941039600020844576538995376105090226908537603440727 0 0 0 0 0 0 0 0 0 0 0 0 0 0 0 0 0 0 0 0 0 0 0 0 0 0 0 0 0 0 0 1 0]
[1179773100314134073891199499089614237763981481594687042344257212557692049141536089954376139628891612916 0 0 0 0 0 0 0 0 0 0 0 0 0 0 0 0 0 0 0 0 0 0 0 0 0 0 0 0 0 0 0 0 1]
]
