[[1466689646357871672247992460334847500124295280383279268028681300027993718142482229403690199791365963682970773850157 0 0 0 0 0 0 0 0 0 0 0 0 0 0 0 0 0 0 0 0 0 0 0 0 0 0 0 0 0 0 0 0 0 0 0 0 0]
[587957550613541353588259328706786934906135539718389120218659127432727017357369196812575113896849925945866609981893 1 0 0 0 0 0 0 0 0 0 0 0 0 0 0 0 0 0 0 0 0 0 0 0 0 0 0 0 0 0 0 0 0 0 0 0 0]
[142623970516754620521447712744560127421033622153716978618887141702379593034580965241439983540875369746761652377573 0 1 0 0 0 0 0 0 0 0 0 0 0 0 0 0 0 0 0 0 0 0 0 0 0 0 0 0 0 0 0 0 0 0 0 0 0]
[293250806371738168916891875746259356459888437726056156459401274795090060636965967182598048873627630043658754691833 0 0 1 0 0 0 0 0 0 0 0 0 0 0 0 0 0 0 0 0 0 0 0 0 0 0 0 0 0 0 0 0 0 0 0 0 0]
[449720965772286928313287596254028022666970461861466944132480875448275422785591066544801212608261942785276254466448 0 0 0 1 0 0 0 0 0 0 0 0 0 0 0 0 0 0 0 0 0 0 0 0 0 0 0 0 0 0 0 0 0 0 0 0 0]
[382217244685829281579970978137605905187774985772551624756052832016139585678913102880555174697713490059296474009575 0 0 0 0 1 0 0 0 0 0 0 0 0 0 0 0 0 0 0 0 0 0 0 0 0 0 0 0 0 0 0 0 0 0 0 0 0]
[1303633809269019285593949807617970109695940197833555507522436777585600744720128008580755203948655763320150077458989 0 0 0 0 0 1 0 0 0 0 0 0 0 0 0 0 0 0 0 0 0 0 0 0 0 0 0 0 0 0 0 0 0 0 0 0 0]
[512748626867769803054412421346924793644668759756383425453254441900847449892230894316421912226376451518749755072471 0 0 0 0 0 0 1 0 0 0 0 0 0 0 0 0 0 0 0 0 0 0 0 0 0 0 0 0 0 0 0 0 0 0 0 0 0]
[427768201376627852483506410977616309332912953150615706574879499316763584472732787451783638648554274769373105233968 0 0 0 0 0 0 0 1 0 0 0 0 0 0 0 0 0 0 0 0 0 0 0 0 0 0 0 0 0 0 0 0 0 0 0 0 0]
[1284146534219199610169437155068471720809448723862653028471907322693970710237402064529592292490232499866503685807753 0 0 0 0 0 0 0 0 1 0 0 0 0 0 0 0 0 0 0 0 0 0 0 0 0 0 0 0 0 0 0 0 0 0 0 0 0]
[691075791125078267616537330127246380559109506489104060817545330980271417440468508966668327755877370816171419695417 0 0 0 0 0 0 0 0 0 1 0 0 0 0 0 0 0 0 0 0 0 0 0 0 0 0 0 0 0 0 0 0 0 0 0 0 0]
[207502068118929845133489332064883476953338787040826243996053592667118372352888601565752756735331091579521143710780 0 0 0 0 0 0 0 0 0 0 1 0 0 0 0 0 0 0 0 0 0 0 0 0 0 0 0 0 0 0 0 0 0 0 0 0 0]
[353239245179324053597374655252476765108711828245630608825485488792304840254717512375495558713146161888464161431598 0 0 0 0 0 0 0 0 0 0 0 1 0 0 0 0 0 0 0 0 0 0 0 0 0 0 0 0 0 0 0 0 0 0 0 0 0]
[703270644290816765443364430068571727675048038865416435459518478538795293885315544330923099246144784171254308023161 0 0 0 0 0 0 0 0 0 0 0 0 1 0 0 0 0 0 0 0 0 0 0 0 0 0 0 0 0 0 0 0 0 0 0 0 0]
[492696844888735818256712465730135969727295103158733570316037548325352029479381200179310037637905502335635995715791 0 0 0 0 0 0 0 0 0 0 0 0 0 1 0 0 0 0 0 0 0 0 0 0 0 0 0 0 0 0 0 0 0 0 0 0 0]
[623851960711733630050493621215397719475732892529614888208109905048514501441993569576579119825437742511288810484407 0 0 0 0 0 0 0 0 0 0 0 0 0 0 1 0 0 0 0 0 0 0 0 0 0 0 0 0 0 0 0 0 0 0 0 0 0]
[100825853734735323606735586875538791499430342048563350826955979693109113374713319056389687122939894785648177364694 0 0 0 0 0 0 0 0 0 0 0 0 0 0 0 1 0 0 0 0 0 0 0 0 0 0 0 0 0 0 0 0 0 0 0 0 0]
[790153874090281078586409431899273095090209441519861454837489810210256810431215781503135920422490113076984037341084 0 0 0 0 0 0 0 0 0 0 0 0 0 0 0 0 1 0 0 0 0 0 0 0 0 0 0 0 0 0 0 0 0 0 0 0 0]
[95827032476118355119073215669666531527830630809360444973751763875965326125932829523038930569228271665219990859384 0 0 0 0 0 0 0 0 0 0 0 0 0 0 0 0 0 1 0 0 0 0 0 0 0 0 0 0 0 0 0 0 0 0 0 0 0]
[559274441631373632861239800785599555396133818959254038879007402299676581123257473603335863463465366252516210449350 0 0 0 0 0 0 0 0 0 0 0 0 0 0 0 0 0 0 1 0 0 0 0 0 0 0 0 0 0 0 0 0 0 0 0 0 0]
[1026850663669722864849956353088596998292021571742470103142883124894938295302092786812330129792684626585159714184795 0 0 0 0 0 0 0 0 0 0 0 0 0 0 0 0 0 0 0 1 0 0 0 0 0 0 0 0 0 0 0 0 0 0 0 0 0]
[1036789018607028035736136600665391942374794400068574389872246537939097406887532377337331830794071868048901290041500 0 0 0 0 0 0 0 0 0 0 0 0 0 0 0 0 0 0 0 0 1 0 0 0 0 0 0 0 0 0 0 0 0 0 0 0 0]
[331478746987997534924052816357672246441823697459104065189269861040567979984425071683609502861773255517536526213248 0 0 0 0 0 0 0 0 0 0 0 0 0 0 0 0 0 0 0 0 0 1 0 0 0 0 0 0 0 0 0 0 0 0 0 0 0]
[170115128231968966085754101971110880827955237527289210361904651278543293189657264572320384697921552324197687026452 0 0 0 0 0 0 0 0 0 0 0 0 0 0 0 0 0 0 0 0 0 0 1 0 0 0 0 0 0 0 0 0 0 0 0 0 0]
[1456620524779541916157651649397360916445066599508675746476080026063716758214406519040092409714957525392578491246648 0 0 0 0 0 0 0 0 0 0 0 0 0 0 0 0 0 0 0 0 0 0 0 1 0 0 0 0 0 0 0 0 0 0 0 0 0]
[1319427762807723092665839975946721113625443535064579519413806225505825892946308289291826899689593248305763869146993 0 0 0 0 0 0 0 0 0 0 0 0 0 0 0 0 0 0 0 0 0 0 0 0 1 0 0 0 0 0 0 0 0 0 0 0 0]
[1348928646253439258537243270393520779524011482787613213330978881000710864468643310438716460194767303333790441430923 0 0 0 0 0 0 0 0 0 0 0 0 0 0 0 0 0 0 0 0 0 0 0 0 0 1 0 0 0 0 0 0 0 0 0 0 0]
[1117661638811892865105176841324986253237020955072094710901106729319358707746232008207509129335417747486154841077137 0 0 0 0 0 0 0 0 0 0 0 0 0 0 0 0 0 0 0 0 0 0 0 0 0 0 1 0 0 0 0 0 0 0 0 0 0]
[1120069815268442373549491073143445277971569535766276025876949190648060644809446006218670897539818092754678818776677 0 0 0 0 0 0 0 0 0 0 0 0 0 0 0 0 0 0 0 0 0 0 0 0 0 0 0 1 0 0 0 0 0 0 0 0 0]
[833550644729239381128927404203211100308149597859502115426990943186488329964332482769667007405359789372839170868253 0 0 0 0 0 0 0 0 0 0 0 0 0 0 0 0 0 0 0 0 0 0 0 0 0 0 0 0 1 0 0 0 0 0 0 0 0]
[1422997570485322466956680565316446811363266061623905942239545073688773090602193400694502726241580056462225930091585 0 0 0 0 0 0 0 0 0 0 0 0 0 0 0 0 0 0 0 0 0 0 0 0 0 0 0 0 0 1 0 0 0 0 0 0 0]
[928549275797160732371242035360807757935268361402195132384080486461672193973854424364417745462581788690422669506400 0 0 0 0 0 0 0 0 0 0 0 0 0 0 0 0 0 0 0 0 0 0 0 0 0 0 0 0 0 0 1 0 0 0 0 0 0]
[212342823841083296033988081598025762666273165728983927735346683894188914050150803773088100921947887313246659479719 0 0 0 0 0 0 0 0 0 0 0 0 0 0 0 0 0 0 0 0 0 0 0 0 0 0 0 0 0 0 0 1 0 0 0 0 0]
[213943965112309968574872870362239769055860609657007354413744678472563966986766611710480689592731399409674313227518 0 0 0 0 0 0 0 0 0 0 0 0 0 0 0 0 0 0 0 0 0 0 0 0 0 0 0 0 0 0 0 0 1 0 0 0 0]
[1371356734924725475169889501517263776628394173695035466187028929937605582265849499025352465060718206599295169111908 0 0 0 0 0 0 0 0 0 0 0 0 0 0 0 0 0 0 0 0 0 0 0 0 0 0 0 0 0 0 0 0 0 1 0 0 0]
[16148312307036403273113534568714144469414701628472250533305259263339629916962097232034002407799709172974833315543 0 0 0 0 0 0 0 0 0 0 0 0 0 0 0 0 0 0 0 0 0 0 0 0 0 0 0 0 0 0 0 0 0 0 1 0 0]
[183909559198243331308162604337460886475141647131538611640389171062775076420273772232612490753682084858617822774133 0 0 0 0 0 0 0 0 0 0 0 0 0 0 0 0 0 0 0 0 0 0 0 0 0 0 0 0 0 0 0 0 0 0 0 1 0]
[992689709185286439792262846535241457631533171871067723075111404731350830979790953003746765618901379814465522100606 0 0 0 0 0 0 0 0 0 0 0 0 0 0 0 0 0 0 0 0 0 0 0 0 0 0 0 0 0 0 0 0 0 0 0 0 1]
]
