[[1453300598314658265592142420889133754501421778050965098275402443628165449072141373627081943 0 0 0 0 0 0 0 0 0 0 0 0 0 0 0 0 0 0 0 0 0 0 0 0 0 0 0 0 0]
[823113579504661503139306591760955911757855477907615395018215692538387914549125913412753362 1 0 0 0 0 0 0 0 0 0 0 0 0 0 0 0 0 0 0 0 0 0 0 0 0 0 0 0 0]
[1106461205009701877693589924788960183822503234272169822500337331260352611742148612526727569 0 1 0 0 0 0 0 0 0 0 0 0 0 0 0 0 0 0 0 0 0 0 0 0 0 0 0 0 0]
[448724710441833785582151186117659161464184639507447207351404596654470078307139959404470971 0 0 1 0 0 0 0 0 0 0 0 0 0 0 0 0 0 0 0 0 0 0 0 0 0 0 0 0 0]
[564946687108583018222234101849992025988089748997598264339980991780814175744981978818837153 0 0 0 1 0 0 0 0 0 0 0 0 0 0 0 0 0 0 0 0 0 0 0 0 0 0 0 0 0]
[696660377571545381525953043376138898413296357971946618722967081271749886781729940775597897 0 0 0 0 1 0 0 0 0 0 0 0 0 0 0 0 0 0 0 0 0 0 0 0 0 0 0 0 0]
[332651928104571264916775830734250583219689393856002594413698270098407230265763141867318952 0 0 0 0 0 1 0 0 0 0 0 0 0 0 0 0 0 0 0 0 0 0 0 0 0 0 0 0 0]
[423636276904845037248097830284053776473895031726133413411606492472313268658241758177069099 0 0 0 0 0 0 1 0 0 0 0 0 0 0 0 0 0 0 0 0 0 0 0 0 0 0 0 0 0]
[1101036983631281196886766664599858089353365442480806184467196283403715684860969000566332056 0 0 0 0 0 0 0 1 0 0 0 0 0 0 0 0 0 0 0 0 0 0 0 0 0 0 0 0 0]
[479293559198910087381285417361201934542650311506990935602001266430354870602309350452480433 0 0 0 0 0 0 0 0 1 0 0 0 0 0 0 0 0 0 0 0 0 0 0 0 0 0 0 0 0]
[108346048983692249275882212938268596117834421139158174449489779032906182452081795434485462 0 0 0 0 0 0 0 0 0 1 0 0 0 0 0 0 0 0 0 0 0 0 0 0 0 0 0 0 0]
[1081253610394183329063999331251338339371198125408601783378581317516834511022188567608515271 0 0 0 0 0 0 0 0 0 0 1 0 0 0 0 0 0 0 0 0 0 0 0 0 0 0 0 0 0]
[790232555517789390412727704019743711148538993277932798267885947927473036465297880673017731 0 0 0 0 0 0 0 0 0 0 0 1 0 0 0 0 0 0 0 0 0 0 0 0 0 0 0 0 0]
[371064479420476579972452330983939358859311409161800409449564949374070765907149435297495373 0 0 0 0 0 0 0 0 0 0 0 0 1 0 0 0 0 0 0 0 0 0 0 0 0 0 0 0 0]
[1285960576061114158089597618637748026105310815244932819387951652932834665890009525291679110 0 0 0 0 0 0 0 0 0 0 0 0 0 1 0 0 0 0 0 0 0 0 0 0 0 0 0 0 0]
[1213280964314292893866576482265646377655273031335081865710868228140480303947580282115901024 0 0 0 0 0 0 0 0 0 0 0 0 0 0 1 0 0 0 0 0 0 0 0 0 0 0 0 0 0]
[580205260567038599254311818896265220278324730688765372969992410121508962335822524116769650 0 0 0 0 0 0 0 0 0 0 0 0 0 0 0 1 0 0 0 0 0 0 0 0 0 0 0 0 0]
[908272027634971378034654612173951767170438332417467359736796012850182430946753263680854078 0 0 0 0 0 0 0 0 0 0 0 0 0 0 0 0 1 0 0 0 0 0 0 0 0 0 0 0 0]
[220031371649039246501558076396113834897191483906525765707192827150105984870459693805927055 0 0 0 0 0 0 0 0 0 0 0 0 0 0 0 0 0 1 0 0 0 0 0 0 0 0 0 0 0]
[271944648303781594414223457407528976309739705650416521716467775080360801884059981390881741 0 0 0 0 0 0 0 0 0 0 0 0 0 0 0 0 0 0 1 0 0 0 0 0 0 0 0 0 0]
[321322528176890662037738076990433838216108078814266206498220069740163702567238998594964356 0 0 0 0 0 0 0 0 0 0 0 0 0 0 0 0 0 0 0 1 0 0 0 0 0 0 0 0 0]
[137216674079672397186958039019837996746254572594330376347181651021290980616643420513159747 0 0 0 0 0 0 0 0 0 0 0 0 0 0 0 0 0 0 0 0 1 0 0 0 0 0 0 0 0]
[227751886937303231505527956783184214006914044693651722900849756071149777112538567206247771 0 0 0 0 0 0 0 0 0 0 0 0 0 0 0 0 0 0 0 0 0 1 0 0 0 0 0 0 0]
[1065763903140831931055905910544090529192532293320248687872339301198684744039369990340494868 0 0 0 0 0 0 0 0 0 0 0 0 0 0 0 0 0 0 0 0 0 0 1 0 0 0 0 0 0]
[16785792280868258831923314200724084018929641388779060310660914283886929315750020006869689 0 0 0 0 0 0 0 0 0 0 0 0 0 0 0 0 0 0 0 0 0 0 0 1 0 0 0 0 0]
[1175100266980536333052430548770105865767157052763058043589929071852144853999833223004068058 0 0 0 0 0 0 0 0 0 0 0 0 0 0 0 0 0 0 0 0 0 0 0 0 1 0 0 0 0]
[1289455010005724877389255524079429184197920523931887950981847483840212061785241660446277839 0 0 0 0 0 0 0 0 0 0 0 0 0 0 0 0 0 0 0 0 0 0 0 0 0 1 0 0 0]
[1211614362462329141071099153542250605847042441874391323689917438415320085610601401279166781 0 0 0 0 0 0 0 0 0 0 0 0 0 0 0 0 0 0 0 0 0 0 0 0 0 0 1 0 0]
[597977105454474076400477243247852403851098653307774345036205153538077797408864636419307064 0 0 0 0 0 0 0 0 0 0 0 0 0 0 0 0 0 0 0 0 0 0 0 0 0 0 0 1 0]
[166571107090035028090081672525515807135559239240200620432939785209126274733413304315396311 0 0 0 0 0 0 0 0 0 0 0 0 0 0 0 0 0 0 0 0 0 0 0 0 0 0 0 0 1]
]
