[[2375724184483128100237843393631310700758536098693216469148449013492937858371952908880179628305310161432698018927 0 0 0 0 0 0 0 0 0 0 0 0 0 0 0 0 0 0 0 0 0 0 0 0 0 0 0 0 0 0 0 0 0 0 0 0]
[1170195252153470652414507509300033803425629165069132696931658587592863337719180048311708034010195351634267585694 1 0 0 0 0 0 0 0 0 0 0 0 0 0 0 0 0 0 0 0 0 0 0 0 0 0 0 0 0 0 0 0 0 0 0 0]
[681354607895363591756487349471301952823753975958675913658447064686907394431752475262062193936163586681902928208 0 1 0 0 0 0 0 0 0 0 0 0 0 0 0 0 0 0 0 0 0 0 0 0 0 0 0 0 0 0 0 0 0 0 0 0]
[1235992701876498920444344963407501060928609461017364797167694380758757119177513186214141626406817320486190236266 0 0 1 0 0 0 0 0 0 0 0 0 0 0 0 0 0 0 0 0 0 0 0 0 0 0 0 0 0 0 0 0 0 0 0 0]
[2204414822594591999613950398391766619871232755432200165293453154010701539983791580403712923957382878296720417704 0 0 0 1 0 0 0 0 0 0 0 0 0 0 0 0 0 0 0 0 0 0 0 0 0 0 0 0 0 0 0 0 0 0 0 0]
[438922059414419604805586523479507598233286600982618952321844014631626970786041486723676885914191349458828718048 0 0 0 0 1 0 0 0 0 0 0 0 0 0 0 0 0 0 0 0 0 0 0 0 0 0 0 0 0 0 0 0 0 0 0 0]
[1104453923338447405935036793924497056344737822131847030676848304328398857086542346907906800626392033711477075303 0 0 0 0 0 1 0 0 0 0 0 0 0 0 0 0 0 0 0 0 0 0 0 0 0 0 0 0 0 0 0 0 0 0 0 0]
[737339001368884273905045250317362990945154150423782898970711229682909972791694141304551268990079435108685358977 0 0 0 0 0 0 1 0 0 0 0 0 0 0 0 0 0 0 0 0 0 0 0 0 0 0 0 0 0 0 0 0 0 0 0 0]
[2240398540312455309999679767103907205752094473377665003657631536187453751322290168619995493367329699765758194555 0 0 0 0 0 0 0 1 0 0 0 0 0 0 0 0 0 0 0 0 0 0 0 0 0 0 0 0 0 0 0 0 0 0 0 0]
[2201672049470032456258094329495259834419972371903149120956855504076312946013398800067058736602669489583892319371 0 0 0 0 0 0 0 0 1 0 0 0 0 0 0 0 0 0 0 0 0 0 0 0 0 0 0 0 0 0 0 0 0 0 0 0]
[144249724850416625249194131536007242077877860808068161814945199821398304960418372333164060542718123755379220068 0 0 0 0 0 0 0 0 0 1 0 0 0 0 0 0 0 0 0 0 0 0 0 0 0 0 0 0 0 0 0 0 0 0 0 0]
[549841137490511765305084516857135327948870968692257106847803383485979680888388367285656072708894761215371695251 0 0 0 0 0 0 0 0 0 0 1 0 0 0 0 0 0 0 0 0 0 0 0 0 0 0 0 0 0 0 0 0 0 0 0 0]
[1869501253849477244665584500581646806310180587009243667587573989057537149015417462310655401639111648249810170908 0 0 0 0 0 0 0 0 0 0 0 1 0 0 0 0 0 0 0 0 0 0 0 0 0 0 0 0 0 0 0 0 0 0 0 0]
[1195583598076651222635243272170811849507818229792202112516721425019967246308023782140926303616185148557154261873 0 0 0 0 0 0 0 0 0 0 0 0 1 0 0 0 0 0 0 0 0 0 0 0 0 0 0 0 0 0 0 0 0 0 0 0]
[434945640555906514610904584743186993963752654126641217167149467857669913068263604863969989416182082968914171222 0 0 0 0 0 0 0 0 0 0 0 0 0 1 0 0 0 0 0 0 0 0 0 0 0 0 0 0 0 0 0 0 0 0 0 0]
[959746504141553341876114455690837680865186560407490623103910029333702942809577054103678896249285963977334143357 0 0 0 0 0 0 0 0 0 0 0 0 0 0 1 0 0 0 0 0 0 0 0 0 0 0 0 0 0 0 0 0 0 0 0 0]
[1354404907505807648045608450319412248491303936130703416287078803032880965391848755940675105663354363546499598014 0 0 0 0 0 0 0 0 0 0 0 0 0 0 0 1 0 0 0 0 0 0 0 0 0 0 0 0 0 0 0 0 0 0 0 0]
[1450607300089181291334852747391210208431263675972093371840203833767917071003070652453550769069069598509079133392 0 0 0 0 0 0 0 0 0 0 0 0 0 0 0 0 1 0 0 0 0 0 0 0 0 0 0 0 0 0 0 0 0 0 0 0]
[1628583377689779226966450919071916461653091524596292171056650777545505980119526177767507072696084103086298912937 0 0 0 0 0 0 0 0 0 0 0 0 0 0 0 0 0 1 0 0 0 0 0 0 0 0 0 0 0 0 0 0 0 0 0 0]
[349082925402808042332581316836087326581148655580268529478355670515360126491557306212910152285158298698750623107 0 0 0 0 0 0 0 0 0 0 0 0 0 0 0 0 0 0 1 0 0 0 0 0 0 0 0 0 0 0 0 0 0 0 0 0]
[779306582745920299186402304852622148171823929107392888374096193180689016833766210352268643563401676440567103444 0 0 0 0 0 0 0 0 0 0 0 0 0 0 0 0 0 0 0 1 0 0 0 0 0 0 0 0 0 0 0 0 0 0 0 0]
[723006656332962332242097333208015938333847402011927334426031630834043971271003713125529457264816319119154790571 0 0 0 0 0 0 0 0 0 0 0 0 0 0 0 0 0 0 0 0 1 0 0 0 0 0 0 0 0 0 0 0 0 0 0 0]
[1620071085064318700683935254898523632602509016817639727994609880595946425678348383018556841614800263573193395048 0 0 0 0 0 0 0 0 0 0 0 0 0 0 0 0 0 0 0 0 0 1 0 0 0 0 0 0 0 0 0 0 0 0 0 0]
[1183588742540220492506960639949298277484714730293219642757715672614806619790010790316816227813981814617383215481 0 0 0 0 0 0 0 0 0 0 0 0 0 0 0 0 0 0 0 0 0 0 1 0 0 0 0 0 0 0 0 0 0 0 0 0]
[1959755869417279925473336341235833501149850527625803097404342581881234557825056119781409889725501749304755489153 0 0 0 0 0 0 0 0 0 0 0 0 0 0 0 0 0 0 0 0 0 0 0 1 0 0 0 0 0 0 0 0 0 0 0 0]
[1828534252284009068835070281525266658466528574977894689974904951252084696952478335747995172830087649604601027876 0 0 0 0 0 0 0 0 0 0 0 0 0 0 0 0 0 0 0 0 0 0 0 0 1 0 0 0 0 0 0 0 0 0 0 0]
[1712274514052791314497187925824574431490194247843851362669388568405361974877770407768825507381662881167746192101 0 0 0 0 0 0 0 0 0 0 0 0 0 0 0 0 0 0 0 0 0 0 0 0 0 1 0 0 0 0 0 0 0 0 0 0]
[1907832413371896697622413677924475296441703473634265511943367665943866433275057400946591828386922599090154057549 0 0 0 0 0 0 0 0 0 0 0 0 0 0 0 0 0 0 0 0 0 0 0 0 0 0 1 0 0 0 0 0 0 0 0 0]
[1572049630034773242976870861605554384164081558474115634501749357271520194985693899516330204419014534728166196863 0 0 0 0 0 0 0 0 0 0 0 0 0 0 0 0 0 0 0 0 0 0 0 0 0 0 0 1 0 0 0 0 0 0 0 0]
[1166109245593451319256199309669835367598013441549751065129570448122541525596876642367777997024776086105411440261 0 0 0 0 0 0 0 0 0 0 0 0 0 0 0 0 0 0 0 0 0 0 0 0 0 0 0 0 1 0 0 0 0 0 0 0]
[642316907031337030399706650495692556355372475931255024852253001289678464242934109486654011770964975859392721543 0 0 0 0 0 0 0 0 0 0 0 0 0 0 0 0 0 0 0 0 0 0 0 0 0 0 0 0 0 1 0 0 0 0 0 0]
[81890198146090021325669480360522243034705648182054506648893389517073317815802370527602931066795600835036670232 0 0 0 0 0 0 0 0 0 0 0 0 0 0 0 0 0 0 0 0 0 0 0 0 0 0 0 0 0 0 1 0 0 0 0 0]
[5558391899510230988930557747822141456649268048281006889193795837476456233572950983468882457413489776667458233 0 0 0 0 0 0 0 0 0 0 0 0 0 0 0 0 0 0 0 0 0 0 0 0 0 0 0 0 0 0 0 1 0 0 0 0]
[2141230191133146721763700470857649425923036076442292153732257671664446897291058932806291125073557559192365362332 0 0 0 0 0 0 0 0 0 0 0 0 0 0 0 0 0 0 0 0 0 0 0 0 0 0 0 0 0 0 0 0 1 0 0 0]
[1188879682581908900586857365233654922576994859817818754841205489614149103848925181960126087077151860381342547139 0 0 0 0 0 0 0 0 0 0 0 0 0 0 0 0 0 0 0 0 0 0 0 0 0 0 0 0 0 0 0 0 0 1 0 0]
[915300280238786446766948572427455305004552010656888934255465323917475097503769283542711692820019293898150932151 0 0 0 0 0 0 0 0 0 0 0 0 0 0 0 0 0 0 0 0 0 0 0 0 0 0 0 0 0 0 0 0 0 0 1 0]
[1587646516586121237544979112807137875890225953805284770555008313265008586239411511049010090241368264634362894858 0 0 0 0 0 0 0 0 0 0 0 0 0 0 0 0 0 0 0 0 0 0 0 0 0 0 0 0 0 0 0 0 0 0 0 1]
]
