[[2247921854570015215237490425746121290043737168845630319276041179097657858351689034192749343085119910187910704788982801 0 0 0 0 0 0 0 0 0 0 0 0 0 0 0 0 0 0 0 0 0 0 0 0 0 0 0 0 0 0 0 0 0 0 0 0 0 0]
[2013267848892686970867318967683651368149452629514428114199668759397356452031378471873161085090802482045885141160101737 1 0 0 0 0 0 0 0 0 0 0 0 0 0 0 0 0 0 0 0 0 0 0 0 0 0 0 0 0 0 0 0 0 0 0 0 0 0]
[734555697417682931715872574536618349618746157017156575845448401086380163133695402417784480192555848928954985425116553 0 1 0 0 0 0 0 0 0 0 0 0 0 0 0 0 0 0 0 0 0 0 0 0 0 0 0 0 0 0 0 0 0 0 0 0 0 0]
[1855364311338656598915801410487312713925523369406174882528765431134227443000477032997797904207804720088381046301827066 0 0 1 0 0 0 0 0 0 0 0 0 0 0 0 0 0 0 0 0 0 0 0 0 0 0 0 0 0 0 0 0 0 0 0 0 0 0]
[1562835783110788766137397599391107077077181504835753859034511779267294760630804317897015061004840371579264301778468356 0 0 0 1 0 0 0 0 0 0 0 0 0 0 0 0 0 0 0 0 0 0 0 0 0 0 0 0 0 0 0 0 0 0 0 0 0 0]
[975441293014283757224130293569553083580897593309185304216958470528819939878978508811254092779615406768556605708937715 0 0 0 0 1 0 0 0 0 0 0 0 0 0 0 0 0 0 0 0 0 0 0 0 0 0 0 0 0 0 0 0 0 0 0 0 0 0]
[1999836847894645700492584911426214045285899755000083712335864565145620020639905161518218939488784302601170307384405036 0 0 0 0 0 1 0 0 0 0 0 0 0 0 0 0 0 0 0 0 0 0 0 0 0 0 0 0 0 0 0 0 0 0 0 0 0 0]
[2175647844968963881264274370340223076175410101178628963351411062139421176659861287108170918155211776948882823737051780 0 0 0 0 0 0 1 0 0 0 0 0 0 0 0 0 0 0 0 0 0 0 0 0 0 0 0 0 0 0 0 0 0 0 0 0 0 0]
[2048686789599370271908611250978139170200617431582585099000188343630484866964994969733479717607205071416574811997237082 0 0 0 0 0 0 0 1 0 0 0 0 0 0 0 0 0 0 0 0 0 0 0 0 0 0 0 0 0 0 0 0 0 0 0 0 0 0]
[1637250616360504298366855478020826953018784735891513074379784268255680761586792621851961826437200964941161378708977227 0 0 0 0 0 0 0 0 1 0 0 0 0 0 0 0 0 0 0 0 0 0 0 0 0 0 0 0 0 0 0 0 0 0 0 0 0 0]
[464720628735785270941778192008916209068680620655159058003297897884903261986123361608363398450193345403057507731774226 0 0 0 0 0 0 0 0 0 1 0 0 0 0 0 0 0 0 0 0 0 0 0 0 0 0 0 0 0 0 0 0 0 0 0 0 0 0]
[1370755034388467947442716302177157078589210197035086890786867529091908885683447040208484063222935786256949427269789327 0 0 0 0 0 0 0 0 0 0 1 0 0 0 0 0 0 0 0 0 0 0 0 0 0 0 0 0 0 0 0 0 0 0 0 0 0 0]
[1774685891862906542691759030928864216515964993071672655282000555528760901890435901725651182353474537644870770431691771 0 0 0 0 0 0 0 0 0 0 0 1 0 0 0 0 0 0 0 0 0 0 0 0 0 0 0 0 0 0 0 0 0 0 0 0 0 0]
[2153588212618165698555064471642241171816263527986674367124145330467723652727604125209171458740371869767519817476229058 0 0 0 0 0 0 0 0 0 0 0 0 1 0 0 0 0 0 0 0 0 0 0 0 0 0 0 0 0 0 0 0 0 0 0 0 0 0]
[1677014171963310489809192008870277923235146814429236451639157765295392524554813187809210321463876925705414634569181013 0 0 0 0 0 0 0 0 0 0 0 0 0 1 0 0 0 0 0 0 0 0 0 0 0 0 0 0 0 0 0 0 0 0 0 0 0 0]
[1659792252169779963536198604996874149378815806664240725164590183190851031687657415408159710631956822473870807396621679 0 0 0 0 0 0 0 0 0 0 0 0 0 0 1 0 0 0 0 0 0 0 0 0 0 0 0 0 0 0 0 0 0 0 0 0 0 0]
[894835814884293758440700241462485642041375489344435822378187404552898090195932108256917707356860108833680199363408334 0 0 0 0 0 0 0 0 0 0 0 0 0 0 0 1 0 0 0 0 0 0 0 0 0 0 0 0 0 0 0 0 0 0 0 0 0 0]
[51128435153427610890593573838343345421591019649684802513030217875779518004944985181645721417343941914449586898701722 0 0 0 0 0 0 0 0 0 0 0 0 0 0 0 0 1 0 0 0 0 0 0 0 0 0 0 0 0 0 0 0 0 0 0 0 0 0]
[1847147052806975770738039826594522563262075016493062987761841290782305887604623956171003171519297928733674639739869827 0 0 0 0 0 0 0 0 0 0 0 0 0 0 0 0 0 1 0 0 0 0 0 0 0 0 0 0 0 0 0 0 0 0 0 0 0 0]
[1196853392575974158911689967570723213089229898040599279247614768616916509578687475785467607184279216842479362478965150 0 0 0 0 0 0 0 0 0 0 0 0 0 0 0 0 0 0 1 0 0 0 0 0 0 0 0 0 0 0 0 0 0 0 0 0 0 0]
[862589862582532092245282367290875675676031720606924160026826028093627074335666732887905004704838977136336892667070203 0 0 0 0 0 0 0 0 0 0 0 0 0 0 0 0 0 0 0 1 0 0 0 0 0 0 0 0 0 0 0 0 0 0 0 0 0 0]
[1147436840038914969126893352287509849806532226208180529844909041676722904983113317749198126012168568699226765810500447 0 0 0 0 0 0 0 0 0 0 0 0 0 0 0 0 0 0 0 0 1 0 0 0 0 0 0 0 0 0 0 0 0 0 0 0 0 0]
[1654696933328122736570917188872646647017511049271651199363752233225170295468893441964089642885420143824956416848981087 0 0 0 0 0 0 0 0 0 0 0 0 0 0 0 0 0 0 0 0 0 1 0 0 0 0 0 0 0 0 0 0 0 0 0 0 0 0]
[1506363141663391058532284903638706395088784176657849497292627355881601374710477571435030311825299729269502464182380588 0 0 0 0 0 0 0 0 0 0 0 0 0 0 0 0 0 0 0 0 0 0 1 0 0 0 0 0 0 0 0 0 0 0 0 0 0 0]
[1373181078400930679864465302504780234241984258471284000142502594453445903671571210042691338742483935563751531686418016 0 0 0 0 0 0 0 0 0 0 0 0 0 0 0 0 0 0 0 0 0 0 0 1 0 0 0 0 0 0 0 0 0 0 0 0 0 0]
[1320726892868071689055484284209441898937026896538221840131842768332524450718508703815157721286096844718651261793623642 0 0 0 0 0 0 0 0 0 0 0 0 0 0 0 0 0 0 0 0 0 0 0 0 1 0 0 0 0 0 0 0 0 0 0 0 0 0]
[2151429555210231992580956504218029405097226258399409946379334419677061280279753100807103864843988644614369725021860659 0 0 0 0 0 0 0 0 0 0 0 0 0 0 0 0 0 0 0 0 0 0 0 0 0 1 0 0 0 0 0 0 0 0 0 0 0 0]
[1959102764984129483206062608713852680546070699513965089671453444511586204168243962703198420587249862889384525998710188 0 0 0 0 0 0 0 0 0 0 0 0 0 0 0 0 0 0 0 0 0 0 0 0 0 0 1 0 0 0 0 0 0 0 0 0 0 0]
[1651311208231910659277944999915973788456809177678835212663645609688592897857566667530631233007663846676720501403977968 0 0 0 0 0 0 0 0 0 0 0 0 0 0 0 0 0 0 0 0 0 0 0 0 0 0 0 1 0 0 0 0 0 0 0 0 0 0]
[1792370750238144743153411684146937830630108372253671749675986298472196062622491251470665171234957779625187698555031688 0 0 0 0 0 0 0 0 0 0 0 0 0 0 0 0 0 0 0 0 0 0 0 0 0 0 0 0 1 0 0 0 0 0 0 0 0 0]
[521923138307986593387982003133639162034129122043584586267562667893274694511784404325658897556813405998627574107850277 0 0 0 0 0 0 0 0 0 0 0 0 0 0 0 0 0 0 0 0 0 0 0 0 0 0 0 0 0 1 0 0 0 0 0 0 0 0]
[2058092589617980778071199510864826874427277808239224239041883472193561549313432518989762404997957778541132422075015337 0 0 0 0 0 0 0 0 0 0 0 0 0 0 0 0 0 0 0 0 0 0 0 0 0 0 0 0 0 0 1 0 0 0 0 0 0 0]
[975373660033428333786442266239819960358113452283875948499103891166255351561418543673943034834403189243322585084540953 0 0 0 0 0 0 0 0 0 0 0 0 0 0 0 0 0 0 0 0 0 0 0 0 0 0 0 0 0 0 0 1 0 0 0 0 0 0]
[768515533810762629374401765570051436202052419668048071776658730012739160521598848009355862409497318492218801787303636 0 0 0 0 0 0 0 0 0 0 0 0 0 0 0 0 0 0 0 0 0 0 0 0 0 0 0 0 0 0 0 0 1 0 0 0 0 0]
[400628998957683036548700362055941122766530410954101767752625873105045922614240168272662349574670714337607784742866970 0 0 0 0 0 0 0 0 0 0 0 0 0 0 0 0 0 0 0 0 0 0 0 0 0 0 0 0 0 0 0 0 0 1 0 0 0 0]
[1822825020316269213398986580920678256118298041657546114760287395579743731444076743232425337558654448747667625172607733 0 0 0 0 0 0 0 0 0 0 0 0 0 0 0 0 0 0 0 0 0 0 0 0 0 0 0 0 0 0 0 0 0 0 1 0 0 0]
[218617167027185343418639126323362847018456959841495270783551475880922015498367542607702319405179882734484674096151534 0 0 0 0 0 0 0 0 0 0 0 0 0 0 0 0 0 0 0 0 0 0 0 0 0 0 0 0 0 0 0 0 0 0 0 1 0 0]
[61813352980240726992555195526434158407052693561861291845950011016279405388289143366494751148000828370795763094846582 0 0 0 0 0 0 0 0 0 0 0 0 0 0 0 0 0 0 0 0 0 0 0 0 0 0 0 0 0 0 0 0 0 0 0 0 1 0]
[1322987513350256777449073147064168863546976387186728416473220188568633137758260845597127803851067662295289980434049401 0 0 0 0 0 0 0 0 0 0 0 0 0 0 0 0 0 0 0 0 0 0 0 0 0 0 0 0 0 0 0 0 0 0 0 0 0 1]
]
