[[1119436380223494400750723821983199034720049980413349769704770821092178474586458882782298254438117 0 0 0 0 0 0 0 0 0 0 0 0 0 0 0 0 0 0 0 0 0 0 0 0 0 0 0 0 0 0 0]
[788983183879324880880707224248565494694462354047469635360231811184662075544043213845520542067294 1 0 0 0 0 0 0 0 0 0 0 0 0 0 0 0 0 0 0 0 0 0 0 0 0 0 0 0 0 0 0]
[600686961959255867407995362743363270424376901600031128984150769280951623230013326019891208975330 0 1 0 0 0 0 0 0 0 0 0 0 0 0 0 0 0 0 0 0 0 0 0 0 0 0 0 0 0 0 0]
[5107571402217652731704869578608653319291170287300832540705133551298103622409973474196475117517 0 0 1 0 0 0 0 0 0 0 0 0 0 0 0 0 0 0 0 0 0 0 0 0 0 0 0 0 0 0 0]
[367571907530288016112178378469153984137078418441157670059929689256402756656925569040875713925833 0 0 0 1 0 0 0 0 0 0 0 0 0 0 0 0 0 0 0 0 0 0 0 0 0 0 0 0 0 0 0]
[1043692571144746929022921177607476035097261398456755805116083691101176257461250498836511830520698 0 0 0 0 1 0 0 0 0 0 0 0 0 0 0 0 0 0 0 0 0 0 0 0 0 0 0 0 0 0 0]
[349035854923983056818757621472931553416243885175599205727821236906571267664434353746614727917397 0 0 0 0 0 1 0 0 0 0 0 0 0 0 0 0 0 0 0 0 0 0 0 0 0 0 0 0 0 0 0]
[714657008435021167240284668828885499154265120693901287414539771089218292364318368283566064249402 0 0 0 0 0 0 1 0 0 0 0 0 0 0 0 0 0 0 0 0 0 0 0 0 0 0 0 0 0 0 0]
[1002357498530388828631164482449898182555723237115423142865137812458080167226441792361128328360958 0 0 0 0 0 0 0 1 0 0 0 0 0 0 0 0 0 0 0 0 0 0 0 0 0 0 0 0 0 0 0]
[940137593197694768914227977580274938481996949421176071330295164509628533247278038827035977528557 0 0 0 0 0 0 0 0 1 0 0 0 0 0 0 0 0 0 0 0 0 0 0 0 0 0 0 0 0 0 0]
[410160293592124209676122318444440873691438945910198180724129608833042940772280356278868294667992 0 0 0 0 0 0 0 0 0 1 0 0 0 0 0 0 0 0 0 0 0 0 0 0 0 0 0 0 0 0 0]
[944237364851100310983098177650922845574177452060416085841816377939024534288992677930923966575804 0 0 0 0 0 0 0 0 0 0 1 0 0 0 0 0 0 0 0 0 0 0 0 0 0 0 0 0 0 0 0]
[1086456715595846074728282431254724120653496337616281429344322194767219673763717679056217261057328 0 0 0 0 0 0 0 0 0 0 0 1 0 0 0 0 0 0 0 0 0 0 0 0 0 0 0 0 0 0 0]
[375796258046149712179435487967358448613808844609219946560991788433823621778454790298663510936571 0 0 0 0 0 0 0 0 0 0 0 0 1 0 0 0 0 0 0 0 0 0 0 0 0 0 0 0 0 0 0]
[515552842273621075421252210147555667500944884667040439785972924946964047598659983464620300823966 0 0 0 0 0 0 0 0 0 0 0 0 0 1 0 0 0 0 0 0 0 0 0 0 0 0 0 0 0 0 0]
[487072375085058206605088832542528120143636764982167292786301577792266493189016455534727658725513 0 0 0 0 0 0 0 0 0 0 0 0 0 0 1 0 0 0 0 0 0 0 0 0 0 0 0 0 0 0 0]
[847775440675874530658827195138682679500870243309004283620968440855494090583564829507515781943735 0 0 0 0 0 0 0 0 0 0 0 0 0 0 0 1 0 0 0 0 0 0 0 0 0 0 0 0 0 0 0]
[747967223588685060761220861532556087239852190678582592482575555502413451107296961030740022890590 0 0 0 0 0 0 0 0 0 0 0 0 0 0 0 0 1 0 0 0 0 0 0 0 0 0 0 0 0 0 0]
[950433823209184163868775016839397229375670778372608907038239297614927321053039472845990007402459 0 0 0 0 0 0 0 0 0 0 0 0 0 0 0 0 0 1 0 0 0 0 0 0 0 0 0 0 0 0 0]
[919937068629011219324201378216326610270509831141284988182783249067331968039885492181844723050166 0 0 0 0 0 0 0 0 0 0 0 0 0 0 0 0 0 0 1 0 0 0 0 0 0 0 0 0 0 0 0]
[401885979968654275367579477415398830039412885029386598739013984592346439828876999543510280679137 0 0 0 0 0 0 0 0 0 0 0 0 0 0 0 0 0 0 0 1 0 0 0 0 0 0 0 0 0 0 0]
[324090410741050509920138701829552167208421362257357883636676414262160762437024194300195732829166 0 0 0 0 0 0 0 0 0 0 0 0 0 0 0 0 0 0 0 0 1 0 0 0 0 0 0 0 0 0 0]
[1004350350484154573799978976725128864446928785567091668315161164298838122275552075333233605932095 0 0 0 0 0 0 0 0 0 0 0 0 0 0 0 0 0 0 0 0 0 1 0 0 0 0 0 0 0 0 0]
[467438901858502092325790859021204630477580219472217461652081231547603145843169365662932165158111 0 0 0 0 0 0 0 0 0 0 0 0 0 0 0 0 0 0 0 0 0 0 1 0 0 0 0 0 0 0 0]
[121684109003421968189426163277094706256633407463842910591063720669298249356394144281110091754390 0 0 0 0 0 0 0 0 0 0 0 0 0 0 0 0 0 0 0 0 0 0 0 1 0 0 0 0 0 0 0]
[1095572457799474952551082605917436916043823723870233208012400869174368210091398366817423662825548 0 0 0 0 0 0 0 0 0 0 0 0 0 0 0 0 0 0 0 0 0 0 0 0 1 0 0 0 0 0 0]
[691756719460629534510155979900638011484953940958438671982947339764867407903792646667617079602709 0 0 0 0 0 0 0 0 0 0 0 0 0 0 0 0 0 0 0 0 0 0 0 0 0 1 0 0 0 0 0]
[356986117738736082423079267222824732638821462763512077493502262820140414835749921870477988006384 0 0 0 0 0 0 0 0 0 0 0 0 0 0 0 0 0 0 0 0 0 0 0 0 0 0 1 0 0 0 0]
[293443785712597198931929198176973559317391544087340717484934305287801968006448081662574894421119 0 0 0 0 0 0 0 0 0 0 0 0 0 0 0 0 0 0 0 0 0 0 0 0 0 0 0 1 0 0 0]
[154505100052161244285294193283145854845376816779646366330253460906011560001946659192014144903336 0 0 0 0 0 0 0 0 0 0 0 0 0 0 0 0 0 0 0 0 0 0 0 0 0 0 0 0 1 0 0]
[579005974118042564698087925360605341546390698468995159427914840007926338825054357221104408558626 0 0 0 0 0 0 0 0 0 0 0 0 0 0 0 0 0 0 0 0 0 0 0 0 0 0 0 0 0 1 0]
[952568459850700648668801690707225653828536815606388085720036717845140099611826775385816202651122 0 0 0 0 0 0 0 0 0 0 0 0 0 0 0 0 0 0 0 0 0 0 0 0 0 0 0 0 0 0 1]
]
