[[1804634165244451018883392852275328813517007528873560093010286783132931260327341228492819806844178193 0 0 0 0 0 0 0 0 0 0 0 0 0 0 0 0 0 0 0 0 0 0 0 0 0 0 0 0 0 0 0 0]
[1296371185323886207815860592377499447292219868863455172871116097092983662206760707228807361051131267 1 0 0 0 0 0 0 0 0 0 0 0 0 0 0 0 0 0 0 0 0 0 0 0 0 0 0 0 0 0 0 0]
[1083325094151321119684410053072172740507691469061352473344478078598801434835732755978040787242993662 0 1 0 0 0 0 0 0 0 0 0 0 0 0 0 0 0 0 0 0 0 0 0 0 0 0 0 0 0 0 0 0]
[1023190605013978644270042231670660734575614148890423819795148924470639585835760049741865477657259048 0 0 1 0 0 0 0 0 0 0 0 0 0 0 0 0 0 0 0 0 0 0 0 0 0 0 0 0 0 0 0 0]
[833604630614164148532908635581452530463123378512555488534725136078232930508673858995005622796006828 0 0 0 1 0 0 0 0 0 0 0 0 0 0 0 0 0 0 0 0 0 0 0 0 0 0 0 0 0 0 0 0]
[1793050613808283362664147852020275308058645730493283722116200808957444719136714711181978386678647966 0 0 0 0 1 0 0 0 0 0 0 0 0 0 0 0 0 0 0 0 0 0 0 0 0 0 0 0 0 0 0 0]
[94554129495839705464449553694555846599445107364408382754836745722279697105167576121527579095547680 0 0 0 0 0 1 0 0 0 0 0 0 0 0 0 0 0 0 0 0 0 0 0 0 0 0 0 0 0 0 0 0]
[1167178125904801071198233724892585141965164084753051843167430098000907004424319510816522246882050685 0 0 0 0 0 0 1 0 0 0 0 0 0 0 0 0 0 0 0 0 0 0 0 0 0 0 0 0 0 0 0 0]
[948897731231063267352068693384899691888926389716964250737315794164375096477056580774667545787938984 0 0 0 0 0 0 0 1 0 0 0 0 0 0 0 0 0 0 0 0 0 0 0 0 0 0 0 0 0 0 0 0]
[1701497860050574947809210389794100637508121516697965003932961424783087752548962437931261742675359592 0 0 0 0 0 0 0 0 1 0 0 0 0 0 0 0 0 0 0 0 0 0 0 0 0 0 0 0 0 0 0 0]
[1547506524256049613426887487025385733180627953238030939336804785054434923973114448023855640704052454 0 0 0 0 0 0 0 0 0 1 0 0 0 0 0 0 0 0 0 0 0 0 0 0 0 0 0 0 0 0 0 0]
[1015630907250512690514152404181054826994486386084402170697162894658042180328317489136031231899301976 0 0 0 0 0 0 0 0 0 0 1 0 0 0 0 0 0 0 0 0 0 0 0 0 0 0 0 0 0 0 0 0]
[1016676790923294885453672510281774727759047525737803214554627067197996239335221031098837363268185897 0 0 0 0 0 0 0 0 0 0 0 1 0 0 0 0 0 0 0 0 0 0 0 0 0 0 0 0 0 0 0 0]
[53652719042397039436759409948106209850460910596548299580444148804426931766543608999033042533821706 0 0 0 0 0 0 0 0 0 0 0 0 1 0 0 0 0 0 0 0 0 0 0 0 0 0 0 0 0 0 0 0]
[1178345109496740065008224531320525961590801064985852648608724057142605753514207008405251437707848692 0 0 0 0 0 0 0 0 0 0 0 0 0 1 0 0 0 0 0 0 0 0 0 0 0 0 0 0 0 0 0 0]
[1300302063698133857191160162645556846559672980429306217824542005700846172677542621015244570862280841 0 0 0 0 0 0 0 0 0 0 0 0 0 0 1 0 0 0 0 0 0 0 0 0 0 0 0 0 0 0 0 0]
[1769249754537834636303067434140877181729124278991318025807438930118701366150633695376300050140849563 0 0 0 0 0 0 0 0 0 0 0 0 0 0 0 1 0 0 0 0 0 0 0 0 0 0 0 0 0 0 0 0]
[901013800669472558966238932785148244960497084773726800022484155026862331314659811748446882809745502 0 0 0 0 0 0 0 0 0 0 0 0 0 0 0 0 1 0 0 0 0 0 0 0 0 0 0 0 0 0 0 0]
[1046595190087527690259933876469807470300149485092616975432599808932520812425308998600060445249761243 0 0 0 0 0 0 0 0 0 0 0 0 0 0 0 0 0 1 0 0 0 0 0 0 0 0 0 0 0 0 0 0]
[1232866397805492742259791934730571623682112409789052812340364007723408307491313671064314407264790198 0 0 0 0 0 0 0 0 0 0 0 0 0 0 0 0 0 0 1 0 0 0 0 0 0 0 0 0 0 0 0 0]
[1576155994851578303314382153009555251417272669853643176825928791415580729934577773739256512038591107 0 0 0 0 0 0 0 0 0 0 0 0 0 0 0 0 0 0 0 1 0 0 0 0 0 0 0 0 0 0 0 0]
[1554624812924534827588006441743110960465076945801472072628085040458260094602595619775559111483175918 0 0 0 0 0 0 0 0 0 0 0 0 0 0 0 0 0 0 0 0 1 0 0 0 0 0 0 0 0 0 0 0]
[203386188672184463220764059074498882218501268164373062672596437463207086830919584985151987250951231 0 0 0 0 0 0 0 0 0 0 0 0 0 0 0 0 0 0 0 0 0 1 0 0 0 0 0 0 0 0 0 0]
[477222775585072930257203878004060717003151180485523479848387347698301302182673037341498804933287455 0 0 0 0 0 0 0 0 0 0 0 0 0 0 0 0 0 0 0 0 0 0 1 0 0 0 0 0 0 0 0 0]
[1216472209972723247239716705062959960199160508055885120523997282793988814575981477274788227300745297 0 0 0 0 0 0 0 0 0 0 0 0 0 0 0 0 0 0 0 0 0 0 0 1 0 0 0 0 0 0 0 0]
[162719519899868390309391719253444292824334314179923343405151659633146310555518492636753649298197808 0 0 0 0 0 0 0 0 0 0 0 0 0 0 0 0 0 0 0 0 0 0 0 0 1 0 0 0 0 0 0 0]
[1382066533200171613937412563356355497322333771251413141540275482848377225190850456698348449389470237 0 0 0 0 0 0 0 0 0 0 0 0 0 0 0 0 0 0 0 0 0 0 0 0 0 1 0 0 0 0 0 0]
[1558373560426417493346798132338648077925444467181279391202677018419143032962286305769204832236492384 0 0 0 0 0 0 0 0 0 0 0 0 0 0 0 0 0 0 0 0 0 0 0 0 0 0 1 0 0 0 0 0]
[1516617857867327330716316571552429930456101235154680383329155228048502747834101453469167022314959032 0 0 0 0 0 0 0 0 0 0 0 0 0 0 0 0 0 0 0 0 0 0 0 0 0 0 0 1 0 0 0 0]
[292581495635192346333524701865988859194530073203832947992354187957059685730392624998776082245751414 0 0 0 0 0 0 0 0 0 0 0 0 0 0 0 0 0 0 0 0 0 0 0 0 0 0 0 0 1 0 0 0]
[541446720793473136912697601421392440803461808930388537996995060798032168208150452581164018083222761 0 0 0 0 0 0 0 0 0 0 0 0 0 0 0 0 0 0 0 0 0 0 0 0 0 0 0 0 0 1 0 0]
[873886928169051353050995178315358496955725555920599438483022508033122016122850357946786528571176092 0 0 0 0 0 0 0 0 0 0 0 0 0 0 0 0 0 0 0 0 0 0 0 0 0 0 0 0 0 0 1 0]
[699519052324178448649406358060329178938962110364019346049553398677145812053637911745997494852486759 0 0 0 0 0 0 0 0 0 0 0 0 0 0 0 0 0 0 0 0 0 0 0 0 0 0 0 0 0 0 0 1]
]
