[[1080986039880969234290433245778553407209672850480928850046037314705240521193592642207382250451 0 0 0 0 0 0 0 0 0 0 0 0 0 0 0 0 0 0 0 0 0 0 0 0 0 0 0 0 0 0]
[180168193269420018247099178846051212589978234221354305973997093685694929704742164568656020478 1 0 0 0 0 0 0 0 0 0 0 0 0 0 0 0 0 0 0 0 0 0 0 0 0 0 0 0 0 0]
[393138733617440186169507945560898595002509049530533543927018091856608140065750927453099395426 0 1 0 0 0 0 0 0 0 0 0 0 0 0 0 0 0 0 0 0 0 0 0 0 0 0 0 0 0 0]
[157066864413229808999779783902614006198509004298729748088644119364691628668472254376857196092 0 0 1 0 0 0 0 0 0 0 0 0 0 0 0 0 0 0 0 0 0 0 0 0 0 0 0 0 0 0]
[856480812013406210541138977944038749953586947584545629890840207491151032958179465615933771658 0 0 0 1 0 0 0 0 0 0 0 0 0 0 0 0 0 0 0 0 0 0 0 0 0 0 0 0 0 0]
[19019856904050122850162704203669293912919552927162030593486085507868849854811069634335335425 0 0 0 0 1 0 0 0 0 0 0 0 0 0 0 0 0 0 0 0 0 0 0 0 0 0 0 0 0 0]
[912129896867961399245547532761813165020475415569892413814689897980092917771280663406620299306 0 0 0 0 0 1 0 0 0 0 0 0 0 0 0 0 0 0 0 0 0 0 0 0 0 0 0 0 0 0]
[496028168280684301449107502564777253977989312727321719491182178199918119669185286247244906826 0 0 0 0 0 0 1 0 0 0 0 0 0 0 0 0 0 0 0 0 0 0 0 0 0 0 0 0 0 0]
[431439383329240733139208742420707070834458834245105405052595633119335693060430776803212021294 0 0 0 0 0 0 0 1 0 0 0 0 0 0 0 0 0 0 0 0 0 0 0 0 0 0 0 0 0 0]
[245139511051151573377972924550172848846812956747821484670373026499555878044899865266503826290 0 0 0 0 0 0 0 0 1 0 0 0 0 0 0 0 0 0 0 0 0 0 0 0 0 0 0 0 0 0]
[64987084172038248324894085099445459801470161081250938580980129350387752224635616112048915112 0 0 0 0 0 0 0 0 0 1 0 0 0 0 0 0 0 0 0 0 0 0 0 0 0 0 0 0 0 0]
[634119687205445434416593134312488906892644502906022995318769773521589254306019245796954055362 0 0 0 0 0 0 0 0 0 0 1 0 0 0 0 0 0 0 0 0 0 0 0 0 0 0 0 0 0 0]
[296629280028562401588329406251688374663564520694107139112956632061367072933718103258950198691 0 0 0 0 0 0 0 0 0 0 0 1 0 0 0 0 0 0 0 0 0 0 0 0 0 0 0 0 0 0]
[23842234374669662862305615621725318901528044315308496036910580385816354118810137522678638397 0 0 0 0 0 0 0 0 0 0 0 0 1 0 0 0 0 0 0 0 0 0 0 0 0 0 0 0 0 0]
[538155345723228394160965670230752343805836987494946776079571006689719379204959830659966779085 0 0 0 0 0 0 0 0 0 0 0 0 0 1 0 0 0 0 0 0 0 0 0 0 0 0 0 0 0 0]
[5164872670130014301006601287130644984791667412898908163227812023931406287495067033574947029 0 0 0 0 0 0 0 0 0 0 0 0 0 0 1 0 0 0 0 0 0 0 0 0 0 0 0 0 0 0]
[302006476409006364393033681664548584901615254608518996560870402696205674028592402752000142200 0 0 0 0 0 0 0 0 0 0 0 0 0 0 0 1 0 0 0 0 0 0 0 0 0 0 0 0 0 0]
[132034061708917907976683027075697194224990009626278862313795934549137018700688973032631618253 0 0 0 0 0 0 0 0 0 0 0 0 0 0 0 0 1 0 0 0 0 0 0 0 0 0 0 0 0 0]
[271820780961632794295990770625053008226566524847483779135548785476794335982976343917589851622 0 0 0 0 0 0 0 0 0 0 0 0 0 0 0 0 0 1 0 0 0 0 0 0 0 0 0 0 0 0]
[571880514875613138844577151264742415445938559800529763295096202002948305223262557068746755263 0 0 0 0 0 0 0 0 0 0 0 0 0 0 0 0 0 0 1 0 0 0 0 0 0 0 0 0 0 0]
[83003382826816233401933515601426792471309995917599926839293946962746776429460888902843768583 0 0 0 0 0 0 0 0 0 0 0 0 0 0 0 0 0 0 0 1 0 0 0 0 0 0 0 0 0 0]
[447873325913889226443484461971912298651825687009804723527561656863613272703715028671784356924 0 0 0 0 0 0 0 0 0 0 0 0 0 0 0 0 0 0 0 0 1 0 0 0 0 0 0 0 0 0]
[484986807023943060164419273194588998703632036740616422479928627877299106848236776482999535586 0 0 0 0 0 0 0 0 0 0 0 0 0 0 0 0 0 0 0 0 0 1 0 0 0 0 0 0 0 0]
[869761572459286736845679942409062336839388910791936390767091416094736246835669083990801896039 0 0 0 0 0 0 0 0 0 0 0 0 0 0 0 0 0 0 0 0 0 0 1 0 0 0 0 0 0 0]
[283200876272089547404640336501886647647536718967942110639719416067368412256268986297517231225 0 0 0 0 0 0 0 0 0 0 0 0 0 0 0 0 0 0 0 0 0 0 0 1 0 0 0 0 0 0]
[593610290983164043857635477528050117868380862188450490224951252475180810771144930988642928612 0 0 0 0 0 0 0 0 0 0 0 0 0 0 0 0 0 0 0 0 0 0 0 0 1 0 0 0 0 0]
[617973556852807816625334073211201861462186368812825842480013304266666057571570733924390717860 0 0 0 0 0 0 0 0 0 0 0 0 0 0 0 0 0 0 0 0 0 0 0 0 0 1 0 0 0 0]
[580568342611292366032656347566656808731821148175569153193579888145195117761746846716636590844 0 0 0 0 0 0 0 0 0 0 0 0 0 0 0 0 0 0 0 0 0 0 0 0 0 0 1 0 0 0]
[45634430807860473344707993496079331233701720356736579491271058177301169004848282631090464781 0 0 0 0 0 0 0 0 0 0 0 0 0 0 0 0 0 0 0 0 0 0 0 0 0 0 0 1 0 0]
[348310157165751361541760372379055021284937800382043945310020802832007835979753593872673025014 0 0 0 0 0 0 0 0 0 0 0 0 0 0 0 0 0 0 0 0 0 0 0 0 0 0 0 0 1 0]
[283205206511586774281076437197058153245805643107552774246556431242892502761507961122636069725 0 0 0 0 0 0 0 0 0 0 0 0 0 0 0 0 0 0 0 0 0 0 0 0 0 0 0 0 0 1]
]
