[[1884443672188732561359864808687468635141891099123362174600898404913739804938209161448124651123112457659694213762791 0 0 0 0 0 0 0 0 0 0 0 0 0 0 0 0 0 0 0 0 0 0 0 0 0 0 0 0 0 0 0 0 0 0 0 0 0]
[1252589394000311474861811637089499522286130147660721540725564012013775641189443209115630785910171054960579945408051 1 0 0 0 0 0 0 0 0 0 0 0 0 0 0 0 0 0 0 0 0 0 0 0 0 0 0 0 0 0 0 0 0 0 0 0 0]
[993722076812725597191111653388590374890290392017621572886102816809322368888227911694412454142010445892483598645424 0 1 0 0 0 0 0 0 0 0 0 0 0 0 0 0 0 0 0 0 0 0 0 0 0 0 0 0 0 0 0 0 0 0 0 0 0]
[1212094878125389464608220133366934165440881820288444927209259144595996116060489444961237911444807510936519459515899 0 0 1 0 0 0 0 0 0 0 0 0 0 0 0 0 0 0 0 0 0 0 0 0 0 0 0 0 0 0 0 0 0 0 0 0 0]
[383087345009033859334053857134657503483807845977124353348193915743878018235923756354490384587608941232840049167562 0 0 0 1 0 0 0 0 0 0 0 0 0 0 0 0 0 0 0 0 0 0 0 0 0 0 0 0 0 0 0 0 0 0 0 0 0]
[1733532854723654248623771494829566998020978783374723287358780248248742929096222727969634045513717527393619714742898 0 0 0 0 1 0 0 0 0 0 0 0 0 0 0 0 0 0 0 0 0 0 0 0 0 0 0 0 0 0 0 0 0 0 0 0 0]
[1257695031005383097548641327261112382260925488813429267900740303372382771703554036692192729304282590755370726384329 0 0 0 0 0 1 0 0 0 0 0 0 0 0 0 0 0 0 0 0 0 0 0 0 0 0 0 0 0 0 0 0 0 0 0 0 0]
[1365886120245557495198500403281005916205371839457973642226097033441687366606268484196977165114125766719453356758115 0 0 0 0 0 0 1 0 0 0 0 0 0 0 0 0 0 0 0 0 0 0 0 0 0 0 0 0 0 0 0 0 0 0 0 0 0]
[1485673750708217492503438199916060272167666745863311823536928391475859996765484878216367430842278728329667675532935 0 0 0 0 0 0 0 1 0 0 0 0 0 0 0 0 0 0 0 0 0 0 0 0 0 0 0 0 0 0 0 0 0 0 0 0 0]
[411327324383814061683328479630050689736906548983265375487255472177341534441604363676797632403216216584962562275835 0 0 0 0 0 0 0 0 1 0 0 0 0 0 0 0 0 0 0 0 0 0 0 0 0 0 0 0 0 0 0 0 0 0 0 0 0]
[955318559702829999557722989381031545024984518609104715303960517030655455690296180630934049478918718292609912135555 0 0 0 0 0 0 0 0 0 1 0 0 0 0 0 0 0 0 0 0 0 0 0 0 0 0 0 0 0 0 0 0 0 0 0 0 0]
[1874435046447528513312205450823423496403438835143297159622555879692605062995816213606244409488242890109462507962578 0 0 0 0 0 0 0 0 0 0 1 0 0 0 0 0 0 0 0 0 0 0 0 0 0 0 0 0 0 0 0 0 0 0 0 0 0]
[721540432283329462529571281013472748600442841626897533662753217018129811660259653810108794110733373474668784784728 0 0 0 0 0 0 0 0 0 0 0 1 0 0 0 0 0 0 0 0 0 0 0 0 0 0 0 0 0 0 0 0 0 0 0 0 0]
[445413155877426480618187625586974322034352877558064084101772260931899389982503153755589703842675258043397715072249 0 0 0 0 0 0 0 0 0 0 0 0 1 0 0 0 0 0 0 0 0 0 0 0 0 0 0 0 0 0 0 0 0 0 0 0 0]
[1269027649854224845617468809938806726105849402934194207344426711068455422035039557019998673896507092578937097528667 0 0 0 0 0 0 0 0 0 0 0 0 0 1 0 0 0 0 0 0 0 0 0 0 0 0 0 0 0 0 0 0 0 0 0 0 0]
[75223557877428528795273152208347775765961091358448735687566750394840812765037176028337576854797335459324872068970 0 0 0 0 0 0 0 0 0 0 0 0 0 0 1 0 0 0 0 0 0 0 0 0 0 0 0 0 0 0 0 0 0 0 0 0 0]
[1313858246928978945599108401282828784276199839838092112849218898249103460356726887659934837217965605557069655674236 0 0 0 0 0 0 0 0 0 0 0 0 0 0 0 1 0 0 0 0 0 0 0 0 0 0 0 0 0 0 0 0 0 0 0 0 0]
[428019709095445564730564187440436926962669405451885088408619180234976670969000589622146011087978771119308101154045 0 0 0 0 0 0 0 0 0 0 0 0 0 0 0 0 1 0 0 0 0 0 0 0 0 0 0 0 0 0 0 0 0 0 0 0 0]
[274977232694550875792980165882409325292798475270851668399668829092514636604973142339608124139431440430141227933019 0 0 0 0 0 0 0 0 0 0 0 0 0 0 0 0 0 1 0 0 0 0 0 0 0 0 0 0 0 0 0 0 0 0 0 0 0]
[379938950394607893262551126424204973402399363972934130256459264806924040487719976958084923646642208341391226336891 0 0 0 0 0 0 0 0 0 0 0 0 0 0 0 0 0 0 1 0 0 0 0 0 0 0 0 0 0 0 0 0 0 0 0 0 0]
[450955929830437576017871386019967167650737118961711928456678622763371889742969160856009659773741447627489735566078 0 0 0 0 0 0 0 0 0 0 0 0 0 0 0 0 0 0 0 1 0 0 0 0 0 0 0 0 0 0 0 0 0 0 0 0 0]
[269006731798418669353424185156425615903123226983608599747446058984759602517820721824977479857037679339496141498626 0 0 0 0 0 0 0 0 0 0 0 0 0 0 0 0 0 0 0 0 1 0 0 0 0 0 0 0 0 0 0 0 0 0 0 0 0]
[1599694265363422734633160713094965628106324082080713949998986704114718677254954899949139355313303050906872655493508 0 0 0 0 0 0 0 0 0 0 0 0 0 0 0 0 0 0 0 0 0 1 0 0 0 0 0 0 0 0 0 0 0 0 0 0 0]
[268338191183335826349133932700680307343320740806601872566329647859425151061448808781132619151089190428441577346747 0 0 0 0 0 0 0 0 0 0 0 0 0 0 0 0 0 0 0 0 0 0 1 0 0 0 0 0 0 0 0 0 0 0 0 0 0]
[884990338257297030701086288854414622701471392365345212466066123833070986136549979412598400218741230045578522584517 0 0 0 0 0 0 0 0 0 0 0 0 0 0 0 0 0 0 0 0 0 0 0 1 0 0 0 0 0 0 0 0 0 0 0 0 0]
[606027858827359800078003972788070777949495576787508930722059139611213535220620521732959925680908192969248666684660 0 0 0 0 0 0 0 0 0 0 0 0 0 0 0 0 0 0 0 0 0 0 0 0 1 0 0 0 0 0 0 0 0 0 0 0 0]
[1061243761618697961685453056264606527831301747548907173916591278167641375192397629627679351292834148845059855196210 0 0 0 0 0 0 0 0 0 0 0 0 0 0 0 0 0 0 0 0 0 0 0 0 0 1 0 0 0 0 0 0 0 0 0 0 0]
[323912934299639312048490211391067870992978777874871280396124650930017167483170610822370811381722105962399709166993 0 0 0 0 0 0 0 0 0 0 0 0 0 0 0 0 0 0 0 0 0 0 0 0 0 0 1 0 0 0 0 0 0 0 0 0 0]
[354161769499252825294656377818038365937848965072924323743763654034877387420743041317070752512682194099532818864291 0 0 0 0 0 0 0 0 0 0 0 0 0 0 0 0 0 0 0 0 0 0 0 0 0 0 0 1 0 0 0 0 0 0 0 0 0]
[637976274323340400401187773824192664158218210420840203410982833868936573322042292510235697023913650567948993656825 0 0 0 0 0 0 0 0 0 0 0 0 0 0 0 0 0 0 0 0 0 0 0 0 0 0 0 0 1 0 0 0 0 0 0 0 0]
[1103661275654744732766647000054536794069138641588750929381967341770810355443334173432748515333917514448397286168495 0 0 0 0 0 0 0 0 0 0 0 0 0 0 0 0 0 0 0 0 0 0 0 0 0 0 0 0 0 1 0 0 0 0 0 0 0]
[1496633148472791321518760153033595772632175110693412542145559067330710625692527275228930362808127050464046648911252 0 0 0 0 0 0 0 0 0 0 0 0 0 0 0 0 0 0 0 0 0 0 0 0 0 0 0 0 0 0 1 0 0 0 0 0 0]
[43764508343932348029496299782500535586440708505584698887925128128128023647106416690067009792825121291762683479534 0 0 0 0 0 0 0 0 0 0 0 0 0 0 0 0 0 0 0 0 0 0 0 0 0 0 0 0 0 0 0 1 0 0 0 0 0]
[1830346651141978711819457884454012648705268965913351146223916399349889848064299672036267743261289222876732678631733 0 0 0 0 0 0 0 0 0 0 0 0 0 0 0 0 0 0 0 0 0 0 0 0 0 0 0 0 0 0 0 0 1 0 0 0 0]
[341839797837197119909573856516764476309981013304980587308698762091213746212182331725588388927518557128214135045872 0 0 0 0 0 0 0 0 0 0 0 0 0 0 0 0 0 0 0 0 0 0 0 0 0 0 0 0 0 0 0 0 0 1 0 0 0]
[1538373302223234258341643470459178772887976693395906549188192307223448568967560836689565429078481415553356351698667 0 0 0 0 0 0 0 0 0 0 0 0 0 0 0 0 0 0 0 0 0 0 0 0 0 0 0 0 0 0 0 0 0 0 1 0 0]
[830515798352631354306350516492398963282454491567704266175616202458218157300183719820301869351683153500988518372413 0 0 0 0 0 0 0 0 0 0 0 0 0 0 0 0 0 0 0 0 0 0 0 0 0 0 0 0 0 0 0 0 0 0 0 1 0]
[903226694955574149205757129157942722814336467420790879072747891532440102145162418059575501829549247960037428952233 0 0 0 0 0 0 0 0 0 0 0 0 0 0 0 0 0 0 0 0 0 0 0 0 0 0 0 0 0 0 0 0 0 0 0 0 1]
]
