[[1223885355234705951342919587533703688559242265709350397900106309462631883195406628652718418269375220038052740699 0 0 0 0 0 0 0 0 0 0 0 0 0 0 0 0 0 0 0 0 0 0 0 0 0 0 0 0 0 0 0 0 0 0 0 0]
[924162471587384107631055264642561236021211023987763670533252588565427429964526757691487967917516930980697411255 1 0 0 0 0 0 0 0 0 0 0 0 0 0 0 0 0 0 0 0 0 0 0 0 0 0 0 0 0 0 0 0 0 0 0 0]
[269271987318347222480899879792740865610242318031997381854054847798136546615977588506365946790449419025317515969 0 1 0 0 0 0 0 0 0 0 0 0 0 0 0 0 0 0 0 0 0 0 0 0 0 0 0 0 0 0 0 0 0 0 0 0]
[1214076683623095033314268350543940394652188890485613249171812054855313182447390956845079166824412530293356616061 0 0 1 0 0 0 0 0 0 0 0 0 0 0 0 0 0 0 0 0 0 0 0 0 0 0 0 0 0 0 0 0 0 0 0 0]
[453724439855143052712991630764149810673270122810367796052820125854296379376350041054938875622451865995354548723 0 0 0 1 0 0 0 0 0 0 0 0 0 0 0 0 0 0 0 0 0 0 0 0 0 0 0 0 0 0 0 0 0 0 0 0]
[1148751689925651226080519662317933636243467113364479028289236055734370995563631470073467560941804921303925027521 0 0 0 0 1 0 0 0 0 0 0 0 0 0 0 0 0 0 0 0 0 0 0 0 0 0 0 0 0 0 0 0 0 0 0 0]
[927640158581048807538034223786202604986977062290006481758043546186101954981322529321801332008127155723117736898 0 0 0 0 0 1 0 0 0 0 0 0 0 0 0 0 0 0 0 0 0 0 0 0 0 0 0 0 0 0 0 0 0 0 0 0]
[528634979702240950068143927399939736108560976674498394923601120217971956704311078514552123181966432311650973730 0 0 0 0 0 0 1 0 0 0 0 0 0 0 0 0 0 0 0 0 0 0 0 0 0 0 0 0 0 0 0 0 0 0 0 0]
[392866306441416325952620977076919764477828187816012080781716510057851127394072894279437163374926083289793795631 0 0 0 0 0 0 0 1 0 0 0 0 0 0 0 0 0 0 0 0 0 0 0 0 0 0 0 0 0 0 0 0 0 0 0 0]
[795300818494091119623623592004527060069728972794913622637386772880807615148967213153856684094130026178645027755 0 0 0 0 0 0 0 0 1 0 0 0 0 0 0 0 0 0 0 0 0 0 0 0 0 0 0 0 0 0 0 0 0 0 0 0]
[1186427209782923617999444223787740513616066593442992397985897086454798836008435585186827049922613740689684717295 0 0 0 0 0 0 0 0 0 1 0 0 0 0 0 0 0 0 0 0 0 0 0 0 0 0 0 0 0 0 0 0 0 0 0 0]
[938744195475880202252560502068316004849353484646908362038191885339978959655758231467951805721050997948271343874 0 0 0 0 0 0 0 0 0 0 1 0 0 0 0 0 0 0 0 0 0 0 0 0 0 0 0 0 0 0 0 0 0 0 0 0]
[69642870863312227134759702207507128411326399065677035325238384931750524450787017436293535301500742047044543171 0 0 0 0 0 0 0 0 0 0 0 1 0 0 0 0 0 0 0 0 0 0 0 0 0 0 0 0 0 0 0 0 0 0 0 0]
[1124877559661780686258399336894689545300804177038599957742093265199987412718789979411122093812925575633609029317 0 0 0 0 0 0 0 0 0 0 0 0 1 0 0 0 0 0 0 0 0 0 0 0 0 0 0 0 0 0 0 0 0 0 0 0]
[985865153232463897722488047644908700740857680064323824262395952439202027203865065787980409095010657317955117218 0 0 0 0 0 0 0 0 0 0 0 0 0 1 0 0 0 0 0 0 0 0 0 0 0 0 0 0 0 0 0 0 0 0 0 0]
[1041703443178223286716914982636167781486106378508358955315505538787583629123136482933799181561193440981601322426 0 0 0 0 0 0 0 0 0 0 0 0 0 0 1 0 0 0 0 0 0 0 0 0 0 0 0 0 0 0 0 0 0 0 0 0]
[32135398436256101019053844443871505090437886776064167888603629475991588861859984712583633742627128280334877179 0 0 0 0 0 0 0 0 0 0 0 0 0 0 0 1 0 0 0 0 0 0 0 0 0 0 0 0 0 0 0 0 0 0 0 0]
[68122575221714372595203371630209096983147542175218170854166761019618903516354190634096700790903761627312806783 0 0 0 0 0 0 0 0 0 0 0 0 0 0 0 0 1 0 0 0 0 0 0 0 0 0 0 0 0 0 0 0 0 0 0 0]
[78740218368992036678559685047462257950504614816876782806068815494931058191653130438387694884711396108344940341 0 0 0 0 0 0 0 0 0 0 0 0 0 0 0 0 0 1 0 0 0 0 0 0 0 0 0 0 0 0 0 0 0 0 0 0]
[957298272113535772115413950250948954627784930649589646787028802959500474875214203013494182368684411873917795575 0 0 0 0 0 0 0 0 0 0 0 0 0 0 0 0 0 0 1 0 0 0 0 0 0 0 0 0 0 0 0 0 0 0 0 0]
[272816177402590691091234082785072089928948191262857476750257475669196860390790187825902890570491717332686883164 0 0 0 0 0 0 0 0 0 0 0 0 0 0 0 0 0 0 0 1 0 0 0 0 0 0 0 0 0 0 0 0 0 0 0 0]
[224950248564257893283464198372801336250198285981021689780444233620490441604491596113916732839869300508154718674 0 0 0 0 0 0 0 0 0 0 0 0 0 0 0 0 0 0 0 0 1 0 0 0 0 0 0 0 0 0 0 0 0 0 0 0]
[103427046201032401265516736257648935308268637196101213758729724176161569725569206497583610173046446121552844114 0 0 0 0 0 0 0 0 0 0 0 0 0 0 0 0 0 0 0 0 0 1 0 0 0 0 0 0 0 0 0 0 0 0 0 0]
[854211565922408349393931375363004708020518098058631233105240297522363447001385151936206915667775006040357447037 0 0 0 0 0 0 0 0 0 0 0 0 0 0 0 0 0 0 0 0 0 0 1 0 0 0 0 0 0 0 0 0 0 0 0 0]
[877733718905651155542944856978109831194539897627064536041366528281354933561674819742352281236999674293632108197 0 0 0 0 0 0 0 0 0 0 0 0 0 0 0 0 0 0 0 0 0 0 0 1 0 0 0 0 0 0 0 0 0 0 0 0]
[447266350205993772281657582915183998103816581837074354965781018860561953828656699041705341385866338331789710384 0 0 0 0 0 0 0 0 0 0 0 0 0 0 0 0 0 0 0 0 0 0 0 0 1 0 0 0 0 0 0 0 0 0 0 0]
[1006462074535194241387834227024307037431794765523080166585926587745171217778609033323724313691347987518365047865 0 0 0 0 0 0 0 0 0 0 0 0 0 0 0 0 0 0 0 0 0 0 0 0 0 1 0 0 0 0 0 0 0 0 0 0]
[1147969214373675085758440583764878682632076819046454649298694028021725825242149170584534159201556612367012366576 0 0 0 0 0 0 0 0 0 0 0 0 0 0 0 0 0 0 0 0 0 0 0 0 0 0 1 0 0 0 0 0 0 0 0 0]
[639949092828411978622955302598430402998829064930507373249212064961867229001645794073871677439480570168731369357 0 0 0 0 0 0 0 0 0 0 0 0 0 0 0 0 0 0 0 0 0 0 0 0 0 0 0 1 0 0 0 0 0 0 0 0]
[264761551838781344033146665636921632249039072702424688482159233988027716643493255475727896995515528919057648315 0 0 0 0 0 0 0 0 0 0 0 0 0 0 0 0 0 0 0 0 0 0 0 0 0 0 0 0 1 0 0 0 0 0 0 0]
[855239987612076826671887162193012667709204098506279200075956492339167727853164805255135217099885107713168313208 0 0 0 0 0 0 0 0 0 0 0 0 0 0 0 0 0 0 0 0 0 0 0 0 0 0 0 0 0 1 0 0 0 0 0 0]
[275943316510094455490206427882321020800736508480281394084979194578471355860565803607320682149426851140295832199 0 0 0 0 0 0 0 0 0 0 0 0 0 0 0 0 0 0 0 0 0 0 0 0 0 0 0 0 0 0 1 0 0 0 0 0]
[23685688372306177114017837760203832870676215622017970057609789839827970067172734668507560046927185493894059944 0 0 0 0 0 0 0 0 0 0 0 0 0 0 0 0 0 0 0 0 0 0 0 0 0 0 0 0 0 0 0 1 0 0 0 0]
[209135514311522987232947730539138747137538300838887856720422823840942829167760438659281076339946476569348416875 0 0 0 0 0 0 0 0 0 0 0 0 0 0 0 0 0 0 0 0 0 0 0 0 0 0 0 0 0 0 0 0 1 0 0 0]
[139700471869040785845424083029143098761083009139444457953668563773289779113312382147606435903963784130167755928 0 0 0 0 0 0 0 0 0 0 0 0 0 0 0 0 0 0 0 0 0 0 0 0 0 0 0 0 0 0 0 0 0 1 0 0]
[464616794543036155108293660543503210531157111911573834780883654240623316259354216438057623402061644251325083606 0 0 0 0 0 0 0 0 0 0 0 0 0 0 0 0 0 0 0 0 0 0 0 0 0 0 0 0 0 0 0 0 0 0 1 0]
[130306525611639516570952370625384717300738015642392998419575045843447027002728947765812394286121953240194597053 0 0 0 0 0 0 0 0 0 0 0 0 0 0 0 0 0 0 0 0 0 0 0 0 0 0 0 0 0 0 0 0 0 0 0 1]
]
