[[1506092451512742783586237549673429733819758730856677646093388454479334120388771272326599031375011091 0 0 0 0 0 0 0 0 0 0 0 0 0 0 0 0 0 0 0 0 0 0 0 0 0 0 0 0 0 0 0 0]
[118229849843621451710460436995034279926151072153033122706153087219360777656656807059229561655029487 1 0 0 0 0 0 0 0 0 0 0 0 0 0 0 0 0 0 0 0 0 0 0 0 0 0 0 0 0 0 0 0]
[75801406630603250009087992414309231093254960157413077576038585535868140437527663841332542411611358 0 1 0 0 0 0 0 0 0 0 0 0 0 0 0 0 0 0 0 0 0 0 0 0 0 0 0 0 0 0 0 0]
[40409937644900848232516876226971204349149777779472161110596568341315813012974251956462235022004646 0 0 1 0 0 0 0 0 0 0 0 0 0 0 0 0 0 0 0 0 0 0 0 0 0 0 0 0 0 0 0 0]
[1497319154475203674349567634972290635682836789305885664971229073917939334887355782073261028812039502 0 0 0 1 0 0 0 0 0 0 0 0 0 0 0 0 0 0 0 0 0 0 0 0 0 0 0 0 0 0 0 0]
[517588939588493954082048366194165735464507786510391266445526869563274283803859681860573463416734426 0 0 0 0 1 0 0 0 0 0 0 0 0 0 0 0 0 0 0 0 0 0 0 0 0 0 0 0 0 0 0 0]
[1344723406495109758441508507302886116521297690422616747428186130343130875780924494610899968110338563 0 0 0 0 0 1 0 0 0 0 0 0 0 0 0 0 0 0 0 0 0 0 0 0 0 0 0 0 0 0 0 0]
[91634023600849274236338261429335165324850168443109336849315720616817114986041109169129333736183708 0 0 0 0 0 0 1 0 0 0 0 0 0 0 0 0 0 0 0 0 0 0 0 0 0 0 0 0 0 0 0 0]
[625564788904998502832974072430412256567217107277817151653524736653946863856315293031438219625906513 0 0 0 0 0 0 0 1 0 0 0 0 0 0 0 0 0 0 0 0 0 0 0 0 0 0 0 0 0 0 0 0]
[107184009686036904610201626495667448599056761451324437505226656400367755366213209107118712442146434 0 0 0 0 0 0 0 0 1 0 0 0 0 0 0 0 0 0 0 0 0 0 0 0 0 0 0 0 0 0 0 0]
[400751482444450803370190864651458629752570718230461887448471081714911538976197103083864763203545934 0 0 0 0 0 0 0 0 0 1 0 0 0 0 0 0 0 0 0 0 0 0 0 0 0 0 0 0 0 0 0 0]
[424999148819298574082175370318958000725962622202663149894873272704931405914926922662487706810348502 0 0 0 0 0 0 0 0 0 0 1 0 0 0 0 0 0 0 0 0 0 0 0 0 0 0 0 0 0 0 0 0]
[1142674899969606873435138454762833212971485144607661492816573823149430372462307336047980929470707599 0 0 0 0 0 0 0 0 0 0 0 1 0 0 0 0 0 0 0 0 0 0 0 0 0 0 0 0 0 0 0 0]
[1090617464733058974574844358462264723448005694481025172908966350337286873606692788179886975918802373 0 0 0 0 0 0 0 0 0 0 0 0 1 0 0 0 0 0 0 0 0 0 0 0 0 0 0 0 0 0 0 0]
[1432341793855856810558089284734118293945503876041814908581641955740239162781113636261088521585408650 0 0 0 0 0 0 0 0 0 0 0 0 0 1 0 0 0 0 0 0 0 0 0 0 0 0 0 0 0 0 0 0]
[997766376110521538849602846726999748365490952669122728895838729138357082632077204922890427816985672 0 0 0 0 0 0 0 0 0 0 0 0 0 0 1 0 0 0 0 0 0 0 0 0 0 0 0 0 0 0 0 0]
[3285004531359340249420585660380648980607157581528591320728182971587666157552365033031049624352469 0 0 0 0 0 0 0 0 0 0 0 0 0 0 0 1 0 0 0 0 0 0 0 0 0 0 0 0 0 0 0 0]
[414366174482927203233313432050588587846271361103479978887609079226996087603874847042350994213571837 0 0 0 0 0 0 0 0 0 0 0 0 0 0 0 0 1 0 0 0 0 0 0 0 0 0 0 0 0 0 0 0]
[942822095602582203319848819792362026786043776201714295175075506221945283614016492692318610311826804 0 0 0 0 0 0 0 0 0 0 0 0 0 0 0 0 0 1 0 0 0 0 0 0 0 0 0 0 0 0 0 0]
[522936868194519767805394317223534520307986902566206180798287037900216681795035059904747555339761457 0 0 0 0 0 0 0 0 0 0 0 0 0 0 0 0 0 0 1 0 0 0 0 0 0 0 0 0 0 0 0 0]
[616399656896719689528913511670088164388142663896236446518453007197491044509941266852442488900598148 0 0 0 0 0 0 0 0 0 0 0 0 0 0 0 0 0 0 0 1 0 0 0 0 0 0 0 0 0 0 0 0]
[549031961541359205424588130676372718159922756798242450104049198844196124125988509752390028433897911 0 0 0 0 0 0 0 0 0 0 0 0 0 0 0 0 0 0 0 0 1 0 0 0 0 0 0 0 0 0 0 0]
[700032776659867195478844676074250769007182709738104899012317289084959457222653635933274212544214662 0 0 0 0 0 0 0 0 0 0 0 0 0 0 0 0 0 0 0 0 0 1 0 0 0 0 0 0 0 0 0 0]
[1059764632518479403460650647951551175855785920377644149772951506156686610075093882429654593844020261 0 0 0 0 0 0 0 0 0 0 0 0 0 0 0 0 0 0 0 0 0 0 1 0 0 0 0 0 0 0 0 0]
[291354012583173987861964576483664571207086010016832117698362529760762067366551127210393239985828643 0 0 0 0 0 0 0 0 0 0 0 0 0 0 0 0 0 0 0 0 0 0 0 1 0 0 0 0 0 0 0 0]
[913074712644435054978651223940621367016898872713598620439285116395626514836453813934090848357052655 0 0 0 0 0 0 0 0 0 0 0 0 0 0 0 0 0 0 0 0 0 0 0 0 1 0 0 0 0 0 0 0]
[1502754266378947792392429106921403085946691544524556779770215902744302974281474416950020670697811087 0 0 0 0 0 0 0 0 0 0 0 0 0 0 0 0 0 0 0 0 0 0 0 0 0 1 0 0 0 0 0 0]
[836638968283222709585845433140223665405601137482233135613175911785971579146995997246020027985260985 0 0 0 0 0 0 0 0 0 0 0 0 0 0 0 0 0 0 0 0 0 0 0 0 0 0 1 0 0 0 0 0]
[26548859494066856616876523454064652244232123463853680284099116747556785793526208048820897601018788 0 0 0 0 0 0 0 0 0 0 0 0 0 0 0 0 0 0 0 0 0 0 0 0 0 0 0 1 0 0 0 0]
[1473610215938263135482921393170104557396184003238902889144297161435728046965753320633930150082672817 0 0 0 0 0 0 0 0 0 0 0 0 0 0 0 0 0 0 0 0 0 0 0 0 0 0 0 0 1 0 0 0]
[613175116169720551536633129790937766416210792073719686920848632988520082645395274253029133665406656 0 0 0 0 0 0 0 0 0 0 0 0 0 0 0 0 0 0 0 0 0 0 0 0 0 0 0 0 0 1 0 0]
[51808323563127594811998404398569864118001329501846451430661643729237427001301893492654149846099276 0 0 0 0 0 0 0 0 0 0 0 0 0 0 0 0 0 0 0 0 0 0 0 0 0 0 0 0 0 0 1 0]
[938384756019586088607340633505597371643815044054006361970930809316725703139480670361902713092793709 0 0 0 0 0 0 0 0 0 0 0 0 0 0 0 0 0 0 0 0 0 0 0 0 0 0 0 0 0 0 0 1]
]
