[[1601948068286110214661021357173292563338231671772555778879626009975669972803832713074427791740702157641705655533471 0 0 0 0 0 0 0 0 0 0 0 0 0 0 0 0 0 0 0 0 0 0 0 0 0 0 0 0 0 0 0 0 0 0 0 0 0]
[1291581074417336516709992226133051605515158492029183558500878294043646470590214254433811065578674077461018307945497 1 0 0 0 0 0 0 0 0 0 0 0 0 0 0 0 0 0 0 0 0 0 0 0 0 0 0 0 0 0 0 0 0 0 0 0 0]
[222051758297393443262433545063298027622626176710989844731287755910277730908720116183304906806549557990053393294793 0 1 0 0 0 0 0 0 0 0 0 0 0 0 0 0 0 0 0 0 0 0 0 0 0 0 0 0 0 0 0 0 0 0 0 0 0]
[579026004549932560489099540839788496911787528851568886271944127252254678866678709118496173887544598949899026602498 0 0 1 0 0 0 0 0 0 0 0 0 0 0 0 0 0 0 0 0 0 0 0 0 0 0 0 0 0 0 0 0 0 0 0 0 0]
[1369523973396537398792332253866201032433722554182869199827429404525505777498411706798919169775870705209808426583018 0 0 0 1 0 0 0 0 0 0 0 0 0 0 0 0 0 0 0 0 0 0 0 0 0 0 0 0 0 0 0 0 0 0 0 0 0]
[366514217072562139240865896467143287020108210964416128816983376344725452671915829518350239618926839148107110578831 0 0 0 0 1 0 0 0 0 0 0 0 0 0 0 0 0 0 0 0 0 0 0 0 0 0 0 0 0 0 0 0 0 0 0 0 0]
[213162961317646308123267321102273365417232692073711909225096818014015029766402979009550799324209667319215229221406 0 0 0 0 0 1 0 0 0 0 0 0 0 0 0 0 0 0 0 0 0 0 0 0 0 0 0 0 0 0 0 0 0 0 0 0 0]
[1256717624469904909970096670999613854593953092045137192047186454199806659019017989135410543735344544336446952413084 0 0 0 0 0 0 1 0 0 0 0 0 0 0 0 0 0 0 0 0 0 0 0 0 0 0 0 0 0 0 0 0 0 0 0 0 0]
[1306742778593648949760089863923210804788962681739283335563074695502803545498675779263881762116582153722993623333578 0 0 0 0 0 0 0 1 0 0 0 0 0 0 0 0 0 0 0 0 0 0 0 0 0 0 0 0 0 0 0 0 0 0 0 0 0]
[1172641545014565134583118013990374509160813437704342066262036406680840267304258083120977933471451980610018185489731 0 0 0 0 0 0 0 0 1 0 0 0 0 0 0 0 0 0 0 0 0 0 0 0 0 0 0 0 0 0 0 0 0 0 0 0 0]
[1316636809067397030366144972717971607835306217383600065189168359921515876678070206724365185364915295609991916335901 0 0 0 0 0 0 0 0 0 1 0 0 0 0 0 0 0 0 0 0 0 0 0 0 0 0 0 0 0 0 0 0 0 0 0 0 0]
[610025577669603243823645806371756332566300420326480509123233481775560249308177047939665375768961765257780745258302 0 0 0 0 0 0 0 0 0 0 1 0 0 0 0 0 0 0 0 0 0 0 0 0 0 0 0 0 0 0 0 0 0 0 0 0 0]
[859902201817999770967117443242059350989319364536466979703028286275038561727658875405014789186081936739254517760056 0 0 0 0 0 0 0 0 0 0 0 1 0 0 0 0 0 0 0 0 0 0 0 0 0 0 0 0 0 0 0 0 0 0 0 0 0]
[810697702769239344354794526529635463862897359422804063445112160974690867172831282480532594646530300660841414416263 0 0 0 0 0 0 0 0 0 0 0 0 1 0 0 0 0 0 0 0 0 0 0 0 0 0 0 0 0 0 0 0 0 0 0 0 0]
[224869891590576594687660244922359298543674955760243720273195575593060372905546410066210623761526463226289031940266 0 0 0 0 0 0 0 0 0 0 0 0 0 1 0 0 0 0 0 0 0 0 0 0 0 0 0 0 0 0 0 0 0 0 0 0 0]
[1051909912808793414540916667804597248939057409984364753298636492694373670656035524471129823856415499417350276139774 0 0 0 0 0 0 0 0 0 0 0 0 0 0 1 0 0 0 0 0 0 0 0 0 0 0 0 0 0 0 0 0 0 0 0 0 0]
[706978741810151559452858014149800185388247065011470074463474479784000632370459657009513927391441046883610954334569 0 0 0 0 0 0 0 0 0 0 0 0 0 0 0 1 0 0 0 0 0 0 0 0 0 0 0 0 0 0 0 0 0 0 0 0 0]
[280451447799957079114903673255944936916181446678673043057324802857975752613075604659854722047337081560006782694316 0 0 0 0 0 0 0 0 0 0 0 0 0 0 0 0 1 0 0 0 0 0 0 0 0 0 0 0 0 0 0 0 0 0 0 0 0]
[507666935606351089602974439525113465096717767583004766153335771174370209532512400993293008046759878916235418153205 0 0 0 0 0 0 0 0 0 0 0 0 0 0 0 0 0 1 0 0 0 0 0 0 0 0 0 0 0 0 0 0 0 0 0 0 0]
[592564131948765970665177287650075867758188454808086210089629232272059627898349076471831882693749646988374357052491 0 0 0 0 0 0 0 0 0 0 0 0 0 0 0 0 0 0 1 0 0 0 0 0 0 0 0 0 0 0 0 0 0 0 0 0 0]
[1536713706960807004845438651582114671202947022760585474410140728688399644689226689651576906937121766618222235041473 0 0 0 0 0 0 0 0 0 0 0 0 0 0 0 0 0 0 0 1 0 0 0 0 0 0 0 0 0 0 0 0 0 0 0 0 0]
[908395905397993112543600507400290964216220906113544302015231925683490309928967498086373466280252730919005585283446 0 0 0 0 0 0 0 0 0 0 0 0 0 0 0 0 0 0 0 0 1 0 0 0 0 0 0 0 0 0 0 0 0 0 0 0 0]
[1150264994208507776780262945370358604790033725895169722661361342907409663718032712176331753169614516194941601711504 0 0 0 0 0 0 0 0 0 0 0 0 0 0 0 0 0 0 0 0 0 1 0 0 0 0 0 0 0 0 0 0 0 0 0 0 0]
[911161665912130086264770771171135792540327866150655316867406882024566278049540212078276417300810992145002010576835 0 0 0 0 0 0 0 0 0 0 0 0 0 0 0 0 0 0 0 0 0 0 1 0 0 0 0 0 0 0 0 0 0 0 0 0 0]
[132451218661765744135349386673522295385867575421538072179562260254705429028754650760653386836799981545380998065310 0 0 0 0 0 0 0 0 0 0 0 0 0 0 0 0 0 0 0 0 0 0 0 1 0 0 0 0 0 0 0 0 0 0 0 0 0]
[431937968073058906445919590479786349172645414680064293278631229106721620932710191908870701358711619519054578273641 0 0 0 0 0 0 0 0 0 0 0 0 0 0 0 0 0 0 0 0 0 0 0 0 1 0 0 0 0 0 0 0 0 0 0 0 0]
[819966844443059538965646456126560762089582103510886329269657166541534838583870736810895521733224396408923833864896 0 0 0 0 0 0 0 0 0 0 0 0 0 0 0 0 0 0 0 0 0 0 0 0 0 1 0 0 0 0 0 0 0 0 0 0 0]
[1073342518859155660690715961842055088442862881649961817061448899960538095575821197223989913201734601675242092564663 0 0 0 0 0 0 0 0 0 0 0 0 0 0 0 0 0 0 0 0 0 0 0 0 0 0 1 0 0 0 0 0 0 0 0 0 0]
[1036556508553601456737348507703613637238952298672171383235547264977995903150181616497208695279133434882556164588117 0 0 0 0 0 0 0 0 0 0 0 0 0 0 0 0 0 0 0 0 0 0 0 0 0 0 0 1 0 0 0 0 0 0 0 0 0]
[630630336871310162401233070085475743166137505537038079727775426625630774846286478259167459687307665953784909456716 0 0 0 0 0 0 0 0 0 0 0 0 0 0 0 0 0 0 0 0 0 0 0 0 0 0 0 0 1 0 0 0 0 0 0 0 0]
[1071437527448483125136712671219392860661437938770987964309208762914863279013052564248771766668670466372946560251621 0 0 0 0 0 0 0 0 0 0 0 0 0 0 0 0 0 0 0 0 0 0 0 0 0 0 0 0 0 1 0 0 0 0 0 0 0]
[379746800469734714813367799121092283089068988856032497624226861703758664987581840973188775239208346853972958601484 0 0 0 0 0 0 0 0 0 0 0 0 0 0 0 0 0 0 0 0 0 0 0 0 0 0 0 0 0 0 1 0 0 0 0 0 0]
[660243989120155801044564537834442526852180573487978884380096824212837287118829090711189238097448405746734768575063 0 0 0 0 0 0 0 0 0 0 0 0 0 0 0 0 0 0 0 0 0 0 0 0 0 0 0 0 0 0 0 1 0 0 0 0 0]
[937258477793548876159292120832051542820203404003138014968278044946181548471674226670710201959245698366024440388278 0 0 0 0 0 0 0 0 0 0 0 0 0 0 0 0 0 0 0 0 0 0 0 0 0 0 0 0 0 0 0 0 1 0 0 0 0]
[1485155188493672051474197480196543977769868830767566393104721118805993534417587015458010483142485812415021448149587 0 0 0 0 0 0 0 0 0 0 0 0 0 0 0 0 0 0 0 0 0 0 0 0 0 0 0 0 0 0 0 0 0 1 0 0 0]
[584123447443830338821013329877103852335230969463107473615586868667632151764601252195898694559642791995161429429260 0 0 0 0 0 0 0 0 0 0 0 0 0 0 0 0 0 0 0 0 0 0 0 0 0 0 0 0 0 0 0 0 0 0 1 0 0]
[878784773571172142094347121380261974992763190339558575025609973261537279005638113834423251414939597219985712108239 0 0 0 0 0 0 0 0 0 0 0 0 0 0 0 0 0 0 0 0 0 0 0 0 0 0 0 0 0 0 0 0 0 0 0 1 0]
[1126369356239194694129113641184888326306512446073740644219237121792100664124407608080262739793466728207474127269627 0 0 0 0 0 0 0 0 0 0 0 0 0 0 0 0 0 0 0 0 0 0 0 0 0 0 0 0 0 0 0 0 0 0 0 0 1]
]
