[[2369183678606453900571532707088626688852577637989824436816351747382272352930376314346959900319777710451062259518195713 0 0 0 0 0 0 0 0 0 0 0 0 0 0 0 0 0 0 0 0 0 0 0 0 0 0 0 0 0 0 0 0 0 0 0 0 0 0]
[988791771322850998848481438661385657989111701671412124052715831121633412887966777291682322435910947263372541950146404 1 0 0 0 0 0 0 0 0 0 0 0 0 0 0 0 0 0 0 0 0 0 0 0 0 0 0 0 0 0 0 0 0 0 0 0 0 0]
[1317775934556135380410962692870303186397855078360966046254978235912451003597201905795793022773895009362075723198195145 0 1 0 0 0 0 0 0 0 0 0 0 0 0 0 0 0 0 0 0 0 0 0 0 0 0 0 0 0 0 0 0 0 0 0 0 0 0]
[106408079870303406781701849155517352310420764779457139237475252068422033896241157195152693474327689260037041429650586 0 0 1 0 0 0 0 0 0 0 0 0 0 0 0 0 0 0 0 0 0 0 0 0 0 0 0 0 0 0 0 0 0 0 0 0 0 0]
[154308121380088057275476096485036009939235297171793151515657321178088587446434738208000066503438132922698688886804635 0 0 0 1 0 0 0 0 0 0 0 0 0 0 0 0 0 0 0 0 0 0 0 0 0 0 0 0 0 0 0 0 0 0 0 0 0 0]
[2002072425027330078689596761329320993820335241302531371692719208171168201981183515498646844529780637652677845099395690 0 0 0 0 1 0 0 0 0 0 0 0 0 0 0 0 0 0 0 0 0 0 0 0 0 0 0 0 0 0 0 0 0 0 0 0 0 0]
[65815501365040218523899822071421563513460370615309855535371495621328252490840640940170893252698842358090010530763138 0 0 0 0 0 1 0 0 0 0 0 0 0 0 0 0 0 0 0 0 0 0 0 0 0 0 0 0 0 0 0 0 0 0 0 0 0 0]
[1481246932953766293251142685973263652785975064035882553390049931183149390110859121673512567146344746220050459359243833 0 0 0 0 0 0 1 0 0 0 0 0 0 0 0 0 0 0 0 0 0 0 0 0 0 0 0 0 0 0 0 0 0 0 0 0 0 0]
[501425505400825277283005285687794517289116052733559814296574963332231179441297685140182699739979132324076272296286333 0 0 0 0 0 0 0 1 0 0 0 0 0 0 0 0 0 0 0 0 0 0 0 0 0 0 0 0 0 0 0 0 0 0 0 0 0 0]
[1200131900485910393024354568868800366213532441280481360632978474542422980296859563204514158751160854504119162748355351 0 0 0 0 0 0 0 0 1 0 0 0 0 0 0 0 0 0 0 0 0 0 0 0 0 0 0 0 0 0 0 0 0 0 0 0 0 0]
[1597930587021192095436947763268931958049991068675775124010453028318739707654259735538716637625071302339625428388852509 0 0 0 0 0 0 0 0 0 1 0 0 0 0 0 0 0 0 0 0 0 0 0 0 0 0 0 0 0 0 0 0 0 0 0 0 0 0]
[660753307700974439181023635880521511907215108772650060233785532862871671385063038669653400858605431336435571531142436 0 0 0 0 0 0 0 0 0 0 1 0 0 0 0 0 0 0 0 0 0 0 0 0 0 0 0 0 0 0 0 0 0 0 0 0 0 0]
[1756799640289574263637410691766852297473457836196382380520566499609661037928040512872420731478643696270236452209562394 0 0 0 0 0 0 0 0 0 0 0 1 0 0 0 0 0 0 0 0 0 0 0 0 0 0 0 0 0 0 0 0 0 0 0 0 0 0]
[601039719864340916769391795657992973542842933910450609183195770114826846450785877818545650313348336303590192855306535 0 0 0 0 0 0 0 0 0 0 0 0 1 0 0 0 0 0 0 0 0 0 0 0 0 0 0 0 0 0 0 0 0 0 0 0 0 0]
[1279180649134002378465784188597476911285605687619350333716120620259063328238177915970535474173187248537909420105372537 0 0 0 0 0 0 0 0 0 0 0 0 0 1 0 0 0 0 0 0 0 0 0 0 0 0 0 0 0 0 0 0 0 0 0 0 0 0]
[866321680006450273749155903475387356470212402542464047254495591016748545436529781614905870855283726330095225279282934 0 0 0 0 0 0 0 0 0 0 0 0 0 0 1 0 0 0 0 0 0 0 0 0 0 0 0 0 0 0 0 0 0 0 0 0 0 0]
[2327528227310996259946525454455760774093585507180982693444385481975955134685783906256125360358474167467918685120625704 0 0 0 0 0 0 0 0 0 0 0 0 0 0 0 1 0 0 0 0 0 0 0 0 0 0 0 0 0 0 0 0 0 0 0 0 0 0]
[1814993738606514436483274796363922717720686655153118064538899855546944239266218404527446496785065143391229077319103875 0 0 0 0 0 0 0 0 0 0 0 0 0 0 0 0 1 0 0 0 0 0 0 0 0 0 0 0 0 0 0 0 0 0 0 0 0 0]
[634138826053491115644180134689027869242589856802440298765612447535167944532905118789792361156586194508394706507507052 0 0 0 0 0 0 0 0 0 0 0 0 0 0 0 0 0 1 0 0 0 0 0 0 0 0 0 0 0 0 0 0 0 0 0 0 0 0]
[1071783982843948654952312319087630446900396629770244620169075147277838647803374229931381592924245945981089821908149775 0 0 0 0 0 0 0 0 0 0 0 0 0 0 0 0 0 0 1 0 0 0 0 0 0 0 0 0 0 0 0 0 0 0 0 0 0 0]
[365157360021799136972886083909812664447052426212423488752981641729427820866162311863822346516938092635204154506967617 0 0 0 0 0 0 0 0 0 0 0 0 0 0 0 0 0 0 0 1 0 0 0 0 0 0 0 0 0 0 0 0 0 0 0 0 0 0]
[307166729914353943414653536676929287381724583054059037906432390061431121050039437810238007197332243449901803787159141 0 0 0 0 0 0 0 0 0 0 0 0 0 0 0 0 0 0 0 0 1 0 0 0 0 0 0 0 0 0 0 0 0 0 0 0 0 0]
[713372340098747467339642377560896472706274575516519077061881353111818728557275327326759064789482903157976203011942228 0 0 0 0 0 0 0 0 0 0 0 0 0 0 0 0 0 0 0 0 0 1 0 0 0 0 0 0 0 0 0 0 0 0 0 0 0 0]
[2169301063096214999420500189357338525424514673472663761322339237053179271107903373243922898843943442073387076982530610 0 0 0 0 0 0 0 0 0 0 0 0 0 0 0 0 0 0 0 0 0 0 1 0 0 0 0 0 0 0 0 0 0 0 0 0 0 0]
[1502420820592687533187523498613087790921439472004817854197264603023946775543911051907082840842619857627921394402361594 0 0 0 0 0 0 0 0 0 0 0 0 0 0 0 0 0 0 0 0 0 0 0 1 0 0 0 0 0 0 0 0 0 0 0 0 0 0]
[1986992165829116847268484227811027306348436497950108193389171672380899289218712101795474257808189387592175386697584205 0 0 0 0 0 0 0 0 0 0 0 0 0 0 0 0 0 0 0 0 0 0 0 0 1 0 0 0 0 0 0 0 0 0 0 0 0 0]
[1790881112335483080098649621683840440022277567721088479810967422664684075785587478794516475502251529308516100339692883 0 0 0 0 0 0 0 0 0 0 0 0 0 0 0 0 0 0 0 0 0 0 0 0 0 1 0 0 0 0 0 0 0 0 0 0 0 0]
[2278275351462580317520558696323634153034821983966643034842273634183126503637641439492386354654007131842845868469303222 0 0 0 0 0 0 0 0 0 0 0 0 0 0 0 0 0 0 0 0 0 0 0 0 0 0 1 0 0 0 0 0 0 0 0 0 0 0]
[1526226554539997834974080790430981185144060581057822306354313411564247557778257571298401276357739986369692289125073493 0 0 0 0 0 0 0 0 0 0 0 0 0 0 0 0 0 0 0 0 0 0 0 0 0 0 0 1 0 0 0 0 0 0 0 0 0 0]
[505567722558205043431837422834482325856129783803912930428700396881752593240890159403403147808425346734183570432173797 0 0 0 0 0 0 0 0 0 0 0 0 0 0 0 0 0 0 0 0 0 0 0 0 0 0 0 0 1 0 0 0 0 0 0 0 0 0]
[2165642797125419041983811335379696361351795575918936356989082142214597747920816534379106132362573237883114097507792613 0 0 0 0 0 0 0 0 0 0 0 0 0 0 0 0 0 0 0 0 0 0 0 0 0 0 0 0 0 1 0 0 0 0 0 0 0 0]
[490512380265606002463482885725536050215439350932135559855582818233334884024791198744876857532729994484906469817237857 0 0 0 0 0 0 0 0 0 0 0 0 0 0 0 0 0 0 0 0 0 0 0 0 0 0 0 0 0 0 1 0 0 0 0 0 0 0]
[169010991045162802791838610200087457492489203776026593575321526461506127153459114395327453925640707048531547952501335 0 0 0 0 0 0 0 0 0 0 0 0 0 0 0 0 0 0 0 0 0 0 0 0 0 0 0 0 0 0 0 1 0 0 0 0 0 0]
[2136162077818019420979477520614136744982850068968161180213402224361155621609184727934093577322389227933031789154471066 0 0 0 0 0 0 0 0 0 0 0 0 0 0 0 0 0 0 0 0 0 0 0 0 0 0 0 0 0 0 0 0 1 0 0 0 0 0]
[2271586265390955572604119557410011520121534868561866423286300448935217059148820501132529080645124017537886375205911123 0 0 0 0 0 0 0 0 0 0 0 0 0 0 0 0 0 0 0 0 0 0 0 0 0 0 0 0 0 0 0 0 0 1 0 0 0 0]
[493124927058993707289919676057123277492339448795901879337464982968655853410576174317891508915884086433075932577332300 0 0 0 0 0 0 0 0 0 0 0 0 0 0 0 0 0 0 0 0 0 0 0 0 0 0 0 0 0 0 0 0 0 0 1 0 0 0]
[741247365354086373229441080272409024498185474021693547945885895883305237848483718050693227552074485669087660324250286 0 0 0 0 0 0 0 0 0 0 0 0 0 0 0 0 0 0 0 0 0 0 0 0 0 0 0 0 0 0 0 0 0 0 0 1 0 0]
[470158152189547333067830031931542458488810149939615213474472563213320385082434559543974237331881468331038484398833006 0 0 0 0 0 0 0 0 0 0 0 0 0 0 0 0 0 0 0 0 0 0 0 0 0 0 0 0 0 0 0 0 0 0 0 0 1 0]
[612801241079318633805471314805302893171818219226754134132500389410432939939934440996025087867445938488720306961386052 0 0 0 0 0 0 0 0 0 0 0 0 0 0 0 0 0 0 0 0 0 0 0 0 0 0 0 0 0 0 0 0 0 0 0 0 0 1]
]
