[[1828838609476211894023109937929482075155620172683910904164154877883200989402360476342336038189 0 0 0 0 0 0 0 0 0 0 0 0 0 0 0 0 0 0 0 0 0 0 0 0 0 0 0 0 0 0]
[114104865872224554449028227921888777158709421677059531818612471450834792979883120876299577912 1 0 0 0 0 0 0 0 0 0 0 0 0 0 0 0 0 0 0 0 0 0 0 0 0 0 0 0 0 0]
[498791142022627094132125299270090410053144165304326329505798711953395705592511929682122891633 0 1 0 0 0 0 0 0 0 0 0 0 0 0 0 0 0 0 0 0 0 0 0 0 0 0 0 0 0 0]
[94291967878267812651449031688400649565876587314535459145665826123014763397653651313714598462 0 0 1 0 0 0 0 0 0 0 0 0 0 0 0 0 0 0 0 0 0 0 0 0 0 0 0 0 0 0]
[132702845435958281565584197911726591194960952848379974365398844134990121603352585618358800806 0 0 0 1 0 0 0 0 0 0 0 0 0 0 0 0 0 0 0 0 0 0 0 0 0 0 0 0 0 0]
[1401639262651508304327808998937256285231516112056184753907934088752218418749708832574027250923 0 0 0 0 1 0 0 0 0 0 0 0 0 0 0 0 0 0 0 0 0 0 0 0 0 0 0 0 0 0]
[412872583915418277903282247888898340768397988176066859432192971471679926462064496433010178744 0 0 0 0 0 1 0 0 0 0 0 0 0 0 0 0 0 0 0 0 0 0 0 0 0 0 0 0 0 0]
[1126218909161670737580367173394875931755486294405541671566145478947684731580846197144607661633 0 0 0 0 0 0 1 0 0 0 0 0 0 0 0 0 0 0 0 0 0 0 0 0 0 0 0 0 0 0]
[950518803678581174399458213022769489165262737394681337751737240619013324021601797918637745188 0 0 0 0 0 0 0 1 0 0 0 0 0 0 0 0 0 0 0 0 0 0 0 0 0 0 0 0 0 0]
[1181049938253009550446605424717807037427350059714284058707057068123442804569671078277587075113 0 0 0 0 0 0 0 0 1 0 0 0 0 0 0 0 0 0 0 0 0 0 0 0 0 0 0 0 0 0]
[1635900570285820893031884923551263667756972280652155100841718641224979450463103921694591403393 0 0 0 0 0 0 0 0 0 1 0 0 0 0 0 0 0 0 0 0 0 0 0 0 0 0 0 0 0 0]
[1521309178423345008928854067297532486589965645259305486433047219273592793602685218492965966687 0 0 0 0 0 0 0 0 0 0 1 0 0 0 0 0 0 0 0 0 0 0 0 0 0 0 0 0 0 0]
[742128440240361243154286114536052695778479386504617879497437911545877796524062964204904087431 0 0 0 0 0 0 0 0 0 0 0 1 0 0 0 0 0 0 0 0 0 0 0 0 0 0 0 0 0 0]
[1599737447035547436212363072378150029567638785257152610230340961771561467757471934578597298285 0 0 0 0 0 0 0 0 0 0 0 0 1 0 0 0 0 0 0 0 0 0 0 0 0 0 0 0 0 0]
[398327049417495141549265775183405618324358575923957171646835819355982554709857205873885423887 0 0 0 0 0 0 0 0 0 0 0 0 0 1 0 0 0 0 0 0 0 0 0 0 0 0 0 0 0 0]
[977682358273375828352028661401267143429086864512440656201387845068392902545902754505609838095 0 0 0 0 0 0 0 0 0 0 0 0 0 0 1 0 0 0 0 0 0 0 0 0 0 0 0 0 0 0]
[1297571110266395974389743600014925640747312001634033351790910798251515719475219186955308773073 0 0 0 0 0 0 0 0 0 0 0 0 0 0 0 1 0 0 0 0 0 0 0 0 0 0 0 0 0 0]
[634695982365841643952715656469639719280419503316188070893009775951153944937305796328708331367 0 0 0 0 0 0 0 0 0 0 0 0 0 0 0 0 1 0 0 0 0 0 0 0 0 0 0 0 0 0]
[1081277408796735056872411141365068712886016560617293557127153682120718359935461833506421847970 0 0 0 0 0 0 0 0 0 0 0 0 0 0 0 0 0 1 0 0 0 0 0 0 0 0 0 0 0 0]
[1534716338840576179262957405135837771225682501973256849570081200219341590889482389194359171576 0 0 0 0 0 0 0 0 0 0 0 0 0 0 0 0 0 0 1 0 0 0 0 0 0 0 0 0 0 0]
[826559945066159091598606984082406759517199569374550465271305234320671582884468188072683100212 0 0 0 0 0 0 0 0 0 0 0 0 0 0 0 0 0 0 0 1 0 0 0 0 0 0 0 0 0 0]
[1501378510913491430872128158079066687234740560121217659794183418513571569826959146531047126403 0 0 0 0 0 0 0 0 0 0 0 0 0 0 0 0 0 0 0 0 1 0 0 0 0 0 0 0 0 0]
[1358702224553302572967510445201178195174898882241905355688365609197148520717058038020848657027 0 0 0 0 0 0 0 0 0 0 0 0 0 0 0 0 0 0 0 0 0 1 0 0 0 0 0 0 0 0]
[568361741278807316183339096831911784769249826138934345834819535091212994307038268501354031676 0 0 0 0 0 0 0 0 0 0 0 0 0 0 0 0 0 0 0 0 0 0 1 0 0 0 0 0 0 0]
[836935844805773060229901594913684024941041371082570113434799711107997884972964067326762934354 0 0 0 0 0 0 0 0 0 0 0 0 0 0 0 0 0 0 0 0 0 0 0 1 0 0 0 0 0 0]
[431681256784460667200018705649397229731676479153678372668681094050247190214827376240013647006 0 0 0 0 0 0 0 0 0 0 0 0 0 0 0 0 0 0 0 0 0 0 0 0 1 0 0 0 0 0]
[374013007045794209657260296250498439282833299661230771912765692869011737506581637921941906759 0 0 0 0 0 0 0 0 0 0 0 0 0 0 0 0 0 0 0 0 0 0 0 0 0 1 0 0 0 0]
[269390615773903650130828456755546133138866781733456857781277286992646179061504028996250866063 0 0 0 0 0 0 0 0 0 0 0 0 0 0 0 0 0 0 0 0 0 0 0 0 0 0 1 0 0 0]
[1751086662033026076456342051837258922395183816376792622435496813843059616964025256122919789960 0 0 0 0 0 0 0 0 0 0 0 0 0 0 0 0 0 0 0 0 0 0 0 0 0 0 0 1 0 0]
[1532446160471001793059658541311452794270845220364442211910615321864306848174527379315977203766 0 0 0 0 0 0 0 0 0 0 0 0 0 0 0 0 0 0 0 0 0 0 0 0 0 0 0 0 1 0]
[616800180328547077277150269866765021363396699134890713311316286659096419654004702952025756367 0 0 0 0 0 0 0 0 0 0 0 0 0 0 0 0 0 0 0 0 0 0 0 0 0 0 0 0 0 1]
]
