[[1740725120957315368875780347693675195865936062021916037244371491889666943364454290274065251942597 0 0 0 0 0 0 0 0 0 0 0 0 0 0 0 0 0 0 0 0 0 0 0 0 0 0 0 0 0 0 0]
[529948667020645954927603093424177777162966589973894501484203937871481387597024619042722760449515 1 0 0 0 0 0 0 0 0 0 0 0 0 0 0 0 0 0 0 0 0 0 0 0 0 0 0 0 0 0 0]
[78295039753198236197033183799313873530848598921919125706751278928053932809890538820116276862456 0 1 0 0 0 0 0 0 0 0 0 0 0 0 0 0 0 0 0 0 0 0 0 0 0 0 0 0 0 0 0]
[1354503577013980814560522166540431170449285879913682619973574668567964028161545102330616922740900 0 0 1 0 0 0 0 0 0 0 0 0 0 0 0 0 0 0 0 0 0 0 0 0 0 0 0 0 0 0 0]
[960482630940979621069952248639478304962223515635913877537262681219218436987294217052060633455175 0 0 0 1 0 0 0 0 0 0 0 0 0 0 0 0 0 0 0 0 0 0 0 0 0 0 0 0 0 0 0]
[1245472881818570885653195519213972464397916892533356638939357238917617142269898007973027249389888 0 0 0 0 1 0 0 0 0 0 0 0 0 0 0 0 0 0 0 0 0 0 0 0 0 0 0 0 0 0 0]
[1301495434153182791169930663542964873584309923516869711453095328386597889805719222455261067857962 0 0 0 0 0 1 0 0 0 0 0 0 0 0 0 0 0 0 0 0 0 0 0 0 0 0 0 0 0 0 0]
[471356365095058060971169874956318811413082304817782878977285997425233323648102083479835122944591 0 0 0 0 0 0 1 0 0 0 0 0 0 0 0 0 0 0 0 0 0 0 0 0 0 0 0 0 0 0 0]
[1712435409038914308968983867552087977022229241271352485469377179712953862289534427950694973460014 0 0 0 0 0 0 0 1 0 0 0 0 0 0 0 0 0 0 0 0 0 0 0 0 0 0 0 0 0 0 0]
[1111193687416738777554094843160890276260042281526575697043029350381194107192086608140345408188999 0 0 0 0 0 0 0 0 1 0 0 0 0 0 0 0 0 0 0 0 0 0 0 0 0 0 0 0 0 0 0]
[1618641829462158153002031992730136893088191443323995714319666959604883231821028017263431927251624 0 0 0 0 0 0 0 0 0 1 0 0 0 0 0 0 0 0 0 0 0 0 0 0 0 0 0 0 0 0 0]
[975682364555427635735912836852093672309147292966876912955603220639744214471846006968927142462035 0 0 0 0 0 0 0 0 0 0 1 0 0 0 0 0 0 0 0 0 0 0 0 0 0 0 0 0 0 0 0]
[1360403687880578416314483252767561666380450258813504197500729983697471538915029119812084617693465 0 0 0 0 0 0 0 0 0 0 0 1 0 0 0 0 0 0 0 0 0 0 0 0 0 0 0 0 0 0 0]
[1567679095170121791537450554768283704875558438181876377233109287930242856002591207472348692692352 0 0 0 0 0 0 0 0 0 0 0 0 1 0 0 0 0 0 0 0 0 0 0 0 0 0 0 0 0 0 0]
[1205734958344702370878479060319265219821429094653444426701040967296283088226772426601682375884493 0 0 0 0 0 0 0 0 0 0 0 0 0 1 0 0 0 0 0 0 0 0 0 0 0 0 0 0 0 0 0]
[214598845927021065227374482398436084441217317369673204654726535573642802513047941803483760675370 0 0 0 0 0 0 0 0 0 0 0 0 0 0 1 0 0 0 0 0 0 0 0 0 0 0 0 0 0 0 0]
[1430692503551443580060553528671506337051663439623621301403382975904942628608271964944642189404702 0 0 0 0 0 0 0 0 0 0 0 0 0 0 0 1 0 0 0 0 0 0 0 0 0 0 0 0 0 0 0]
[1672038381459657960745944396619094868136981912639202887632831548547145127918822481426230958450226 0 0 0 0 0 0 0 0 0 0 0 0 0 0 0 0 1 0 0 0 0 0 0 0 0 0 0 0 0 0 0]
[1370901191266988401477791302441512966306164076389122349524340853213584602741780470524525030084973 0 0 0 0 0 0 0 0 0 0 0 0 0 0 0 0 0 1 0 0 0 0 0 0 0 0 0 0 0 0 0]
[1338331387655562659155223738521888331031925262333078459378589309708195016366316329070000656714503 0 0 0 0 0 0 0 0 0 0 0 0 0 0 0 0 0 0 1 0 0 0 0 0 0 0 0 0 0 0 0]
[481694500842574945361239253390738027602805116250134591211642967410767336860372125835575742136971 0 0 0 0 0 0 0 0 0 0 0 0 0 0 0 0 0 0 0 1 0 0 0 0 0 0 0 0 0 0 0]
[358413801997055906220506573884722491693448208410209848287995696124894034873838453174272435010992 0 0 0 0 0 0 0 0 0 0 0 0 0 0 0 0 0 0 0 0 1 0 0 0 0 0 0 0 0 0 0]
[124167445552627892949364852580635751630995507061406059510323138773771099186916281148732065089506 0 0 0 0 0 0 0 0 0 0 0 0 0 0 0 0 0 0 0 0 0 1 0 0 0 0 0 0 0 0 0]
[866512426830272379094163471742862694747495986667875290945510591880594681328027413475666947314130 0 0 0 0 0 0 0 0 0 0 0 0 0 0 0 0 0 0 0 0 0 0 1 0 0 0 0 0 0 0 0]
[72506693361456856452193557552622966106132545766717524239991073324261211341859077529662280584313 0 0 0 0 0 0 0 0 0 0 0 0 0 0 0 0 0 0 0 0 0 0 0 1 0 0 0 0 0 0 0]
[453967040199135564433369366228001598819151998891580370271899159093129441535126349045018351100946 0 0 0 0 0 0 0 0 0 0 0 0 0 0 0 0 0 0 0 0 0 0 0 0 1 0 0 0 0 0 0]
[692198689833579483900684193070248994775864320441001409589311257592873773012942318953115305298340 0 0 0 0 0 0 0 0 0 0 0 0 0 0 0 0 0 0 0 0 0 0 0 0 0 1 0 0 0 0 0]
[382859163593439412537515074969916579456163246134937902140847838628960809430709436176123867287659 0 0 0 0 0 0 0 0 0 0 0 0 0 0 0 0 0 0 0 0 0 0 0 0 0 0 1 0 0 0 0]
[219593750298973898904696506845780109342473201733444146675070641075709317214226061552388512611482 0 0 0 0 0 0 0 0 0 0 0 0 0 0 0 0 0 0 0 0 0 0 0 0 0 0 0 1 0 0 0]
[217459937598628790222851030534558450825232263049160846360252859443843533480155377654240905414256 0 0 0 0 0 0 0 0 0 0 0 0 0 0 0 0 0 0 0 0 0 0 0 0 0 0 0 0 1 0 0]
[642399105586888510534270932692620956004938566712367070448190982664731134257056455470824270385603 0 0 0 0 0 0 0 0 0 0 0 0 0 0 0 0 0 0 0 0 0 0 0 0 0 0 0 0 0 1 0]
[58512358184265727396496597193870263542802302745549001013881187305551988087127163491296434053235 0 0 0 0 0 0 0 0 0 0 0 0 0 0 0 0 0 0 0 0 0 0 0 0 0 0 0 0 0 0 1]
]
