[[1967884483327371536321457057055918687460358000167475442899343798623956770907179360556508272067045238142489447 0 0 0 0 0 0 0 0 0 0 0 0 0 0 0 0 0 0 0 0 0 0 0 0 0 0 0 0 0 0 0 0 0 0 0]
[1615788289696865075102887551225118558164210040871625832242897940670966441847578382571428124435397242960476615 1 0 0 0 0 0 0 0 0 0 0 0 0 0 0 0 0 0 0 0 0 0 0 0 0 0 0 0 0 0 0 0 0 0 0]
[1341687948157882217321922182907215016500417095625606835033433661962162673714919135275924257903782402382164577 0 1 0 0 0 0 0 0 0 0 0 0 0 0 0 0 0 0 0 0 0 0 0 0 0 0 0 0 0 0 0 0 0 0 0]
[461638919915801182617874089077785447119230378959603195503688738371853605443513880887434733291761355136083526 0 0 1 0 0 0 0 0 0 0 0 0 0 0 0 0 0 0 0 0 0 0 0 0 0 0 0 0 0 0 0 0 0 0 0]
[1155885240984741268132963892977672332505684566335704129762502692384804788771997276256094606822333021253221337 0 0 0 1 0 0 0 0 0 0 0 0 0 0 0 0 0 0 0 0 0 0 0 0 0 0 0 0 0 0 0 0 0 0 0]
[1779278093632831475801442953462881167673278749389415881744973091304098084061237642695569201231584703734739800 0 0 0 0 1 0 0 0 0 0 0 0 0 0 0 0 0 0 0 0 0 0 0 0 0 0 0 0 0 0 0 0 0 0 0]
[1586081013329290502384376631293972866432755030305508913222137611558225274486593929631593867548974826334054705 0 0 0 0 0 1 0 0 0 0 0 0 0 0 0 0 0 0 0 0 0 0 0 0 0 0 0 0 0 0 0 0 0 0 0]
[282185116981795534209067336823001745833132322865125277784597144311441661698074215890628818506610941007905894 0 0 0 0 0 0 1 0 0 0 0 0 0 0 0 0 0 0 0 0 0 0 0 0 0 0 0 0 0 0 0 0 0 0 0]
[1728695900516751066479164789994082134734796553838193532718796482050237258713258709662052454983396005089159261 0 0 0 0 0 0 0 1 0 0 0 0 0 0 0 0 0 0 0 0 0 0 0 0 0 0 0 0 0 0 0 0 0 0 0]
[1095443184773757402942793169779795544887077340841633959681926437967230625262009713600678360760229700168723463 0 0 0 0 0 0 0 0 1 0 0 0 0 0 0 0 0 0 0 0 0 0 0 0 0 0 0 0 0 0 0 0 0 0 0]
[368301548937792151994874887018654543959858007832213136694590009637151064120482213068768464937186199226734641 0 0 0 0 0 0 0 0 0 1 0 0 0 0 0 0 0 0 0 0 0 0 0 0 0 0 0 0 0 0 0 0 0 0 0]
[1658067584732785835425003240570145195598531130604381692197811925978490919258185724395462127422929760940904135 0 0 0 0 0 0 0 0 0 0 1 0 0 0 0 0 0 0 0 0 0 0 0 0 0 0 0 0 0 0 0 0 0 0 0]
[687752959810759916454020567613179689608769351974260785142738313887534941709584832772774446717657095911507553 0 0 0 0 0 0 0 0 0 0 0 1 0 0 0 0 0 0 0 0 0 0 0 0 0 0 0 0 0 0 0 0 0 0 0]
[1575643594524288156336654394775622673452405500562631418822537621272992682541253956243621460945110291949915348 0 0 0 0 0 0 0 0 0 0 0 0 1 0 0 0 0 0 0 0 0 0 0 0 0 0 0 0 0 0 0 0 0 0 0]
[395132003224484281860420080014034994236769267889383739354022114969433864029275291050083232881248967596413981 0 0 0 0 0 0 0 0 0 0 0 0 0 1 0 0 0 0 0 0 0 0 0 0 0 0 0 0 0 0 0 0 0 0 0]
[1535122280115279452534111956300811742922004970598453999233399612576367468957001895234326032277255322017505199 0 0 0 0 0 0 0 0 0 0 0 0 0 0 1 0 0 0 0 0 0 0 0 0 0 0 0 0 0 0 0 0 0 0 0]
[1834076695004734790933155467270997092846585814931423347044682315451087870249204000074859136032351536808962591 0 0 0 0 0 0 0 0 0 0 0 0 0 0 0 1 0 0 0 0 0 0 0 0 0 0 0 0 0 0 0 0 0 0 0]
[453987190201874584420110373366584170148068677722459826741952697446603790725763411841119478474129736494432227 0 0 0 0 0 0 0 0 0 0 0 0 0 0 0 0 1 0 0 0 0 0 0 0 0 0 0 0 0 0 0 0 0 0 0]
[1857459852864391671406999990466747250514398643694593923284311257706661836191067085291388563086760825769539165 0 0 0 0 0 0 0 0 0 0 0 0 0 0 0 0 0 1 0 0 0 0 0 0 0 0 0 0 0 0 0 0 0 0 0]
[175525163733948421436473573250313623532538486396686743836119602024413959012562681279350791674782673482779598 0 0 0 0 0 0 0 0 0 0 0 0 0 0 0 0 0 0 1 0 0 0 0 0 0 0 0 0 0 0 0 0 0 0 0]
[343339350408377087316978900752192052055121941586907006914617759576020694212660507530194026088326225107146785 0 0 0 0 0 0 0 0 0 0 0 0 0 0 0 0 0 0 0 1 0 0 0 0 0 0 0 0 0 0 0 0 0 0 0]
[333832623950452388176217108126111499738815203719913022551226241878601272240072436180974576236104453377536048 0 0 0 0 0 0 0 0 0 0 0 0 0 0 0 0 0 0 0 0 1 0 0 0 0 0 0 0 0 0 0 0 0 0 0]
[48716070019934064257770115908923818725415768593397602240830243683119384830370582348097220531812360165580600 0 0 0 0 0 0 0 0 0 0 0 0 0 0 0 0 0 0 0 0 0 1 0 0 0 0 0 0 0 0 0 0 0 0 0]
[883634496712128203320790907954495281222299482871712223325061604470700368516472719912100990196971148423210028 0 0 0 0 0 0 0 0 0 0 0 0 0 0 0 0 0 0 0 0 0 0 1 0 0 0 0 0 0 0 0 0 0 0 0]
[1538172674420217250826984153749080921125447016477811812910147836759218005827872226397023148288122167104766943 0 0 0 0 0 0 0 0 0 0 0 0 0 0 0 0 0 0 0 0 0 0 0 1 0 0 0 0 0 0 0 0 0 0 0]
[339706171607545546573711000968657821817595127732417451413100326215781564471696584871661571100936015573473454 0 0 0 0 0 0 0 0 0 0 0 0 0 0 0 0 0 0 0 0 0 0 0 0 1 0 0 0 0 0 0 0 0 0 0]
[1666422402997700029103639712951278619286919792719375339468205215831199522048327412738099319975253240083767451 0 0 0 0 0 0 0 0 0 0 0 0 0 0 0 0 0 0 0 0 0 0 0 0 0 1 0 0 0 0 0 0 0 0 0]
[1520062295896837035138367252838025147167979994510197650643771688647353248950345195977921127955589603643676678 0 0 0 0 0 0 0 0 0 0 0 0 0 0 0 0 0 0 0 0 0 0 0 0 0 0 1 0 0 0 0 0 0 0 0]
[1419554952483940645279186430106576866645353670542495780053615185382245816216842639604428902427098502755726326 0 0 0 0 0 0 0 0 0 0 0 0 0 0 0 0 0 0 0 0 0 0 0 0 0 0 0 1 0 0 0 0 0 0 0]
[256485126226065308282263660631327973683488952595028738449375862769783919511778340349654800799986942654460024 0 0 0 0 0 0 0 0 0 0 0 0 0 0 0 0 0 0 0 0 0 0 0 0 0 0 0 0 1 0 0 0 0 0 0]
[1358618287363584959254154224914829838741258005469032741998356796174503529580240984335879465976965474586672139 0 0 0 0 0 0 0 0 0 0 0 0 0 0 0 0 0 0 0 0 0 0 0 0 0 0 0 0 0 1 0 0 0 0 0]
[925062633239930135506524453550595645059578072262131513733052889969178854846316666016538484718629177802231533 0 0 0 0 0 0 0 0 0 0 0 0 0 0 0 0 0 0 0 0 0 0 0 0 0 0 0 0 0 0 1 0 0 0 0]
[79308977193624691005628193782976560414153860388107875943485544991901979107648149976392827977813664808623469 0 0 0 0 0 0 0 0 0 0 0 0 0 0 0 0 0 0 0 0 0 0 0 0 0 0 0 0 0 0 0 1 0 0 0]
[1254569930280509240857201846288301417720873438555684874826485646240820810008613107300009897501870436535733475 0 0 0 0 0 0 0 0 0 0 0 0 0 0 0 0 0 0 0 0 0 0 0 0 0 0 0 0 0 0 0 0 1 0 0]
[1090784229082158463807469376628418842509582671715322340108416147805746523933171655983067175293421112587640458 0 0 0 0 0 0 0 0 0 0 0 0 0 0 0 0 0 0 0 0 0 0 0 0 0 0 0 0 0 0 0 0 0 1 0]
[306974628718231315868008114081348445297474882350974467162724388255753937082448761472377468597037958787958333 0 0 0 0 0 0 0 0 0 0 0 0 0 0 0 0 0 0 0 0 0 0 0 0 0 0 0 0 0 0 0 0 0 0 1]
]
