[[1606401492361295109603316988731368988246001711416921188410004556909616457140230925513298608655805741 0 0 0 0 0 0 0 0 0 0 0 0 0 0 0 0 0 0 0 0 0 0 0 0 0 0 0 0 0 0 0 0]
[831447825357406051578066506265912640189809867427329832284497798655896903616998020526140058140251513 1 0 0 0 0 0 0 0 0 0 0 0 0 0 0 0 0 0 0 0 0 0 0 0 0 0 0 0 0 0 0 0]
[875521400230525473791743248252193117127380616128099831990676755052319627581218959548412813584670128 0 1 0 0 0 0 0 0 0 0 0 0 0 0 0 0 0 0 0 0 0 0 0 0 0 0 0 0 0 0 0 0]
[850271148266492257829057832691042726481683962917647538158773151999008321046792847491521695731780618 0 0 1 0 0 0 0 0 0 0 0 0 0 0 0 0 0 0 0 0 0 0 0 0 0 0 0 0 0 0 0 0]
[727707365878977520724381526781989555301141541049546786958260214463555301642882829957366390516126453 0 0 0 1 0 0 0 0 0 0 0 0 0 0 0 0 0 0 0 0 0 0 0 0 0 0 0 0 0 0 0 0]
[114519833174871185022153656625637429364118758273740131225809522120306300492196866197460631304923672 0 0 0 0 1 0 0 0 0 0 0 0 0 0 0 0 0 0 0 0 0 0 0 0 0 0 0 0 0 0 0 0]
[777113208654391755142288375798345964241829821096470772469874271239707587534020654491900244158488417 0 0 0 0 0 1 0 0 0 0 0 0 0 0 0 0 0 0 0 0 0 0 0 0 0 0 0 0 0 0 0 0]
[573869640846009287501603855921399123134894211348689135505532157618065730893121080307271196586405060 0 0 0 0 0 0 1 0 0 0 0 0 0 0 0 0 0 0 0 0 0 0 0 0 0 0 0 0 0 0 0 0]
[544622333448700028616028505719573840201680709842096514790366482674453920372293592510925853390882305 0 0 0 0 0 0 0 1 0 0 0 0 0 0 0 0 0 0 0 0 0 0 0 0 0 0 0 0 0 0 0 0]
[847194612941482699613331834712644049732875450995637008459662490177596073292781229304485253939316643 0 0 0 0 0 0 0 0 1 0 0 0 0 0 0 0 0 0 0 0 0 0 0 0 0 0 0 0 0 0 0 0]
[640627850928606612337288953936470254171318855917208035964337579976908874960468940381661980764589098 0 0 0 0 0 0 0 0 0 1 0 0 0 0 0 0 0 0 0 0 0 0 0 0 0 0 0 0 0 0 0 0]
[508674823118793024393548934986667806203818450295235369852389363270951026283423025141616984967408179 0 0 0 0 0 0 0 0 0 0 1 0 0 0 0 0 0 0 0 0 0 0 0 0 0 0 0 0 0 0 0 0]
[9813719882890904670168023280989672088353681259215206043239668248898432610213250262415774658583571 0 0 0 0 0 0 0 0 0 0 0 1 0 0 0 0 0 0 0 0 0 0 0 0 0 0 0 0 0 0 0 0]
[429512166738858124875461401195606497383535826958281238500193390486146856592995504663598614499172606 0 0 0 0 0 0 0 0 0 0 0 0 1 0 0 0 0 0 0 0 0 0 0 0 0 0 0 0 0 0 0 0]
[177679136893917316137537405182131159433146413620985343351085481422524336175413289512395297970233793 0 0 0 0 0 0 0 0 0 0 0 0 0 1 0 0 0 0 0 0 0 0 0 0 0 0 0 0 0 0 0 0]
[911198843512404711428875030853041741184375621908929588190013156504847328740631743636827244123246638 0 0 0 0 0 0 0 0 0 0 0 0 0 0 1 0 0 0 0 0 0 0 0 0 0 0 0 0 0 0 0 0]
[1320022359278977570117113227594087233730511036774019947460089163886377470745440691842608291276084398 0 0 0 0 0 0 0 0 0 0 0 0 0 0 0 1 0 0 0 0 0 0 0 0 0 0 0 0 0 0 0 0]
[824206613132631491817786961546716799711209180399698026437133082956383381396816497116850150658516941 0 0 0 0 0 0 0 0 0 0 0 0 0 0 0 0 1 0 0 0 0 0 0 0 0 0 0 0 0 0 0 0]
[877333660404044914530354588851922250121522372152940855913470362841080661910082194490187945918511945 0 0 0 0 0 0 0 0 0 0 0 0 0 0 0 0 0 1 0 0 0 0 0 0 0 0 0 0 0 0 0 0]
[1489912424773928719042308833054107847097285631401327313058809972220940223946677316967697872784504018 0 0 0 0 0 0 0 0 0 0 0 0 0 0 0 0 0 0 1 0 0 0 0 0 0 0 0 0 0 0 0 0]
[1572152638358500155910194060055508699648353746290547932459290536625888463136574972665578368790344262 0 0 0 0 0 0 0 0 0 0 0 0 0 0 0 0 0 0 0 1 0 0 0 0 0 0 0 0 0 0 0 0]
[125004864863702580616419490546885481901745458101817014921843819234588466040326523570715389135899493 0 0 0 0 0 0 0 0 0 0 0 0 0 0 0 0 0 0 0 0 1 0 0 0 0 0 0 0 0 0 0 0]
[556046180088826818943641742476517998289791327073788941998107062424783058946600890001922381977672159 0 0 0 0 0 0 0 0 0 0 0 0 0 0 0 0 0 0 0 0 0 1 0 0 0 0 0 0 0 0 0 0]
[848726475736788828957132022175306173664425709538052812815023534350810268814802582288843846001687407 0 0 0 0 0 0 0 0 0 0 0 0 0 0 0 0 0 0 0 0 0 0 1 0 0 0 0 0 0 0 0 0]
[302620778163228773788405885243076731179302623593931563972847265749172152227648588294147430385711327 0 0 0 0 0 0 0 0 0 0 0 0 0 0 0 0 0 0 0 0 0 0 0 1 0 0 0 0 0 0 0 0]
[1358851003732590087474393835929338322876423331891940728494814202849331179934959497479256713564069054 0 0 0 0 0 0 0 0 0 0 0 0 0 0 0 0 0 0 0 0 0 0 0 0 1 0 0 0 0 0 0 0]
[2403229581558599257233051865853538387078004854066475072869022678055955703837731499575385977072764 0 0 0 0 0 0 0 0 0 0 0 0 0 0 0 0 0 0 0 0 0 0 0 0 0 1 0 0 0 0 0 0]
[7014956867456261691696065527204354725336690175251481863236450150782261734319522966958229103620095 0 0 0 0 0 0 0 0 0 0 0 0 0 0 0 0 0 0 0 0 0 0 0 0 0 0 1 0 0 0 0 0]
[932188946349854681146499312150719326505867111938336944739915204840977537629499318153684395056993673 0 0 0 0 0 0 0 0 0 0 0 0 0 0 0 0 0 0 0 0 0 0 0 0 0 0 0 1 0 0 0 0]
[636354457736288694095908517777107780120305568346215083911718883041856618518514949898698455427342237 0 0 0 0 0 0 0 0 0 0 0 0 0 0 0 0 0 0 0 0 0 0 0 0 0 0 0 0 1 0 0 0]
[1142278499115870862199895203321319632128355982153929491212782215589308126879083700537812867908780835 0 0 0 0 0 0 0 0 0 0 0 0 0 0 0 0 0 0 0 0 0 0 0 0 0 0 0 0 0 1 0 0]
[1220585836639747195262579468118682157717069331209545964088776879167598582658536339466521259050428144 0 0 0 0 0 0 0 0 0 0 0 0 0 0 0 0 0 0 0 0 0 0 0 0 0 0 0 0 0 0 1 0]
[628414719902849306361042476794851802037040030362366422405633437412336672169729279568055077759991182 0 0 0 0 0 0 0 0 0 0 0 0 0 0 0 0 0 0 0 0 0 0 0 0 0 0 0 0 0 0 0 1]
]
