[[2017900203599847351215232708720239120190539014813026511366212949155819450238451292501947078506466567446211238028492109 0 0 0 0 0 0 0 0 0 0 0 0 0 0 0 0 0 0 0 0 0 0 0 0 0 0 0 0 0 0 0 0 0 0 0 0 0 0]
[1530636162708633067856309438015771597695043976173215947672569412143998493222728568590102707627609406995781675300753374 1 0 0 0 0 0 0 0 0 0 0 0 0 0 0 0 0 0 0 0 0 0 0 0 0 0 0 0 0 0 0 0 0 0 0 0 0 0]
[436507097147942890899380214506608016511461604209675180779642066925278113755741557394524036448816987239724412321022279 0 1 0 0 0 0 0 0 0 0 0 0 0 0 0 0 0 0 0 0 0 0 0 0 0 0 0 0 0 0 0 0 0 0 0 0 0 0]
[446911631785721931329869691491003508688883785938366254753826012769811126383920550640999416977972352498390311737299214 0 0 1 0 0 0 0 0 0 0 0 0 0 0 0 0 0 0 0 0 0 0 0 0 0 0 0 0 0 0 0 0 0 0 0 0 0 0]
[242843603920945735438829926698132644863770282583002105415773485117385046314518682365940941627931330847208383875184754 0 0 0 1 0 0 0 0 0 0 0 0 0 0 0 0 0 0 0 0 0 0 0 0 0 0 0 0 0 0 0 0 0 0 0 0 0 0]
[728202167826279075007000628731857689121066433616372993093572304336153481371437678860184805851450667083658314587187685 0 0 0 0 1 0 0 0 0 0 0 0 0 0 0 0 0 0 0 0 0 0 0 0 0 0 0 0 0 0 0 0 0 0 0 0 0 0]
[217377732734974866750316526267667792156204823512994088831831730899136723009123994271139783378414226051931945262736758 0 0 0 0 0 1 0 0 0 0 0 0 0 0 0 0 0 0 0 0 0 0 0 0 0 0 0 0 0 0 0 0 0 0 0 0 0 0]
[1366090568408422793171570315821289344105518483181813378424512476025020453010816724551153769988108351768258886709611960 0 0 0 0 0 0 1 0 0 0 0 0 0 0 0 0 0 0 0 0 0 0 0 0 0 0 0 0 0 0 0 0 0 0 0 0 0 0]
[1773353767985142886566277988750139413527004594841999185552602899008779016942579079436749871774992811977768820008787693 0 0 0 0 0 0 0 1 0 0 0 0 0 0 0 0 0 0 0 0 0 0 0 0 0 0 0 0 0 0 0 0 0 0 0 0 0 0]
[695265706837035530259677730779556774731140461545743462082427051701821946668660634716726050505567201187705446310557292 0 0 0 0 0 0 0 0 1 0 0 0 0 0 0 0 0 0 0 0 0 0 0 0 0 0 0 0 0 0 0 0 0 0 0 0 0 0]
[706177803769491929808377284677331547968813889651909106982975745894751359423819578304498519410784840657172464289000982 0 0 0 0 0 0 0 0 0 1 0 0 0 0 0 0 0 0 0 0 0 0 0 0 0 0 0 0 0 0 0 0 0 0 0 0 0 0]
[545498337162025473915534492360451296938440847804196554171373157472860098367425743669066343702072702822415768232131941 0 0 0 0 0 0 0 0 0 0 1 0 0 0 0 0 0 0 0 0 0 0 0 0 0 0 0 0 0 0 0 0 0 0 0 0 0 0]
[663369512040229855984063348861226324457388042372797697020086124225515806863356832416120560895897684899442009658617551 0 0 0 0 0 0 0 0 0 0 0 1 0 0 0 0 0 0 0 0 0 0 0 0 0 0 0 0 0 0 0 0 0 0 0 0 0 0]
[312146790911230471424337814916224550588907995775047569599490352755137473389847651359613891764061028768963052545640705 0 0 0 0 0 0 0 0 0 0 0 0 1 0 0 0 0 0 0 0 0 0 0 0 0 0 0 0 0 0 0 0 0 0 0 0 0 0]
[864806825197716542433743042657002505186732703129814597511209712494878107661919959485607057538954807083058595529299807 0 0 0 0 0 0 0 0 0 0 0 0 0 1 0 0 0 0 0 0 0 0 0 0 0 0 0 0 0 0 0 0 0 0 0 0 0 0]
[1688240070127413794076823290004800557238043027527311910844928460438570270341133142576681400137359330965939111390937983 0 0 0 0 0 0 0 0 0 0 0 0 0 0 1 0 0 0 0 0 0 0 0 0 0 0 0 0 0 0 0 0 0 0 0 0 0 0]
[753954150038825352618445150040934996936664025713261377826731148913631049379948137401697991980817047067157810309310246 0 0 0 0 0 0 0 0 0 0 0 0 0 0 0 1 0 0 0 0 0 0 0 0 0 0 0 0 0 0 0 0 0 0 0 0 0 0]
[1151069608343144419199994594576850637074932569518423250173966913819031942561050497155623751702773658550061017095280915 0 0 0 0 0 0 0 0 0 0 0 0 0 0 0 0 1 0 0 0 0 0 0 0 0 0 0 0 0 0 0 0 0 0 0 0 0 0]
[1434454220676260192085168227436012659347982796887793658546614027413565607426235870661415769968267633564374332954765355 0 0 0 0 0 0 0 0 0 0 0 0 0 0 0 0 0 1 0 0 0 0 0 0 0 0 0 0 0 0 0 0 0 0 0 0 0 0]
[1962441294755190456756719073129486237556379098154342023726549470832881027367735258725817346578881890993599096229905629 0 0 0 0 0 0 0 0 0 0 0 0 0 0 0 0 0 0 1 0 0 0 0 0 0 0 0 0 0 0 0 0 0 0 0 0 0 0]
[247054456901428297840723340320052954456520853051937420228161596545828041724668630664989408700565204685618483861929210 0 0 0 0 0 0 0 0 0 0 0 0 0 0 0 0 0 0 0 1 0 0 0 0 0 0 0 0 0 0 0 0 0 0 0 0 0 0]
[280255583666296415175199839074280875143249032696635105047436942088009387516262446941460723586548473751315453732872435 0 0 0 0 0 0 0 0 0 0 0 0 0 0 0 0 0 0 0 0 1 0 0 0 0 0 0 0 0 0 0 0 0 0 0 0 0 0]
[620934942758080198893104788916188905145166183636663341995833543933469811444194760917550769001674606130766051437382237 0 0 0 0 0 0 0 0 0 0 0 0 0 0 0 0 0 0 0 0 0 1 0 0 0 0 0 0 0 0 0 0 0 0 0 0 0 0]
[832663357950180669552878694119200570993143696676959082524824327969342032550104394857642256451754601238015873742032501 0 0 0 0 0 0 0 0 0 0 0 0 0 0 0 0 0 0 0 0 0 0 1 0 0 0 0 0 0 0 0 0 0 0 0 0 0 0]
[806132527161253458794046074045442810072080393435490052627353097167517765320624460182981885231603484733104538847699295 0 0 0 0 0 0 0 0 0 0 0 0 0 0 0 0 0 0 0 0 0 0 0 1 0 0 0 0 0 0 0 0 0 0 0 0 0 0]
[863259140410109337136898989775773227409872716494549970505035673217772902766008490148805212004331224976233401952529633 0 0 0 0 0 0 0 0 0 0 0 0 0 0 0 0 0 0 0 0 0 0 0 0 1 0 0 0 0 0 0 0 0 0 0 0 0 0]
[1185423335032488968684857550218999694100727966066042604752691311272448250109867490277435520014842077150527254416878813 0 0 0 0 0 0 0 0 0 0 0 0 0 0 0 0 0 0 0 0 0 0 0 0 0 1 0 0 0 0 0 0 0 0 0 0 0 0]
[45481303493525592177874179272677457191025320941494949646179343154263801482093051561684142544782813808746991299101684 0 0 0 0 0 0 0 0 0 0 0 0 0 0 0 0 0 0 0 0 0 0 0 0 0 0 1 0 0 0 0 0 0 0 0 0 0 0]
[393008347315595190007316957835640309635474018280715631046292029787968994642771587633150550624871017344854704439477420 0 0 0 0 0 0 0 0 0 0 0 0 0 0 0 0 0 0 0 0 0 0 0 0 0 0 0 1 0 0 0 0 0 0 0 0 0 0]
[636302920339185591030183247030556030770971148962323085486250697485454647983779648808927016814708933832733630417603382 0 0 0 0 0 0 0 0 0 0 0 0 0 0 0 0 0 0 0 0 0 0 0 0 0 0 0 0 1 0 0 0 0 0 0 0 0 0]
[958698878271107506765533879232108463035916827617864577034620939496219559250330102162450820009656541060480335030392471 0 0 0 0 0 0 0 0 0 0 0 0 0 0 0 0 0 0 0 0 0 0 0 0 0 0 0 0 0 1 0 0 0 0 0 0 0 0]
[1332826596029625064357972260462756893275460255022643691095700015547110064099192110186605665737847114862865423476278514 0 0 0 0 0 0 0 0 0 0 0 0 0 0 0 0 0 0 0 0 0 0 0 0 0 0 0 0 0 0 1 0 0 0 0 0 0 0]
[188310420040683693262493404834408441704627713774286928047126089580047778360411212210122019386031201945570640079620057 0 0 0 0 0 0 0 0 0 0 0 0 0 0 0 0 0 0 0 0 0 0 0 0 0 0 0 0 0 0 0 1 0 0 0 0 0 0]
[142822737965010856765079448313114379423834048925428216991262819595059836056612107911489422872018956051073293949507575 0 0 0 0 0 0 0 0 0 0 0 0 0 0 0 0 0 0 0 0 0 0 0 0 0 0 0 0 0 0 0 0 1 0 0 0 0 0]
[907270466815274424994379349883504125156428046738202591985817551066986439235073975205218637229533348745439794385505798 0 0 0 0 0 0 0 0 0 0 0 0 0 0 0 0 0 0 0 0 0 0 0 0 0 0 0 0 0 0 0 0 0 1 0 0 0 0]
[251178741054908469002783501398865016164609413066529078417127960109203224279913457128243850380047135118187429332507916 0 0 0 0 0 0 0 0 0 0 0 0 0 0 0 0 0 0 0 0 0 0 0 0 0 0 0 0 0 0 0 0 0 0 1 0 0 0]
[1085559069314484021155460640888054143080474679760694343102524499657993576099950672975825652694859967376366647124056706 0 0 0 0 0 0 0 0 0 0 0 0 0 0 0 0 0 0 0 0 0 0 0 0 0 0 0 0 0 0 0 0 0 0 0 1 0 0]
[1326203778254447003801216351956711638828829060857837671615212670376183930925437592448201095499975858344893554035778938 0 0 0 0 0 0 0 0 0 0 0 0 0 0 0 0 0 0 0 0 0 0 0 0 0 0 0 0 0 0 0 0 0 0 0 0 1 0]
[562710134049724649896519986719881782432507951454222510508400549569211951241886115004693283816082387011355581113747845 0 0 0 0 0 0 0 0 0 0 0 0 0 0 0 0 0 0 0 0 0 0 0 0 0 0 0 0 0 0 0 0 0 0 0 0 0 1]
]
