[[1869958636940689887784309377119739688972241843740592621562130578085760879359444453034056851145845781585844826991337 0 0 0 0 0 0 0 0 0 0 0 0 0 0 0 0 0 0 0 0 0 0 0 0 0 0 0 0 0 0 0 0 0 0 0 0 0]
[1373832180269597417285908052498630915052780412512078494742545845608618344683255162775656079491059128051082091028006 1 0 0 0 0 0 0 0 0 0 0 0 0 0 0 0 0 0 0 0 0 0 0 0 0 0 0 0 0 0 0 0 0 0 0 0 0]
[1705213249372337066261145764802593365260711223420651341772891886980570822836905916263315209551895882446181990547783 0 1 0 0 0 0 0 0 0 0 0 0 0 0 0 0 0 0 0 0 0 0 0 0 0 0 0 0 0 0 0 0 0 0 0 0 0]
[314550792247921978251806256975021600343303701262119992452949503366913062480728484809948696939552191371800310667196 0 0 1 0 0 0 0 0 0 0 0 0 0 0 0 0 0 0 0 0 0 0 0 0 0 0 0 0 0 0 0 0 0 0 0 0 0]
[694305768016246005628451822784431264170601404749863098900216075779153236467112672377901638710961883431167897216186 0 0 0 1 0 0 0 0 0 0 0 0 0 0 0 0 0 0 0 0 0 0 0 0 0 0 0 0 0 0 0 0 0 0 0 0 0]
[285911174984303365582537923208303900206020086545087732959135258011567080381860577307955268432924690926447981324106 0 0 0 0 1 0 0 0 0 0 0 0 0 0 0 0 0 0 0 0 0 0 0 0 0 0 0 0 0 0 0 0 0 0 0 0 0]
[111187213522525572345944038733228170005988009152385440317697802927658695320984647643775261604900352447654485465570 0 0 0 0 0 1 0 0 0 0 0 0 0 0 0 0 0 0 0 0 0 0 0 0 0 0 0 0 0 0 0 0 0 0 0 0 0]
[748516591371862029127154401899292635078198290942403522355658522838175763067306554652364607192309365924252599720164 0 0 0 0 0 0 1 0 0 0 0 0 0 0 0 0 0 0 0 0 0 0 0 0 0 0 0 0 0 0 0 0 0 0 0 0 0]
[949141948565812158669058190902470452774505963861397777094908776015342748699914920888087887374452006509063034130466 0 0 0 0 0 0 0 1 0 0 0 0 0 0 0 0 0 0 0 0 0 0 0 0 0 0 0 0 0 0 0 0 0 0 0 0 0]
[1422687920524415860552258538108321942186368196829545416920330181800456687153274287783351203692800106875921229020364 0 0 0 0 0 0 0 0 1 0 0 0 0 0 0 0 0 0 0 0 0 0 0 0 0 0 0 0 0 0 0 0 0 0 0 0 0]
[1634131889952096592905613187785498595147976083038714217797288903695510268744319575519274770725134544521299014497177 0 0 0 0 0 0 0 0 0 1 0 0 0 0 0 0 0 0 0 0 0 0 0 0 0 0 0 0 0 0 0 0 0 0 0 0 0]
[1122758251617894686513144634545977273213610261055448788609740421731614291734622838107555372223523673688300301294846 0 0 0 0 0 0 0 0 0 0 1 0 0 0 0 0 0 0 0 0 0 0 0 0 0 0 0 0 0 0 0 0 0 0 0 0 0]
[1259227586517514667830437609713890539444761742066007333292698834196115873526151192508153119922887331149630285804220 0 0 0 0 0 0 0 0 0 0 0 1 0 0 0 0 0 0 0 0 0 0 0 0 0 0 0 0 0 0 0 0 0 0 0 0 0]
[627348640318103019613019439889212057173934566326941237005655531034715792994776424402559073033017832047344489380838 0 0 0 0 0 0 0 0 0 0 0 0 1 0 0 0 0 0 0 0 0 0 0 0 0 0 0 0 0 0 0 0 0 0 0 0 0]
[602973966147949284114480769089133300819759166839040222707366496196006784058510931814528709672479758087275702366934 0 0 0 0 0 0 0 0 0 0 0 0 0 1 0 0 0 0 0 0 0 0 0 0 0 0 0 0 0 0 0 0 0 0 0 0 0]
[978070117516061205050462345038460586914428876907565795530123131898184719049472238571251136542747310049109038782947 0 0 0 0 0 0 0 0 0 0 0 0 0 0 1 0 0 0 0 0 0 0 0 0 0 0 0 0 0 0 0 0 0 0 0 0 0]
[469120087919698916730227040017212959010696821658002936085474562525735775720299233994750460398628697988841686186305 0 0 0 0 0 0 0 0 0 0 0 0 0 0 0 1 0 0 0 0 0 0 0 0 0 0 0 0 0 0 0 0 0 0 0 0 0]
[124995200146737672312174811108752207723915776799366310978378415671499762075269070663382389964036301173152854851907 0 0 0 0 0 0 0 0 0 0 0 0 0 0 0 0 1 0 0 0 0 0 0 0 0 0 0 0 0 0 0 0 0 0 0 0 0]
[765651857543553332202033153997313907013190387730987192171921512988714973026887088908306203075626055931969504343328 0 0 0 0 0 0 0 0 0 0 0 0 0 0 0 0 0 1 0 0 0 0 0 0 0 0 0 0 0 0 0 0 0 0 0 0 0]
[1517144614462880339200708534127045113126461179868766091469683190411187870304528681012682389294768948506097002247053 0 0 0 0 0 0 0 0 0 0 0 0 0 0 0 0 0 0 1 0 0 0 0 0 0 0 0 0 0 0 0 0 0 0 0 0 0]
[86049040478871872386284974701350237435666226273779996713601008290713659889001653166597621120343203135869850007948 0 0 0 0 0 0 0 0 0 0 0 0 0 0 0 0 0 0 0 1 0 0 0 0 0 0 0 0 0 0 0 0 0 0 0 0 0]
[230095650943672557415748937127136838262642140141687654630302375001313727144638125493009806089677201592968979233610 0 0 0 0 0 0 0 0 0 0 0 0 0 0 0 0 0 0 0 0 1 0 0 0 0 0 0 0 0 0 0 0 0 0 0 0 0]
[564853317738257876617561784658726712967460907599506765199963250711906344576028677412516606180980955269349977158291 0 0 0 0 0 0 0 0 0 0 0 0 0 0 0 0 0 0 0 0 0 1 0 0 0 0 0 0 0 0 0 0 0 0 0 0 0]
[690323353588287319896377036163708935724984309221614251180408073120816173192194126728308274856346646688228477655071 0 0 0 0 0 0 0 0 0 0 0 0 0 0 0 0 0 0 0 0 0 0 1 0 0 0 0 0 0 0 0 0 0 0 0 0 0]
[280594030427122566771406784501852469699470089418329200479019740422525825592660350980764227115689640328885614090010 0 0 0 0 0 0 0 0 0 0 0 0 0 0 0 0 0 0 0 0 0 0 0 1 0 0 0 0 0 0 0 0 0 0 0 0 0]
[313102160509967281510814164869663505074846494705002354076945767793416990094372076539637403098090926168332719149994 0 0 0 0 0 0 0 0 0 0 0 0 0 0 0 0 0 0 0 0 0 0 0 0 1 0 0 0 0 0 0 0 0 0 0 0 0]
[776362244099714044781456905272728460062203774079443693294859685078036314316565497814841374800010765635701394859740 0 0 0 0 0 0 0 0 0 0 0 0 0 0 0 0 0 0 0 0 0 0 0 0 0 1 0 0 0 0 0 0 0 0 0 0 0]
[133730760687166653380029449164502098118285686009973944175450915477374911926207585313740148023756358309801261967669 0 0 0 0 0 0 0 0 0 0 0 0 0 0 0 0 0 0 0 0 0 0 0 0 0 0 1 0 0 0 0 0 0 0 0 0 0]
[1299666476939588833498410864717703098671355732809389795107002468467916483504354084025841131142702863348040402194682 0 0 0 0 0 0 0 0 0 0 0 0 0 0 0 0 0 0 0 0 0 0 0 0 0 0 0 1 0 0 0 0 0 0 0 0 0]
[844578931493812290347118025714130619740536852050133844948403306812386113300096850153983368693206825137508542922967 0 0 0 0 0 0 0 0 0 0 0 0 0 0 0 0 0 0 0 0 0 0 0 0 0 0 0 0 1 0 0 0 0 0 0 0 0]
[663870219051030905127414925063178810704100611925164815104119861390530088568705890375932213969731174958686521453121 0 0 0 0 0 0 0 0 0 0 0 0 0 0 0 0 0 0 0 0 0 0 0 0 0 0 0 0 0 1 0 0 0 0 0 0 0]
[1211063177157318259825809595209128036112088210557678092293474773122228598026455602357207416524566795413702042240268 0 0 0 0 0 0 0 0 0 0 0 0 0 0 0 0 0 0 0 0 0 0 0 0 0 0 0 0 0 0 1 0 0 0 0 0 0]
[1059241255342611740209211389810794218334962238884648140933132230845919418439630829959139952040115266399542277559447 0 0 0 0 0 0 0 0 0 0 0 0 0 0 0 0 0 0 0 0 0 0 0 0 0 0 0 0 0 0 0 1 0 0 0 0 0]
[1697061215166180129102102855059103563803715917423208834779786540231303672464260214226673699751621445370977452828744 0 0 0 0 0 0 0 0 0 0 0 0 0 0 0 0 0 0 0 0 0 0 0 0 0 0 0 0 0 0 0 0 1 0 0 0 0]
[1723916871221741442032838260520073924259812917337244049336115085409847464949689273199512168469218955558672319225094 0 0 0 0 0 0 0 0 0 0 0 0 0 0 0 0 0 0 0 0 0 0 0 0 0 0 0 0 0 0 0 0 0 1 0 0 0]
[1421532926837652741876551656879058912630768726695546658099561440954615841185695899302871969224475909407862033042152 0 0 0 0 0 0 0 0 0 0 0 0 0 0 0 0 0 0 0 0 0 0 0 0 0 0 0 0 0 0 0 0 0 0 1 0 0]
[609437418853482724467750944725965576855322301679994711020148068598787738478470406570900317346025436543417035205342 0 0 0 0 0 0 0 0 0 0 0 0 0 0 0 0 0 0 0 0 0 0 0 0 0 0 0 0 0 0 0 0 0 0 0 1 0]
[340208867358673988920974544218038091534065041729254939123664871846119063356823508433761263165788422275713138915584 0 0 0 0 0 0 0 0 0 0 0 0 0 0 0 0 0 0 0 0 0 0 0 0 0 0 0 0 0 0 0 0 0 0 0 0 1]
]
