[[1189060489763678641594418880913555928526689440343121781367609843833650164525370016446472973 0 0 0 0 0 0 0 0 0 0 0 0 0 0 0 0 0 0 0 0 0 0 0 0 0 0 0 0 0]
[209261913835112882651035975861461108950590694548016023681755403288792112308602416388159051 1 0 0 0 0 0 0 0 0 0 0 0 0 0 0 0 0 0 0 0 0 0 0 0 0 0 0 0 0]
[901401153126500108855016013722722994560418917643311178727503049535419166041059956401738404 0 1 0 0 0 0 0 0 0 0 0 0 0 0 0 0 0 0 0 0 0 0 0 0 0 0 0 0 0]
[539596900388190775403787550027743635242601606006704394512250538798525253671253533845335167 0 0 1 0 0 0 0 0 0 0 0 0 0 0 0 0 0 0 0 0 0 0 0 0 0 0 0 0 0]
[45790232394252409003464875605333423773183027802575744940897372314947378632036031523867903 0 0 0 1 0 0 0 0 0 0 0 0 0 0 0 0 0 0 0 0 0 0 0 0 0 0 0 0 0]
[504061617974774972110704234501072306401198577622199947400570520650623273322826204791552680 0 0 0 0 1 0 0 0 0 0 0 0 0 0 0 0 0 0 0 0 0 0 0 0 0 0 0 0 0]
[988404203915383698710620582733052115799521683286577719732980377678143085058054435674180011 0 0 0 0 0 1 0 0 0 0 0 0 0 0 0 0 0 0 0 0 0 0 0 0 0 0 0 0 0]
[353729697515975388330856578356969893686345085449585639943721121675265080807929584520599639 0 0 0 0 0 0 1 0 0 0 0 0 0 0 0 0 0 0 0 0 0 0 0 0 0 0 0 0 0]
[317139042142478506596182744936346167147691547047716880824158085701737956202865191483291443 0 0 0 0 0 0 0 1 0 0 0 0 0 0 0 0 0 0 0 0 0 0 0 0 0 0 0 0 0]
[1102477409408594962564789700880389576880032376774249956202001699415361134743293212225371206 0 0 0 0 0 0 0 0 1 0 0 0 0 0 0 0 0 0 0 0 0 0 0 0 0 0 0 0 0]
[396099929651201127814174011645072460085116288024230250089250742827461792412892413372626792 0 0 0 0 0 0 0 0 0 1 0 0 0 0 0 0 0 0 0 0 0 0 0 0 0 0 0 0 0]
[773546799545735138700595413849883358768659018678488392890927634722266532942882710443419348 0 0 0 0 0 0 0 0 0 0 1 0 0 0 0 0 0 0 0 0 0 0 0 0 0 0 0 0 0]
[1000523819461282016181684300355287957536061507473250141383102193065308727916774165327284523 0 0 0 0 0 0 0 0 0 0 0 1 0 0 0 0 0 0 0 0 0 0 0 0 0 0 0 0 0]
[1063152260651125771325124417789930362099115331267977408391891969862199941070530884304816636 0 0 0 0 0 0 0 0 0 0 0 0 1 0 0 0 0 0 0 0 0 0 0 0 0 0 0 0 0]
[648512139844172374274250807401956813433457751104805912917520889035867628725812967756811613 0 0 0 0 0 0 0 0 0 0 0 0 0 1 0 0 0 0 0 0 0 0 0 0 0 0 0 0 0]
[305925932949234902737972403036413106111453539230851777634416879576675432598902978586236632 0 0 0 0 0 0 0 0 0 0 0 0 0 0 1 0 0 0 0 0 0 0 0 0 0 0 0 0 0]
[346959373462387975861125485215269427809982002075883628017100816916290051831221307529550413 0 0 0 0 0 0 0 0 0 0 0 0 0 0 0 1 0 0 0 0 0 0 0 0 0 0 0 0 0]
[406157784090090165850795912619263131531700472749336545624140942196714491293628209641641438 0 0 0 0 0 0 0 0 0 0 0 0 0 0 0 0 1 0 0 0 0 0 0 0 0 0 0 0 0]
[50431940117376887451706959597211465977581426247557241943915079331286808103924600268123016 0 0 0 0 0 0 0 0 0 0 0 0 0 0 0 0 0 1 0 0 0 0 0 0 0 0 0 0 0]
[128507822430730692132245571213029235502036389933071748004215517235302762599337317925518850 0 0 0 0 0 0 0 0 0 0 0 0 0 0 0 0 0 0 1 0 0 0 0 0 0 0 0 0 0]
[1082250568230111303790558914457472222358839628824263611754792610426342001166067876655366915 0 0 0 0 0 0 0 0 0 0 0 0 0 0 0 0 0 0 0 1 0 0 0 0 0 0 0 0 0]
[691952461330328557409049444838771782512183996335587511350858274856199214782076751380183752 0 0 0 0 0 0 0 0 0 0 0 0 0 0 0 0 0 0 0 0 1 0 0 0 0 0 0 0 0]
[1033015821848706212049896958398673445265403912714943188212337309873217560653913387642903423 0 0 0 0 0 0 0 0 0 0 0 0 0 0 0 0 0 0 0 0 0 1 0 0 0 0 0 0 0]
[500649450882410819586809020271581500295254420628026234218039232301011224689714843896780017 0 0 0 0 0 0 0 0 0 0 0 0 0 0 0 0 0 0 0 0 0 0 1 0 0 0 0 0 0]
[407988337221126219527563547116115662343555584206693494942613962849685352439113986405791839 0 0 0 0 0 0 0 0 0 0 0 0 0 0 0 0 0 0 0 0 0 0 0 1 0 0 0 0 0]
[1021252165168361626261879802273671551841679254996539395506067849730665782896971359539127519 0 0 0 0 0 0 0 0 0 0 0 0 0 0 0 0 0 0 0 0 0 0 0 0 1 0 0 0 0]
[256331997148455192848603071016456642525352178060712136588878882063097439817573733408050837 0 0 0 0 0 0 0 0 0 0 0 0 0 0 0 0 0 0 0 0 0 0 0 0 0 1 0 0 0]
[420851596406960711695317564892795774696145731972882535710649455047051780803102069578842188 0 0 0 0 0 0 0 0 0 0 0 0 0 0 0 0 0 0 0 0 0 0 0 0 0 0 1 0 0]
[370499025323814700094730373679909945290193859100105615690980036620313094940211656413097493 0 0 0 0 0 0 0 0 0 0 0 0 0 0 0 0 0 0 0 0 0 0 0 0 0 0 0 1 0]
[362975897409140711941893745040599294256341961148941746147430599172429614602595332079244896 0 0 0 0 0 0 0 0 0 0 0 0 0 0 0 0 0 0 0 0 0 0 0 0 0 0 0 0 1]
]
