[[2153044573518250562609483846460657833068112810784252205857403034842956920252383946995544331041267890550066803101458701 0 0 0 0 0 0 0 0 0 0 0 0 0 0 0 0 0 0 0 0 0 0 0 0 0 0 0 0 0 0 0 0 0 0 0 0 0 0]
[1551749768260502773116828189623387380955135893508750829704365691932127167912275221649748300689087797993982966359291761 1 0 0 0 0 0 0 0 0 0 0 0 0 0 0 0 0 0 0 0 0 0 0 0 0 0 0 0 0 0 0 0 0 0 0 0 0 0]
[29324722244638265719467634779826021471081402596407779710954733378717834278712151599047842203113875780419249143255962 0 1 0 0 0 0 0 0 0 0 0 0 0 0 0 0 0 0 0 0 0 0 0 0 0 0 0 0 0 0 0 0 0 0 0 0 0 0]
[1852948190508107722772147971007178849210683327842869336467277300594667089426166850056247371888751820490067163405342214 0 0 1 0 0 0 0 0 0 0 0 0 0 0 0 0 0 0 0 0 0 0 0 0 0 0 0 0 0 0 0 0 0 0 0 0 0 0]
[1762256580269480283670207652624511918778038403501848178862144180373885511055656553263256057741783548873491868885682479 0 0 0 1 0 0 0 0 0 0 0 0 0 0 0 0 0 0 0 0 0 0 0 0 0 0 0 0 0 0 0 0 0 0 0 0 0 0]
[690671106056523599781781689187685286589874917392729970178453844929606763997632494549785029174380542011373624041746076 0 0 0 0 1 0 0 0 0 0 0 0 0 0 0 0 0 0 0 0 0 0 0 0 0 0 0 0 0 0 0 0 0 0 0 0 0 0]
[1931589681763610412709639043469218465373668112900239371135365987766963370669564495308506797239571506522561767385032713 0 0 0 0 0 1 0 0 0 0 0 0 0 0 0 0 0 0 0 0 0 0 0 0 0 0 0 0 0 0 0 0 0 0 0 0 0 0]
[2106148816995945811829211716330291276541891291975786386669905968144573548897003978457011428704184891886180456063576448 0 0 0 0 0 0 1 0 0 0 0 0 0 0 0 0 0 0 0 0 0 0 0 0 0 0 0 0 0 0 0 0 0 0 0 0 0 0]
[1763985252238143806089709009609755481838327163822296403241131429295141660623803866994330742434987159900042157167853342 0 0 0 0 0 0 0 1 0 0 0 0 0 0 0 0 0 0 0 0 0 0 0 0 0 0 0 0 0 0 0 0 0 0 0 0 0 0]
[1455994276003396065505128165827110191675639907881036436393905841826548952720777116061860757241703879112402342483267132 0 0 0 0 0 0 0 0 1 0 0 0 0 0 0 0 0 0 0 0 0 0 0 0 0 0 0 0 0 0 0 0 0 0 0 0 0 0]
[1493433656272169175946161047099557352882422942942155641051750258709838113254289657942016638847070866584438082135738318 0 0 0 0 0 0 0 0 0 1 0 0 0 0 0 0 0 0 0 0 0 0 0 0 0 0 0 0 0 0 0 0 0 0 0 0 0 0]
[1087984035210712344190163387096190318294987035312944139706352921522411407639355528481519641765121983274853233858679781 0 0 0 0 0 0 0 0 0 0 1 0 0 0 0 0 0 0 0 0 0 0 0 0 0 0 0 0 0 0 0 0 0 0 0 0 0 0]
[655547340292253726224817528879021780990079727364600617746326320290562593665554730719370433199610634697379382090751448 0 0 0 0 0 0 0 0 0 0 0 1 0 0 0 0 0 0 0 0 0 0 0 0 0 0 0 0 0 0 0 0 0 0 0 0 0 0]
[760744634387142819057350851688947572217234313150995465841203721364393529312343084913318977170572482893720552268543255 0 0 0 0 0 0 0 0 0 0 0 0 1 0 0 0 0 0 0 0 0 0 0 0 0 0 0 0 0 0 0 0 0 0 0 0 0 0]
[2009874127092230864156645945443924569294223485216224481999463131870529642677855005633641206341461888284048957222892843 0 0 0 0 0 0 0 0 0 0 0 0 0 1 0 0 0 0 0 0 0 0 0 0 0 0 0 0 0 0 0 0 0 0 0 0 0 0]
[1356727479829591452705092385605333273826598424334072746298666554372341882769526368013901278863394083751108025342217554 0 0 0 0 0 0 0 0 0 0 0 0 0 0 1 0 0 0 0 0 0 0 0 0 0 0 0 0 0 0 0 0 0 0 0 0 0 0]
[739276386456227140253911565911013708488636637111368922260339803959294797283879012027021097076825928558307215505113002 0 0 0 0 0 0 0 0 0 0 0 0 0 0 0 1 0 0 0 0 0 0 0 0 0 0 0 0 0 0 0 0 0 0 0 0 0 0]
[869208774778168130023040170105431956485679160582824044615442286636911175788117632824629391011043356121797859411538193 0 0 0 0 0 0 0 0 0 0 0 0 0 0 0 0 1 0 0 0 0 0 0 0 0 0 0 0 0 0 0 0 0 0 0 0 0 0]
[1769877994969983042019842803426161742414053498060480714414132810057912432175331093451524285388467841419852751444767896 0 0 0 0 0 0 0 0 0 0 0 0 0 0 0 0 0 1 0 0 0 0 0 0 0 0 0 0 0 0 0 0 0 0 0 0 0 0]
[1639846978381569009633295939104397289088424361266850731240417331552085995768006149447866574834903420380092457841176803 0 0 0 0 0 0 0 0 0 0 0 0 0 0 0 0 0 0 1 0 0 0 0 0 0 0 0 0 0 0 0 0 0 0 0 0 0 0]
[1881888972553896473840715365465148455913357481357484485080194839555746984693792379021615844749632890650827153637639984 0 0 0 0 0 0 0 0 0 0 0 0 0 0 0 0 0 0 0 1 0 0 0 0 0 0 0 0 0 0 0 0 0 0 0 0 0 0]
[1554420129284191733673085702073211265114962464742450836395018557118963455427438642395635189664018024416372692710081245 0 0 0 0 0 0 0 0 0 0 0 0 0 0 0 0 0 0 0 0 1 0 0 0 0 0 0 0 0 0 0 0 0 0 0 0 0 0]
[185033730283839757033245881836725735170283354994243746353368079107161130029839089423089230206836975082550272342488632 0 0 0 0 0 0 0 0 0 0 0 0 0 0 0 0 0 0 0 0 0 1 0 0 0 0 0 0 0 0 0 0 0 0 0 0 0 0]
[1040740557649026851626409353080892680760095844236906857488277189351092845873501738325760844670526414581458861387687112 0 0 0 0 0 0 0 0 0 0 0 0 0 0 0 0 0 0 0 0 0 0 1 0 0 0 0 0 0 0 0 0 0 0 0 0 0 0]
[381515582245783287940095921778776938867432331937884690934211145909958464859379155124021405668241110707753071035086853 0 0 0 0 0 0 0 0 0 0 0 0 0 0 0 0 0 0 0 0 0 0 0 1 0 0 0 0 0 0 0 0 0 0 0 0 0 0]
[1317354533581340662433138642536294391006576171669819602186519923115648981315328567188440090156337233518619161314312234 0 0 0 0 0 0 0 0 0 0 0 0 0 0 0 0 0 0 0 0 0 0 0 0 1 0 0 0 0 0 0 0 0 0 0 0 0 0]
[492165863910112696812355277622319833252782168939422544959281244388113663334444103042182987596654386631701629520225928 0 0 0 0 0 0 0 0 0 0 0 0 0 0 0 0 0 0 0 0 0 0 0 0 0 1 0 0 0 0 0 0 0 0 0 0 0 0]
[932854371817705585599726806447974608300628383322972779432082374497773043098287785018077496188912092361218041949891307 0 0 0 0 0 0 0 0 0 0 0 0 0 0 0 0 0 0 0 0 0 0 0 0 0 0 1 0 0 0 0 0 0 0 0 0 0 0]
[130667903310133765028524510638804502190391451667233418751323847186568990539581224668238401911310816359097944783103183 0 0 0 0 0 0 0 0 0 0 0 0 0 0 0 0 0 0 0 0 0 0 0 0 0 0 0 1 0 0 0 0 0 0 0 0 0 0]
[1302990783462512240546377472141808764116320213698662930002929423072421332283146756732586959475745844739320428051830784 0 0 0 0 0 0 0 0 0 0 0 0 0 0 0 0 0 0 0 0 0 0 0 0 0 0 0 0 1 0 0 0 0 0 0 0 0 0]
[1444317077167017820582586805553568625359862803868443150179944739396109041659436927207551419752863889670082299180928173 0 0 0 0 0 0 0 0 0 0 0 0 0 0 0 0 0 0 0 0 0 0 0 0 0 0 0 0 0 1 0 0 0 0 0 0 0 0]
[1700679620417818211656776913095580437272009299844729442826695390966453775628669842382310647369783314278719726960520921 0 0 0 0 0 0 0 0 0 0 0 0 0 0 0 0 0 0 0 0 0 0 0 0 0 0 0 0 0 0 1 0 0 0 0 0 0 0]
[873026374990672687891074260893685746846817493357232979844721160996413714589389614392022728959068202345959274987911594 0 0 0 0 0 0 0 0 0 0 0 0 0 0 0 0 0 0 0 0 0 0 0 0 0 0 0 0 0 0 0 1 0 0 0 0 0 0]
[479358249415142083382256037857540449915610312833871445951788753280488774368570787580880125350338433313572873709563660 0 0 0 0 0 0 0 0 0 0 0 0 0 0 0 0 0 0 0 0 0 0 0 0 0 0 0 0 0 0 0 0 1 0 0 0 0 0]
[1565573835274893307368616096413053411214422506332000826882655848582581479764675053682403860562285064410501257196042029 0 0 0 0 0 0 0 0 0 0 0 0 0 0 0 0 0 0 0 0 0 0 0 0 0 0 0 0 0 0 0 0 0 1 0 0 0 0]
[1280142966964346603466599127297428122213831907334305917993214360541445816793350102750515357682046513960612692807751862 0 0 0 0 0 0 0 0 0 0 0 0 0 0 0 0 0 0 0 0 0 0 0 0 0 0 0 0 0 0 0 0 0 0 1 0 0 0]
[1562208177959624347827569313588492289784443698916186990889969932141173250882258693090829394218921925540072598952252400 0 0 0 0 0 0 0 0 0 0 0 0 0 0 0 0 0 0 0 0 0 0 0 0 0 0 0 0 0 0 0 0 0 0 0 1 0 0]
[1231217156611975587305362247319045610838872682697728236685855400485956630150220806180684454148177040239446900656621074 0 0 0 0 0 0 0 0 0 0 0 0 0 0 0 0 0 0 0 0 0 0 0 0 0 0 0 0 0 0 0 0 0 0 0 0 1 0]
[654006234938691775218307867511808615463354189064246528937946045199743653060551229933105817200801561867067052286496888 0 0 0 0 0 0 0 0 0 0 0 0 0 0 0 0 0 0 0 0 0 0 0 0 0 0 0 0 0 0 0 0 0 0 0 0 0 1]
]
