[[1923837674996422441813287232973803215755034046127964951256403106491737202204902175070462510627273201563 0 0 0 0 0 0 0 0 0 0 0 0 0 0 0 0 0 0 0 0 0 0 0 0 0 0 0 0 0 0 0 0 0]
[534488093381938976802289156226534429621219878793613283593906817170475268880510211112224490332573366725 1 0 0 0 0 0 0 0 0 0 0 0 0 0 0 0 0 0 0 0 0 0 0 0 0 0 0 0 0 0 0 0 0]
[986502367332114472360202265216332752830474561401347178510470255034221514523614954681509354270175917756 0 1 0 0 0 0 0 0 0 0 0 0 0 0 0 0 0 0 0 0 0 0 0 0 0 0 0 0 0 0 0 0 0]
[1456936148724379672801157289261482603520603752026612386501128895815546634145326878779717565020334786856 0 0 1 0 0 0 0 0 0 0 0 0 0 0 0 0 0 0 0 0 0 0 0 0 0 0 0 0 0 0 0 0 0]
[1786364057649121075443295272485640980743202021906326886238200372468235869624613571129488370727085409495 0 0 0 1 0 0 0 0 0 0 0 0 0 0 0 0 0 0 0 0 0 0 0 0 0 0 0 0 0 0 0 0 0]
[1439131439051683906594838687721202612354905375791627647549806556544298116137686148233805860252512659527 0 0 0 0 1 0 0 0 0 0 0 0 0 0 0 0 0 0 0 0 0 0 0 0 0 0 0 0 0 0 0 0 0]
[306769156965809396342822165155876569716521980746572856677380402674924023682737052068116615271523911631 0 0 0 0 0 1 0 0 0 0 0 0 0 0 0 0 0 0 0 0 0 0 0 0 0 0 0 0 0 0 0 0 0]
[1375619170553421545424053192283869435811656088787471955208886437800384264398128953786171628491001380639 0 0 0 0 0 0 1 0 0 0 0 0 0 0 0 0 0 0 0 0 0 0 0 0 0 0 0 0 0 0 0 0 0]
[1258632028297357215057302463393430595649616276803188686615206156417378948025551452499930634004933972192 0 0 0 0 0 0 0 1 0 0 0 0 0 0 0 0 0 0 0 0 0 0 0 0 0 0 0 0 0 0 0 0 0]
[26458774976746898721558420803299223817630803207620090950301093135461126895248141534985750169022847104 0 0 0 0 0 0 0 0 1 0 0 0 0 0 0 0 0 0 0 0 0 0 0 0 0 0 0 0 0 0 0 0 0]
[1603171225214283420225251140569115798142147852134228651629452293446788040133291109312899522996237522813 0 0 0 0 0 0 0 0 0 1 0 0 0 0 0 0 0 0 0 0 0 0 0 0 0 0 0 0 0 0 0 0 0]
[1708061515645254562672654002856219415626494018001610773309817285073726197705952007111132083328260237401 0 0 0 0 0 0 0 0 0 0 1 0 0 0 0 0 0 0 0 0 0 0 0 0 0 0 0 0 0 0 0 0 0]
[1313911333315249989793262728293774537395021656916679967569772481464618913975088302825105435811496095276 0 0 0 0 0 0 0 0 0 0 0 1 0 0 0 0 0 0 0 0 0 0 0 0 0 0 0 0 0 0 0 0 0]
[1592172775533571029195710707755526363747387544582983317955530958305178457260990302705957335989280555311 0 0 0 0 0 0 0 0 0 0 0 0 1 0 0 0 0 0 0 0 0 0 0 0 0 0 0 0 0 0 0 0 0]
[1667915172345015770820516653227888348997058526300938690802483235739324111447460753812154472252390102202 0 0 0 0 0 0 0 0 0 0 0 0 0 1 0 0 0 0 0 0 0 0 0 0 0 0 0 0 0 0 0 0 0]
[696873038526762016269510689484349078303213703007797301408620490689701440513741086216552515860787456637 0 0 0 0 0 0 0 0 0 0 0 0 0 0 1 0 0 0 0 0 0 0 0 0 0 0 0 0 0 0 0 0 0]
[1168559193493895297221923192946436086888238396842588513359770948057025148607866304776758394269254307117 0 0 0 0 0 0 0 0 0 0 0 0 0 0 0 1 0 0 0 0 0 0 0 0 0 0 0 0 0 0 0 0 0]
[1328311878840325299760616350809487540329868313040552107020288458104728078868252596638689355903830795731 0 0 0 0 0 0 0 0 0 0 0 0 0 0 0 0 1 0 0 0 0 0 0 0 0 0 0 0 0 0 0 0 0]
[1118246556792328595170271739025043623407008848676767437758021335441789222519818972723272312305911518784 0 0 0 0 0 0 0 0 0 0 0 0 0 0 0 0 0 1 0 0 0 0 0 0 0 0 0 0 0 0 0 0 0]
[750255526269972123709718230908660783874681872968561884734182433371481502163973249678008982317196795087 0 0 0 0 0 0 0 0 0 0 0 0 0 0 0 0 0 0 1 0 0 0 0 0 0 0 0 0 0 0 0 0 0]
[1234903022389216795273886963906445105702869585802903708882616646728549911360892821665334443084196497797 0 0 0 0 0 0 0 0 0 0 0 0 0 0 0 0 0 0 0 1 0 0 0 0 0 0 0 0 0 0 0 0 0]
[19945578234393647708675198409969059163935612445479316856613629317044564172398538099488709323174172810 0 0 0 0 0 0 0 0 0 0 0 0 0 0 0 0 0 0 0 0 1 0 0 0 0 0 0 0 0 0 0 0 0]
[1533726465858186594774343487041537126505383135874164236048107884537592066980887779250820178507931973129 0 0 0 0 0 0 0 0 0 0 0 0 0 0 0 0 0 0 0 0 0 1 0 0 0 0 0 0 0 0 0 0 0]
[1723247124117919967615329895416789960471439504478913654876375222689718889501556473595480424883832180064 0 0 0 0 0 0 0 0 0 0 0 0 0 0 0 0 0 0 0 0 0 0 1 0 0 0 0 0 0 0 0 0 0]
[1194721958006224310612935593498735927340796602380515661643662695500623535506722366231907743297885981614 0 0 0 0 0 0 0 0 0 0 0 0 0 0 0 0 0 0 0 0 0 0 0 1 0 0 0 0 0 0 0 0 0]
[70161414550004633738134080894169311568559913178116799001626511943119633447753737286869578701743000987 0 0 0 0 0 0 0 0 0 0 0 0 0 0 0 0 0 0 0 0 0 0 0 0 1 0 0 0 0 0 0 0 0]
[241730352305573565776725677571289541819071697977086391561067094589339575455239558960658165009146255958 0 0 0 0 0 0 0 0 0 0 0 0 0 0 0 0 0 0 0 0 0 0 0 0 0 1 0 0 0 0 0 0 0]
[256616678717444760556695879811260930769284286227252348073335087301106982778507237003250407520413412514 0 0 0 0 0 0 0 0 0 0 0 0 0 0 0 0 0 0 0 0 0 0 0 0 0 0 1 0 0 0 0 0 0]
[912027306105012578060258273839003628817586029312874616320032507501137683222101428725383826243067378847 0 0 0 0 0 0 0 0 0 0 0 0 0 0 0 0 0 0 0 0 0 0 0 0 0 0 0 1 0 0 0 0 0]
[395006854794443379065975894877672115747834693149966616584575153552298248128731121113869527357800578195 0 0 0 0 0 0 0 0 0 0 0 0 0 0 0 0 0 0 0 0 0 0 0 0 0 0 0 0 1 0 0 0 0]
[571388065668842021542234487825980586188136928913590753163080013924469954036587656708743511016746986679 0 0 0 0 0 0 0 0 0 0 0 0 0 0 0 0 0 0 0 0 0 0 0 0 0 0 0 0 0 1 0 0 0]
[831456730504465462508823287280008391902740051638111583641142042315182273666683729036950021742366617057 0 0 0 0 0 0 0 0 0 0 0 0 0 0 0 0 0 0 0 0 0 0 0 0 0 0 0 0 0 0 1 0 0]
[78308307105213978082481650979358613242531416820592921819197565530245825245280947044438497023897476880 0 0 0 0 0 0 0 0 0 0 0 0 0 0 0 0 0 0 0 0 0 0 0 0 0 0 0 0 0 0 0 1 0]
[575935952832223986586824082029170187399258564434366133267804845204511301745017513917320241177829656955 0 0 0 0 0 0 0 0 0 0 0 0 0 0 0 0 0 0 0 0 0 0 0 0 0 0 0 0 0 0 0 0 1]
]
