[[1906524583546298997278547600141044378430498866911741583528365763392392226005106105779087468343 0 0 0 0 0 0 0 0 0 0 0 0 0 0 0 0 0 0 0 0 0 0 0 0 0 0 0 0 0 0]
[1490996505127407962758651401107269149983883668193381920224635460989952052910414293580076654716 1 0 0 0 0 0 0 0 0 0 0 0 0 0 0 0 0 0 0 0 0 0 0 0 0 0 0 0 0 0]
[1840931760603366567600043131338905562403262653989649113757201268500759745192622335809804852249 0 1 0 0 0 0 0 0 0 0 0 0 0 0 0 0 0 0 0 0 0 0 0 0 0 0 0 0 0 0]
[802323640339167575792265602410030017874629238954394933731475228568365469687029902951938237536 0 0 1 0 0 0 0 0 0 0 0 0 0 0 0 0 0 0 0 0 0 0 0 0 0 0 0 0 0 0]
[1224041928310509790941298185096770861111875768636001115440894136793253646159325929901196413962 0 0 0 1 0 0 0 0 0 0 0 0 0 0 0 0 0 0 0 0 0 0 0 0 0 0 0 0 0 0]
[207280312882055558130059060872398471126867535696182830367866061173456976352029642857531042833 0 0 0 0 1 0 0 0 0 0 0 0 0 0 0 0 0 0 0 0 0 0 0 0 0 0 0 0 0 0]
[1490293332469272673149196955324482072022925939018929563277162156342373497680901999268924834777 0 0 0 0 0 1 0 0 0 0 0 0 0 0 0 0 0 0 0 0 0 0 0 0 0 0 0 0 0 0]
[1410939021166395062404946936867577716059456595449458951665518083953589699667970605457007651285 0 0 0 0 0 0 1 0 0 0 0 0 0 0 0 0 0 0 0 0 0 0 0 0 0 0 0 0 0 0]
[38859366975908014806180940857638994090199725249519072859809487582582870521264865950711612736 0 0 0 0 0 0 0 1 0 0 0 0 0 0 0 0 0 0 0 0 0 0 0 0 0 0 0 0 0 0]
[1838597548425231989529118116628084267224111641131419818012647569290876838468804836422917869024 0 0 0 0 0 0 0 0 1 0 0 0 0 0 0 0 0 0 0 0 0 0 0 0 0 0 0 0 0 0]
[1083337442083509006290120107849148884372958463322498522361205724087431092748798780821363317839 0 0 0 0 0 0 0 0 0 1 0 0 0 0 0 0 0 0 0 0 0 0 0 0 0 0 0 0 0 0]
[575626292550206345400250417345104481849725858437432368386665963940782344721481520520801447633 0 0 0 0 0 0 0 0 0 0 1 0 0 0 0 0 0 0 0 0 0 0 0 0 0 0 0 0 0 0]
[1154139350013507696812567463645543919949952536066694250863731833176382490304722640884936042322 0 0 0 0 0 0 0 0 0 0 0 1 0 0 0 0 0 0 0 0 0 0 0 0 0 0 0 0 0 0]
[619973332018310396226133181649099341726153430727664258859446252713927342232197937400638420875 0 0 0 0 0 0 0 0 0 0 0 0 1 0 0 0 0 0 0 0 0 0 0 0 0 0 0 0 0 0]
[1366776605730744088047846475395833460567660722711015584525376968820089191213542023870987422677 0 0 0 0 0 0 0 0 0 0 0 0 0 1 0 0 0 0 0 0 0 0 0 0 0 0 0 0 0 0]
[486813963182085744199321907546966772556042473330842392898391110003381282904231401228942772859 0 0 0 0 0 0 0 0 0 0 0 0 0 0 1 0 0 0 0 0 0 0 0 0 0 0 0 0 0 0]
[1100127642887809082781253520056966802877358130280444845376492663549414971523140465926088931100 0 0 0 0 0 0 0 0 0 0 0 0 0 0 0 1 0 0 0 0 0 0 0 0 0 0 0 0 0 0]
[1374981862638319966411154151743738296952633128758626885478601946646585257103398844523720224353 0 0 0 0 0 0 0 0 0 0 0 0 0 0 0 0 1 0 0 0 0 0 0 0 0 0 0 0 0 0]
[431415689511320595301289538240497144380721124511339325775413689225143211521298434029194418179 0 0 0 0 0 0 0 0 0 0 0 0 0 0 0 0 0 1 0 0 0 0 0 0 0 0 0 0 0 0]
[1415102652644927238251313756844770486954346124815832624089969567716728400020806207488600622583 0 0 0 0 0 0 0 0 0 0 0 0 0 0 0 0 0 0 1 0 0 0 0 0 0 0 0 0 0 0]
[223260264689587344098931716005282752882680574558009713271434209737176289955168932065864241321 0 0 0 0 0 0 0 0 0 0 0 0 0 0 0 0 0 0 0 1 0 0 0 0 0 0 0 0 0 0]
[533282164825217884037133794042269397977956755203773797591976606830565208645070676030908818126 0 0 0 0 0 0 0 0 0 0 0 0 0 0 0 0 0 0 0 0 1 0 0 0 0 0 0 0 0 0]
[1337733762547602087326397475171869571167835636579089537119953039073656240253356351174969123427 0 0 0 0 0 0 0 0 0 0 0 0 0 0 0 0 0 0 0 0 0 1 0 0 0 0 0 0 0 0]
[1485620384727564595003185969031612808953787539806024934021573111723364264938993912169150863847 0 0 0 0 0 0 0 0 0 0 0 0 0 0 0 0 0 0 0 0 0 0 1 0 0 0 0 0 0 0]
[1894332386725962729670421667365694959201634508886335939575115078555656346935814615130301053357 0 0 0 0 0 0 0 0 0 0 0 0 0 0 0 0 0 0 0 0 0 0 0 1 0 0 0 0 0 0]
[1707004650761221254516900171357937055157627865043670465338073989751794151075302178277117682465 0 0 0 0 0 0 0 0 0 0 0 0 0 0 0 0 0 0 0 0 0 0 0 0 1 0 0 0 0 0]
[165477466254595073164187036957201390656294323800263178479513176708345036282242881087615269154 0 0 0 0 0 0 0 0 0 0 0 0 0 0 0 0 0 0 0 0 0 0 0 0 0 1 0 0 0 0]
[1726353022698113374200175103381390002706474060348238165810053230811230129474274534733341127843 0 0 0 0 0 0 0 0 0 0 0 0 0 0 0 0 0 0 0 0 0 0 0 0 0 0 1 0 0 0]
[92731474405344000456419492928539251185639818075522127789215048640509094039032558847128218210 0 0 0 0 0 0 0 0 0 0 0 0 0 0 0 0 0 0 0 0 0 0 0 0 0 0 0 1 0 0]
[419466151416926055071697091449063826063944496327425263331939712125715617888376303703233437277 0 0 0 0 0 0 0 0 0 0 0 0 0 0 0 0 0 0 0 0 0 0 0 0 0 0 0 0 1 0]
[652267551550920599236823973040506040671854706793989636050084954667842534202688969513462181887 0 0 0 0 0 0 0 0 0 0 0 0 0 0 0 0 0 0 0 0 0 0 0 0 0 0 0 0 0 1]
]
