[[2076952931911213628972402719689868424598122881116545913603222399857023190484174089154443319562297399145621 0 0 0 0 0 0 0 0 0 0 0 0 0 0 0 0 0 0 0 0 0 0 0 0 0 0 0 0 0 0 0 0 0 0]
[853751735954409338146577823013370632093036459849515787559964381989323972169604342060269681564931891021525 1 0 0 0 0 0 0 0 0 0 0 0 0 0 0 0 0 0 0 0 0 0 0 0 0 0 0 0 0 0 0 0 0 0]
[2021151940012385631672484041306503808725538232990197849549970421305620979443151744137661633230001067917502 0 1 0 0 0 0 0 0 0 0 0 0 0 0 0 0 0 0 0 0 0 0 0 0 0 0 0 0 0 0 0 0 0 0]
[1750116904630709278377334196563295384655876528167939814432577790276780180630773670445662397533834477745525 0 0 1 0 0 0 0 0 0 0 0 0 0 0 0 0 0 0 0 0 0 0 0 0 0 0 0 0 0 0 0 0 0 0]
[458388224204699603315768065331054861822296761545594131634024799799220402524857755411688081167498471608432 0 0 0 1 0 0 0 0 0 0 0 0 0 0 0 0 0 0 0 0 0 0 0 0 0 0 0 0 0 0 0 0 0 0]
[1614566425257915324742347295252519536540981412256126489540136305274038642292385386196802296343222949240530 0 0 0 0 1 0 0 0 0 0 0 0 0 0 0 0 0 0 0 0 0 0 0 0 0 0 0 0 0 0 0 0 0 0]
[1407818783056816192544121296800492451469482045448327780286203589210755129531826896324132863563881828835966 0 0 0 0 0 1 0 0 0 0 0 0 0 0 0 0 0 0 0 0 0 0 0 0 0 0 0 0 0 0 0 0 0 0]
[309894982369494332096572351020072814474194221336336368732127963184882315620885711916808057396243970726552 0 0 0 0 0 0 1 0 0 0 0 0 0 0 0 0 0 0 0 0 0 0 0 0 0 0 0 0 0 0 0 0 0 0]
[1853017247808609625881295588071889664059992334014125738631759378474518643524116584043639771273226849550238 0 0 0 0 0 0 0 1 0 0 0 0 0 0 0 0 0 0 0 0 0 0 0 0 0 0 0 0 0 0 0 0 0 0]
[561818742920412303040426808486867430671260218164859392114730046451052729662050920281797143806509685525428 0 0 0 0 0 0 0 0 1 0 0 0 0 0 0 0 0 0 0 0 0 0 0 0 0 0 0 0 0 0 0 0 0 0]
[1686418273995154869546689155834394988561584629913690999387850185524169077712804815590599356878978773562794 0 0 0 0 0 0 0 0 0 1 0 0 0 0 0 0 0 0 0 0 0 0 0 0 0 0 0 0 0 0 0 0 0 0]
[1358327398747572533817671769489734866414429432885261477991175043582995728744463912786212164208507655112654 0 0 0 0 0 0 0 0 0 0 1 0 0 0 0 0 0 0 0 0 0 0 0 0 0 0 0 0 0 0 0 0 0 0]
[1008043584053568159051042787711334040944756793262924602148177628029127549444245299025625010213016159438134 0 0 0 0 0 0 0 0 0 0 0 1 0 0 0 0 0 0 0 0 0 0 0 0 0 0 0 0 0 0 0 0 0 0]
[3166791058613297176469668823162402592229032001465882099636192249284180179365973237219276827966708040604 0 0 0 0 0 0 0 0 0 0 0 0 1 0 0 0 0 0 0 0 0 0 0 0 0 0 0 0 0 0 0 0 0 0]
[736679301837468363255963480019064063084852097584551445558971483654642553971761956137448509935656755403634 0 0 0 0 0 0 0 0 0 0 0 0 0 1 0 0 0 0 0 0 0 0 0 0 0 0 0 0 0 0 0 0 0 0]
[1338735306000997492786578543709189930255689140542126417285234582466766989448615518997780278943555077973869 0 0 0 0 0 0 0 0 0 0 0 0 0 0 1 0 0 0 0 0 0 0 0 0 0 0 0 0 0 0 0 0 0 0]
[1164258915302500980231986063198452840782788136606628557539363177549381054291382616275658744314753958252394 0 0 0 0 0 0 0 0 0 0 0 0 0 0 0 1 0 0 0 0 0 0 0 0 0 0 0 0 0 0 0 0 0 0]
[410041332305838408081049903634988443477907450922970045538253081694569660724590069083667537487463214292451 0 0 0 0 0 0 0 0 0 0 0 0 0 0 0 0 1 0 0 0 0 0 0 0 0 0 0 0 0 0 0 0 0 0]
[109477003911633158065158163011477937891616221269229182807684935488159849432445687100890017468737586158272 0 0 0 0 0 0 0 0 0 0 0 0 0 0 0 0 0 1 0 0 0 0 0 0 0 0 0 0 0 0 0 0 0 0]
[598230055105545239678171011412099422132064264995729005701301173361223386501982228022698269761241541283503 0 0 0 0 0 0 0 0 0 0 0 0 0 0 0 0 0 0 1 0 0 0 0 0 0 0 0 0 0 0 0 0 0 0]
[1039989881159017387674181445547519754300371002903824815142023266628030753520892356430094227638619444112619 0 0 0 0 0 0 0 0 0 0 0 0 0 0 0 0 0 0 0 1 0 0 0 0 0 0 0 0 0 0 0 0 0 0]
[3884876213010625834071075391735398904184361946688662325442509363466751365501822588728982722162027527287 0 0 0 0 0 0 0 0 0 0 0 0 0 0 0 0 0 0 0 0 1 0 0 0 0 0 0 0 0 0 0 0 0 0]
[904048176202884167915730528988043203706299555344730289256475280134988484059810765681305027581896367708378 0 0 0 0 0 0 0 0 0 0 0 0 0 0 0 0 0 0 0 0 0 1 0 0 0 0 0 0 0 0 0 0 0 0]
[955635865769807762418218966591483676838960930894464231442939249872592511974287826373910042465522927535164 0 0 0 0 0 0 0 0 0 0 0 0 0 0 0 0 0 0 0 0 0 0 1 0 0 0 0 0 0 0 0 0 0 0]
[111545118626768264702315383031211313893756781297886678804182019715726638998024843251646133576304084635378 0 0 0 0 0 0 0 0 0 0 0 0 0 0 0 0 0 0 0 0 0 0 0 1 0 0 0 0 0 0 0 0 0 0]
[747194753321522647702634204210696812249802796109567954847784870906803343594211306163148472595385494021752 0 0 0 0 0 0 0 0 0 0 0 0 0 0 0 0 0 0 0 0 0 0 0 0 1 0 0 0 0 0 0 0 0 0]
[1177710828774713342457152523951120257412837225450365372396254819917581165000996576970217437909648161587540 0 0 0 0 0 0 0 0 0 0 0 0 0 0 0 0 0 0 0 0 0 0 0 0 0 1 0 0 0 0 0 0 0 0]
[140987382372973628820100539002761258507463274010137131916535444680598654097255266490988076985225012972788 0 0 0 0 0 0 0 0 0 0 0 0 0 0 0 0 0 0 0 0 0 0 0 0 0 0 1 0 0 0 0 0 0 0]
[1113824889886900824581983074265886381690993698063361538170443982377724062433681138681097652440947651442405 0 0 0 0 0 0 0 0 0 0 0 0 0 0 0 0 0 0 0 0 0 0 0 0 0 0 0 1 0 0 0 0 0 0]
[1380900023885897493081784841032543504462740974472666047012298534452394897134232952388428344463839169146142 0 0 0 0 0 0 0 0 0 0 0 0 0 0 0 0 0 0 0 0 0 0 0 0 0 0 0 0 1 0 0 0 0 0]
[298016488073051265378563379717602914348438085144157874690009320364308897719903341252003309939371080658090 0 0 0 0 0 0 0 0 0 0 0 0 0 0 0 0 0 0 0 0 0 0 0 0 0 0 0 0 0 1 0 0 0 0]
[172625780711385421988912205978615154395629680573711771544639657709090091138818830640868379198175403443785 0 0 0 0 0 0 0 0 0 0 0 0 0 0 0 0 0 0 0 0 0 0 0 0 0 0 0 0 0 0 1 0 0 0]
[1102076771685928958963885228588793441775142582076616557995141213879297692956606492922646955713020537860159 0 0 0 0 0 0 0 0 0 0 0 0 0 0 0 0 0 0 0 0 0 0 0 0 0 0 0 0 0 0 0 1 0 0]
[789748836260774005966416234381122822147197418582526625025341142169976422897348780973468621398433969835105 0 0 0 0 0 0 0 0 0 0 0 0 0 0 0 0 0 0 0 0 0 0 0 0 0 0 0 0 0 0 0 0 1 0]
[586917055803258795796721164402234146118237217179960749549635151984404044353839209350186787418929209080689 0 0 0 0 0 0 0 0 0 0 0 0 0 0 0 0 0 0 0 0 0 0 0 0 0 0 0 0 0 0 0 0 0 1]
]
