[[1500420136918934677407549241516577945274984387315330389839011986627873788053819811658205204198834421763621413 0 0 0 0 0 0 0 0 0 0 0 0 0 0 0 0 0 0 0 0 0 0 0 0 0 0 0 0 0 0 0 0 0 0 0]
[762872574536310765772348569053007939091691088562743669305859098631821886084913036072461499999470506811331436 1 0 0 0 0 0 0 0 0 0 0 0 0 0 0 0 0 0 0 0 0 0 0 0 0 0 0 0 0 0 0 0 0 0 0]
[1215728994392078276813830989975478503760030852218341966375801094623380187532975135605157864146047597343259443 0 1 0 0 0 0 0 0 0 0 0 0 0 0 0 0 0 0 0 0 0 0 0 0 0 0 0 0 0 0 0 0 0 0 0]
[1128454393538442076965096098907214376976229688344821313338179062073347480091912785850205487793554661222900214 0 0 1 0 0 0 0 0 0 0 0 0 0 0 0 0 0 0 0 0 0 0 0 0 0 0 0 0 0 0 0 0 0 0 0]
[871490076725811308468093475913118845772039327355304756618159665040368264872203220441745897142334802011430127 0 0 0 1 0 0 0 0 0 0 0 0 0 0 0 0 0 0 0 0 0 0 0 0 0 0 0 0 0 0 0 0 0 0 0]
[1115049164302346296070543438455263836244389308483017538514097432198523714574845488456273031164676093364380197 0 0 0 0 1 0 0 0 0 0 0 0 0 0 0 0 0 0 0 0 0 0 0 0 0 0 0 0 0 0 0 0 0 0 0]
[1368779851101113494414253488345670754578060880575195208489947909456436513221452787122273219185954842251471690 0 0 0 0 0 1 0 0 0 0 0 0 0 0 0 0 0 0 0 0 0 0 0 0 0 0 0 0 0 0 0 0 0 0 0]
[48180887536727551534317202173874223608469096175654461518504508771989324455841918967333220012650719833046407 0 0 0 0 0 0 1 0 0 0 0 0 0 0 0 0 0 0 0 0 0 0 0 0 0 0 0 0 0 0 0 0 0 0 0]
[822055330845706275777481832579068138666687990892851319329300224620393547399682920146923614808333584997856545 0 0 0 0 0 0 0 1 0 0 0 0 0 0 0 0 0 0 0 0 0 0 0 0 0 0 0 0 0 0 0 0 0 0 0]
[266947555354517746222314493269357365673591952338135181103345547186379594697114178647755385416333068244810108 0 0 0 0 0 0 0 0 1 0 0 0 0 0 0 0 0 0 0 0 0 0 0 0 0 0 0 0 0 0 0 0 0 0 0]
[115731347024659254645371538648069993118434153960146762539562322881564328350621822679544838031714596585194657 0 0 0 0 0 0 0 0 0 1 0 0 0 0 0 0 0 0 0 0 0 0 0 0 0 0 0 0 0 0 0 0 0 0 0]
[522275404841009804258011017080503270083537566773280189123629758803739579320370247548990551571459224472447539 0 0 0 0 0 0 0 0 0 0 1 0 0 0 0 0 0 0 0 0 0 0 0 0 0 0 0 0 0 0 0 0 0 0 0]
[1128848681250117549381592856011483307245162179545388940941721094063509163955273531188383364635250187574046620 0 0 0 0 0 0 0 0 0 0 0 1 0 0 0 0 0 0 0 0 0 0 0 0 0 0 0 0 0 0 0 0 0 0 0]
[229709414642108762989270059930596167541480701792553562696593708918850050226605825342618434437258316888931390 0 0 0 0 0 0 0 0 0 0 0 0 1 0 0 0 0 0 0 0 0 0 0 0 0 0 0 0 0 0 0 0 0 0 0]
[382403487361985963134146144465222354415305001206649207327868877571032948672088248418045741435207716792240708 0 0 0 0 0 0 0 0 0 0 0 0 0 1 0 0 0 0 0 0 0 0 0 0 0 0 0 0 0 0 0 0 0 0 0]
[1184310578435991633172991690054718290746641082832289226112026749423739825064303444909649481371231945889437473 0 0 0 0 0 0 0 0 0 0 0 0 0 0 1 0 0 0 0 0 0 0 0 0 0 0 0 0 0 0 0 0 0 0 0]
[154873337347491145201675609434116532782159341828180356670285752245279346422851067201630087329682608779238095 0 0 0 0 0 0 0 0 0 0 0 0 0 0 0 1 0 0 0 0 0 0 0 0 0 0 0 0 0 0 0 0 0 0 0]
[599719202051969294249797085207378705327342041888507666500120778762848086239831136021904109273713512477687892 0 0 0 0 0 0 0 0 0 0 0 0 0 0 0 0 1 0 0 0 0 0 0 0 0 0 0 0 0 0 0 0 0 0 0]
[1429813062464578574950952937252497908906093784463616762178549990023321600196376672686898683480197020813004892 0 0 0 0 0 0 0 0 0 0 0 0 0 0 0 0 0 1 0 0 0 0 0 0 0 0 0 0 0 0 0 0 0 0 0]
[102313109703357461649694708783107396576461240730220033474088075802635068133323104146305432997147503024725171 0 0 0 0 0 0 0 0 0 0 0 0 0 0 0 0 0 0 1 0 0 0 0 0 0 0 0 0 0 0 0 0 0 0 0]
[676064820808854285270616175028401810115026271738734877354248451261809986781212981186933387328486393854130000 0 0 0 0 0 0 0 0 0 0 0 0 0 0 0 0 0 0 0 1 0 0 0 0 0 0 0 0 0 0 0 0 0 0 0]
[860116613427356255633264481939595325067325907892554752164015569912831955884153400951366394174791548637710431 0 0 0 0 0 0 0 0 0 0 0 0 0 0 0 0 0 0 0 0 1 0 0 0 0 0 0 0 0 0 0 0 0 0 0]
[1296479680916666636492668353456119964407744754032660799827085190473248353890879801304540987935690933334142765 0 0 0 0 0 0 0 0 0 0 0 0 0 0 0 0 0 0 0 0 0 1 0 0 0 0 0 0 0 0 0 0 0 0 0]
[123121065486172357611388626758092261944579439121126062576542830045966474792578619000270836593185042888065180 0 0 0 0 0 0 0 0 0 0 0 0 0 0 0 0 0 0 0 0 0 0 1 0 0 0 0 0 0 0 0 0 0 0 0]
[901420208660204320723318435638397080720706101869983830174197862687063581555225815529485454310742403566361514 0 0 0 0 0 0 0 0 0 0 0 0 0 0 0 0 0 0 0 0 0 0 0 1 0 0 0 0 0 0 0 0 0 0 0]
[1490675170868950008750506786543351027270618312599397084193663798238322787721520404986645395380350632700772922 0 0 0 0 0 0 0 0 0 0 0 0 0 0 0 0 0 0 0 0 0 0 0 0 1 0 0 0 0 0 0 0 0 0 0]
[285515410571461413208767430453387974675430906937515222675483665594567723632902862172261710013510662535089127 0 0 0 0 0 0 0 0 0 0 0 0 0 0 0 0 0 0 0 0 0 0 0 0 0 1 0 0 0 0 0 0 0 0 0]
[1304547262480646402355289189685685417572896941298092934701674241467365516450406335479301664970430265855279582 0 0 0 0 0 0 0 0 0 0 0 0 0 0 0 0 0 0 0 0 0 0 0 0 0 0 1 0 0 0 0 0 0 0 0]
[126903635913977403822197363463958808359131857553923470979597133288135498801482349798792607632256295768802911 0 0 0 0 0 0 0 0 0 0 0 0 0 0 0 0 0 0 0 0 0 0 0 0 0 0 0 1 0 0 0 0 0 0 0]
[890466076482568912129163175612920088079405726438450498895240006912995783933997614485644328801637766298825791 0 0 0 0 0 0 0 0 0 0 0 0 0 0 0 0 0 0 0 0 0 0 0 0 0 0 0 0 1 0 0 0 0 0 0]
[1376478238287865501311071092614849678661565018607429729342218302336531347662894616868131592616425141707420012 0 0 0 0 0 0 0 0 0 0 0 0 0 0 0 0 0 0 0 0 0 0 0 0 0 0 0 0 0 1 0 0 0 0 0]
[712516166074446869939117208416077984809739805443815060623898586004508543082140007956287307809091847397174008 0 0 0 0 0 0 0 0 0 0 0 0 0 0 0 0 0 0 0 0 0 0 0 0 0 0 0 0 0 0 1 0 0 0 0]
[1231017921431019004957673448794502054194435285962538254089135625243719939289306066036928592006287646493628032 0 0 0 0 0 0 0 0 0 0 0 0 0 0 0 0 0 0 0 0 0 0 0 0 0 0 0 0 0 0 0 1 0 0 0]
[28673151074434892866204130403225977379761137398945352749010522183973380604752058814111486226180413954985764 0 0 0 0 0 0 0 0 0 0 0 0 0 0 0 0 0 0 0 0 0 0 0 0 0 0 0 0 0 0 0 0 1 0 0]
[447619793485974457318303312200410778264131695607284333657805470526261897390199959200896225983737740408562230 0 0 0 0 0 0 0 0 0 0 0 0 0 0 0 0 0 0 0 0 0 0 0 0 0 0 0 0 0 0 0 0 0 1 0]
[244617027963663341179746625906146710244961804084171230610305419855972977199311353912336179367799134457991460 0 0 0 0 0 0 0 0 0 0 0 0 0 0 0 0 0 0 0 0 0 0 0 0 0 0 0 0 0 0 0 0 0 0 1]
]
