[[1300747346486474548816610198588112469107252070813529886340346579008947827541104083182371968497773562611 0 0 0 0 0 0 0 0 0 0 0 0 0 0 0 0 0 0 0 0 0 0 0 0 0 0 0 0 0 0 0 0 0]
[1191936046745178963338455223515002270518852067740323180509207766875272878347485778239390480554528996714 1 0 0 0 0 0 0 0 0 0 0 0 0 0 0 0 0 0 0 0 0 0 0 0 0 0 0 0 0 0 0 0 0]
[530737265309750488742871434037239658044381890212783879413643618881973707581169360902795429694627497944 0 1 0 0 0 0 0 0 0 0 0 0 0 0 0 0 0 0 0 0 0 0 0 0 0 0 0 0 0 0 0 0 0]
[664866706775219670524060085107264457686051372598850818359729977564122940372305175846978006185993088595 0 0 1 0 0 0 0 0 0 0 0 0 0 0 0 0 0 0 0 0 0 0 0 0 0 0 0 0 0 0 0 0 0]
[149215371957674760398021729221154712852087155151099774767127286993357783183078467971310372272397785598 0 0 0 1 0 0 0 0 0 0 0 0 0 0 0 0 0 0 0 0 0 0 0 0 0 0 0 0 0 0 0 0 0]
[333119442252280376719464454235658448030757132256223941557217988853934272986328320325686126373530008207 0 0 0 0 1 0 0 0 0 0 0 0 0 0 0 0 0 0 0 0 0 0 0 0 0 0 0 0 0 0 0 0 0]
[1136791969334510171570694538676717476031117118334437101218470509464524430662728578628680072237671116188 0 0 0 0 0 1 0 0 0 0 0 0 0 0 0 0 0 0 0 0 0 0 0 0 0 0 0 0 0 0 0 0 0]
[580163607313452497150072670100423101446928220756837474119194884361719398997956224958874924357668004268 0 0 0 0 0 0 1 0 0 0 0 0 0 0 0 0 0 0 0 0 0 0 0 0 0 0 0 0 0 0 0 0 0]
[848255636610188784001034298663027772420511297838254802328360103153340399484744892464545089086879459975 0 0 0 0 0 0 0 1 0 0 0 0 0 0 0 0 0 0 0 0 0 0 0 0 0 0 0 0 0 0 0 0 0]
[520534215331750997360022104230987667492985627428284118629844451723150949910406505383327680983237129483 0 0 0 0 0 0 0 0 1 0 0 0 0 0 0 0 0 0 0 0 0 0 0 0 0 0 0 0 0 0 0 0 0]
[1239150142603348103972145023732955795995872449794279653063928744380576038749292560627782888852808556124 0 0 0 0 0 0 0 0 0 1 0 0 0 0 0 0 0 0 0 0 0 0 0 0 0 0 0 0 0 0 0 0 0]
[823369463045231993927563694052110650040759143787655792521967465798144106733495590177679672715935915630 0 0 0 0 0 0 0 0 0 0 1 0 0 0 0 0 0 0 0 0 0 0 0 0 0 0 0 0 0 0 0 0 0]
[975938971925743054186468000406817818140732477728678027592956285388426807317090172962064110742019905123 0 0 0 0 0 0 0 0 0 0 0 1 0 0 0 0 0 0 0 0 0 0 0 0 0 0 0 0 0 0 0 0 0]
[928383812960933582100819376556671892389783493874084418232861308252261896618181849665139482103895687085 0 0 0 0 0 0 0 0 0 0 0 0 1 0 0 0 0 0 0 0 0 0 0 0 0 0 0 0 0 0 0 0 0]
[161470669266244729521413143032564106875391596716459932058647523652673444273109608188439499288450924590 0 0 0 0 0 0 0 0 0 0 0 0 0 1 0 0 0 0 0 0 0 0 0 0 0 0 0 0 0 0 0 0 0]
[204946965377831177451551414320726895280854416471608691116547961489663727493251155051227556472029644970 0 0 0 0 0 0 0 0 0 0 0 0 0 0 1 0 0 0 0 0 0 0 0 0 0 0 0 0 0 0 0 0 0]
[331543518501082355258839916209201406225602001306133847334974828209116859900055961008698813235020364036 0 0 0 0 0 0 0 0 0 0 0 0 0 0 0 1 0 0 0 0 0 0 0 0 0 0 0 0 0 0 0 0 0]
[958032926567851299824776433834758715483598540291581721483509848372722799089025819594291722599696271797 0 0 0 0 0 0 0 0 0 0 0 0 0 0 0 0 1 0 0 0 0 0 0 0 0 0 0 0 0 0 0 0 0]
[626598108151508026064639282663655440048949019663405121548018204067197711028443229248712293639046510413 0 0 0 0 0 0 0 0 0 0 0 0 0 0 0 0 0 1 0 0 0 0 0 0 0 0 0 0 0 0 0 0 0]
[1006964339407161544296881115013574927368012453683287664200789818182731905433432026061298009513520451161 0 0 0 0 0 0 0 0 0 0 0 0 0 0 0 0 0 0 1 0 0 0 0 0 0 0 0 0 0 0 0 0 0]
[941331632362947291928861872312372334623604511393724538958028107957424458092413553535759149392372877403 0 0 0 0 0 0 0 0 0 0 0 0 0 0 0 0 0 0 0 1 0 0 0 0 0 0 0 0 0 0 0 0 0]
[45284966128794677548068299075770982583492359935841637830790432195069465441916812239123700176752690291 0 0 0 0 0 0 0 0 0 0 0 0 0 0 0 0 0 0 0 0 1 0 0 0 0 0 0 0 0 0 0 0 0]
[1102428751279871905124104690595898320365785039421373827344239886617614451492791248244387650982302816997 0 0 0 0 0 0 0 0 0 0 0 0 0 0 0 0 0 0 0 0 0 1 0 0 0 0 0 0 0 0 0 0 0]
[970225270409175344108686890977153076584855602241519455593749344598918153535644293136538243653308410141 0 0 0 0 0 0 0 0 0 0 0 0 0 0 0 0 0 0 0 0 0 0 1 0 0 0 0 0 0 0 0 0 0]
[82922244873625395090227213386758537737722733930160720539512566883557952821264194199637027035755019781 0 0 0 0 0 0 0 0 0 0 0 0 0 0 0 0 0 0 0 0 0 0 0 1 0 0 0 0 0 0 0 0 0]
[310395378022848669432359287969139042281592209051813234893292852193208890616755360631228922435925159394 0 0 0 0 0 0 0 0 0 0 0 0 0 0 0 0 0 0 0 0 0 0 0 0 1 0 0 0 0 0 0 0 0]
[105951920936778237141914648121568538913223357486832666290620365065390528571966986530650053255901880635 0 0 0 0 0 0 0 0 0 0 0 0 0 0 0 0 0 0 0 0 0 0 0 0 0 1 0 0 0 0 0 0 0]
[691836122334274975192838688747498030103357036539443988992208565311145887021161737417109697423892860848 0 0 0 0 0 0 0 0 0 0 0 0 0 0 0 0 0 0 0 0 0 0 0 0 0 0 1 0 0 0 0 0 0]
[770228720422902902133087410256561295728254493428237777213525622238525070001585812222053920561786379206 0 0 0 0 0 0 0 0 0 0 0 0 0 0 0 0 0 0 0 0 0 0 0 0 0 0 0 1 0 0 0 0 0]
[141707507305001189289825285733829643491029815973942847009806182673132056903536230075102119845811307422 0 0 0 0 0 0 0 0 0 0 0 0 0 0 0 0 0 0 0 0 0 0 0 0 0 0 0 0 1 0 0 0 0]
[887980858091255102887022912560648969011068074549701279651506509603789885492068053389769228109510464767 0 0 0 0 0 0 0 0 0 0 0 0 0 0 0 0 0 0 0 0 0 0 0 0 0 0 0 0 0 1 0 0 0]
[71655693842637122670928848735836593289074418010221390489480167609828603332657742823753840924878900537 0 0 0 0 0 0 0 0 0 0 0 0 0 0 0 0 0 0 0 0 0 0 0 0 0 0 0 0 0 0 1 0 0]
[219548285186662242556573529381260618346287416818122335551422769772203384546772848572907662601588489592 0 0 0 0 0 0 0 0 0 0 0 0 0 0 0 0 0 0 0 0 0 0 0 0 0 0 0 0 0 0 0 1 0]
[583475717743317904076753628286007657300011975943597623724905055453208530293130275018481431510943707950 0 0 0 0 0 0 0 0 0 0 0 0 0 0 0 0 0 0 0 0 0 0 0 0 0 0 0 0 0 0 0 0 1]
]
