[[1951602353508712203135205245883739406492752379581819115985307242572781127553708369401790556159582839309079835430661 0 0 0 0 0 0 0 0 0 0 0 0 0 0 0 0 0 0 0 0 0 0 0 0 0 0 0 0 0 0 0 0 0 0 0 0 0]
[477079876445426040273525017962341395924391793491649141890795028260642811673567922169995951133615482984237528132270 1 0 0 0 0 0 0 0 0 0 0 0 0 0 0 0 0 0 0 0 0 0 0 0 0 0 0 0 0 0 0 0 0 0 0 0 0]
[374906304094460065418677415777182397594859428621145109540522438457749753120883844796389700619904474331281698972701 0 1 0 0 0 0 0 0 0 0 0 0 0 0 0 0 0 0 0 0 0 0 0 0 0 0 0 0 0 0 0 0 0 0 0 0 0]
[130411511323084719471958806065829832337895036955393164888627903876203483528128971325006781070469020026599746666404 0 0 1 0 0 0 0 0 0 0 0 0 0 0 0 0 0 0 0 0 0 0 0 0 0 0 0 0 0 0 0 0 0 0 0 0 0]
[1145773479681412561885820341525586910222677793402963010129138608137375180118096795552235469993833365500374958581223 0 0 0 1 0 0 0 0 0 0 0 0 0 0 0 0 0 0 0 0 0 0 0 0 0 0 0 0 0 0 0 0 0 0 0 0 0]
[867294425115307263044006676572106270241193316605835342269400286959196960960844510451858210783491252785678222677940 0 0 0 0 1 0 0 0 0 0 0 0 0 0 0 0 0 0 0 0 0 0 0 0 0 0 0 0 0 0 0 0 0 0 0 0 0]
[104788104747463904492170113327937810027866206886832414054548767142859622763604780352156641236743324263189116050412 0 0 0 0 0 1 0 0 0 0 0 0 0 0 0 0 0 0 0 0 0 0 0 0 0 0 0 0 0 0 0 0 0 0 0 0 0]
[183739370377669787543003064729395934490348237555077313968631021578964176517625413827810429591552327919807041570112 0 0 0 0 0 0 1 0 0 0 0 0 0 0 0 0 0 0 0 0 0 0 0 0 0 0 0 0 0 0 0 0 0 0 0 0 0]
[207491626178034034376793805705341737901561832429890023153467429431181633821117213810280055084188122348110564853941 0 0 0 0 0 0 0 1 0 0 0 0 0 0 0 0 0 0 0 0 0 0 0 0 0 0 0 0 0 0 0 0 0 0 0 0 0]
[1460379598322436438255267793532695363188027704055424919849510825245731813781906985866493991698761324745031984891710 0 0 0 0 0 0 0 0 1 0 0 0 0 0 0 0 0 0 0 0 0 0 0 0 0 0 0 0 0 0 0 0 0 0 0 0 0]
[179920167644096627818159977802106439272639414050677969034854352948076612263083843112305062364800882551243307666474 0 0 0 0 0 0 0 0 0 1 0 0 0 0 0 0 0 0 0 0 0 0 0 0 0 0 0 0 0 0 0 0 0 0 0 0 0]
[1878711551319313312247606170877504977776828620153500832830638210113230892714892888495940796496596283990709754569995 0 0 0 0 0 0 0 0 0 0 1 0 0 0 0 0 0 0 0 0 0 0 0 0 0 0 0 0 0 0 0 0 0 0 0 0 0]
[1626049361676762005370295607574576124600333176798803318233916056044376576643580954040423041832851895820942411754472 0 0 0 0 0 0 0 0 0 0 0 1 0 0 0 0 0 0 0 0 0 0 0 0 0 0 0 0 0 0 0 0 0 0 0 0 0]
[1814501515339003338939431193342865032104507194187218238686909668583581194468386327354950515850690544661822155943845 0 0 0 0 0 0 0 0 0 0 0 0 1 0 0 0 0 0 0 0 0 0 0 0 0 0 0 0 0 0 0 0 0 0 0 0 0]
[1611052924120502659410251151447770539953252822266783932112873317307336340387243952754696135202156972123967176614728 0 0 0 0 0 0 0 0 0 0 0 0 0 1 0 0 0 0 0 0 0 0 0 0 0 0 0 0 0 0 0 0 0 0 0 0 0]
[1212654508253842270708454880520165320537540813027687641787019236354760455418139283486037356135230520829617821465999 0 0 0 0 0 0 0 0 0 0 0 0 0 0 1 0 0 0 0 0 0 0 0 0 0 0 0 0 0 0 0 0 0 0 0 0 0]
[231746390884483777063322994508747749916708122894900168588271847490842164609819138689781918998702275268496355469261 0 0 0 0 0 0 0 0 0 0 0 0 0 0 0 1 0 0 0 0 0 0 0 0 0 0 0 0 0 0 0 0 0 0 0 0 0]
[1770220761766615813324525242797260857375150021588323634854713413450180671708343468839510377689583846918186693178121 0 0 0 0 0 0 0 0 0 0 0 0 0 0 0 0 1 0 0 0 0 0 0 0 0 0 0 0 0 0 0 0 0 0 0 0 0]
[543870631049285476094386523904743260484926430647646795544795562971569772702562082630406941899518677909911404888028 0 0 0 0 0 0 0 0 0 0 0 0 0 0 0 0 0 1 0 0 0 0 0 0 0 0 0 0 0 0 0 0 0 0 0 0 0]
[661011414104540251010355110564220701303671000814623978042290769902018933511372648445050278459751001460013862086573 0 0 0 0 0 0 0 0 0 0 0 0 0 0 0 0 0 0 1 0 0 0 0 0 0 0 0 0 0 0 0 0 0 0 0 0 0]
[365362646926408590660739848798071915498347582907738176382023484373023525696229070834634783704213887417534767403154 0 0 0 0 0 0 0 0 0 0 0 0 0 0 0 0 0 0 0 1 0 0 0 0 0 0 0 0 0 0 0 0 0 0 0 0 0]
[327762658564908238236075875102339342098918967067501735139574664513477729645851000468480999157466576281217360991249 0 0 0 0 0 0 0 0 0 0 0 0 0 0 0 0 0 0 0 0 1 0 0 0 0 0 0 0 0 0 0 0 0 0 0 0 0]
[1444519230175141017291653228516697737829619924878901462366868369215113122481819532988484098106899783752121670523044 0 0 0 0 0 0 0 0 0 0 0 0 0 0 0 0 0 0 0 0 0 1 0 0 0 0 0 0 0 0 0 0 0 0 0 0 0]
[1342775977459358440392374304964924440351411902927057598087245857733073776527751496210077082512488526818653018569136 0 0 0 0 0 0 0 0 0 0 0 0 0 0 0 0 0 0 0 0 0 0 1 0 0 0 0 0 0 0 0 0 0 0 0 0 0]
[1474624615937703738619252570815719037377350914699070760946434988962908615968611574796423805792649471502677075206781 0 0 0 0 0 0 0 0 0 0 0 0 0 0 0 0 0 0 0 0 0 0 0 1 0 0 0 0 0 0 0 0 0 0 0 0 0]
[1376988596429886448978227449400363009002826262247543226177332905732413363310154199495148598685466330313550381129720 0 0 0 0 0 0 0 0 0 0 0 0 0 0 0 0 0 0 0 0 0 0 0 0 1 0 0 0 0 0 0 0 0 0 0 0 0]
[164635997348244274738175949485848158674563124478024381571703214247497646214405904929811242763072053657861747543603 0 0 0 0 0 0 0 0 0 0 0 0 0 0 0 0 0 0 0 0 0 0 0 0 0 1 0 0 0 0 0 0 0 0 0 0 0]
[1504463236356689022622340160910030798315314357980068239889724557817700606645631040176031847948113984472013038787991 0 0 0 0 0 0 0 0 0 0 0 0 0 0 0 0 0 0 0 0 0 0 0 0 0 0 1 0 0 0 0 0 0 0 0 0 0]
[1800952075200787714827356954890535808156325857836439371364556409978080597809147796299382286191762577638223636028179 0 0 0 0 0 0 0 0 0 0 0 0 0 0 0 0 0 0 0 0 0 0 0 0 0 0 0 1 0 0 0 0 0 0 0 0 0]
[784787625198215993092053933212882852817273978965553140237686859396981950870553597722930204294716167091084549966704 0 0 0 0 0 0 0 0 0 0 0 0 0 0 0 0 0 0 0 0 0 0 0 0 0 0 0 0 1 0 0 0 0 0 0 0 0]
[885906078454937014113072143061099353835258407941703908016813019171476291616540213881185164003680321929840247977972 0 0 0 0 0 0 0 0 0 0 0 0 0 0 0 0 0 0 0 0 0 0 0 0 0 0 0 0 0 1 0 0 0 0 0 0 0]
[1028912027219296686014495195504524321968082936934927872773985767532249899376853759422085598700259039144603425974613 0 0 0 0 0 0 0 0 0 0 0 0 0 0 0 0 0 0 0 0 0 0 0 0 0 0 0 0 0 0 1 0 0 0 0 0 0]
[793621680363382112786495953475773548267350985892502872771780331090350955179222448911898676286366634317354701710998 0 0 0 0 0 0 0 0 0 0 0 0 0 0 0 0 0 0 0 0 0 0 0 0 0 0 0 0 0 0 0 1 0 0 0 0 0]
[1139565220842613583015673010259682632137203220975083467779045816171005277217635660654484394357860517391845385836978 0 0 0 0 0 0 0 0 0 0 0 0 0 0 0 0 0 0 0 0 0 0 0 0 0 0 0 0 0 0 0 0 1 0 0 0 0]
[366876809288899351417469904371559084457979015181632115781606253167956527958550839262529588132933189946270398531240 0 0 0 0 0 0 0 0 0 0 0 0 0 0 0 0 0 0 0 0 0 0 0 0 0 0 0 0 0 0 0 0 0 1 0 0 0]
[362591332831472826194215544413531922018175192219315320964196446160859534613403806278059872268552498761820850484144 0 0 0 0 0 0 0 0 0 0 0 0 0 0 0 0 0 0 0 0 0 0 0 0 0 0 0 0 0 0 0 0 0 0 1 0 0]
[255178941460284273527681404393017388765869762802191458171299397030591541557672549795851511773221484272486616212744 0 0 0 0 0 0 0 0 0 0 0 0 0 0 0 0 0 0 0 0 0 0 0 0 0 0 0 0 0 0 0 0 0 0 0 1 0]
[1400170095325890202358796711984679287445385275117450921830705409919972410610068237795645566584795987078455907505130 0 0 0 0 0 0 0 0 0 0 0 0 0 0 0 0 0 0 0 0 0 0 0 0 0 0 0 0 0 0 0 0 0 0 0 0 1]
]
