[[1959654787079587893116247280741530953949272105264969713989456284884066648870837583668338542190673805238623 0 0 0 0 0 0 0 0 0 0 0 0 0 0 0 0 0 0 0 0 0 0 0 0 0 0 0 0 0 0 0 0 0 0]
[1779003404919433098231200421966646608499439794786102221219795606741385767348784026950584877676792230753867 1 0 0 0 0 0 0 0 0 0 0 0 0 0 0 0 0 0 0 0 0 0 0 0 0 0 0 0 0 0 0 0 0 0]
[527347235369188990897370235790828757095938049151165592314401695923275524708942723652483696550924372556913 0 1 0 0 0 0 0 0 0 0 0 0 0 0 0 0 0 0 0 0 0 0 0 0 0 0 0 0 0 0 0 0 0 0]
[806487650512423236387852880689231447703790601880224146694193414401145134421747942267758733928499674872495 0 0 1 0 0 0 0 0 0 0 0 0 0 0 0 0 0 0 0 0 0 0 0 0 0 0 0 0 0 0 0 0 0 0]
[1159944555750681058634411192538083271648705542240914161329284042816381359696115200933807587486472879049616 0 0 0 1 0 0 0 0 0 0 0 0 0 0 0 0 0 0 0 0 0 0 0 0 0 0 0 0 0 0 0 0 0 0]
[348801594435500827525672346536070307483357072372789909256800080951350296266667244368514307748285556227540 0 0 0 0 1 0 0 0 0 0 0 0 0 0 0 0 0 0 0 0 0 0 0 0 0 0 0 0 0 0 0 0 0 0]
[1931204433657582828820724213352385518984965789503053546910458425589623749032221133353260693369905350377930 0 0 0 0 0 1 0 0 0 0 0 0 0 0 0 0 0 0 0 0 0 0 0 0 0 0 0 0 0 0 0 0 0 0]
[1228488328405068836420814263200111397864172180494037326191852569051172174822177077800591092423972627820932 0 0 0 0 0 0 1 0 0 0 0 0 0 0 0 0 0 0 0 0 0 0 0 0 0 0 0 0 0 0 0 0 0 0]
[1776576318844864945224316710285928916104845622223858206190234712532873478659730506064158298094069787703733 0 0 0 0 0 0 0 1 0 0 0 0 0 0 0 0 0 0 0 0 0 0 0 0 0 0 0 0 0 0 0 0 0 0]
[648941514888280867633211836294930103066590145319318607639145846538815984329762131122745075375001210486261 0 0 0 0 0 0 0 0 1 0 0 0 0 0 0 0 0 0 0 0 0 0 0 0 0 0 0 0 0 0 0 0 0 0]
[422250759156849030422607164271922388583093149510050151338787528721238053444026611853025042078486939203256 0 0 0 0 0 0 0 0 0 1 0 0 0 0 0 0 0 0 0 0 0 0 0 0 0 0 0 0 0 0 0 0 0 0]
[1428335767206143779266675941252680882592717713392973930411839589794276507982473169784915954990423433447723 0 0 0 0 0 0 0 0 0 0 1 0 0 0 0 0 0 0 0 0 0 0 0 0 0 0 0 0 0 0 0 0 0 0]
[569831868993090005071339231440102506298822779878507365041567517667778983412069752263858735342152939437131 0 0 0 0 0 0 0 0 0 0 0 1 0 0 0 0 0 0 0 0 0 0 0 0 0 0 0 0 0 0 0 0 0 0]
[1614145078379126991071735402181260648620824014956909037680238128759879753079064632041929294092874475965435 0 0 0 0 0 0 0 0 0 0 0 0 1 0 0 0 0 0 0 0 0 0 0 0 0 0 0 0 0 0 0 0 0 0]
[1634843235393649251554852367388167849969200008149067246795956421044489174009236539713338193504539575659869 0 0 0 0 0 0 0 0 0 0 0 0 0 1 0 0 0 0 0 0 0 0 0 0 0 0 0 0 0 0 0 0 0 0]
[240160888004392727939306096171786135721262677221442602823733576187520784439821321512180580314699769883033 0 0 0 0 0 0 0 0 0 0 0 0 0 0 1 0 0 0 0 0 0 0 0 0 0 0 0 0 0 0 0 0 0 0]
[724710890030464016652696278497045983847502379617513515878845720203042994476220408055328871670971753747644 0 0 0 0 0 0 0 0 0 0 0 0 0 0 0 1 0 0 0 0 0 0 0 0 0 0 0 0 0 0 0 0 0 0]
[1763611155161269427233727140842531352341216131278077950546135207280342487057583269280504063291121528367137 0 0 0 0 0 0 0 0 0 0 0 0 0 0 0 0 1 0 0 0 0 0 0 0 0 0 0 0 0 0 0 0 0 0]
[107994839622053259152769186448465806440196091769096563930339879897256361176885651942081869414861898672073 0 0 0 0 0 0 0 0 0 0 0 0 0 0 0 0 0 1 0 0 0 0 0 0 0 0 0 0 0 0 0 0 0 0]
[468622430321916033542398317210617467287810740303203184375831449467552695393249698996180929740420910307488 0 0 0 0 0 0 0 0 0 0 0 0 0 0 0 0 0 0 1 0 0 0 0 0 0 0 0 0 0 0 0 0 0 0]
[793458735692316110658516625146998971111945231735785189189599908193668291156383038079269798618181059118370 0 0 0 0 0 0 0 0 0 0 0 0 0 0 0 0 0 0 0 1 0 0 0 0 0 0 0 0 0 0 0 0 0 0]
[531873201435521124178787685189015001240213220954275692456348336594416513846711428673426993060216327412522 0 0 0 0 0 0 0 0 0 0 0 0 0 0 0 0 0 0 0 0 1 0 0 0 0 0 0 0 0 0 0 0 0 0]
[1633755624868063899943133078330814718465252864930477720149296024839780746667397195969783274640087809129719 0 0 0 0 0 0 0 0 0 0 0 0 0 0 0 0 0 0 0 0 0 1 0 0 0 0 0 0 0 0 0 0 0 0]
[1123825277093144507518116516082580244837042360564859395467325962558601670418643129633436904532475795169181 0 0 0 0 0 0 0 0 0 0 0 0 0 0 0 0 0 0 0 0 0 0 1 0 0 0 0 0 0 0 0 0 0 0]
[1221607076635788700517517298065132416896495404654611410980904320593031936654107112394880937140613428415534 0 0 0 0 0 0 0 0 0 0 0 0 0 0 0 0 0 0 0 0 0 0 0 1 0 0 0 0 0 0 0 0 0 0]
[894158437319247389417117733229971252144564225387408904542933635448153781878029623704642774985936849461669 0 0 0 0 0 0 0 0 0 0 0 0 0 0 0 0 0 0 0 0 0 0 0 0 1 0 0 0 0 0 0 0 0 0]
[1549010830082891660971875869508338659969989927455808750560273878244181858029061630609576552661629895035074 0 0 0 0 0 0 0 0 0 0 0 0 0 0 0 0 0 0 0 0 0 0 0 0 0 1 0 0 0 0 0 0 0 0]
[1482712047181278948308760902579487000382075312072230562333984026228031197607317910657362900059009919091219 0 0 0 0 0 0 0 0 0 0 0 0 0 0 0 0 0 0 0 0 0 0 0 0 0 0 1 0 0 0 0 0 0 0]
[1100624544606684484909026378885732004327342642513076172331034523307694068870331502033602257603855850431680 0 0 0 0 0 0 0 0 0 0 0 0 0 0 0 0 0 0 0 0 0 0 0 0 0 0 0 1 0 0 0 0 0 0]
[193240411773350019563161895358685799560727623615423081178152756001520685506436414904291430444978982321186 0 0 0 0 0 0 0 0 0 0 0 0 0 0 0 0 0 0 0 0 0 0 0 0 0 0 0 0 1 0 0 0 0 0]
[1359939680360014502044358578710234052671572075053596558451357227658158187508906263214640200044443097792042 0 0 0 0 0 0 0 0 0 0 0 0 0 0 0 0 0 0 0 0 0 0 0 0 0 0 0 0 0 1 0 0 0 0]
[486382107206978393758587486135075302428545923499633528875154161218372604722036558646292125448943679512613 0 0 0 0 0 0 0 0 0 0 0 0 0 0 0 0 0 0 0 0 0 0 0 0 0 0 0 0 0 0 1 0 0 0]
[319992834057413446010680997816964670283547492992457694409631986649365663138262693241655066448296213855504 0 0 0 0 0 0 0 0 0 0 0 0 0 0 0 0 0 0 0 0 0 0 0 0 0 0 0 0 0 0 0 1 0 0]
[384537268087560951269122337048767808669376624356374947288827583868177007908612675524876695038706675827851 0 0 0 0 0 0 0 0 0 0 0 0 0 0 0 0 0 0 0 0 0 0 0 0 0 0 0 0 0 0 0 0 1 0]
[1603184170961820078022234727504259813591439194417243341423038856056701765122051067835049853937696933378221 0 0 0 0 0 0 0 0 0 0 0 0 0 0 0 0 0 0 0 0 0 0 0 0 0 0 0 0 0 0 0 0 0 1]
]
