[[2056800627050752649093784704333326688676867150779748811023317824654461662898379873449463662623694560297 0 0 0 0 0 0 0 0 0 0 0 0 0 0 0 0 0 0 0 0 0 0 0 0 0 0 0 0 0 0 0 0 0]
[1447917410819141390128598190350541130777348785680279621926164773683816391526720519634821875689299946254 1 0 0 0 0 0 0 0 0 0 0 0 0 0 0 0 0 0 0 0 0 0 0 0 0 0 0 0 0 0 0 0 0]
[119552004350055985593832046608125823908820091135017011342640900782430447470125671039506127066027019491 0 1 0 0 0 0 0 0 0 0 0 0 0 0 0 0 0 0 0 0 0 0 0 0 0 0 0 0 0 0 0 0 0]
[205674829915058618349250074521699214937481378307783624328506238334131130985870543935464228175612802995 0 0 1 0 0 0 0 0 0 0 0 0 0 0 0 0 0 0 0 0 0 0 0 0 0 0 0 0 0 0 0 0 0]
[926538621625094390648912770935382866668607793419225643561219222846147186563757956939619113556153456791 0 0 0 1 0 0 0 0 0 0 0 0 0 0 0 0 0 0 0 0 0 0 0 0 0 0 0 0 0 0 0 0 0]
[851816364248246851613502753525436875584012136090064431278358443018441013759756389851574155812465194959 0 0 0 0 1 0 0 0 0 0 0 0 0 0 0 0 0 0 0 0 0 0 0 0 0 0 0 0 0 0 0 0 0]
[851381620359549236326655591971245333836779219674771191119552386817654259227285249723896569132447016312 0 0 0 0 0 1 0 0 0 0 0 0 0 0 0 0 0 0 0 0 0 0 0 0 0 0 0 0 0 0 0 0 0]
[220317896138435807744839923250664474413325724427680377511334280064311705820712465896049931073005458770 0 0 0 0 0 0 1 0 0 0 0 0 0 0 0 0 0 0 0 0 0 0 0 0 0 0 0 0 0 0 0 0 0]
[1710790540249671465289859634852794515297274802501742033689058028532895546555882857585188644087151803411 0 0 0 0 0 0 0 1 0 0 0 0 0 0 0 0 0 0 0 0 0 0 0 0 0 0 0 0 0 0 0 0 0]
[724887267033904678406833314289086488448504318950396799566468437857891941066630910513027594973920064071 0 0 0 0 0 0 0 0 1 0 0 0 0 0 0 0 0 0 0 0 0 0 0 0 0 0 0 0 0 0 0 0 0]
[106162049685186270917533191158376485546172474657041408623413465665626986028811784090668644105935453884 0 0 0 0 0 0 0 0 0 1 0 0 0 0 0 0 0 0 0 0 0 0 0 0 0 0 0 0 0 0 0 0 0]
[153566264214080127020543937836732876236658323174379319831082080242893890536695766893910798811233986854 0 0 0 0 0 0 0 0 0 0 1 0 0 0 0 0 0 0 0 0 0 0 0 0 0 0 0 0 0 0 0 0 0]
[225004610285026721507840951482230974402308360069881553798347039988679414647633776210328750563058318960 0 0 0 0 0 0 0 0 0 0 0 1 0 0 0 0 0 0 0 0 0 0 0 0 0 0 0 0 0 0 0 0 0]
[923145916706740676117260303368730779930377687783636673188408521433112168961397359384587614861883844772 0 0 0 0 0 0 0 0 0 0 0 0 1 0 0 0 0 0 0 0 0 0 0 0 0 0 0 0 0 0 0 0 0]
[1107223274001801722741866328211479309284856344787119492083164090058825298981433767121696267158639639687 0 0 0 0 0 0 0 0 0 0 0 0 0 1 0 0 0 0 0 0 0 0 0 0 0 0 0 0 0 0 0 0 0]
[1213110800402494073561017118432961130126123415656207044286057780364301931488591034424363520085749962906 0 0 0 0 0 0 0 0 0 0 0 0 0 0 1 0 0 0 0 0 0 0 0 0 0 0 0 0 0 0 0 0 0]
[256760424758099733586623495935559152915586393772034561183458669484356156499051669975210945677471262186 0 0 0 0 0 0 0 0 0 0 0 0 0 0 0 1 0 0 0 0 0 0 0 0 0 0 0 0 0 0 0 0 0]
[70981461701356973733372721839141429623274798774983124685713910412742997671669491928404326010672754216 0 0 0 0 0 0 0 0 0 0 0 0 0 0 0 0 1 0 0 0 0 0 0 0 0 0 0 0 0 0 0 0 0]
[2054647193622672681081354907733632427986254339649691193550731027731016185833808556350590203295722629323 0 0 0 0 0 0 0 0 0 0 0 0 0 0 0 0 0 1 0 0 0 0 0 0 0 0 0 0 0 0 0 0 0]
[700626272957431345563446959656173161976002178333411268496615004583088858359732021093332738345294511624 0 0 0 0 0 0 0 0 0 0 0 0 0 0 0 0 0 0 1 0 0 0 0 0 0 0 0 0 0 0 0 0 0]
[1351113701133760568802513961677638449701716424684542531564627943508570003696127893798276701571804484992 0 0 0 0 0 0 0 0 0 0 0 0 0 0 0 0 0 0 0 1 0 0 0 0 0 0 0 0 0 0 0 0 0]
[590511729141533203734224785666042450419286496802300440160758550666762837947468701893015488226656317253 0 0 0 0 0 0 0 0 0 0 0 0 0 0 0 0 0 0 0 0 1 0 0 0 0 0 0 0 0 0 0 0 0]
[1481498213314090261828050591186636807413165571037880269844873253836334543929067706137977701106904985029 0 0 0 0 0 0 0 0 0 0 0 0 0 0 0 0 0 0 0 0 0 1 0 0 0 0 0 0 0 0 0 0 0]
[819352495239050339412762769696189916133645291219336180407531165562157794069434137061840992478306513097 0 0 0 0 0 0 0 0 0 0 0 0 0 0 0 0 0 0 0 0 0 0 1 0 0 0 0 0 0 0 0 0 0]
[1209180037784716233697458928337841426766096602585415609336851273436858941928768231960981018570396013110 0 0 0 0 0 0 0 0 0 0 0 0 0 0 0 0 0 0 0 0 0 0 0 1 0 0 0 0 0 0 0 0 0]
[1349708451123742247239334164089958819346462361407205415690036137884514426781604444098185862455138963518 0 0 0 0 0 0 0 0 0 0 0 0 0 0 0 0 0 0 0 0 0 0 0 0 1 0 0 0 0 0 0 0 0]
[418260552197459420649316465846595154387946661250822272146254414377218352036963210654265670669623238958 0 0 0 0 0 0 0 0 0 0 0 0 0 0 0 0 0 0 0 0 0 0 0 0 0 1 0 0 0 0 0 0 0]
[1325260091636769686152099314543307756761164236755568705252053927408623060196365599077816776509332120152 0 0 0 0 0 0 0 0 0 0 0 0 0 0 0 0 0 0 0 0 0 0 0 0 0 0 1 0 0 0 0 0 0]
[1123213905317913022356730172096408604837474869160179415645165911953311415585691846618945720447632760713 0 0 0 0 0 0 0 0 0 0 0 0 0 0 0 0 0 0 0 0 0 0 0 0 0 0 0 1 0 0 0 0 0]
[572357871781997254138722730936722927522036985552717980740324321519686032794067615161200957689298760974 0 0 0 0 0 0 0 0 0 0 0 0 0 0 0 0 0 0 0 0 0 0 0 0 0 0 0 0 1 0 0 0 0]
[229871139105976412227459461895986546242759000061925320028673372512321345485924078356889484729960103607 0 0 0 0 0 0 0 0 0 0 0 0 0 0 0 0 0 0 0 0 0 0 0 0 0 0 0 0 0 1 0 0 0]
[1049070633946605745627660676782161295297472049078032647556955682978570788218066433963825762284818728468 0 0 0 0 0 0 0 0 0 0 0 0 0 0 0 0 0 0 0 0 0 0 0 0 0 0 0 0 0 0 1 0 0]
[711466997446703332988670285329687436712621158016499082663664340623199082815814112152771934095971491480 0 0 0 0 0 0 0 0 0 0 0 0 0 0 0 0 0 0 0 0 0 0 0 0 0 0 0 0 0 0 0 1 0]
[167648331393348155108657101691786837690169760068890104432095498770405205531709281617179704365633949224 0 0 0 0 0 0 0 0 0 0 0 0 0 0 0 0 0 0 0 0 0 0 0 0 0 0 0 0 0 0 0 0 1]
]
