[[1165376376342874485181586139027062845994847770752716400237578020654970080307512970187086208249380174403 0 0 0 0 0 0 0 0 0 0 0 0 0 0 0 0 0 0 0 0 0 0 0 0 0 0 0 0 0 0 0 0 0]
[384385177922839487111635027768372056047442642812696166818791339847586262235805059414319330426071062494 1 0 0 0 0 0 0 0 0 0 0 0 0 0 0 0 0 0 0 0 0 0 0 0 0 0 0 0 0 0 0 0 0]
[979829445550982155487918346334265854061135688365192583377760904755118466974137021444099935396985800405 0 1 0 0 0 0 0 0 0 0 0 0 0 0 0 0 0 0 0 0 0 0 0 0 0 0 0 0 0 0 0 0 0]
[794101268913347548192826720907586550261413596014560590734904197064590224833329786733310902881261114218 0 0 1 0 0 0 0 0 0 0 0 0 0 0 0 0 0 0 0 0 0 0 0 0 0 0 0 0 0 0 0 0 0]
[1059616585769488239008402805210351817305752689934255694562009117907009095746423718494074281946039557904 0 0 0 1 0 0 0 0 0 0 0 0 0 0 0 0 0 0 0 0 0 0 0 0 0 0 0 0 0 0 0 0 0]
[470282733067704589683042627312617093068431533396283943765080332077497094086910634239966123520348604958 0 0 0 0 1 0 0 0 0 0 0 0 0 0 0 0 0 0 0 0 0 0 0 0 0 0 0 0 0 0 0 0 0]
[390124770623210518661470145029940399680805157414069024305716221763643817573261087641336592707543719979 0 0 0 0 0 1 0 0 0 0 0 0 0 0 0 0 0 0 0 0 0 0 0 0 0 0 0 0 0 0 0 0 0]
[99249582146597254060197048700019141944032704179917730037822064019387348904720786139182642828414458921 0 0 0 0 0 0 1 0 0 0 0 0 0 0 0 0 0 0 0 0 0 0 0 0 0 0 0 0 0 0 0 0 0]
[716152592206564253310973927985773085167386096130128940536005032070826999474332486209844967703881501692 0 0 0 0 0 0 0 1 0 0 0 0 0 0 0 0 0 0 0 0 0 0 0 0 0 0 0 0 0 0 0 0 0]
[537518859133146824776358491277827176890354764860048541393740467333547997895275612356320315676310781028 0 0 0 0 0 0 0 0 1 0 0 0 0 0 0 0 0 0 0 0 0 0 0 0 0 0 0 0 0 0 0 0 0]
[989480043349854055469703662390662452743577915659008868364147080430174624222089393774660215793362620095 0 0 0 0 0 0 0 0 0 1 0 0 0 0 0 0 0 0 0 0 0 0 0 0 0 0 0 0 0 0 0 0 0]
[685038133702838624473484189984072592089620076940551692921014987413237726158150940760836306814393597077 0 0 0 0 0 0 0 0 0 0 1 0 0 0 0 0 0 0 0 0 0 0 0 0 0 0 0 0 0 0 0 0 0]
[1049434978941580692286881522595719001569876302410910314925818970547016259852968836491613715833909719134 0 0 0 0 0 0 0 0 0 0 0 1 0 0 0 0 0 0 0 0 0 0 0 0 0 0 0 0 0 0 0 0 0]
[691964774667805394720336931911100494886060571346152874957572092547146524949978479439299480291354430557 0 0 0 0 0 0 0 0 0 0 0 0 1 0 0 0 0 0 0 0 0 0 0 0 0 0 0 0 0 0 0 0 0]
[720955625898336436263009559198849262517227289968131443146086523090284787408896660657444335172352737092 0 0 0 0 0 0 0 0 0 0 0 0 0 1 0 0 0 0 0 0 0 0 0 0 0 0 0 0 0 0 0 0 0]
[438771083252636528970878162601639823407250303129569682779158004643227687564270125662997690301546612021 0 0 0 0 0 0 0 0 0 0 0 0 0 0 1 0 0 0 0 0 0 0 0 0 0 0 0 0 0 0 0 0 0]
[340654550669614013752721898409224125780036167380205883124344342633195974142073520575321318312653344082 0 0 0 0 0 0 0 0 0 0 0 0 0 0 0 1 0 0 0 0 0 0 0 0 0 0 0 0 0 0 0 0 0]
[353695508929440824139118091004469809021695064225603826528730676733307744960507305157702143633333439364 0 0 0 0 0 0 0 0 0 0 0 0 0 0 0 0 1 0 0 0 0 0 0 0 0 0 0 0 0 0 0 0 0]
[307919821406591120332234818415542416425747823143072355743941727738040413845723317041033930946762040737 0 0 0 0 0 0 0 0 0 0 0 0 0 0 0 0 0 1 0 0 0 0 0 0 0 0 0 0 0 0 0 0 0]
[116448958249274725087384503959346808153203373852164219490781883266209539831082379617739490306278476035 0 0 0 0 0 0 0 0 0 0 0 0 0 0 0 0 0 0 1 0 0 0 0 0 0 0 0 0 0 0 0 0 0]
[659120732180457550905898040633392538552556038260485467140864309642091222503270416610673941811069366193 0 0 0 0 0 0 0 0 0 0 0 0 0 0 0 0 0 0 0 1 0 0 0 0 0 0 0 0 0 0 0 0 0]
[835105386333454424436205555396139617077564258422677620637272526078032554811245686723050887096586386752 0 0 0 0 0 0 0 0 0 0 0 0 0 0 0 0 0 0 0 0 1 0 0 0 0 0 0 0 0 0 0 0 0]
[1128322078153769197308651322690983417796221223783699885312870980406221932718497463825286515523162586973 0 0 0 0 0 0 0 0 0 0 0 0 0 0 0 0 0 0 0 0 0 1 0 0 0 0 0 0 0 0 0 0 0]
[1156401956795127734594493813037523277126642630387758340235317359277842524464479163254609103001329889027 0 0 0 0 0 0 0 0 0 0 0 0 0 0 0 0 0 0 0 0 0 0 1 0 0 0 0 0 0 0 0 0 0]
[318110079045782582357378868749720537325588916057135508260381165955510084212503981134377913387494815940 0 0 0 0 0 0 0 0 0 0 0 0 0 0 0 0 0 0 0 0 0 0 0 1 0 0 0 0 0 0 0 0 0]
[252143540614640260219316122761996937870978285690033782614683691595627999360355488827957627975944387394 0 0 0 0 0 0 0 0 0 0 0 0 0 0 0 0 0 0 0 0 0 0 0 0 1 0 0 0 0 0 0 0 0]
[627802072019502085558673462113436874201193876698972784202483809075418816008240520276780522943707993403 0 0 0 0 0 0 0 0 0 0 0 0 0 0 0 0 0 0 0 0 0 0 0 0 0 1 0 0 0 0 0 0 0]
[946990605131094921657535095282328204064435031724475559258050875796938337863730867166881147021794996777 0 0 0 0 0 0 0 0 0 0 0 0 0 0 0 0 0 0 0 0 0 0 0 0 0 0 1 0 0 0 0 0 0]
[959492287249562862994875681947892105787941419796103676569652800177619738537849623891437081599687445553 0 0 0 0 0 0 0 0 0 0 0 0 0 0 0 0 0 0 0 0 0 0 0 0 0 0 0 1 0 0 0 0 0]
[1040626666023729522718638489127936833679138242435136303033355400929402542956229113155362903502618066479 0 0 0 0 0 0 0 0 0 0 0 0 0 0 0 0 0 0 0 0 0 0 0 0 0 0 0 0 1 0 0 0 0]
[513840452136860478702032083292501090490119272580584439810297405502782376786562461897705811702331119219 0 0 0 0 0 0 0 0 0 0 0 0 0 0 0 0 0 0 0 0 0 0 0 0 0 0 0 0 0 1 0 0 0]
[302625390352942251975699906277499730970233084734238700971277206699717071182512302085732236627268258105 0 0 0 0 0 0 0 0 0 0 0 0 0 0 0 0 0 0 0 0 0 0 0 0 0 0 0 0 0 0 1 0 0]
[1086674273862636179244065482629859164100134154980885571156130361031476305862618291080280317066293461983 0 0 0 0 0 0 0 0 0 0 0 0 0 0 0 0 0 0 0 0 0 0 0 0 0 0 0 0 0 0 0 1 0]
[780927186260571965609776511719134632701120707031846172157156924636128888853496429744602722522525770763 0 0 0 0 0 0 0 0 0 0 0 0 0 0 0 0 0 0 0 0 0 0 0 0 0 0 0 0 0 0 0 0 1]
]
