[[1791295145416625950634418931599401159987296483381332279861593981030636188008439225763739950008017750401745955398679709 0 0 0 0 0 0 0 0 0 0 0 0 0 0 0 0 0 0 0 0 0 0 0 0 0 0 0 0 0 0 0 0 0 0 0 0 0 0]
[580322768756022927381932305627040514147685274898994448662406341426525473867768946283784559689456808088594073635670187 1 0 0 0 0 0 0 0 0 0 0 0 0 0 0 0 0 0 0 0 0 0 0 0 0 0 0 0 0 0 0 0 0 0 0 0 0 0]
[433759852693228359319110344105714590918292378443377651742185471142880049857020002843640150699739751657891765218238883 0 1 0 0 0 0 0 0 0 0 0 0 0 0 0 0 0 0 0 0 0 0 0 0 0 0 0 0 0 0 0 0 0 0 0 0 0 0]
[189785413411738629003134094277332733575817734065678956746533755306736236358885229136318373406007811078217424967980604 0 0 1 0 0 0 0 0 0 0 0 0 0 0 0 0 0 0 0 0 0 0 0 0 0 0 0 0 0 0 0 0 0 0 0 0 0 0]
[407792260575873505632448068568613731690941338627949692969333269167443263108683021016117153884018780051538028766813283 0 0 0 1 0 0 0 0 0 0 0 0 0 0 0 0 0 0 0 0 0 0 0 0 0 0 0 0 0 0 0 0 0 0 0 0 0 0]
[406250772560141986005091169638019011969508042356238939480048091219171203962438588562382233813012175752129712125714600 0 0 0 0 1 0 0 0 0 0 0 0 0 0 0 0 0 0 0 0 0 0 0 0 0 0 0 0 0 0 0 0 0 0 0 0 0 0]
[62972642626451965310577067359922480093540080426642404886683742153127933333984255876000461185376147191298304714727572 0 0 0 0 0 1 0 0 0 0 0 0 0 0 0 0 0 0 0 0 0 0 0 0 0 0 0 0 0 0 0 0 0 0 0 0 0 0]
[1236625842995782387410620575255759960192499103051025516474785225899829280155760120303785866552375845897410580472981941 0 0 0 0 0 0 1 0 0 0 0 0 0 0 0 0 0 0 0 0 0 0 0 0 0 0 0 0 0 0 0 0 0 0 0 0 0 0]
[1112375781868995334855428604012826269234889467629230467747418690713899329825866870315081324153077091577613852366427204 0 0 0 0 0 0 0 1 0 0 0 0 0 0 0 0 0 0 0 0 0 0 0 0 0 0 0 0 0 0 0 0 0 0 0 0 0 0]
[770181537000422177998856477400915330817045451959999034909594530744407049175926043173363267036628110384540683829964610 0 0 0 0 0 0 0 0 1 0 0 0 0 0 0 0 0 0 0 0 0 0 0 0 0 0 0 0 0 0 0 0 0 0 0 0 0 0]
[652428053608348266870168699284806607854418192225823673337110863679663178323827966211320303380322600208786940054167700 0 0 0 0 0 0 0 0 0 1 0 0 0 0 0 0 0 0 0 0 0 0 0 0 0 0 0 0 0 0 0 0 0 0 0 0 0 0]
[1058460145714170065168826286883827107747364191096044435183692665661478160199659505673995383121607830922130481966022439 0 0 0 0 0 0 0 0 0 0 1 0 0 0 0 0 0 0 0 0 0 0 0 0 0 0 0 0 0 0 0 0 0 0 0 0 0 0]
[650526073924345207521501371601643302112372678135860313315343787542534220168578229239307007094848848751586597638061773 0 0 0 0 0 0 0 0 0 0 0 1 0 0 0 0 0 0 0 0 0 0 0 0 0 0 0 0 0 0 0 0 0 0 0 0 0 0]
[1752594160713263368715459648870070093534597161316786005644643421162274900586168541671401470640261182938488540741114404 0 0 0 0 0 0 0 0 0 0 0 0 1 0 0 0 0 0 0 0 0 0 0 0 0 0 0 0 0 0 0 0 0 0 0 0 0 0]
[1684709426413802308460098714676557427419820957560379281251781091241113022557747936842435484638304646748193689789894693 0 0 0 0 0 0 0 0 0 0 0 0 0 1 0 0 0 0 0 0 0 0 0 0 0 0 0 0 0 0 0 0 0 0 0 0 0 0]
[187130499076070906846117979928219791281944879680781046687585231546146127686403415283192319486996051549067975325111803 0 0 0 0 0 0 0 0 0 0 0 0 0 0 1 0 0 0 0 0 0 0 0 0 0 0 0 0 0 0 0 0 0 0 0 0 0 0]
[130985402961768977136911569862068214703194893253898226814610790425090057719392127645584211803489920788204574896267366 0 0 0 0 0 0 0 0 0 0 0 0 0 0 0 1 0 0 0 0 0 0 0 0 0 0 0 0 0 0 0 0 0 0 0 0 0 0]
[4793401137519298857902261465741335267997889584871545956204703801038954826226077991933334218325356150069322971002808 0 0 0 0 0 0 0 0 0 0 0 0 0 0 0 0 1 0 0 0 0 0 0 0 0 0 0 0 0 0 0 0 0 0 0 0 0 0]
[1442515838860707723793454472893114899888099847704055766619009062350621198203763185153196006673254968872058196709161803 0 0 0 0 0 0 0 0 0 0 0 0 0 0 0 0 0 1 0 0 0 0 0 0 0 0 0 0 0 0 0 0 0 0 0 0 0 0]
[1089670571880565573921716045654811102328945269642237276373435236395222653929742825639236678251118841873587031214022433 0 0 0 0 0 0 0 0 0 0 0 0 0 0 0 0 0 0 1 0 0 0 0 0 0 0 0 0 0 0 0 0 0 0 0 0 0 0]
[847615825348067754164714931849152832880249997876053146379688813973684458252329740663358541147707574794790792600327642 0 0 0 0 0 0 0 0 0 0 0 0 0 0 0 0 0 0 0 1 0 0 0 0 0 0 0 0 0 0 0 0 0 0 0 0 0 0]
[311027559934053943062620943080567160825289246105074792695709344770348190747123571651883668546797137877013223168775022 0 0 0 0 0 0 0 0 0 0 0 0 0 0 0 0 0 0 0 0 1 0 0 0 0 0 0 0 0 0 0 0 0 0 0 0 0 0]
[244838480778836212869274370398858962294104345956247940625110045125940606948404790842714237670703273710335574215016128 0 0 0 0 0 0 0 0 0 0 0 0 0 0 0 0 0 0 0 0 0 1 0 0 0 0 0 0 0 0 0 0 0 0 0 0 0 0]
[303206234906782725333014831320492871217232810237423021601546054270175943664473966832113720164361127247801358237536660 0 0 0 0 0 0 0 0 0 0 0 0 0 0 0 0 0 0 0 0 0 0 1 0 0 0 0 0 0 0 0 0 0 0 0 0 0 0]
[438299713419881048668409616031126510932519482191761655233200656091785684055489065562118743040144550410438642213358077 0 0 0 0 0 0 0 0 0 0 0 0 0 0 0 0 0 0 0 0 0 0 0 1 0 0 0 0 0 0 0 0 0 0 0 0 0 0]
[1143905573295573551424177044462784537985669619006676622418298453020169462080539265019332850115523589532016046180168315 0 0 0 0 0 0 0 0 0 0 0 0 0 0 0 0 0 0 0 0 0 0 0 0 1 0 0 0 0 0 0 0 0 0 0 0 0 0]
[1446650618225363418606836957391212300958673867586548530813779932775155937728493114694008044723139927820694254975366929 0 0 0 0 0 0 0 0 0 0 0 0 0 0 0 0 0 0 0 0 0 0 0 0 0 1 0 0 0 0 0 0 0 0 0 0 0 0]
[828513235666724113722014482684450560497887099786836490148997855921695733437240882238200780065019063447960941789870739 0 0 0 0 0 0 0 0 0 0 0 0 0 0 0 0 0 0 0 0 0 0 0 0 0 0 1 0 0 0 0 0 0 0 0 0 0 0]
[360944061117163051439898418834134309938899810023373615825167186257191254799018318034832546898909877687778476215216238 0 0 0 0 0 0 0 0 0 0 0 0 0 0 0 0 0 0 0 0 0 0 0 0 0 0 0 1 0 0 0 0 0 0 0 0 0 0]
[640678174803951830646989692049998309284864315858175706099173996720596033480807417036784732515887273109090763525976455 0 0 0 0 0 0 0 0 0 0 0 0 0 0 0 0 0 0 0 0 0 0 0 0 0 0 0 0 1 0 0 0 0 0 0 0 0 0]
[1068104521523472964623053490641353193498891209198094319435465760538150662436601304833765782985245258308251461436947424 0 0 0 0 0 0 0 0 0 0 0 0 0 0 0 0 0 0 0 0 0 0 0 0 0 0 0 0 0 1 0 0 0 0 0 0 0 0]
[604842949332433174766831078808811578464272327772216580520540761264577741880186455863316997454082081875326617996267003 0 0 0 0 0 0 0 0 0 0 0 0 0 0 0 0 0 0 0 0 0 0 0 0 0 0 0 0 0 0 1 0 0 0 0 0 0 0]
[1137203722488448724477749841752340647823034013119820609972035636286657070464564906289917179763575252215264940007824818 0 0 0 0 0 0 0 0 0 0 0 0 0 0 0 0 0 0 0 0 0 0 0 0 0 0 0 0 0 0 0 1 0 0 0 0 0 0]
[1161640317467039850957374328047821840295260476570024472462935759398310168257149451292518399082454622152195217190626620 0 0 0 0 0 0 0 0 0 0 0 0 0 0 0 0 0 0 0 0 0 0 0 0 0 0 0 0 0 0 0 0 1 0 0 0 0 0]
[473566290934523978384235644624180374048240717606378720470331359357902682620754723214487295847955239858311088534970938 0 0 0 0 0 0 0 0 0 0 0 0 0 0 0 0 0 0 0 0 0 0 0 0 0 0 0 0 0 0 0 0 0 1 0 0 0 0]
[826701053621176780317519503737379981903531182439720464576999532019456949991154013496905541691876805547746887783988102 0 0 0 0 0 0 0 0 0 0 0 0 0 0 0 0 0 0 0 0 0 0 0 0 0 0 0 0 0 0 0 0 0 0 1 0 0 0]
[1118153750700578164835286096838346679631205465783995211997896850326010667788141003688425702934644279671647997418840245 0 0 0 0 0 0 0 0 0 0 0 0 0 0 0 0 0 0 0 0 0 0 0 0 0 0 0 0 0 0 0 0 0 0 0 1 0 0]
[459532459161398683240486318025077909427991018421294409631929947782527300359109211633112769812045605896587240012882103 0 0 0 0 0 0 0 0 0 0 0 0 0 0 0 0 0 0 0 0 0 0 0 0 0 0 0 0 0 0 0 0 0 0 0 0 1 0]
[637008727476625127277921815417350622829483175638971495631134813325872299119638213861195872096381747210807881155553219 0 0 0 0 0 0 0 0 0 0 0 0 0 0 0 0 0 0 0 0 0 0 0 0 0 0 0 0 0 0 0 0 0 0 0 0 0 1]
]
