[[1060160762888057391258790917694328770774482280217136165465095796672486761785173539960502239 0 0 0 0 0 0 0 0 0 0 0 0 0 0 0 0 0 0 0 0 0 0 0 0 0 0 0 0 0]
[548730080205685900600869855835043882749735450394463830394309014209046679871407992568639520 1 0 0 0 0 0 0 0 0 0 0 0 0 0 0 0 0 0 0 0 0 0 0 0 0 0 0 0 0]
[229084055510908711313505157402669780042758451221915969554945926723095553521691140472530329 0 1 0 0 0 0 0 0 0 0 0 0 0 0 0 0 0 0 0 0 0 0 0 0 0 0 0 0 0]
[234462876303371998478161487247227826525201065625837235062310268898158691130186854983700658 0 0 1 0 0 0 0 0 0 0 0 0 0 0 0 0 0 0 0 0 0 0 0 0 0 0 0 0 0]
[127923463195528518508647471812272937091386001268306019534611223604015824835702850564920913 0 0 0 1 0 0 0 0 0 0 0 0 0 0 0 0 0 0 0 0 0 0 0 0 0 0 0 0 0]
[364504196746193033934649291301659148981476750404930462044646011739172818017067542845738874 0 0 0 0 1 0 0 0 0 0 0 0 0 0 0 0 0 0 0 0 0 0 0 0 0 0 0 0 0]
[800673529897040199642525495804597404753600769596387588258190152862507084833697149485788518 0 0 0 0 0 1 0 0 0 0 0 0 0 0 0 0 0 0 0 0 0 0 0 0 0 0 0 0 0]
[698039782743121914219266095973411677604952200466649039984232991674886139499417224172759029 0 0 0 0 0 0 1 0 0 0 0 0 0 0 0 0 0 0 0 0 0 0 0 0 0 0 0 0 0]
[182991673811772492880420330297022812278225534441623301274177568249428318144530428523184736 0 0 0 0 0 0 0 1 0 0 0 0 0 0 0 0 0 0 0 0 0 0 0 0 0 0 0 0 0]
[172379063417024379288599585778396844741058235648711728721439868560955741747706436115218159 0 0 0 0 0 0 0 0 1 0 0 0 0 0 0 0 0 0 0 0 0 0 0 0 0 0 0 0 0]
[588055770262026848435082144296074373223230830451387859906366156313268803876761710636534592 0 0 0 0 0 0 0 0 0 1 0 0 0 0 0 0 0 0 0 0 0 0 0 0 0 0 0 0 0]
[895059884340487140013112533553065909906697850625436734790960034028487014142276612122373498 0 0 0 0 0 0 0 0 0 0 1 0 0 0 0 0 0 0 0 0 0 0 0 0 0 0 0 0 0]
[24536983932627930497588811357858783004553941805565781093271118665751042683346758847223038 0 0 0 0 0 0 0 0 0 0 0 1 0 0 0 0 0 0 0 0 0 0 0 0 0 0 0 0 0]
[839916680463643610638637452111297313940890943297286610731894537158160997296254495212415140 0 0 0 0 0 0 0 0 0 0 0 0 1 0 0 0 0 0 0 0 0 0 0 0 0 0 0 0 0]
[272839618328678190213288168640309359373270855614000192217955492645649044679645634246675072 0 0 0 0 0 0 0 0 0 0 0 0 0 1 0 0 0 0 0 0 0 0 0 0 0 0 0 0 0]
[627090478984575545501538772558534116124338229831479895941477294572915644216341958446734874 0 0 0 0 0 0 0 0 0 0 0 0 0 0 1 0 0 0 0 0 0 0 0 0 0 0 0 0 0]
[206787906659826558469138824455609357171869751822552265544617934653096445252302517490150358 0 0 0 0 0 0 0 0 0 0 0 0 0 0 0 1 0 0 0 0 0 0 0 0 0 0 0 0 0]
[609983151528245290576829509233529917662374686056198289826710251967565000643352338410800691 0 0 0 0 0 0 0 0 0 0 0 0 0 0 0 0 1 0 0 0 0 0 0 0 0 0 0 0 0]
[332536444367966230043845058915730936610631058365957307373879434790265927969543650981418082 0 0 0 0 0 0 0 0 0 0 0 0 0 0 0 0 0 1 0 0 0 0 0 0 0 0 0 0 0]
[250213867639316144383544299407388895855354328365162852788825978243962853170595773728301132 0 0 0 0 0 0 0 0 0 0 0 0 0 0 0 0 0 0 1 0 0 0 0 0 0 0 0 0 0]
[638137006395777849716424344479526110879234394098334510397495138369980893399763189976000133 0 0 0 0 0 0 0 0 0 0 0 0 0 0 0 0 0 0 0 1 0 0 0 0 0 0 0 0 0]
[324522535470537235273233033441181045001584916477690022187574583455656262859378642368849052 0 0 0 0 0 0 0 0 0 0 0 0 0 0 0 0 0 0 0 0 1 0 0 0 0 0 0 0 0]
[486105582650158327532303957929101621845176458635051186246808452359150209731159853952035571 0 0 0 0 0 0 0 0 0 0 0 0 0 0 0 0 0 0 0 0 0 1 0 0 0 0 0 0 0]
[587336652457315075147271859304279340775178716096090975465121710893501803037739354485662351 0 0 0 0 0 0 0 0 0 0 0 0 0 0 0 0 0 0 0 0 0 0 1 0 0 0 0 0 0]
[712877951233883142187455849160288937606266193545934581378324024846991597522347307148048112 0 0 0 0 0 0 0 0 0 0 0 0 0 0 0 0 0 0 0 0 0 0 0 1 0 0 0 0 0]
[436059706691903556011644969591333628396548858420481520123788988969784498968752352615627205 0 0 0 0 0 0 0 0 0 0 0 0 0 0 0 0 0 0 0 0 0 0 0 0 1 0 0 0 0]
[690192217365046606657139097024656828778785339624418628608461019906505299140470108857429753 0 0 0 0 0 0 0 0 0 0 0 0 0 0 0 0 0 0 0 0 0 0 0 0 0 1 0 0 0]
[404763508135313220736001195173458476153964844936648154696182925396286893168873662268882828 0 0 0 0 0 0 0 0 0 0 0 0 0 0 0 0 0 0 0 0 0 0 0 0 0 0 1 0 0]
[264518015311675880671622843558054020063129927127476159633013936769027623403154879804305562 0 0 0 0 0 0 0 0 0 0 0 0 0 0 0 0 0 0 0 0 0 0 0 0 0 0 0 1 0]
[841213247035492965354291742561940163546963184532127540230067278213580650421426280260929944 0 0 0 0 0 0 0 0 0 0 0 0 0 0 0 0 0 0 0 0 0 0 0 0 0 0 0 0 1]
]
