[[1616386466402304228273807297505629406904269649391202864937302590958213158855582117490652449086977320312037 0 0 0 0 0 0 0 0 0 0 0 0 0 0 0 0 0 0 0 0 0 0 0 0 0 0 0 0 0 0 0 0 0 0]
[871177437271228288868328042508739950633828705890321254004429292528384953773369479983625167430948607968643 1 0 0 0 0 0 0 0 0 0 0 0 0 0 0 0 0 0 0 0 0 0 0 0 0 0 0 0 0 0 0 0 0 0]
[591499960367481592761607217636162078628412327264738216016769958515157775422740814789067121008760742421463 0 1 0 0 0 0 0 0 0 0 0 0 0 0 0 0 0 0 0 0 0 0 0 0 0 0 0 0 0 0 0 0 0 0]
[642478354741862192052753088578291306451239956579615239727743518617793298904548594977369309628949188721732 0 0 1 0 0 0 0 0 0 0 0 0 0 0 0 0 0 0 0 0 0 0 0 0 0 0 0 0 0 0 0 0 0 0]
[941796199908142420759564837531738130211405323278786624525702896350666484227556123631180670526889964146570 0 0 0 1 0 0 0 0 0 0 0 0 0 0 0 0 0 0 0 0 0 0 0 0 0 0 0 0 0 0 0 0 0 0]
[507576841987380529456718379595858894944376419339297758312535206402896069660242161829677183524960437280056 0 0 0 0 1 0 0 0 0 0 0 0 0 0 0 0 0 0 0 0 0 0 0 0 0 0 0 0 0 0 0 0 0 0]
[1112510063301150221158731741302780017583184342351164312776654884714887182521156957467880987085261954222452 0 0 0 0 0 1 0 0 0 0 0 0 0 0 0 0 0 0 0 0 0 0 0 0 0 0 0 0 0 0 0 0 0 0]
[1024093143366196178886725828637061200295582567647499270341669132264529394157793272812984838619740603282880 0 0 0 0 0 0 1 0 0 0 0 0 0 0 0 0 0 0 0 0 0 0 0 0 0 0 0 0 0 0 0 0 0 0]
[1506903697720034811494058609224585269287905917128170260726437375286070090984739817086513107853116205900885 0 0 0 0 0 0 0 1 0 0 0 0 0 0 0 0 0 0 0 0 0 0 0 0 0 0 0 0 0 0 0 0 0 0]
[1204269480297698601474028377048850173248826029196502627449120202128987531958306809855000883567724193170768 0 0 0 0 0 0 0 0 1 0 0 0 0 0 0 0 0 0 0 0 0 0 0 0 0 0 0 0 0 0 0 0 0 0]
[511464888581935540866610458868789465444177163241038957468802481011899931958356706495679436091639474986107 0 0 0 0 0 0 0 0 0 1 0 0 0 0 0 0 0 0 0 0 0 0 0 0 0 0 0 0 0 0 0 0 0 0]
[318287083228930853721337530431027688982646290317692193349901695046713231823997088440074524277355251816893 0 0 0 0 0 0 0 0 0 0 1 0 0 0 0 0 0 0 0 0 0 0 0 0 0 0 0 0 0 0 0 0 0 0]
[632647733003741922204708429045786758057203162456601667333926741179256383979477830444866419191505107141875 0 0 0 0 0 0 0 0 0 0 0 1 0 0 0 0 0 0 0 0 0 0 0 0 0 0 0 0 0 0 0 0 0 0]
[145511531458153589277331795429568519426625490337673556669245186519245456165472082044382760429274869850098 0 0 0 0 0 0 0 0 0 0 0 0 1 0 0 0 0 0 0 0 0 0 0 0 0 0 0 0 0 0 0 0 0 0]
[1048140184742971964765237303919276730377437818975396349751128722552026624483648731231395920396434455427704 0 0 0 0 0 0 0 0 0 0 0 0 0 1 0 0 0 0 0 0 0 0 0 0 0 0 0 0 0 0 0 0 0 0]
[1570994241779855209018657732592507858133885266223558407462198137926638425053459121383533167256546247793859 0 0 0 0 0 0 0 0 0 0 0 0 0 0 1 0 0 0 0 0 0 0 0 0 0 0 0 0 0 0 0 0 0 0]
[363385377104238500666187809913302335681467322700816190406484040041218266834397917355595997840070161449675 0 0 0 0 0 0 0 0 0 0 0 0 0 0 0 1 0 0 0 0 0 0 0 0 0 0 0 0 0 0 0 0 0 0]
[423095768460825842994715804773588065119091747043876342386421781689571774819065361533334882549485808453608 0 0 0 0 0 0 0 0 0 0 0 0 0 0 0 0 1 0 0 0 0 0 0 0 0 0 0 0 0 0 0 0 0 0]
[1178391626644913645945032230703993833311094043985963193374324277945396236573689009068490345439834960006942 0 0 0 0 0 0 0 0 0 0 0 0 0 0 0 0 0 1 0 0 0 0 0 0 0 0 0 0 0 0 0 0 0 0]
[817100004256486542296277063794271011545984476802219703671007135129361570960372811122649216521476106254776 0 0 0 0 0 0 0 0 0 0 0 0 0 0 0 0 0 0 1 0 0 0 0 0 0 0 0 0 0 0 0 0 0 0]
[393031103397512458388751202985092933226136313487356162249955837977558947665120039419268078409837436852189 0 0 0 0 0 0 0 0 0 0 0 0 0 0 0 0 0 0 0 1 0 0 0 0 0 0 0 0 0 0 0 0 0 0]
[1428159057521816732956272560042809454125456149915599604445925471673142261302673416129206683275112561873362 0 0 0 0 0 0 0 0 0 0 0 0 0 0 0 0 0 0 0 0 1 0 0 0 0 0 0 0 0 0 0 0 0 0]
[1091726596857871506803491509342975261232146376508043386054797251332743407453881094838983798200008240135916 0 0 0 0 0 0 0 0 0 0 0 0 0 0 0 0 0 0 0 0 0 1 0 0 0 0 0 0 0 0 0 0 0 0]
[1269485476794706709257005300821807421376789368782807852105780327798118576782741139411321170315748051155397 0 0 0 0 0 0 0 0 0 0 0 0 0 0 0 0 0 0 0 0 0 0 1 0 0 0 0 0 0 0 0 0 0 0]
[222704793858156223879676300983759469106928895607785428722650992847856322136359467356069372912338119474880 0 0 0 0 0 0 0 0 0 0 0 0 0 0 0 0 0 0 0 0 0 0 0 1 0 0 0 0 0 0 0 0 0 0]
[1499584866461371072364738374069389344764797564651007984240968362754161565929510829141452298349549361541567 0 0 0 0 0 0 0 0 0 0 0 0 0 0 0 0 0 0 0 0 0 0 0 0 1 0 0 0 0 0 0 0 0 0]
[1351487639230009977241505314871505236942793101959479245095909105552709553954396766032707813462825568041085 0 0 0 0 0 0 0 0 0 0 0 0 0 0 0 0 0 0 0 0 0 0 0 0 0 1 0 0 0 0 0 0 0 0]
[270330588252568585359545095139608178081928349073722894056637303826381713157672138406732783041593957061403 0 0 0 0 0 0 0 0 0 0 0 0 0 0 0 0 0 0 0 0 0 0 0 0 0 0 1 0 0 0 0 0 0 0]
[251273509213537012870687675918545719650531890815573644950458555393043909261235376857638993763242129350771 0 0 0 0 0 0 0 0 0 0 0 0 0 0 0 0 0 0 0 0 0 0 0 0 0 0 0 1 0 0 0 0 0 0]
[468698067124652994875125990170174259912778323331919562879925709418614695362586738209153339421102111780227 0 0 0 0 0 0 0 0 0 0 0 0 0 0 0 0 0 0 0 0 0 0 0 0 0 0 0 0 1 0 0 0 0 0]
[360304696671882277578338522574244297432571611476108000966795855424591958182550644767043227345302038662582 0 0 0 0 0 0 0 0 0 0 0 0 0 0 0 0 0 0 0 0 0 0 0 0 0 0 0 0 0 1 0 0 0 0]
[462535076865279424726108692403594585762113111745067064725852590783050831534899848369441026785755194013112 0 0 0 0 0 0 0 0 0 0 0 0 0 0 0 0 0 0 0 0 0 0 0 0 0 0 0 0 0 0 1 0 0 0]
[1353083732358395829299020585997637369429028555876823232518226846025215368700912147477828817917992469614167 0 0 0 0 0 0 0 0 0 0 0 0 0 0 0 0 0 0 0 0 0 0 0 0 0 0 0 0 0 0 0 1 0 0]
[971431460787938127882564996356104734983727744585639062999235855017871832654948972178338898471929358433248 0 0 0 0 0 0 0 0 0 0 0 0 0 0 0 0 0 0 0 0 0 0 0 0 0 0 0 0 0 0 0 0 1 0]
[344520285624987281535514687137394965160693869572180207203240685379945692267531153104141000781706189298162 0 0 0 0 0 0 0 0 0 0 0 0 0 0 0 0 0 0 0 0 0 0 0 0 0 0 0 0 0 0 0 0 0 1]
]
