[[1846231884294180355751753161556647691971024960450460233745936185003967285094935682310339282441891 0 0 0 0 0 0 0 0 0 0 0 0 0 0 0 0 0 0 0 0 0 0 0 0 0 0 0 0 0 0 0]
[1842824589669065990227101669972845604202127808264588882579332739659363634934005258845109534760864 1 0 0 0 0 0 0 0 0 0 0 0 0 0 0 0 0 0 0 0 0 0 0 0 0 0 0 0 0 0 0]
[782815732287501052342159871890612633056912863619743886483023868790202903038048795403997626456114 0 1 0 0 0 0 0 0 0 0 0 0 0 0 0 0 0 0 0 0 0 0 0 0 0 0 0 0 0 0 0]
[951567194614983553520472715642584755658249415581197265486233131806194159765656749260513152292796 0 0 1 0 0 0 0 0 0 0 0 0 0 0 0 0 0 0 0 0 0 0 0 0 0 0 0 0 0 0 0]
[730042565179234389419062026838861312252549751952874009932014838684116161009946910395726772807756 0 0 0 1 0 0 0 0 0 0 0 0 0 0 0 0 0 0 0 0 0 0 0 0 0 0 0 0 0 0 0]
[834498857647405516108285217767307354978363324824974039268700468463508108558361226887090213740154 0 0 0 0 1 0 0 0 0 0 0 0 0 0 0 0 0 0 0 0 0 0 0 0 0 0 0 0 0 0 0]
[653652122982239635564118239156686223222892393318438117285468248924348120397427064980210296673488 0 0 0 0 0 1 0 0 0 0 0 0 0 0 0 0 0 0 0 0 0 0 0 0 0 0 0 0 0 0 0]
[809465848264463368400697045068267197964860364077160697001036776524694320422350270612105010798088 0 0 0 0 0 0 1 0 0 0 0 0 0 0 0 0 0 0 0 0 0 0 0 0 0 0 0 0 0 0 0]
[1638128677549117252790035293105312053856859374628700528729457716609991859208354622893608497490931 0 0 0 0 0 0 0 1 0 0 0 0 0 0 0 0 0 0 0 0 0 0 0 0 0 0 0 0 0 0 0]
[1449713207294743416771895652857768356297636667760211059779935989003262915661910736306407695627818 0 0 0 0 0 0 0 0 1 0 0 0 0 0 0 0 0 0 0 0 0 0 0 0 0 0 0 0 0 0 0]
[1607179545704216997696554709082700723196038785983836920166196453746417734214225364799195899396602 0 0 0 0 0 0 0 0 0 1 0 0 0 0 0 0 0 0 0 0 0 0 0 0 0 0 0 0 0 0 0]
[1341421894761053250059483846556976949743830427723605365518826744217345539595734160809972578455878 0 0 0 0 0 0 0 0 0 0 1 0 0 0 0 0 0 0 0 0 0 0 0 0 0 0 0 0 0 0 0]
[1517016356227957128175676119752381294799336121858559769539578646664242807277820440955129235273699 0 0 0 0 0 0 0 0 0 0 0 1 0 0 0 0 0 0 0 0 0 0 0 0 0 0 0 0 0 0 0]
[843164765104823027167727455059002396726169983151912346993275641369210594687378208766566447865853 0 0 0 0 0 0 0 0 0 0 0 0 1 0 0 0 0 0 0 0 0 0 0 0 0 0 0 0 0 0 0]
[1289806079988919323066138221352373614408075460544652963195260874247963719891427318543737992409302 0 0 0 0 0 0 0 0 0 0 0 0 0 1 0 0 0 0 0 0 0 0 0 0 0 0 0 0 0 0 0]
[918202573305387408785760809715324819203236294920609510946039135860349400853507446949080064015736 0 0 0 0 0 0 0 0 0 0 0 0 0 0 1 0 0 0 0 0 0 0 0 0 0 0 0 0 0 0 0]
[1289080403281457721918838172539329684544600248660881767456773832199104719646737802871879936519619 0 0 0 0 0 0 0 0 0 0 0 0 0 0 0 1 0 0 0 0 0 0 0 0 0 0 0 0 0 0 0]
[1523683178251674322541415902386326929733148802760426176882611232415317323613181145468672916111650 0 0 0 0 0 0 0 0 0 0 0 0 0 0 0 0 1 0 0 0 0 0 0 0 0 0 0 0 0 0 0]
[995406250806733056755993965992017549017868057330848649361357855833276043468410431995813669921206 0 0 0 0 0 0 0 0 0 0 0 0 0 0 0 0 0 1 0 0 0 0 0 0 0 0 0 0 0 0 0]
[1531631215079398470439078231447642814475511773338818017905133420960775754243855713479246668518178 0 0 0 0 0 0 0 0 0 0 0 0 0 0 0 0 0 0 1 0 0 0 0 0 0 0 0 0 0 0 0]
[1012611709733357646011170812391252156852299440858695312582800725488326796970462134568164712110960 0 0 0 0 0 0 0 0 0 0 0 0 0 0 0 0 0 0 0 1 0 0 0 0 0 0 0 0 0 0 0]
[610689466769416724758819758722173920066737440068357513539059568860409967541935009235283880044148 0 0 0 0 0 0 0 0 0 0 0 0 0 0 0 0 0 0 0 0 1 0 0 0 0 0 0 0 0 0 0]
[1400377778262361877390034444435455924316843547281115185277987013475604012638151856240397926382658 0 0 0 0 0 0 0 0 0 0 0 0 0 0 0 0 0 0 0 0 0 1 0 0 0 0 0 0 0 0 0]
[1147599741682682151557943240278461367153637581837386340456641388557573984940225947941253992844540 0 0 0 0 0 0 0 0 0 0 0 0 0 0 0 0 0 0 0 0 0 0 1 0 0 0 0 0 0 0 0]
[1120312150363120138132147860316969876412775375428190358907828855128376504898140640829425774509306 0 0 0 0 0 0 0 0 0 0 0 0 0 0 0 0 0 0 0 0 0 0 0 1 0 0 0 0 0 0 0]
[202771700554006129654191505543759780957113648987220039030976266425725484538121818708222249159373 0 0 0 0 0 0 0 0 0 0 0 0 0 0 0 0 0 0 0 0 0 0 0 0 1 0 0 0 0 0 0]
[1819043836797374160803066262394920251483618927121327972107085667595636639909590897494139788309965 0 0 0 0 0 0 0 0 0 0 0 0 0 0 0 0 0 0 0 0 0 0 0 0 0 1 0 0 0 0 0]
[1240821162503625371569601638827503437546735303369110697271013702942895407228269255098275369357820 0 0 0 0 0 0 0 0 0 0 0 0 0 0 0 0 0 0 0 0 0 0 0 0 0 0 1 0 0 0 0]
[1453704810948256586471468201598733202018568070058229086638809336436289655697456553633668392829531 0 0 0 0 0 0 0 0 0 0 0 0 0 0 0 0 0 0 0 0 0 0 0 0 0 0 0 1 0 0 0]
[812447308598074398500957024945091543125709566758430791172835536414021030180829554705715170054190 0 0 0 0 0 0 0 0 0 0 0 0 0 0 0 0 0 0 0 0 0 0 0 0 0 0 0 0 1 0 0]
[1761191391858135806295553958981336618073855149600765278801184232703507560148402486679329344536481 0 0 0 0 0 0 0 0 0 0 0 0 0 0 0 0 0 0 0 0 0 0 0 0 0 0 0 0 0 1 0]
[858254583054525478283358161286102439831488531373459756396864452932076885473601428184962356102375 0 0 0 0 0 0 0 0 0 0 0 0 0 0 0 0 0 0 0 0 0 0 0 0 0 0 0 0 0 0 1]
]
