[[1913545830326620546074018075753794749563615539041266550937203471880007597594896149401090220701101807603945271941 0 0 0 0 0 0 0 0 0 0 0 0 0 0 0 0 0 0 0 0 0 0 0 0 0 0 0 0 0 0 0 0 0 0 0 0]
[929712385351928813942670197549808291017171175970465805820828059683085117064322550512191650306312809170332529719 1 0 0 0 0 0 0 0 0 0 0 0 0 0 0 0 0 0 0 0 0 0 0 0 0 0 0 0 0 0 0 0 0 0 0 0]
[1738141078939434551479828907553320140880535991186909634461120524206017934767162171384361314029567626323146379838 0 1 0 0 0 0 0 0 0 0 0 0 0 0 0 0 0 0 0 0 0 0 0 0 0 0 0 0 0 0 0 0 0 0 0 0]
[1394278039808802760749835519442070384424533735829746400149383520529955902710702299262409989195469712634660732703 0 0 1 0 0 0 0 0 0 0 0 0 0 0 0 0 0 0 0 0 0 0 0 0 0 0 0 0 0 0 0 0 0 0 0 0]
[982641887269910647613423770183464120128589210801742624473972709067509336792596315916836034212369932901838550710 0 0 0 1 0 0 0 0 0 0 0 0 0 0 0 0 0 0 0 0 0 0 0 0 0 0 0 0 0 0 0 0 0 0 0 0]
[1724754663207229129203052953040279264636366299894163838424819850506907294125791651306949992749859309664970456538 0 0 0 0 1 0 0 0 0 0 0 0 0 0 0 0 0 0 0 0 0 0 0 0 0 0 0 0 0 0 0 0 0 0 0 0]
[798091654221378341437443045376236893915521106826277244422588139697712095458981309553124650258673454796725103089 0 0 0 0 0 1 0 0 0 0 0 0 0 0 0 0 0 0 0 0 0 0 0 0 0 0 0 0 0 0 0 0 0 0 0 0]
[250669832167522595300049992027928166202389198210503042767778076064643945490059577168104141439640816191485504085 0 0 0 0 0 0 1 0 0 0 0 0 0 0 0 0 0 0 0 0 0 0 0 0 0 0 0 0 0 0 0 0 0 0 0 0]
[1867113871894697526395339370120203025319453284085159572569458569039898082065898592200035545920708384268455728606 0 0 0 0 0 0 0 1 0 0 0 0 0 0 0 0 0 0 0 0 0 0 0 0 0 0 0 0 0 0 0 0 0 0 0 0]
[1265486769365248908657129879030327669001228660238036628314036110560617448856667658465518726602439405042024767675 0 0 0 0 0 0 0 0 1 0 0 0 0 0 0 0 0 0 0 0 0 0 0 0 0 0 0 0 0 0 0 0 0 0 0 0]
[1473822573213116934488203815586011253273859572947921610759620095104190758765351853385043010251766671475311410671 0 0 0 0 0 0 0 0 0 1 0 0 0 0 0 0 0 0 0 0 0 0 0 0 0 0 0 0 0 0 0 0 0 0 0 0]
[636612777877886747270446033896316904439546807560022925170669091813873805848101398741797117750420335252616235141 0 0 0 0 0 0 0 0 0 0 1 0 0 0 0 0 0 0 0 0 0 0 0 0 0 0 0 0 0 0 0 0 0 0 0 0]
[788436750228572253814158786326178901432020586492453261365708000761497562508623810630338233074241314973564319517 0 0 0 0 0 0 0 0 0 0 0 1 0 0 0 0 0 0 0 0 0 0 0 0 0 0 0 0 0 0 0 0 0 0 0 0]
[1110260092971451684414506257692868294723170260610394626888988898706037325627887541665798738209947326571273465338 0 0 0 0 0 0 0 0 0 0 0 0 1 0 0 0 0 0 0 0 0 0 0 0 0 0 0 0 0 0 0 0 0 0 0 0]
[62294246971056630836078657744023856952824434335820226478183031234425055045992851483639151667554442788584483988 0 0 0 0 0 0 0 0 0 0 0 0 0 1 0 0 0 0 0 0 0 0 0 0 0 0 0 0 0 0 0 0 0 0 0 0]
[719625047703364118749522984841321416639656745867926617682356678019404281408647426385946209845724822895728727794 0 0 0 0 0 0 0 0 0 0 0 0 0 0 1 0 0 0 0 0 0 0 0 0 0 0 0 0 0 0 0 0 0 0 0 0]
[765754322065294115576837042777758542457421742512712562564759575866783830550155648930346287869262023488112617038 0 0 0 0 0 0 0 0 0 0 0 0 0 0 0 1 0 0 0 0 0 0 0 0 0 0 0 0 0 0 0 0 0 0 0 0]
[81887012000223341301961461206925450357961275069959058983257764641673112799804231301356514756389360687316048474 0 0 0 0 0 0 0 0 0 0 0 0 0 0 0 0 1 0 0 0 0 0 0 0 0 0 0 0 0 0 0 0 0 0 0 0]
[1360172598392283854550976893924328884533060295856124539098824604118377062600452773813291013606955181351701913810 0 0 0 0 0 0 0 0 0 0 0 0 0 0 0 0 0 1 0 0 0 0 0 0 0 0 0 0 0 0 0 0 0 0 0 0]
[605012268756026425147164666152998584084962416635296643613571498035583230973697638261710942513827549885171055031 0 0 0 0 0 0 0 0 0 0 0 0 0 0 0 0 0 0 1 0 0 0 0 0 0 0 0 0 0 0 0 0 0 0 0 0]
[573988670144357660292762755748886767841011027966448894996243930515594020690950260355505872161718680338091583456 0 0 0 0 0 0 0 0 0 0 0 0 0 0 0 0 0 0 0 1 0 0 0 0 0 0 0 0 0 0 0 0 0 0 0 0]
[670490758813112619241466935400348926598139954294734435309854903862205533859087587379936733123917710618978096206 0 0 0 0 0 0 0 0 0 0 0 0 0 0 0 0 0 0 0 0 1 0 0 0 0 0 0 0 0 0 0 0 0 0 0 0]
[1492112775371978262055378108804723022089034628269561220940153042329650318760140083446057132364092443439815397826 0 0 0 0 0 0 0 0 0 0 0 0 0 0 0 0 0 0 0 0 0 1 0 0 0 0 0 0 0 0 0 0 0 0 0 0]
[858671004952695915519607429109384129363533939672829312816783361413142830301682062867645331301141826502060467604 0 0 0 0 0 0 0 0 0 0 0 0 0 0 0 0 0 0 0 0 0 0 1 0 0 0 0 0 0 0 0 0 0 0 0 0]
[404268633053890119231237310214413197487216118605201349835184591744984880901108976742129417214799462678897283026 0 0 0 0 0 0 0 0 0 0 0 0 0 0 0 0 0 0 0 0 0 0 0 1 0 0 0 0 0 0 0 0 0 0 0 0]
[848589236239650679071206218961850809125090492861126981246115335534749249475829206002678843546620795299688792885 0 0 0 0 0 0 0 0 0 0 0 0 0 0 0 0 0 0 0 0 0 0 0 0 1 0 0 0 0 0 0 0 0 0 0 0]
[276711427969505122134263645644864040802329635899633164808313756273738017925442945111791679782985994494567745938 0 0 0 0 0 0 0 0 0 0 0 0 0 0 0 0 0 0 0 0 0 0 0 0 0 1 0 0 0 0 0 0 0 0 0 0]
[1789434415018190634177876309161808321351834837405067892928199416337809149954604983912217101704878923782344609975 0 0 0 0 0 0 0 0 0 0 0 0 0 0 0 0 0 0 0 0 0 0 0 0 0 0 1 0 0 0 0 0 0 0 0 0]
[150833267803386204500114390100468849343904335429855290000360945094111239432135945054393965728803567077939107174 0 0 0 0 0 0 0 0 0 0 0 0 0 0 0 0 0 0 0 0 0 0 0 0 0 0 0 1 0 0 0 0 0 0 0 0]
[961553943239759004655786646929977137011539543456295412445962948518954979333505107445716831179618760385670992920 0 0 0 0 0 0 0 0 0 0 0 0 0 0 0 0 0 0 0 0 0 0 0 0 0 0 0 0 1 0 0 0 0 0 0 0]
[839433095787921856913529943473029012829972147615896471287989864130883764112027506489577010863800541339910496743 0 0 0 0 0 0 0 0 0 0 0 0 0 0 0 0 0 0 0 0 0 0 0 0 0 0 0 0 0 1 0 0 0 0 0 0]
[119256455070264464481343793566752903339969779236331402951860483005440357461982950690438908064410105791241771522 0 0 0 0 0 0 0 0 0 0 0 0 0 0 0 0 0 0 0 0 0 0 0 0 0 0 0 0 0 0 1 0 0 0 0 0]
[420457135447367178959740987182344112023151814652519932440653281579313977365375382738065675911776972261715519572 0 0 0 0 0 0 0 0 0 0 0 0 0 0 0 0 0 0 0 0 0 0 0 0 0 0 0 0 0 0 0 1 0 0 0 0]
[763290840965274559579901290483455678379504811575426925218565386946138541379221725051491807850652842241181504831 0 0 0 0 0 0 0 0 0 0 0 0 0 0 0 0 0 0 0 0 0 0 0 0 0 0 0 0 0 0 0 0 1 0 0 0]
[1678971499116843372947768375504705540936571249211871149540814468367813333448389163025384824117602988713136430045 0 0 0 0 0 0 0 0 0 0 0 0 0 0 0 0 0 0 0 0 0 0 0 0 0 0 0 0 0 0 0 0 0 1 0 0]
[1150934761717505482302576541419689792142201740885775912235566336732352377227303082460109886054493110117629123396 0 0 0 0 0 0 0 0 0 0 0 0 0 0 0 0 0 0 0 0 0 0 0 0 0 0 0 0 0 0 0 0 0 0 1 0]
[1620571468886959493682713120278958688588406852065621137538888466460705846182081466176922780098373463370636008585 0 0 0 0 0 0 0 0 0 0 0 0 0 0 0 0 0 0 0 0 0 0 0 0 0 0 0 0 0 0 0 0 0 0 0 1]
]
