[[1945006673731257636100464112222844166704016335226250656409298341730292198295010847143268569056540227309081347 0 0 0 0 0 0 0 0 0 0 0 0 0 0 0 0 0 0 0 0 0 0 0 0 0 0 0 0 0 0 0 0 0 0 0]
[637730228588248082635014047253473662104413259996070270449021156289835905473622699098485501425181949420171955 1 0 0 0 0 0 0 0 0 0 0 0 0 0 0 0 0 0 0 0 0 0 0 0 0 0 0 0 0 0 0 0 0 0 0]
[138872610689472111617429879449508483944614084630074476870179808258469034875695313051224286788056959438032807 0 1 0 0 0 0 0 0 0 0 0 0 0 0 0 0 0 0 0 0 0 0 0 0 0 0 0 0 0 0 0 0 0 0 0]
[1489288429082984353833716992002712473170876443871206766218955839769016547361079085054419436110854899287693476 0 0 1 0 0 0 0 0 0 0 0 0 0 0 0 0 0 0 0 0 0 0 0 0 0 0 0 0 0 0 0 0 0 0 0]
[817025028349033647298814296594480275046809714174174330478581151304466887287561971741274355383160235984970698 0 0 0 1 0 0 0 0 0 0 0 0 0 0 0 0 0 0 0 0 0 0 0 0 0 0 0 0 0 0 0 0 0 0 0]
[268054215394846146314760165192621363968962878688737723741928251582425925610734761427557036309683568954233564 0 0 0 0 1 0 0 0 0 0 0 0 0 0 0 0 0 0 0 0 0 0 0 0 0 0 0 0 0 0 0 0 0 0 0]
[1065298271368333626678024737231842868291822449653778055691583444605997860028645160541366763474784867852774921 0 0 0 0 0 1 0 0 0 0 0 0 0 0 0 0 0 0 0 0 0 0 0 0 0 0 0 0 0 0 0 0 0 0 0]
[1175758921715028107438274104270087723434975170848768875328208147609364508738484063810237744233648955367843234 0 0 0 0 0 0 1 0 0 0 0 0 0 0 0 0 0 0 0 0 0 0 0 0 0 0 0 0 0 0 0 0 0 0 0]
[1873539884879508849349787602328541134184573659926798184019741331568577276830047780719136244593390654292130455 0 0 0 0 0 0 0 1 0 0 0 0 0 0 0 0 0 0 0 0 0 0 0 0 0 0 0 0 0 0 0 0 0 0 0]
[1305661679891744922468744520001736975307231176518255619048371658381954449836170043928637119188541194207432473 0 0 0 0 0 0 0 0 1 0 0 0 0 0 0 0 0 0 0 0 0 0 0 0 0 0 0 0 0 0 0 0 0 0 0]
[765630652656822501986694335028079777560353277508051375122148092430837591643005507144618900710806512847921858 0 0 0 0 0 0 0 0 0 1 0 0 0 0 0 0 0 0 0 0 0 0 0 0 0 0 0 0 0 0 0 0 0 0 0]
[1772680039648603034508948066056857632608930480257972655833174462223258817528844237650693611556085757605001430 0 0 0 0 0 0 0 0 0 0 1 0 0 0 0 0 0 0 0 0 0 0 0 0 0 0 0 0 0 0 0 0 0 0 0]
[1398887484757708143175681442141958224994008018700696971397797526471245022719258043125053641775231866245784630 0 0 0 0 0 0 0 0 0 0 0 1 0 0 0 0 0 0 0 0 0 0 0 0 0 0 0 0 0 0 0 0 0 0 0]
[1245068875012380078722553600187720464430500969258357754048632164102067167291274335577691367389747644969263228 0 0 0 0 0 0 0 0 0 0 0 0 1 0 0 0 0 0 0 0 0 0 0 0 0 0 0 0 0 0 0 0 0 0 0]
[1693482219017856116172398274036127425455201684593072382692046639718993941606032595250186137432144001168344585 0 0 0 0 0 0 0 0 0 0 0 0 0 1 0 0 0 0 0 0 0 0 0 0 0 0 0 0 0 0 0 0 0 0 0]
[1774801614573182086110601301716760028302315282589928782226617039571942659421570949434704631294940586476384207 0 0 0 0 0 0 0 0 0 0 0 0 0 0 1 0 0 0 0 0 0 0 0 0 0 0 0 0 0 0 0 0 0 0 0]
[43570852159538898872578610524877367204559118259871680296432940132540091202221556890111641304382635041609211 0 0 0 0 0 0 0 0 0 0 0 0 0 0 0 1 0 0 0 0 0 0 0 0 0 0 0 0 0 0 0 0 0 0 0]
[1905544094783155254987057852487995100294753519392324066803709998288681833396935732960196161648443244677612371 0 0 0 0 0 0 0 0 0 0 0 0 0 0 0 0 1 0 0 0 0 0 0 0 0 0 0 0 0 0 0 0 0 0 0]
[1723483255484462649678539327679173448433894105538281595263591659446871592722904774423312595703580485012851513 0 0 0 0 0 0 0 0 0 0 0 0 0 0 0 0 0 1 0 0 0 0 0 0 0 0 0 0 0 0 0 0 0 0 0]
[557789694703703313203245054766848953715868856269522936166774900767752830054117908515093768731065591662938380 0 0 0 0 0 0 0 0 0 0 0 0 0 0 0 0 0 0 1 0 0 0 0 0 0 0 0 0 0 0 0 0 0 0 0]
[876461750307361322129718257249233219356864058808948130846843597887788303010196571259386753585216925980676479 0 0 0 0 0 0 0 0 0 0 0 0 0 0 0 0 0 0 0 1 0 0 0 0 0 0 0 0 0 0 0 0 0 0 0]
[559304825645318279620575183261492517391954755099969987294266276331253830923632654320261388979343455014471465 0 0 0 0 0 0 0 0 0 0 0 0 0 0 0 0 0 0 0 0 1 0 0 0 0 0 0 0 0 0 0 0 0 0 0]
[728272209999579957275215600876033898936486037224148347882958847370798453042572802324721288662180516701201189 0 0 0 0 0 0 0 0 0 0 0 0 0 0 0 0 0 0 0 0 0 1 0 0 0 0 0 0 0 0 0 0 0 0 0]
[137771601068271678605851484059530820419081985384810374474738431173871606668617830478258856330231974639349950 0 0 0 0 0 0 0 0 0 0 0 0 0 0 0 0 0 0 0 0 0 0 1 0 0 0 0 0 0 0 0 0 0 0 0]
[1011222729021238497332912091152465346596487049835008919053573574241799040093968999764647515382417365043582155 0 0 0 0 0 0 0 0 0 0 0 0 0 0 0 0 0 0 0 0 0 0 0 1 0 0 0 0 0 0 0 0 0 0 0]
[1039026235993363629202598036284482316290547534833394262973113318768676937073855048193824974488693949231062343 0 0 0 0 0 0 0 0 0 0 0 0 0 0 0 0 0 0 0 0 0 0 0 0 1 0 0 0 0 0 0 0 0 0 0]
[151722795356832406881359299981631306670286681008017447857868178806778444890042537546141028537657368481525786 0 0 0 0 0 0 0 0 0 0 0 0 0 0 0 0 0 0 0 0 0 0 0 0 0 1 0 0 0 0 0 0 0 0 0]
[79719402470072294166140801211249028849729616536307892125841791717494701016107124456065361094144960933034845 0 0 0 0 0 0 0 0 0 0 0 0 0 0 0 0 0 0 0 0 0 0 0 0 0 0 1 0 0 0 0 0 0 0 0]
[1089112840578566110804750459233932557362055644680584192301048194945880760932860883234030916694356208891117359 0 0 0 0 0 0 0 0 0 0 0 0 0 0 0 0 0 0 0 0 0 0 0 0 0 0 0 1 0 0 0 0 0 0 0]
[257339697360688868401438792209815019296213691499784531780303454313648631206601482361167596879227970765080521 0 0 0 0 0 0 0 0 0 0 0 0 0 0 0 0 0 0 0 0 0 0 0 0 0 0 0 0 1 0 0 0 0 0 0]
[99925179819790489052775750402491071466188083514050877915350979708049350487793406098164072962491284909819115 0 0 0 0 0 0 0 0 0 0 0 0 0 0 0 0 0 0 0 0 0 0 0 0 0 0 0 0 0 1 0 0 0 0 0]
[273592592577057652772639944328561896916069656655642970552015732717219944861857610004080613436415577606873394 0 0 0 0 0 0 0 0 0 0 0 0 0 0 0 0 0 0 0 0 0 0 0 0 0 0 0 0 0 0 1 0 0 0 0]
[692388487510276607416424090427571178739085485428066811223437412245274564930043336247882827148763785757719656 0 0 0 0 0 0 0 0 0 0 0 0 0 0 0 0 0 0 0 0 0 0 0 0 0 0 0 0 0 0 0 1 0 0 0]
[794812372508947872679878687706616634074029085618024598836224296229447436111742511815263156823688636183824210 0 0 0 0 0 0 0 0 0 0 0 0 0 0 0 0 0 0 0 0 0 0 0 0 0 0 0 0 0 0 0 0 1 0 0]
[632756830205783189736545804570253197906210262255090336932258224650389090757985092619486393664227687544103391 0 0 0 0 0 0 0 0 0 0 0 0 0 0 0 0 0 0 0 0 0 0 0 0 0 0 0 0 0 0 0 0 0 1 0]
[1758884631928998913263449417796927848911543295882569997183408953580918837058819335252713935943838412704692057 0 0 0 0 0 0 0 0 0 0 0 0 0 0 0 0 0 0 0 0 0 0 0 0 0 0 0 0 0 0 0 0 0 0 1]
]
