[[1337511304926212955596541218736620121324239044551756757097206847464198604949286048804213475753188210046365403773451583863 0 0 0 0 0 0 0 0 0 0 0 0 0 0 0 0 0 0 0 0 0 0 0 0 0 0 0 0 0 0 0 0 0 0 0 0 0 0 0]
[746712552410825399782032832869995718315862976530193327486611863522751856787890098212549971978728701369283972031578454370 1 0 0 0 0 0 0 0 0 0 0 0 0 0 0 0 0 0 0 0 0 0 0 0 0 0 0 0 0 0 0 0 0 0 0 0 0 0 0]
[166446521389172096767018557313320732550184611101362059716226570303709964763395106548397462350679741377360396526613677379 0 1 0 0 0 0 0 0 0 0 0 0 0 0 0 0 0 0 0 0 0 0 0 0 0 0 0 0 0 0 0 0 0 0 0 0 0 0 0]
[653322338067543615563074901813950914112863972094952829469676841915825982354314027132124793797265995763555024035310344650 0 0 1 0 0 0 0 0 0 0 0 0 0 0 0 0 0 0 0 0 0 0 0 0 0 0 0 0 0 0 0 0 0 0 0 0 0 0 0]
[553433742982344300794566821651308139754555966632249484183047413145679692851707230640668201282970926921735837799238998360 0 0 0 1 0 0 0 0 0 0 0 0 0 0 0 0 0 0 0 0 0 0 0 0 0 0 0 0 0 0 0 0 0 0 0 0 0 0 0]
[1024341217512462394236337819346433588024515806441512501484420195276792185165076263012525639443116180629412167763017400727 0 0 0 0 1 0 0 0 0 0 0 0 0 0 0 0 0 0 0 0 0 0 0 0 0 0 0 0 0 0 0 0 0 0 0 0 0 0 0]
[166981411737463157973573292858367432963143465859958843482896557209193323007391708713949705690740972149890987045940842331 0 0 0 0 0 1 0 0 0 0 0 0 0 0 0 0 0 0 0 0 0 0 0 0 0 0 0 0 0 0 0 0 0 0 0 0 0 0 0]
[1132285056864356780981453153130693902632775113561042444411814403945750451023566205265762225822835751415623244063933275288 0 0 0 0 0 0 1 0 0 0 0 0 0 0 0 0 0 0 0 0 0 0 0 0 0 0 0 0 0 0 0 0 0 0 0 0 0 0 0]
[548046011288332629693087829683254166165536351477041166523484907844913923663818454573592459339059596895000067212434100740 0 0 0 0 0 0 0 1 0 0 0 0 0 0 0 0 0 0 0 0 0 0 0 0 0 0 0 0 0 0 0 0 0 0 0 0 0 0 0]
[579801332156165388330634154395038893441996751354984236131528744857397107872705951657579827458703598534201207919993190766 0 0 0 0 0 0 0 0 1 0 0 0 0 0 0 0 0 0 0 0 0 0 0 0 0 0 0 0 0 0 0 0 0 0 0 0 0 0 0]
[436058182950414095912776384991999508263437286021451505876545157347197716364845022977496322324307317149534352698794618932 0 0 0 0 0 0 0 0 0 1 0 0 0 0 0 0 0 0 0 0 0 0 0 0 0 0 0 0 0 0 0 0 0 0 0 0 0 0 0]
[275187176444166887829931883595188149059663423701801236289787868984837276163590597310600779809530106658857358064137280687 0 0 0 0 0 0 0 0 0 0 1 0 0 0 0 0 0 0 0 0 0 0 0 0 0 0 0 0 0 0 0 0 0 0 0 0 0 0 0]
[300025720692343529682982930696320038994797433410630889654516682378359519256902500268305794805843546710764785392366072590 0 0 0 0 0 0 0 0 0 0 0 1 0 0 0 0 0 0 0 0 0 0 0 0 0 0 0 0 0 0 0 0 0 0 0 0 0 0 0]
[1100318286120769513083053821095824873815063766827998279615998964211079128025526632841703096721004895927676179473204144955 0 0 0 0 0 0 0 0 0 0 0 0 1 0 0 0 0 0 0 0 0 0 0 0 0 0 0 0 0 0 0 0 0 0 0 0 0 0 0]
[772021328637111535340601935930077263549317515577763481801504947904079229889184910890157902731116937593822401632631013683 0 0 0 0 0 0 0 0 0 0 0 0 0 1 0 0 0 0 0 0 0 0 0 0 0 0 0 0 0 0 0 0 0 0 0 0 0 0 0]
[378785904344256181152197669919634513911922437722571675529325478597482706050426573180896539738273789557839071204722452728 0 0 0 0 0 0 0 0 0 0 0 0 0 0 1 0 0 0 0 0 0 0 0 0 0 0 0 0 0 0 0 0 0 0 0 0 0 0 0]
[1255157972603286364566537108981122504484577880423167638924726125269613495758293397521427637395974783878342580918031903716 0 0 0 0 0 0 0 0 0 0 0 0 0 0 0 1 0 0 0 0 0 0 0 0 0 0 0 0 0 0 0 0 0 0 0 0 0 0 0]
[338301001101804914788426731227534827964170194689450862166899945651346772589617988390805988400704564634297619681036634623 0 0 0 0 0 0 0 0 0 0 0 0 0 0 0 0 1 0 0 0 0 0 0 0 0 0 0 0 0 0 0 0 0 0 0 0 0 0 0]
[1038467683438665629444409390380641925112898494989144063041741556270669057600131952975140953353924316976582711699951928285 0 0 0 0 0 0 0 0 0 0 0 0 0 0 0 0 0 1 0 0 0 0 0 0 0 0 0 0 0 0 0 0 0 0 0 0 0 0 0]
[48402522492706544593802189158113218895952813757334864941778890969241706357854117116860094357067575426319244006619874349 0 0 0 0 0 0 0 0 0 0 0 0 0 0 0 0 0 0 1 0 0 0 0 0 0 0 0 0 0 0 0 0 0 0 0 0 0 0 0]
[212669274275511606182762110734309388942839257968488570668892484553046715729112863004913007716036418485287796884133004924 0 0 0 0 0 0 0 0 0 0 0 0 0 0 0 0 0 0 0 1 0 0 0 0 0 0 0 0 0 0 0 0 0 0 0 0 0 0 0]
[295246007600326204255005698457238139318955727767294915464978458406082878137256621504836863283439881749346719766180364084 0 0 0 0 0 0 0 0 0 0 0 0 0 0 0 0 0 0 0 0 1 0 0 0 0 0 0 0 0 0 0 0 0 0 0 0 0 0 0]
[961958346338164744856547254834196704802544801483419324350311912183739033909419690435738770282341559516570943934472477559 0 0 0 0 0 0 0 0 0 0 0 0 0 0 0 0 0 0 0 0 0 1 0 0 0 0 0 0 0 0 0 0 0 0 0 0 0 0 0]
[1311823786624107364939110156960668968066158480474602421016906859315275229742697197170304000391026482247658881459526893285 0 0 0 0 0 0 0 0 0 0 0 0 0 0 0 0 0 0 0 0 0 0 1 0 0 0 0 0 0 0 0 0 0 0 0 0 0 0 0]
[512970679985120758171199199612127879469083840266877643058919090692628638286235049660803094527028098970579830450544229294 0 0 0 0 0 0 0 0 0 0 0 0 0 0 0 0 0 0 0 0 0 0 0 1 0 0 0 0 0 0 0 0 0 0 0 0 0 0 0]
[1056929009821205233867566572521721239130872357675774644282630203002489729222345955545888950003725523325019362437112426190 0 0 0 0 0 0 0 0 0 0 0 0 0 0 0 0 0 0 0 0 0 0 0 0 1 0 0 0 0 0 0 0 0 0 0 0 0 0 0]
[198370165075135860431545821018092254165592399531700914093171993082632510726751782040875636239647549859492040104577166237 0 0 0 0 0 0 0 0 0 0 0 0 0 0 0 0 0 0 0 0 0 0 0 0 0 1 0 0 0 0 0 0 0 0 0 0 0 0 0]
[784296102729124731906946141220537242947026110033582262156822704498708215245473506214288860846065147371363750148209801956 0 0 0 0 0 0 0 0 0 0 0 0 0 0 0 0 0 0 0 0 0 0 0 0 0 0 1 0 0 0 0 0 0 0 0 0 0 0 0]
[1139829497088252460681520484277673087159096333588040161283500086164042502926742212066210989646856490463720834380660242838 0 0 0 0 0 0 0 0 0 0 0 0 0 0 0 0 0 0 0 0 0 0 0 0 0 0 0 1 0 0 0 0 0 0 0 0 0 0 0]
[201702403059427713974944915704551924029559760226987025866850972093006192598506693520531657874700313848238767838747020272 0 0 0 0 0 0 0 0 0 0 0 0 0 0 0 0 0 0 0 0 0 0 0 0 0 0 0 0 1 0 0 0 0 0 0 0 0 0 0]
[406525582170135999789398333716145998889364735023061672202625091336038794591605149272318590774072511360452727374514201835 0 0 0 0 0 0 0 0 0 0 0 0 0 0 0 0 0 0 0 0 0 0 0 0 0 0 0 0 0 1 0 0 0 0 0 0 0 0 0]
[1277730051404439396532538589125492475723615949105554560997963931461871979192720623790864934624759485433764741349347989881 0 0 0 0 0 0 0 0 0 0 0 0 0 0 0 0 0 0 0 0 0 0 0 0 0 0 0 0 0 0 1 0 0 0 0 0 0 0 0]
[238573839256746903852145889527956905573626202293434566908217553232797126331451098332719075913228999791911434067507116025 0 0 0 0 0 0 0 0 0 0 0 0 0 0 0 0 0 0 0 0 0 0 0 0 0 0 0 0 0 0 0 1 0 0 0 0 0 0 0]
[1062711401911357308082202947979226385390323864546023659741806775223479187999346332067781088484699445971717667517148808100 0 0 0 0 0 0 0 0 0 0 0 0 0 0 0 0 0 0 0 0 0 0 0 0 0 0 0 0 0 0 0 0 1 0 0 0 0 0 0]
[194499433728427007366773439984967271066312999244165133356436929580310460743366869219170524894442464286506487465990407495 0 0 0 0 0 0 0 0 0 0 0 0 0 0 0 0 0 0 0 0 0 0 0 0 0 0 0 0 0 0 0 0 0 1 0 0 0 0 0]
[1037016922830206126242577610197742486847120332742779442115907524809407430616591337107185181115784715864801843113403171622 0 0 0 0 0 0 0 0 0 0 0 0 0 0 0 0 0 0 0 0 0 0 0 0 0 0 0 0 0 0 0 0 0 0 1 0 0 0 0]
[225985511794125716606827249736622471058621041729062623001582697531264306505217722300280312088515097767680616213856026060 0 0 0 0 0 0 0 0 0 0 0 0 0 0 0 0 0 0 0 0 0 0 0 0 0 0 0 0 0 0 0 0 0 0 0 1 0 0 0]
[1287302659534215727904266109331680888318727848193939409124915210721080347820095074469834956228817675572241693739453552116 0 0 0 0 0 0 0 0 0 0 0 0 0 0 0 0 0 0 0 0 0 0 0 0 0 0 0 0 0 0 0 0 0 0 0 0 1 0 0]
[455426379079849539049404574076456754969715422996429574912934647838770895631073980493365351430337407845760575289379629358 0 0 0 0 0 0 0 0 0 0 0 0 0 0 0 0 0 0 0 0 0 0 0 0 0 0 0 0 0 0 0 0 0 0 0 0 0 1 0]
[341338941989684504000268159996771694535781504720680918604975232296508149265514823285098332424768964786939461436837689069 0 0 0 0 0 0 0 0 0 0 0 0 0 0 0 0 0 0 0 0 0 0 0 0 0 0 0 0 0 0 0 0 0 0 0 0 0 0 1]
]
