[phase 0]
score=4.227880154912699
squared_norm=2185340
coefficients=[0 1 1 0 1 0 0 1 0 0 0 0 0 0 0 0 -1 -1 0 0 0 0 0 0 0 0 0 0 0 0 0 0]
vector=[83 -224 -194 53 249 -18 -329 -106 -363 -109 -461 -129 178 527 203 -339 -315 -43 -106 57 -72 -249 -23 339 -239 358 276 238 -582 -5 -332 -49]

[phase 1]
score=0
squared_norm=2185340
coefficients=[1 0 0 0 0 0 0 0 0 0 0 0 0 0 0 0 0 0 0 0 0 0 0 0 0 0 0 0 0 0 0 0]
vector=[83 -224 -194 53 249 -18 -329 -106 -363 -109 -461 -129 178 527 203 -339 -315 -43 -106 57 -72 -249 -23 339 -239 358 276 238 -582 -5 -332 -49]

