phase	depth	k	node	parent	z_k	tree_nodes_at_depth	parent_rho	rho	bound_r2	center	delta	legal_lo	legal_hi	N	Q	M
0	1	37	1	0	0	7	0	0	1.3987941741943359	0	2.8931430485729988	-2	2	8304	-1	0
0	2	36	2	1	0	31	0	0	1.3987941741943359	0	2.6873155286871078	-2	2	3199	-1	0
0	3	35	3	2	0	137	0	0	1.3987941741943359	0	3.1604802452569176	-3	3	1175	-1	0
0	4	34	4	3	0	511	0	0	1.3987941741943359	0	3.0671128354932784	-3	3	429	-1	0
0	5	33	214754	4	-1	1561	0	0.18899643389629747	1.3987941741943359	0	2.7205085965611784	-2	2	131	-1	0
0	6	32	5091316	214754	1	4411	0.18899643389629747	0.30666499740445141	1.3987941741943359	0.18302709449028839	2.6195929459427303	-2	2	44	-1	0
0	7	31	5091317	5091316	1	10553	0.30666499740445141	0.3301260972807884	1.3987941741943359	0.66069623753412687	2.3150026693474177	-1	2	22	-1	0
0	8	30	5091318	5091317	-1	25327	0.3301260972807884	0.34179589768160046	1.3987941741943359	-0.74536699454939737	2.4367131122580683	-3	1	10	-1	0
0	9	29	5091319	5091318	0	54007	0.34179589768160046	0.37398866713068479	1.3987941741943359	-0.4040274990612896	2.3150954164028534	-2	1	5	-1	0
0	10	28	5091320	5091319	1	104965	0.37398866713068479	0.37671908123238507	1.3987941741943359	1.113464000853986	2.1981866161199113	-1	3	3	-1	0
0	11	27	5091321	5091320	1	183656	0.37671908123238507	0.37714885996587766	1.3987941741943359	0.95718091129189176	2.0881243697609957	-1	3	1	-1	0
0	12	26	8290915	5091321	0	294772	0.37714885996587766	0.45954071836259863	1.3987941741943359	-0.56870482048306037	2.0026028680780503	-2	1	0	0	0
0	13	25	8290916	8290915	-1	408171	0.45954071836259863	0.52767033116487527	1.3987941741943359	-0.53387329390626981	1.7307224470685891	-2	1	0	0	0
0	14	24	8290917	8290916	-1	530675	0.52767033116487527	0.52972527477343834	1.3987941741943359	-1.0790065413445431	1.626683442993937	-2	0	0	0	0
0	15	23	8290918	8290917	0	680598	0.52972527477343834	0.60128072101606489	1.3987941741943359	0.47654281627684064	1.6607630896431098	-1	2	0	0	0
0	16	22	8290919	8290918	-2	751847	0.60128072101606489	0.69387803488004229	1.3987941741943359	-1.5183334099381711	1.413566804885823	-2	-1	0	0	0
0	17	21	8290920	8290919	0	850237	0.69387803488004229	0.73140974870508479	1.3987941741943359	-0.32314408206487755	1.4004439628956227	-1	1	0	0	0
0	18	20	8290921	8290920	1	868005	0.73140974870508479	0.74151958855222466	1.3987941741943359	1.1558981587307551	1.2666507414861039	0	2	0	0	0
0	19	19	8290922	8290921	1	815469	0.74151958855222466	0.74539771533833032	1.3987941741943359	0.90874072196143374	1.1880629352505783	0	2	0	0	0
0	20	18	8290923	8290922	-2	688268	0.74539771533833032	0.76357848836856068	1.3987941741943359	-1.8180666118986564	1.0906731528822735	-2	-1	0	0	0
0	21	17	8290924	8290923	1	551319	0.76357848836856068	0.76462020609948422	1.3987941741943359	1.0423410738934988	1.0455563587308787	0	2	0	0	0
0	22	16	8290925	8290924	0	450104	0.76462020609948422	0.8232615854334504	1.3987941741943359	-0.33086104583775261	1.0880472487928001	-1	0	0	0	0
0	23	15	8290926	8290925	-1	358906	0.8232615854334504	0.83654918842876047	1.3987941741943359	-0.84276047326167725	1.0348403783550286	-1	0	0	0	0
0	24	14	8290927	8290926	2	263702	0.83654918842876047	0.85063020131419242	1.3987941741943359	2.1522187822514236	0.96186493075972679	2	3	0	0	0
0	25	13	8290928	8290927	0	179553	0.85063020131419242	0.85290322046884748	1.3987941741943359	-0.057809662938450197	0.89774735426299024	0	0	0	0	0
0	26	12	8290929	8290928	1	109476	0.85290322046884748	0.85303178275889191	1.3987941741943359	1.0125353528506624	0.81683194127118819	1	1	0	0	0
0	27	11	8290930	8290929	-1	67150	0.85303178275889191	0.86823088870501863	1.3987941741943359	-0.86059053458352064	0.83538186528567937	-1	-1	0	0	0
0	28	10	8290931	8290930	3	37529	0.86823088870501863	0.86832753594583656	1.3987941741943359	2.9897931243478193	0.75625226939959167	3	3	0	0	0
0	29	9	-1	-1	1	0	0.86832753594583656	0.89727623626694086	1.3987941741943359	0.82402464307783474	0.7532972073138553	1	1	0	0	0
0	30	8	-1	-1	1	0	0.89727623626694086	0.89727690072142985	1.3987941741943359	0.99918574172275154	0.70741261101910513	1	1	0	0	0
0	31	7	-1	-1	-1	0	0.89727690072142985	0.90616922173493708	1.3987941741943359	-0.91422775877451201	0.64414277516886986	-1	-1	0	0	0
0	32	6	-1	-1	0	0	0.90616922173493708	0.91176189004623021	1.3987941741943359	-0.062579983941212711	0.58733261584589735	0	0	0	0	0
0	33	5	-1	-1	-1	0	0.91176189004623021	0.94075402782367556	1.3987941741943359	-0.86964087353143305	0.53429387663803762	-1	-1	0	0	0
0	34	4	-1	-1	-1	0	0.94075402782367556	0.94085158110737699	1.3987941741943359	-1.0074800524036875	0.51254908971501467	-1	-1	0	0	0
0	35	3	-1	-1	-2	0	0.94085158110737699	0.94284066310208081	1.3987941741943359	-1.9665956327267706	0.50685347272875991	-2	-2	0	0	0
0	36	2	-1	-1	1	0	0.94284066310208081	1.1386604319747946	1.3987941741943359	1.3130917933442356	0.47775330440178709	1	1	0	0	0
0	37	1	-1	-1	1	0	1.1386604319747946	1.1713152422331508	1.3987941741943359	0.87045446782457869	0.36563452857025863	1	1	0	0	0
0	38	0	-1	-1	-1	0	1.1713152422331508	1.2574729919433594	1.3987941741943359	-1.2084033318534391	0.33863206153395864	-1	-1	0	0	0
