[phase 0]
score=0.091748565123044
squared_norm=2091661
coefficients=[-2 3 -1 0 1 3 -2 -1 2 1 0 0 0 0 -2 1 0 0 0 0 0 -1 0 1 -1 2 -1 0 -1 0]
vector=[-3 257 30 -135 -116 42 -266 -385 -449 -60 -56 -374 201 74 109 -190 -99 118 -191 -26 -103 10 204 153 -648 46 -362 -465 -349 -550]

[phase 1]
score=0
squared_norm=2091661
coefficients=[1 0 0 0 0 0 0 0 0 0 0 0 0 0 0 0 0 0 0 0 0 0 0 0 0 0 0 0 0 0]
vector=[-3 257 30 -135 -116 42 -266 -385 -449 -60 -56 -374 201 74 109 -190 -99 118 -191 -26 -103 10 204 153 -648 46 -362 -465 -349 -550]

