[phase 0 initial]
[[-10 133 0 200 43 423 355 -363 -501 269 -494 129 -396 356 234 -236 -218 -99 93 -636 -545 -244 22 -262 -163 -46 -445 271 224 178 -403 321 346 78]
[168 154 96 -566 -120 -501 80 235 -161 -12 -512 438 -85 46 -156 -299 -478 639 169 -807 163 317 -460 47 -10 -385 606 488 -285 134 97 67 -95 0]
[202 -59 -281 287 -102 275 -684 348 -494 260 208 376 84 150 -28 -508 -427 -655 -501 -225 -253 -299 54 -292 63 782 88 599 -50 310 124 100 -305 -18]
[-472 -482 -219 -628 -89 108 80 -477 706 -102 -666 124 234 -304 -64 -157 -210 804 260 258 -297 166 -622 209 20 -716 353 526 9 -123 -82 -465 237 2]
[264 -432 313 -180 112 353 42 -259 469 166 -903 561 9 289 469 240 -765 187 403 -190 -17 540 -35 484 -5 -514 333 723 518 73 -377 226 3 0]
[-359 -217 179 -188 -331 -279 -82 283 322 140 -687 -469 36 -143 41 -154 188 413 -266 380 -83 266 -252 256 -125 -562 544 -550 -487 537 706 -922 321 18]
[-188 543 60 -45 234 -256 216 -215 9 -218 -27 -582 29 641 -405 125 273 752 354 -684 498 -507 -315 611 -66 232 -657 -410 77 -447 -374 521 -238 1]
[319 -328 153 -316 -168 -253 11 -90 -255 266 -435 -935 -153 503 -313 142 650 558 437 -169 -84 -118 -347 764 94 -756 21 -157 -691 308 150 -366 208 18]
[-23 -75 223 65 -30 -557 747 -127 64 -376 387 232 209 -194 655 379 39 -196 -130 171 249 2 -73 -179 -557 38 826 -222 44 -460 80 180 -168 -65]
[662 -38 125 470 -211 -775 310 296 291 317 -81 -264 426 253 219 363 -88 160 249 -652 173 64 215 -2 185 718 16 316 339 -151 92 331 -701 -82]
[345 128 25 33 -278 -49 360 288 152 9 661 834 227 -744 -801 -794 -255 -28 -157 -555 -5 298 -401 -761 763 459 -16 -66 322 -270 465 -35 -193 -15]
[-464 -389 -33 194 -296 688 -456 -290 882 158 -64 43 52 -192 -395 -155 -188 -489 190 545 320 733 -195 708 -244 72 160 -862 126 373 356 -108 247 5]
[-92 -169 378 -158 -101 641 452 -394 53 55 138 -17 -299 258 207 -167 -457 117 743 -351 22 656 -57 596 -111 -545 338 2 149 -487 357 651 244 25]
[323 -250 -3 222 -609 -119 5 241 330 222 -191 385 -405 -498 -312 167 185 -293 -63 -449 120 70 17 288 89 100 -126 -116 368 326 21 422 317 59]
[-35 -216 -287 437 183 400 -222 -192 217 384 607 -345 -506 -680 88 -114 -372 -240 155 76 -288 76 858 -697 115 409 -614 1065 360 472 -52 538 -140 -7]
[-635 142 105 131 -104 -400 231 244 -103 -282 -147 -368 -133 -271 -249 -58 381 438 227 -545 43 140 474 50 -41 87 -1180 -1059 80 -587 320 303 -118 23]
[-1108 214 -368 25 -349 429 -296 749 303 129 -46 -237 -178 -211 -225 -33 97 78 -154 549 -504 -412 153 -632 33 404 25 58 189 -86 -76 -327 647 132]
[-235 -87 -539 -271 -270 -130 -18 206 -221 98 600 249 233 -315 -698 -164 -158 -26 84 -17 -290 229 -202 -779 258 368 417 218 -66 -89 33 800 19 174]
[-181 386 163 -83 -141 4 23 39 -13 270 -181 -604 -401 82 -65 -95 -385 564 412 -369 -472 394 -64 -221 -211 35 658 160 -103 216 -214 536 -258 142]
[541 291 73 382 244 -43 -190 315 -389 -319 -293 77 253 358 68 419 75 -225 -581 353 25 -710 -104 446 -415 236 9 -62 -57 -327 7 402 -334 86]
[647 153 532 -63 35 -238 493 -649 22 -186 -320 240 -768 -194 -103 -33 230 -17 -42 162 -128 -12 -638 8 69 -825 122 37 -620 109 -103 -93 102 -59]
[178 -19 -362 8 43 -126 88 47 71 23 211 194 467 276 564 471 -355 805 328 309 51 6 -117 -204 68 -256 296 651 37 -477 -402 -408 -201 -175]
[-504 -132 231 144 306 885 -261 -561 143 -120 -210 103 -115 -584 -232 -234 -353 -276 194 63 -303 189 576 -556 -86 211 -247 -296 463 30 148 75 247 -72]
[373 17 -72 59 478 558 -439 -81 -386 -232 614 -82 174 348 133 96 234 -603 -710 -210 178 -736 -9 -98 -196 664 207 46 -19 78 -81 643 494 207]
[22 -196 654 -153 -50 376 -475 427 259 119 -97 77 -358 -364 -192 -514 -47 210 -100 153 255 416 -313 344 -302 -552 282 77 -405 238 582 547 299 -22]
[-313 -95 -323 -512 -266 -461 -542 44 -625 -430 -244 182 310 51 10 -420 -111 687 -674 725 -438 -24 0 -47 -474 -552 343 253 -318 -94 200 -470 -188 -63]
[125 -275 415 58 -301 -551 322 238 111 71 -605 254 713 143 42 7 -167 257 -13 -92 -88 -106 -623 150 396 -228 382 -130 -594 -54 -86 -838 -419 -620]
[-203 -63 321 -228 -226 4 463 -539 -118 24 -277 237 298 -189 119 -432 -51 175 211 -705 -99 392 -222 31 -131 -303 -512 244 628 -290 300 -251 88 227]
[-232 -312 -23 -136 -314 -246 68 40 112 -4 207 -273 788 536 163 180 -274 208 -183 550 266 -291 -373 775 751 154 407 218 -134 -344 -128 -255 -83 319]
[206 463 233 -276 -312 -524 -398 200 503 245 244 303 40 426 -209 262 110 64 659 -320 410 -7 -297 324 0 130 174 -468 -166 143 -334 101 -516 -315]
[-179 466 17 665 -245 18 142 199 2 624 -284 -5 -103 185 84 281 82 -686 -172 -250 -595 -76 540 -5 389 -176 -556 -479 59 356 -88 -368 268 333]
[-270 -753 268 213 -517 876 310 -623 210 -22 76 423 -168 -204 -187 -26 236 -236 426 -205 -465 -243 61 164 -177 -162 -40 21 84 -126 -470 228 -147 -125]
[332 -50 -692 -158 143 -81 -328 -209 -425 501 -88 1184 338 -8 270 -118 -250 8 -342 213 -239 277 -329 -115 -114 -43 724 802 -39 56 110 -214 318 -151]
[-145 265 -5 682 68 -141 395 -133 -298 39 117 -431 30 388 -18 -568 92 -263 5 -172 -461 -292 -421 -296 75 714 -147 325 76 575 -256 289 -128 -167]]
[phase 0 refreshed accepted=1]
[[422 -199 -120 83 205 202 -196 140 -395 171 -77 125 -19 -145 13 526 306 125 102 106 -67 -257 222 -150 746 -162 -166 -263 460 -247 209 -124 -164 332]
[-10 133 0 200 43 423 355 -363 -501 269 -494 129 -396 356 234 -236 -218 -99 93 -636 -545 -244 22 -262 -163 -46 -445 271 224 178 -403 321 346 78]
[-23 -75 223 65 -30 -557 747 -127 64 -376 387 232 209 -194 655 379 39 -196 -130 171 249 2 -73 -179 -557 38 826 -222 44 -460 80 180 -168 -65]
[-866 654 86 83 71 -282 123 158 586 -344 -279 -116 218 -5 -51 -171 -189 607 -349 -135 499 -123 -220 103 -285 426 -134 -803 281 -218 182 -35 -125 1]
[498 -462 95 36 -300 -535 74 131 -685 150 160 -327 140 459 314 13 262 -293 -194 -223 -88 -415 -366 293 -400 64 935 220 -697 158 354 -86 -265 -65]
[202 -59 -281 287 -102 275 -684 348 -494 260 208 376 84 150 -28 -508 -427 -655 -501 -225 -253 -299 54 -292 63 782 88 599 -50 310 124 100 -305 -18]
[-678 111 26 128 -163 -26 -93 373 577 -126 -252 466 189 -646 354 -296 -462 -145 -703 549 1 384 95 -508 -219 194 523 -393 204 229 556 -556 113 0]
[-451 252 118 277 182 985 -12 161 -155 159 75 -264 -286 -48 457 -388 -292 18 -189 289 -709 -12 766 -488 481 -76 -731 205 468 -305 380 -44 373 85]
[323 -250 -3 222 -609 -119 5 241 330 222 -191 385 -405 -498 -312 167 185 -293 -63 -449 120 70 17 288 89 100 -126 -116 368 326 21 422 317 59]
[-135 97 -69 -27 25 424 -55 -453 114 -18 170 -239 -474 -694 464 -299 -133 42 97 400 -877 32 118 -584 -253 -205 374 705 -136 19 -284 -554 -126 -49]
[204 -666 -112 -77 496 -486 663 -637 -88 248 -122 108 150 125 146 553 -196 -203 550 109 388 548 240 -494 -362 -470 -7 353 -143 747 -322 414 185 -7]
[-105 159 -501 -218 90 -236 -736 -36 647 9 -813 77 -160 -772 72 473 84 686 512 122 457 389 306 271 267 -391 -314 -165 179 85 339 -962 -221 144]
[-71 -183 -13 524 -87 370 217 -343 380 551 -135 -181 -387 -95 -225 -135 -248 582 155 -8 198 166 -391 -83 -214 -381 -259 -401 33 1048 -218 -570 405 -87]
[43 202 361 381 65 196 -46 -267 -352 100 309 -887 -16 644 70 10 -154 158 597 -161 28 168 512 -55 -690 77 -117 -65 -660 231 -231 -110 181 -563]
[6 594 -326 -180 -6 -350 187 430 542 -30 50 224 -25 125 -82 221 91 569 0 160 391 226 -210 263 486 -275 -688 76 234 -188 -502 11 18 137]
[-371 -209 47 493 -489 -177 29 16 445 -69 -309 239 305 -352 283 246 -450 550 -84 -435 279 -273 -110 -76 -614 545 724 -344 452 -181 303 -32 -27 -252]
[333 5 398 175 228 389 140 68 127 45 148 -993 -198 345 -423 -162 3 561 611 80 45 -497 -479 695 -349 -185 203 533 -498 -322 417 -315 -277 -79]
[-342 -55 414 -102 95 264 -658 428 0 -360 -27 68 -111 -188 124 1 -284 -140 104 -145 186 -572 335 -63 -433 534 803 531 -1 -390 187 -470 -152 -275]
[-52 21 179 -106 147 -94 864 325 -649 -10 -63 362 219 47 13 233 403 13 -63 -571 81 -97 214 -473 -94 -233 -198 -931 590 171 -473 -198 619 148]
[-251 20 -689 -277 355 271 -269 -414 11 429 -908 -104 -176 318 213 208 -56 -127 464 163 -426 332 75 139 296 -253 -538 320 272 234 -272 229 -121 584]
[-248 82 236 173 51 -247 -178 695 -221 587 -804 14 24 -123 -247 -29 320 52 -227 -255 224 -644 -110 12 -131 385 57 -224 773 626 3 349 -446 303]
[166 -543 204 748 -507 110 -196 301 71 379 -2 404 -873 -86 -322 -124 -440 6 67 -224 -121 -314 -519 -166 -207 225 -35 456 -284 310 -279 154 -198 -170]
[218 381 110 -146 -273 -110 -454 -339 64 -221 -131 280 61 337 610 -208 -187 -11 -472 243 -310 846 509 -506 129 10 205 -121 -6 -203 304 13 377 -7]
[-38 249 134 13 -363 -47 -51 97 150 -363 -898 -527 -18 -70 -543 31 -254 185 -128 -343 -431 -179 517 569 -128 90 -139 -23 -13 -3 415 -188 235 -212]
[135 -292 524 -72 226 -116 2 -511 23 -391 -884 397 -288 -545 45 107 -245 287 488 407 -176 -386 310 -226 -164 -82 590 267 -52 -490 -448 64 -156 61]
[75 569 366 158 -494 6 279 -1021 -189 -229 59 -485 -226 104 -31 326 185 -432 -8 -788 -320 -236 -449 364 75 269 68 -383 -203 -169 -303 197 73 -13]
[-178 -16 167 -402 325 321 -37 -177 -54 -445 677 -72 -144 -595 -436 147 -361 -97 380 129 145 482 -278 247 -276 -588 -45 357 -445 159 -562 -689 -224 50]
[447 -635 114 -189 241 -58 144 -386 -91 32 350 -72 795 -216 3 41 -20 108 0 -13 -55 503 -133 70 -82 -105 715 -463 318 348 -263 -88 -605 64]
[163 80 349 84 460 552 -324 -127 171 -142 117 207 736 -131 -642 533 -179 -596 303 194 435 167 -231 -158 -420 289 -122 216 -31 152 -514 234 256 -34]
[312 7 166 -170 55 -395 225 -142 44 -435 226 -5 88 3 -145 569 420 -2 -112 -510 0 -729 -88 247 -250 25 6 -1143 -30 -120 210 192 -41 54]
[33 -97 282 274 633 12 349 -510 298 124 -882 181 -440 -430 -747 245 169 -75 358 -329 405 111 695 -369 280 -382 38 -227 273 337 -88 -101 705 253]
[-534 -11 0 56 -136 92 277 -476 749 -106 -352 138 710 -20 182 -112 -116 629 -413 186 331 -47 147 88 188 -208 -77 -141 25 278 548 -192 -171 -146]
[-570 250 640 394 705 -605 363 -65 257 203 529 267 -512 -2 455 125 -28 321 -116 316 538 341 302 -634 -19 307 -53 -317 104 -173 -82 -200 -214 -357]
[601 -21 158 216 129 -216 503 142 -326 -322 -64 -70 240 73 146 271 298 -305 770 46 237 570 -86 853 -576 -437 433 -36 -28 304 -14 20 123 -175]]
[phase 1 initial]
[[422 -199 -120 83 205 202 -196 140 -395 171 -77 125 -19 -145 13 526 306 125 102 106 -67 -257 222 -150 746 -162 -166 -263 460 -247 209 -124 -164 332]
[-10 133 0 200 43 423 355 -363 -501 269 -494 129 -396 356 234 -236 -218 -99 93 -636 -545 -244 22 -262 -163 -46 -445 271 224 178 -403 321 346 78]
[-23 -75 223 65 -30 -557 747 -127 64 -376 387 232 209 -194 655 379 39 -196 -130 171 249 2 -73 -179 -557 38 826 -222 44 -460 80 180 -168 -65]
[-866 654 86 83 71 -282 123 158 586 -344 -279 -116 218 -5 -51 -171 -189 607 -349 -135 499 -123 -220 103 -285 426 -134 -803 281 -218 182 -35 -125 1]
[498 -462 95 36 -300 -535 74 131 -685 150 160 -327 140 459 314 13 262 -293 -194 -223 -88 -415 -366 293 -400 64 935 220 -697 158 354 -86 -265 -65]
[202 -59 -281 287 -102 275 -684 348 -494 260 208 376 84 150 -28 -508 -427 -655 -501 -225 -253 -299 54 -292 63 782 88 599 -50 310 124 100 -305 -18]
[-678 111 26 128 -163 -26 -93 373 577 -126 -252 466 189 -646 354 -296 -462 -145 -703 549 1 384 95 -508 -219 194 523 -393 204 229 556 -556 113 0]
[-451 252 118 277 182 985 -12 161 -155 159 75 -264 -286 -48 457 -388 -292 18 -189 289 -709 -12 766 -488 481 -76 -731 205 468 -305 380 -44 373 85]
[323 -250 -3 222 -609 -119 5 241 330 222 -191 385 -405 -498 -312 167 185 -293 -63 -449 120 70 17 288 89 100 -126 -116 368 326 21 422 317 59]
[-135 97 -69 -27 25 424 -55 -453 114 -18 170 -239 -474 -694 464 -299 -133 42 97 400 -877 32 118 -584 -253 -205 374 705 -136 19 -284 -554 -126 -49]
[204 -666 -112 -77 496 -486 663 -637 -88 248 -122 108 150 125 146 553 -196 -203 550 109 388 548 240 -494 -362 -470 -7 353 -143 747 -322 414 185 -7]
[-105 159 -501 -218 90 -236 -736 -36 647 9 -813 77 -160 -772 72 473 84 686 512 122 457 389 306 271 267 -391 -314 -165 179 85 339 -962 -221 144]
[-71 -183 -13 524 -87 370 217 -343 380 551 -135 -181 -387 -95 -225 -135 -248 582 155 -8 198 166 -391 -83 -214 -381 -259 -401 33 1048 -218 -570 405 -87]
[43 202 361 381 65 196 -46 -267 -352 100 309 -887 -16 644 70 10 -154 158 597 -161 28 168 512 -55 -690 77 -117 -65 -660 231 -231 -110 181 -563]
[6 594 -326 -180 -6 -350 187 430 542 -30 50 224 -25 125 -82 221 91 569 0 160 391 226 -210 263 486 -275 -688 76 234 -188 -502 11 18 137]
[-371 -209 47 493 -489 -177 29 16 445 -69 -309 239 305 -352 283 246 -450 550 -84 -435 279 -273 -110 -76 -614 545 724 -344 452 -181 303 -32 -27 -252]
[333 5 398 175 228 389 140 68 127 45 148 -993 -198 345 -423 -162 3 561 611 80 45 -497 -479 695 -349 -185 203 533 -498 -322 417 -315 -277 -79]
[-342 -55 414 -102 95 264 -658 428 0 -360 -27 68 -111 -188 124 1 -284 -140 104 -145 186 -572 335 -63 -433 534 803 531 -1 -390 187 -470 -152 -275]
[-52 21 179 -106 147 -94 864 325 -649 -10 -63 362 219 47 13 233 403 13 -63 -571 81 -97 214 -473 -94 -233 -198 -931 590 171 -473 -198 619 148]
[-251 20 -689 -277 355 271 -269 -414 11 429 -908 -104 -176 318 213 208 -56 -127 464 163 -426 332 75 139 296 -253 -538 320 272 234 -272 229 -121 584]
[-248 82 236 173 51 -247 -178 695 -221 587 -804 14 24 -123 -247 -29 320 52 -227 -255 224 -644 -110 12 -131 385 57 -224 773 626 3 349 -446 303]
[166 -543 204 748 -507 110 -196 301 71 379 -2 404 -873 -86 -322 -124 -440 6 67 -224 -121 -314 -519 -166 -207 225 -35 456 -284 310 -279 154 -198 -170]
[218 381 110 -146 -273 -110 -454 -339 64 -221 -131 280 61 337 610 -208 -187 -11 -472 243 -310 846 509 -506 129 10 205 -121 -6 -203 304 13 377 -7]
[-38 249 134 13 -363 -47 -51 97 150 -363 -898 -527 -18 -70 -543 31 -254 185 -128 -343 -431 -179 517 569 -128 90 -139 -23 -13 -3 415 -188 235 -212]
[135 -292 524 -72 226 -116 2 -511 23 -391 -884 397 -288 -545 45 107 -245 287 488 407 -176 -386 310 -226 -164 -82 590 267 -52 -490 -448 64 -156 61]
[75 569 366 158 -494 6 279 -1021 -189 -229 59 -485 -226 104 -31 326 185 -432 -8 -788 -320 -236 -449 364 75 269 68 -383 -203 -169 -303 197 73 -13]
[-178 -16 167 -402 325 321 -37 -177 -54 -445 677 -72 -144 -595 -436 147 -361 -97 380 129 145 482 -278 247 -276 -588 -45 357 -445 159 -562 -689 -224 50]
[447 -635 114 -189 241 -58 144 -386 -91 32 350 -72 795 -216 3 41 -20 108 0 -13 -55 503 -133 70 -82 -105 715 -463 318 348 -263 -88 -605 64]
[163 80 349 84 460 552 -324 -127 171 -142 117 207 736 -131 -642 533 -179 -596 303 194 435 167 -231 -158 -420 289 -122 216 -31 152 -514 234 256 -34]
[312 7 166 -170 55 -395 225 -142 44 -435 226 -5 88 3 -145 569 420 -2 -112 -510 0 -729 -88 247 -250 25 6 -1143 -30 -120 210 192 -41 54]
[33 -97 282 274 633 12 349 -510 298 124 -882 181 -440 -430 -747 245 169 -75 358 -329 405 111 695 -369 280 -382 38 -227 273 337 -88 -101 705 253]
[-534 -11 0 56 -136 92 277 -476 749 -106 -352 138 710 -20 182 -112 -116 629 -413 186 331 -47 147 88 188 -208 -77 -141 25 278 548 -192 -171 -146]
[-570 250 640 394 705 -605 363 -65 257 203 529 267 -512 -2 455 125 -28 321 -116 316 538 341 302 -634 -19 307 -53 -317 104 -173 -82 -200 -214 -357]
[601 -21 158 216 129 -216 503 142 -326 -322 -64 -70 240 73 146 271 298 -305 770 46 237 570 -86 853 -576 -437 433 -36 -28 304 -14 20 123 -175]]
