[phase 0 initial]
[[0 -568 15 51 -366 -84 -294 -214 -130 88 584 -351 -502 384 39 -118 -10 52 304 29 257 -1075 59 152 281 314 352 -268 -17 -89 19 78 1]
[137 187 -334 -51 574 -917 -217 -497 -273 -378 167 55 301 -591 -220 9 -260 0 -374 -197 127 -421 259 -293 -37 49 -47 -579 109 94 144 -13 0]
[-65 -215 -101 -76 -276 360 -253 -193 -660 125 -70 -151 -280 522 -18 -266 -367 -408 360 -262 -16 -134 -501 -277 51 -442 -776 196 623 320 430 166 1]
[198 384 104 -73 478 -220 340 134 -247 114 -585 -37 -33 -173 527 -3 349 989 -167 -130 73 589 491 90 -208 -424 295 -79 -130 -156 -798 -337 1]
[-333 -70 -479 -74 -34 -351 146 222 214 123 -305 -133 674 -416 438 243 277 -280 264 386 -25 498 685 5 -151 -554 -105 187 -235 597 375 -12 10]
[-105 -134 -494 -551 -409 -644 -94 -94 539 379 282 -117 233 -7 139 557 334 -457 41 624 151 -314 -251 -355 7 177 246 -265 -519 406 -89 -291 0]
[120 -327 -492 304 246 25 161 11 189 433 390 233 72 -238 -141 -1 -60 -159 682 -176 386 -34 393 584 -379 187 312 86 -459 -155 848 279 26]
[32 567 -46 -181 113 -863 -83 -197 -100 -119 -485 122 755 93 442 501 -243 136 -396 -67 -381 48 1060 -126 294 -275 305 -52 -143 202 -180 -384 -228]
[-252 643 75 -196 -93 282 -73 736 417 -146 -312 -282 261 266 -75 632 -311 17 -417 -111 -496 762 -159 65 632 475 -289 -133 -100 -101 258 -89 -23]
[-314 235 764 273 -212 863 -353 -545 -243 -275 -453 429 -156 143 -120 -132 39 -469 -302 270 -457 455 -13 539 -182 -283 -545 360 520 -177 -232 412 -1]
[464 182 -511 164 50 -195 297 -93 -135 505 18 18 402 -275 60 316 -311 317 176 25 132 174 361 88 -602 27 602 620 -222 634 -308 -585 -59]
[494 -108 -44 143 123 542 44 236 -396 117 363 553 107 -913 -93 -168 -317 62 419 20 -19 -69 -15 -329 -316 -157 -380 63 13 -137 120 -105 9]
[392 106 487 154 -137 -513 -33 -326 -2 3 -361 -315 201 41 111 -57 515 -82 -177 449 -381 55 708 84 -107 -497 38 160 102 698 170 488 20]
[-339 482 -175 -358 489 -148 -108 -682 618 30 -433 357 372 254 -308 -21 179 -303 -207 139 -253 222 -312 20 -114 340 325 338 -730 -464 -221 -652 -228]
[-191 52 -516 -120 203 -263 -123 -381 153 -546 -454 -262 -17 -222 -242 12 -277 431 41 -211 -203 -371 905 529 260 59 -20 -355 284 176 -69 -728 -241]
[-239 -432 110 -308 -709 643 121 -225 769 -209 -99 -284 638 -786 76 -42 138 -281 12 932 -287 439 471 550 -88 209 -590 237 -280 31 -214 -248 -7]
[142 -393 887 416 -857 203 -162 105 -30 -93 -138 -69 -285 258 87 280 -55 -59 269 -227 -376 63 369 284 158 493 -568 -66 -92 -604 77 436 -99]
[797 389 226 -441 54 -250 269 66 -165 -58 -309 557 237 210 -311 -293 -401 -723 -1052 -329 358 -87 -346 -738 -79 -257 -78 111 3 -148 416 390 9]
[429 960 62 65 497 355 41 -134 -421 174 471 219 234 -61 -135 596 -360 -115 418 -293 -29 -117 -141 602 69 58 -134 -356 114 -50 167 51 -90]
[-596 -192 51 16 -123 48 -459 317 270 371 174 95 60 518 520 -80 -4 212 33 -56 -119 -353 -719 -480 898 389 506 -594 52 -164 -69 0 141]
[-442 -388 -387 -387 -492 478 313 64 520 -262 70 100 49 344 324 -79 124 -203 -20 -90 188 626 522 -33 -260 -425 271 303 345 -89 550 477 0]
[399 -230 475 -35 451 -401 116 -174 178 -502 -47 197 662 -266 272 142 470 284 -349 -305 152 4 424 -205 -535 -201 -135 -300 -54 -49 -2 589 49]
[80 -104 -374 -346 -442 173 176 -796 -318 859 -454 -30 -948 752 49 -418 189 275 403 331 558 -171 -294 561 18 159 -53 48 173 351 86 -133 -142]
[141 299 -32 226 -317 -70 -223 -408 -53 222 86 -53 30 -413 -92 -13 -87 384 53 331 -89 -621 216 463 286 -96 -110 44 358 289 454 357 -82]
[-194 209 -227 268 243 810 110 189 -599 192 41 -113 -80 53 326 -325 -216 61 718 20 301 508 -25 -9 -39 -487 -43 -155 392 -9 650 -483 137]
[-150 179 339 -18 -197 -156 270 -83 31 -832 -349 -6 542 -1119 -134 -398 -49 60 -199 -216 226 53 123 -249 -80 -357 -437 149 -46 178 90 -574 -187]
[-502 119 -109 451 327 466 355 -109 -328 -49 10 148 -237 -359 -66 26 -11 57 -365 92 -455 511 109 -283 -413 -714 18 340 268 91 -1029 -90 -36]
[-614 123 80 -361 296 -786 -18 -368 7 -194 -78 103 452 521 249 -458 -420 -133 246 274 -218 56 98 -677 491 -330 99 590 98 -213 -46 -50 240]
[-128 -59 364 -240 74 254 436 60 67 459 -99 48 91 -131 -20 -350 507 397 -746 142 262 665 -131 -612 -89 -117 318 311 124 -98 -1051 -25 313]
[-18 247 -292 146 380 694 292 753 -320 153 271 -200 253 -270 33 -273 -289 -562 48 102 -591 -176 -87 125 -448 -318 -138 741 -200 -11 341 35 -156]
[-390 244 -695 -128 268 -388 -169 52 453 469 282 344 446 -555 -31 -119 135 -203 -256 77 753 -179 57 -124 -474 126 610 122 -167 341 450 -289 -376]
[-641 163 0 -30 -399 -181 -186 -194 335 232 -137 -103 -302 866 399 643 299 -667 130 -52 249 -352 -282 162 1095 367 87 -172 158 15 -44 -163 265]
[-151 138 -736 -182 -349 288 -96 181 230 -594 -70 -71 104 -462 -187 -92 102 -344 -266 489 -77 363 412 -7 -383 31 -668 58 -294 643 150 258 -82]]
[phase 0 refreshed]
[[-97 6 -10 -115 360 222 209 218 -322 -9 -248 222 518 123 -319 105 -218 275 -514 147 376 -449 -210 -140 59 -308 229 -554 -254 -320 -132 -189 272]
[137 187 -334 -51 574 -917 -217 -497 -273 -378 167 55 301 -591 -220 9 -260 0 -374 -197 127 -421 259 -293 -37 49 -47 -579 109 94 144 -13 0]
[0 -568 15 51 -366 -84 -294 -214 -130 88 584 -351 -502 384 39 -118 -10 52 304 29 257 -1075 59 152 281 314 352 -268 -17 -89 19 78 1]
[-333 -70 -479 -74 -34 -351 146 222 214 123 -305 -133 674 -416 438 243 277 -280 264 386 -25 498 685 5 -151 -554 -105 187 -235 597 375 -12 10]
[392 106 487 154 -137 -513 -33 -326 -2 3 -361 -315 201 41 111 -57 515 -82 -177 449 -381 55 708 84 -107 -497 38 160 102 698 170 488 20]
[32 567 -46 -181 113 -863 -83 -197 -100 -119 -485 122 755 93 442 501 -243 136 -396 -67 -381 48 1060 -126 294 -275 305 -52 -143 202 -180 -384 -228]
[-34 -475 -67 -312 65 869 -233 114 -538 652 -298 -610 61 379 -101 -272 330 238 565 763 154 -724 -255 -52 114 -664 -264 -306 -602 57 420 -190 292]
[120 -327 -492 304 246 25 161 11 189 433 390 233 72 -238 -141 -1 -60 -159 682 -176 386 -34 393 584 -379 187 312 86 -459 -155 848 279 26]
[-598 -559 -174 149 -955 195 258 416 -87 53 92 142 48 825 461 227 -388 -599 223 -266 311 -15 29 85 163 -375 11 446 610 357 128 246 -8]
[228 504 -30 -528 -9 -209 54 -102 455 168 3 367 61 25 -338 432 67 -229 -527 209 -81 263 -995 -512 -123 417 -1 -184 -267 -102 -483 -357 -11]
[198 384 104 -73 478 -220 340 134 -247 114 -585 -37 -33 -173 527 -3 349 989 -167 -130 73 589 491 90 -208 -424 295 -79 -130 -156 -798 -337 1]
[-547 88 -283 10 -109 203 391 986 -90 -238 -153 -244 -178 234 251 364 -367 271 -339 -637 396 867 -440 73 256 0 -335 -293 632 -8 -88 191 198]
[494 -108 -44 143 123 542 44 236 -396 117 363 553 107 -913 -93 -168 -317 62 419 20 -19 -69 -15 -329 -316 -157 -380 63 13 -137 120 -105 9]
[-314 235 764 273 -212 863 -353 -545 -243 -275 -453 429 -156 143 -120 -132 39 -469 -302 270 -457 455 -13 539 -182 -283 -545 360 520 -177 -232 412 -1]
[-17 -164 8 537 -389 -151 -5 57 128 -335 280 -394 582 -411 30 154 -300 124 -172 384 -230 -510 973 203 57 289 772 601 11 727 -305 -336 -76]
[142 -393 887 416 -857 203 -162 105 -30 -93 -138 -69 -285 258 87 280 -55 -59 269 -227 -376 63 369 284 158 493 -568 -66 -92 -604 77 436 -99]
[735 -138 196 -480 -510 62 336 -207 266 -17 -356 -695 543 -334 -188 -358 -20 -74 -71 434 -459 482 -53 -339 -92 -207 -1030 314 177 718 224 -72 4]
[284 -154 -246 33 -618 -414 171 -604 494 -12 -25 298 -309 847 -587 370 -420 -358 -22 -381 57 -600 355 765 -35 345 445 -34 505 377 219 -60 -224]
[185 -160 305 -492 -65 734 -102 572 -363 -126 -321 -409 -274 116 293 -778 -8 118 -311 67 228 -512 4 -529 534 -278 -144 101 -344 -532 3 -187 -7]
[-24 649 90 -262 -149 -105 -268 -137 -526 -48 360 -498 334 145 483 722 -33 -184 304 298 -183 -660 210 175 578 -369 -199 -523 321 613 -287 -162 -105]
[248 -75 -182 -234 -252 -293 -151 190 -122 388 -522 541 24 -23 680 81 -199 127 -517 -147 442 -337 772 149 431 -492 391 -1074 481 246 228 377 163]
[-442 -388 -387 -387 -492 478 313 64 520 -262 70 100 49 344 324 -79 124 -203 -20 -90 188 626 522 -33 -260 -425 271 303 345 -89 550 477 0]
[-9 -136 231 -36 -304 -67 -515 767 676 182 152 146 -237 39 539 623 27 119 -400 -79 -272 444 -426 -27 220 924 -115 263 -114 264 -527 -70 -62]
[-66 -47 307 -317 15 134 290 681 178 -273 -191 30 -158 1365 -88 205 -102 -309 -528 -215 551 -9 -550 -139 219 18 -13 -75 -109 -364 302 -475 40]
[651 450 216 3 -620 -247 262 -260 -213 260 -130 407 -424 274 -187 248 -482 361 -547 102 141 -223 344 445 453 650 161 -378 519 345 101 240 -155]
[525 125 641 -172 -889 140 324 27 723 45 -353 -145 -330 124 -7 91 656 -93 -259 311 345 -119 -487 -126 -329 -369 185 -296 -23 -557 -270 -289 98]
[-299 -93 284 422 168 594 230 108 108 -133 -315 -676 -248 107 -191 -595 303 -277 163 -219 -569 -359 -247 -336 617 -454 -394 -393 258 162 44 317 -72]
[138 220 36 -572 208 -241 -175 -447 111 249 152 -386 -317 19 126 -437 359 216 589 -525 -90 -266 291 139 390 -38 704 -438 -722 -95 177 -81 -183]
[-327 81 -335 -455 550 -4 647 -122 -869 98 -147 98 198 -193 104 111 49 -276 -224 -579 465 -69 -228 -193 -294 -307 -579 -182 -359 -124 381 305 253]
[-223 -21 3 -46 243 211 -271 -331 -261 -93 237 -255 111 -112 -1006 -213 55 -175 346 -156 -432 -307 -14 -275 -451 -25 -346 -42 67 128 60 -11 -381]
[691 -197 518 165 -36 -408 407 -423 -23 3 319 -253 -628 424 -211 -136 81 241 -143 -339 108 208 340 267 415 223 -379 219 444 -255 379 601 401]
[394 527 -10 -134 134 -251 -200 -108 -47 119 -370 -222 -574 -200 377 668 -449 19 368 -788 -399 355 19 -844 -188 366 -593 -11 166 99 -705 -83 -86]
[-408 828 -354 70 2 111 110 -253 -37 290 -305 544 38 499 -244 18 3 83 -321 -252 326 91 -107 216 47 -492 -65 -291 289 -139 -781 -626 46]]
[phase 1 initial]
[[-97 6 -10 -115 360 222 209 218 -322 -9 -248 222 518 123 -319 105 -218 275 -514 147 376 -449 -210 -140 59 -308 229 -554 -254 -320 -132 -189 272]
[137 187 -334 -51 574 -917 -217 -497 -273 -378 167 55 301 -591 -220 9 -260 0 -374 -197 127 -421 259 -293 -37 49 -47 -579 109 94 144 -13 0]
[0 -568 15 51 -366 -84 -294 -214 -130 88 584 -351 -502 384 39 -118 -10 52 304 29 257 -1075 59 152 281 314 352 -268 -17 -89 19 78 1]
[-333 -70 -479 -74 -34 -351 146 222 214 123 -305 -133 674 -416 438 243 277 -280 264 386 -25 498 685 5 -151 -554 -105 187 -235 597 375 -12 10]
[392 106 487 154 -137 -513 -33 -326 -2 3 -361 -315 201 41 111 -57 515 -82 -177 449 -381 55 708 84 -107 -497 38 160 102 698 170 488 20]
[32 567 -46 -181 113 -863 -83 -197 -100 -119 -485 122 755 93 442 501 -243 136 -396 -67 -381 48 1060 -126 294 -275 305 -52 -143 202 -180 -384 -228]
[-34 -475 -67 -312 65 869 -233 114 -538 652 -298 -610 61 379 -101 -272 330 238 565 763 154 -724 -255 -52 114 -664 -264 -306 -602 57 420 -190 292]
[120 -327 -492 304 246 25 161 11 189 433 390 233 72 -238 -141 -1 -60 -159 682 -176 386 -34 393 584 -379 187 312 86 -459 -155 848 279 26]
[-598 -559 -174 149 -955 195 258 416 -87 53 92 142 48 825 461 227 -388 -599 223 -266 311 -15 29 85 163 -375 11 446 610 357 128 246 -8]
[228 504 -30 -528 -9 -209 54 -102 455 168 3 367 61 25 -338 432 67 -229 -527 209 -81 263 -995 -512 -123 417 -1 -184 -267 -102 -483 -357 -11]
[198 384 104 -73 478 -220 340 134 -247 114 -585 -37 -33 -173 527 -3 349 989 -167 -130 73 589 491 90 -208 -424 295 -79 -130 -156 -798 -337 1]
[-547 88 -283 10 -109 203 391 986 -90 -238 -153 -244 -178 234 251 364 -367 271 -339 -637 396 867 -440 73 256 0 -335 -293 632 -8 -88 191 198]
[494 -108 -44 143 123 542 44 236 -396 117 363 553 107 -913 -93 -168 -317 62 419 20 -19 -69 -15 -329 -316 -157 -380 63 13 -137 120 -105 9]
[-314 235 764 273 -212 863 -353 -545 -243 -275 -453 429 -156 143 -120 -132 39 -469 -302 270 -457 455 -13 539 -182 -283 -545 360 520 -177 -232 412 -1]
[-17 -164 8 537 -389 -151 -5 57 128 -335 280 -394 582 -411 30 154 -300 124 -172 384 -230 -510 973 203 57 289 772 601 11 727 -305 -336 -76]
[142 -393 887 416 -857 203 -162 105 -30 -93 -138 -69 -285 258 87 280 -55 -59 269 -227 -376 63 369 284 158 493 -568 -66 -92 -604 77 436 -99]
[735 -138 196 -480 -510 62 336 -207 266 -17 -356 -695 543 -334 -188 -358 -20 -74 -71 434 -459 482 -53 -339 -92 -207 -1030 314 177 718 224 -72 4]
[284 -154 -246 33 -618 -414 171 -604 494 -12 -25 298 -309 847 -587 370 -420 -358 -22 -381 57 -600 355 765 -35 345 445 -34 505 377 219 -60 -224]
[185 -160 305 -492 -65 734 -102 572 -363 -126 -321 -409 -274 116 293 -778 -8 118 -311 67 228 -512 4 -529 534 -278 -144 101 -344 -532 3 -187 -7]
[-24 649 90 -262 -149 -105 -268 -137 -526 -48 360 -498 334 145 483 722 -33 -184 304 298 -183 -660 210 175 578 -369 -199 -523 321 613 -287 -162 -105]
[248 -75 -182 -234 -252 -293 -151 190 -122 388 -522 541 24 -23 680 81 -199 127 -517 -147 442 -337 772 149 431 -492 391 -1074 481 246 228 377 163]
[-442 -388 -387 -387 -492 478 313 64 520 -262 70 100 49 344 324 -79 124 -203 -20 -90 188 626 522 -33 -260 -425 271 303 345 -89 550 477 0]
[-9 -136 231 -36 -304 -67 -515 767 676 182 152 146 -237 39 539 623 27 119 -400 -79 -272 444 -426 -27 220 924 -115 263 -114 264 -527 -70 -62]
[-66 -47 307 -317 15 134 290 681 178 -273 -191 30 -158 1365 -88 205 -102 -309 -528 -215 551 -9 -550 -139 219 18 -13 -75 -109 -364 302 -475 40]
[651 450 216 3 -620 -247 262 -260 -213 260 -130 407 -424 274 -187 248 -482 361 -547 102 141 -223 344 445 453 650 161 -378 519 345 101 240 -155]
[525 125 641 -172 -889 140 324 27 723 45 -353 -145 -330 124 -7 91 656 -93 -259 311 345 -119 -487 -126 -329 -369 185 -296 -23 -557 -270 -289 98]
[-299 -93 284 422 168 594 230 108 108 -133 -315 -676 -248 107 -191 -595 303 -277 163 -219 -569 -359 -247 -336 617 -454 -394 -393 258 162 44 317 -72]
[138 220 36 -572 208 -241 -175 -447 111 249 152 -386 -317 19 126 -437 359 216 589 -525 -90 -266 291 139 390 -38 704 -438 -722 -95 177 -81 -183]
[-327 81 -335 -455 550 -4 647 -122 -869 98 -147 98 198 -193 104 111 49 -276 -224 -579 465 -69 -228 -193 -294 -307 -579 -182 -359 -124 381 305 253]
[-223 -21 3 -46 243 211 -271 -331 -261 -93 237 -255 111 -112 -1006 -213 55 -175 346 -156 -432 -307 -14 -275 -451 -25 -346 -42 67 128 60 -11 -381]
[691 -197 518 165 -36 -408 407 -423 -23 3 319 -253 -628 424 -211 -136 81 241 -143 -339 108 208 340 267 415 223 -379 219 444 -255 379 601 401]
[394 527 -10 -134 134 -251 -200 -108 -47 119 -370 -222 -574 -200 377 668 -449 19 368 -788 -399 355 19 -844 -188 366 -593 -11 166 99 -705 -83 -86]
[-408 828 -354 70 2 111 110 -253 -37 290 -305 544 38 499 -244 18 3 83 -321 -252 326 91 -107 216 47 -492 -65 -291 289 -139 -781 -626 46]]
[phase 1 refreshed]
[[-141 -299 32 -226 317 70 223 408 53 -222 -86 53 -30 413 92 13 87 -384 -53 -331 89 621 -216 -463 -286 96 110 -44 -358 -289 -454 -357 82]
[-97 6 -10 -115 360 222 209 218 -322 -9 -248 222 518 123 -319 105 -218 275 -514 147 376 -449 -210 -140 59 -308 229 -554 -254 -320 -132 -189 272]
[392 106 487 154 -137 -513 -33 -326 -2 3 -361 -315 201 41 111 -57 515 -82 -177 449 -381 55 708 84 -107 -497 38 160 102 698 170 488 20]
[0 -568 15 51 -366 -84 -294 -214 -130 88 584 -351 -502 384 39 -118 -10 52 304 29 257 -1075 59 152 281 314 352 -268 -17 -89 19 78 1]
[-725 -176 -966 -228 103 162 179 548 216 120 56 182 473 -457 327 300 -238 -198 441 -63 356 443 -23 -79 -44 -57 -143 27 -337 -101 205 -500 -10]
[137 187 -334 -51 574 -917 -217 -497 -273 -378 167 55 301 -591 -220 9 -260 0 -374 -197 127 -421 259 -293 -37 49 -47 -579 109 94 144 -13 0]
[-360 461 -533 -335 250 -350 -50 129 -98 -122 -124 437 554 52 331 558 -758 218 -219 -516 0 -7 352 -210 401 222 267 -212 -245 -496 -350 -872 -248]
[59 -593 -359 -474 596 -200 -436 -193 -436 61 31 -724 -186 78 90 -355 375 -421 652 88 -6 -75 -2 -668 -268 -211 -430 -375 -597 182 242 -371 102]
[704 -450 506 306 460 -67 205 -129 26 91 248 104 -431 632 -376 -288 265 -345 188 -444 119 144 200 200 -621 340 565 15 -480 -343 189 422 118]
[-461 -372 -508 98 -381 -722 41 -81 -360 -325 259 197 349 234 241 236 -648 -599 -151 -463 438 -436 288 -208 126 -326 -36 -133 719 451 272 233 -8]
[228 504 -30 -528 -9 -209 54 -102 455 168 3 367 61 25 -338 432 67 -229 -527 209 -81 263 -995 -512 -123 417 -1 -184 -267 -102 -483 -357 -11]
[481 346 -519 -373 439 -44 302 -150 -263 840 -262 412 -180 136 30 162 -11 193 348 -359 362 684 -612 -115 -659 -262 -170 19 -233 -93 -3 -249 17]
[297 -14 -582 -157 489 -473 -148 -549 333 171 419 77 -482 -719 80 -472 490 184 674 283 627 -485 -17 235 -393 73 -217 237 -344 -112 707 -586 -293]
[75 252 275 -91 -302 64 67 273 125 -51 -105 -23 -128 952 -180 192 -189 75 -475 116 462 -630 -334 324 505 -78 -123 -31 249 -75 756 -118 -42]
[1052 332 86 27 -105 -548 94 172 -288 329 646 498 -158 42 -167 710 -692 331 -298 -559 202 -443 85 -79 57 543 396 -675 96 -188 31 202 5]
[-281 205 -463 -319 -58 -335 -783 -662 -408 340 3 -221 -104 306 131 678 -286 -435 127 47 25 -172 278 505 165 53 -452 -682 27 142 580 205 5]
[-114 -323 -92 -203 -530 -570 -17 466 259 -567 256 -283 -163 -295 871 -381 -71 -348 -308 -281 306 -365 1003 -320 550 146 367 326 6 -81 -23 69 -288]
[317 -213 141 392 205 -513 282 354 208 -744 404 -690 -581 -26 126 -241 148 393 -331 -238 526 50 323 127 -322 515 473 474 278 419 -345 -588 -79]
[-122 -23 469 365 -457 253 22 62 364 -136 -524 -565 -113 -308 -195 -436 244 691 354 -22 -442 7 -231 130 439 377 -776 374 -98 -458 338 113 -196]
[-176 -463 227 701 -81 -554 -58 -106 99 -802 -320 286 -539 -448 -567 -168 449 -254 196 -267 -140 -405 145 -220 -316 -46 -302 -221 463 117 20 231 -101]
[207 111 -180 -861 -7 87 80 -65 646 -292 667 265 363 -727 -238 72 -188 -208 -731 575 159 -241 -174 99 413 232 -228 -992 130 -187 48 103 156]
[-410 276 303 131 53 -290 56 106 -504 -118 -159 374 519 198 574 366 -34 211 -117 742 62 227 454 -154 375 -60 -272 -102 6 300 109 -601 -107]
[-516 -135 3 386 -233 870 -10 674 -132 -181 -24 251 -32 -509 508 443 331 579 -67 514 394 18 214 181 -118 306 223 118 233 623 -360 91 25]
[-42 -441 10 -33 383 -116 -348 254 78 -277 -364 124 321 -163 388 -280 4 239 263 -129 -633 -117 663 -659 449 -110 254 -770 93 284 -302 -702 11]
[-427 371 166 360 25 530 422 164 -203 -100 -95 125 -365 593 -246 218 -200 132 -840 208 7 -119 -225 41 92 -792 -105 309 517 16 -273 -208 -78]
[194 -209 227 -268 -243 -810 -110 -189 599 -192 -41 113 80 -53 -326 325 216 -61 -718 -20 -301 -508 25 9 39 487 43 155 -392 9 -650 483 -137]
[138 220 36 -572 208 -241 -175 -447 111 249 152 -386 -317 19 126 -437 359 216 589 -525 -90 -266 291 139 390 -38 704 -438 -722 -95 177 -81 -183]
[-386 -384 -320 -226 -102 -387 374 606 -84 -249 -137 -217 105 416 66 193 291 -840 -160 78 -39 -364 200 283 153 -266 153 3 392 359 90 469 563]
[429 960 62 65 497 355 41 -134 -421 174 471 219 234 -61 -135 596 -360 -115 418 -293 -29 -117 -141 602 69 58 -134 -356 114 -50 167 51 -90]
[335 420 271 100 165 -550 -348 -496 237 349 226 162 -27 -98 -358 -419 373 -5 -697 140 397 -622 80 -45 -430 183 753 95 170 442 245 211 -366]
[393 -134 327 -377 -70 -474 34 -872 94 -72 138 -60 -49 -29 6 -199 270 -69 -45 411 -318 -182 364 -469 494 -21 -499 453 -66 -193 -176 -369 167]
[-64 194 -184 -40 -62 -274 -101 -276 -689 608 -738 88 -206 47 -400 -24 -554 278 197 164 70 -225 -52 -317 -53 -288 211 90 11 -66 -257 526 533]
[-287 -414 19 -258 -362 500 305 692 104 -146 477 630 147 501 -586 -275 127 -380 -299 -224 390 -459 -646 -468 140 483 -43 -278 -4 179 99 -347 602]]
[phase 2 initial]
[[-141 -299 32 -226 317 70 223 408 53 -222 -86 53 -30 413 92 13 87 -384 -53 -331 89 621 -216 -463 -286 96 110 -44 -358 -289 -454 -357 82]
[-97 6 -10 -115 360 222 209 218 -322 -9 -248 222 518 123 -319 105 -218 275 -514 147 376 -449 -210 -140 59 -308 229 -554 -254 -320 -132 -189 272]
[392 106 487 154 -137 -513 -33 -326 -2 3 -361 -315 201 41 111 -57 515 -82 -177 449 -381 55 708 84 -107 -497 38 160 102 698 170 488 20]
[0 -568 15 51 -366 -84 -294 -214 -130 88 584 -351 -502 384 39 -118 -10 52 304 29 257 -1075 59 152 281 314 352 -268 -17 -89 19 78 1]
[-725 -176 -966 -228 103 162 179 548 216 120 56 182 473 -457 327 300 -238 -198 441 -63 356 443 -23 -79 -44 -57 -143 27 -337 -101 205 -500 -10]
[137 187 -334 -51 574 -917 -217 -497 -273 -378 167 55 301 -591 -220 9 -260 0 -374 -197 127 -421 259 -293 -37 49 -47 -579 109 94 144 -13 0]
[-360 461 -533 -335 250 -350 -50 129 -98 -122 -124 437 554 52 331 558 -758 218 -219 -516 0 -7 352 -210 401 222 267 -212 -245 -496 -350 -872 -248]
[59 -593 -359 -474 596 -200 -436 -193 -436 61 31 -724 -186 78 90 -355 375 -421 652 88 -6 -75 -2 -668 -268 -211 -430 -375 -597 182 242 -371 102]
[704 -450 506 306 460 -67 205 -129 26 91 248 104 -431 632 -376 -288 265 -345 188 -444 119 144 200 200 -621 340 565 15 -480 -343 189 422 118]
[-461 -372 -508 98 -381 -722 41 -81 -360 -325 259 197 349 234 241 236 -648 -599 -151 -463 438 -436 288 -208 126 -326 -36 -133 719 451 272 233 -8]
[228 504 -30 -528 -9 -209 54 -102 455 168 3 367 61 25 -338 432 67 -229 -527 209 -81 263 -995 -512 -123 417 -1 -184 -267 -102 -483 -357 -11]
[481 346 -519 -373 439 -44 302 -150 -263 840 -262 412 -180 136 30 162 -11 193 348 -359 362 684 -612 -115 -659 -262 -170 19 -233 -93 -3 -249 17]
[297 -14 -582 -157 489 -473 -148 -549 333 171 419 77 -482 -719 80 -472 490 184 674 283 627 -485 -17 235 -393 73 -217 237 -344 -112 707 -586 -293]
[75 252 275 -91 -302 64 67 273 125 -51 -105 -23 -128 952 -180 192 -189 75 -475 116 462 -630 -334 324 505 -78 -123 -31 249 -75 756 -118 -42]
[1052 332 86 27 -105 -548 94 172 -288 329 646 498 -158 42 -167 710 -692 331 -298 -559 202 -443 85 -79 57 543 396 -675 96 -188 31 202 5]
[-281 205 -463 -319 -58 -335 -783 -662 -408 340 3 -221 -104 306 131 678 -286 -435 127 47 25 -172 278 505 165 53 -452 -682 27 142 580 205 5]
[-114 -323 -92 -203 -530 -570 -17 466 259 -567 256 -283 -163 -295 871 -381 -71 -348 -308 -281 306 -365 1003 -320 550 146 367 326 6 -81 -23 69 -288]
[317 -213 141 392 205 -513 282 354 208 -744 404 -690 -581 -26 126 -241 148 393 -331 -238 526 50 323 127 -322 515 473 474 278 419 -345 -588 -79]
[-122 -23 469 365 -457 253 22 62 364 -136 -524 -565 -113 -308 -195 -436 244 691 354 -22 -442 7 -231 130 439 377 -776 374 -98 -458 338 113 -196]
[-176 -463 227 701 -81 -554 -58 -106 99 -802 -320 286 -539 -448 -567 -168 449 -254 196 -267 -140 -405 145 -220 -316 -46 -302 -221 463 117 20 231 -101]
[207 111 -180 -861 -7 87 80 -65 646 -292 667 265 363 -727 -238 72 -188 -208 -731 575 159 -241 -174 99 413 232 -228 -992 130 -187 48 103 156]
[-410 276 303 131 53 -290 56 106 -504 -118 -159 374 519 198 574 366 -34 211 -117 742 62 227 454 -154 375 -60 -272 -102 6 300 109 -601 -107]
[-516 -135 3 386 -233 870 -10 674 -132 -181 -24 251 -32 -509 508 443 331 579 -67 514 394 18 214 181 -118 306 223 118 233 623 -360 91 25]
[-42 -441 10 -33 383 -116 -348 254 78 -277 -364 124 321 -163 388 -280 4 239 263 -129 -633 -117 663 -659 449 -110 254 -770 93 284 -302 -702 11]
[-427 371 166 360 25 530 422 164 -203 -100 -95 125 -365 593 -246 218 -200 132 -840 208 7 -119 -225 41 92 -792 -105 309 517 16 -273 -208 -78]
[194 -209 227 -268 -243 -810 -110 -189 599 -192 -41 113 80 -53 -326 325 216 -61 -718 -20 -301 -508 25 9 39 487 43 155 -392 9 -650 483 -137]
[138 220 36 -572 208 -241 -175 -447 111 249 152 -386 -317 19 126 -437 359 216 589 -525 -90 -266 291 139 390 -38 704 -438 -722 -95 177 -81 -183]
[-386 -384 -320 -226 -102 -387 374 606 -84 -249 -137 -217 105 416 66 193 291 -840 -160 78 -39 -364 200 283 153 -266 153 3 392 359 90 469 563]
[429 960 62 65 497 355 41 -134 -421 174 471 219 234 -61 -135 596 -360 -115 418 -293 -29 -117 -141 602 69 58 -134 -356 114 -50 167 51 -90]
[335 420 271 100 165 -550 -348 -496 237 349 226 162 -27 -98 -358 -419 373 -5 -697 140 397 -622 80 -45 -430 183 753 95 170 442 245 211 -366]
[393 -134 327 -377 -70 -474 34 -872 94 -72 138 -60 -49 -29 6 -199 270 -69 -45 411 -318 -182 364 -469 494 -21 -499 453 -66 -193 -176 -369 167]
[-64 194 -184 -40 -62 -274 -101 -276 -689 608 -738 88 -206 47 -400 -24 -554 278 197 164 70 -225 -52 -317 -53 -288 211 90 11 -66 -257 526 533]
[-287 -414 19 -258 -362 500 305 692 104 -146 477 630 147 501 -586 -275 127 -380 -299 -224 390 -459 -646 -468 140 483 -43 -278 -4 179 99 -347 602]]
