[phase 0]
score=5.59595179239404
squared_norm=2304368
coefficients=[0 0 0 0 0 0 0 0 0 0 0 0 0 0 0 0 0 0 0 0 0 0 0 -1 0 0 0 0 0 0 0 0 0]
vector=[-141 -299 32 -226 317 70 223 408 53 -222 -86 53 -30 413 92 13 87 -384 -53 -331 89 621 -216 -463 -286 96 110 -44 -358 -289 -454 -357 82]

[phase 1]
score=1.152165477790619
squared_norm=2304368
coefficients=[-1 0 0 0 0 -1 0 0 0 2 1 0 0 0 1 1 0 0 0 0 1 0 -1 1 -1 -1 0 0 0 0 0 0 0]
vector=[-141 -299 32 -226 317 70 223 408 53 -222 -86 53 -30 413 92 13 87 -384 -53 -331 89 621 -216 -463 -286 96 110 -44 -358 -289 -454 -357 82]

[phase 2]
score=0
squared_norm=2304368
coefficients=[1 0 0 0 0 0 0 0 0 0 0 0 0 0 0 0 0 0 0 0 0 0 0 0 0 0 0 0 0 0 0 0 0]
vector=[-141 -299 32 -226 317 70 223 408 53 -222 -86 53 -30 413 92 13 87 -384 -53 -331 89 621 -216 -463 -286 96 110 -44 -358 -289 -454 -357 82]

