[phase 0 initial]
[[-558 -62 192 58 -27 -5 188 214 -59 19 -249 120 -302 -37 -177 241 -254 339 -34 -162 144 -127 295 -869 -332 -130 -193 222 294 110]
[312 259 -204 292 743 59 10 -375 -348 343 686 -58 208 120 396 -59 457 -244 57 -142 -81 305 -647 -26 -251 413 -156 -254 168 -11]
[23 227 10 111 58 -642 557 -433 117 208 278 -190 255 -2 606 323 -228 183 252 -229 -247 -55 -87 -440 -5 656 -223 460 333 32]
[-341 274 146 -277 -559 24 27 -397 203 -136 7 747 -127 347 -169 -449 -271 102 82 -340 509 -17 -180 426 110 -66 215 409 102 72]
[232 39 283 -320 219 93 695 285 101 338 551 -329 541 -327 359 483 299 14 -148 -237 -12 -257 -219 -858 244 405 -52 -344 117 -43]
[108 -235 208 8 -676 140 -742 -190 186 115 -248 195 77 -120 -235 -788 -300 139 27 547 -73 51 -424 464 -236 -650 47 410 245 -132]
[-733 -79 -351 226 118 -12 -214 -181 591 66 15 -408 87 -132 192 -507 -375 309 412 7 15 -316 -118 -107 -569 -551 219 377 343 -22]
[-816 532 -235 125 151 -188 161 -107 -50 34 458 21 284 -201 -2 -453 -349 -522 367 -146 518 -54 -231 39 380 98 -4 -491 -321 -17]
[423 98 181 205 447 -333 444 -306 -810 -373 -205 -211 -105 -118 -143 662 308 547 -61 19 -765 -123 -62 -512 -655 -112 -331 91 125 126]
[214 -72 -364 320 557 67 158 3 311 676 557 -414 21 471 -527 -628 465 -156 -33 -411 -103 -381 -308 96 -291 -44 107 110 -94 17]
[-462 -1 -240 144 43 -87 119 -26 718 -247 -360 688 -643 253 -372 7 -417 436 48 234 -197 98 113 20 315 384 241 915 -465 74]
[-155 -412 -413 590 -215 -444 6 -547 -309 531 721 -61 -85 57 -100 206 -156 -370 199 -512 299 70 67 633 72 526 -248 -295 212 11]
[-209 -64 142 477 244 -438 903 -122 -410 -235 577 -12 -486 93 -444 248 321 204 -194 96 -311 -518 22 -335 434 523 -229 189 455 58]
[103 -538 -33 305 -377 545 -399 643 429 443 -96 75 129 -275 -428 218 141 74 487 -257 234 -511 267 366 -164 -204 -162 -135 -465 -69]
[497 155 -229 -523 244 106 286 33 344 250 293 103 -280 -207 -1153 223 245 -143 -210 -189 602 162 -243 621 185 -251 178 -416 -541 -2]
[554 -282 -309 -77 214 -49 12 -368 286 160 800 -22 -681 629 15 95 -397 -99 17 -165 137 259 -306 475 -229 404 135 12 866 -55]
[-64 3 -68 -344 711 123 2 27 126 275 123 -773 239 -191 660 445 57 336 58 -566 577 240 101 -170 294 189 -242 -6 215 76]
[135 641 604 107 289 -184 284 22 377 279 660 -57 285 299 354 -97 -205 -896 -206 68 276 346 -355 121 205 291 -244 -456 205 -186]
[197 358 6 -228 -501 586 -448 -270 -572 -96 -117 751 225 -410 -407 -138 -326 -88 23 212 197 475 -350 168 493 -273 681 -384 -202 97]
[-478 488 -757 458 175 -306 570 209 152 369 110 55 108 248 124 -82 -509 162 77 -346 82 9 382 -365 -97 467 291 196 -308 -213]
[-121 169 -16 -481 -891 -622 -255 -343 -238 -520 -511 320 211 477 50 55 -563 -372 759 -97 176 348 389 -483 -331 153 -83 38 87 -8]
[394 -232 278 -244 168 42 89 -233 503 316 158 -163 38 55 301 88 121 -218 -241 -665 70 -97 503 280 324 682 684 152 -613 176]
[-463 -506 381 338 177 137 584 515 184 353 219 -469 -164 -81 156 25 -306 83 25 -92 -691 -447 431 35 117 382 84 -161 182 -205]
[-434 -796 535 -415 -679 386 41 -5 -281 -56 -310 99 97 -12 -13 535 -709 190 105 -226 6 446 63 -14 123 -550 136 49 190 467]
[278 337 -536 189 -118 -739 -188 259 -209 -503 -111 -52 -136 -83 -322 1 -97 -399 -74 38 -337 83 119 355 350 81 -140 -756 -401 342]
[-241 195 -129 238 -125 340 -529 208 267 205 300 -491 -149 286 -491 -641 -229 -419 482 -57 271 75 -103 23 -276 -117 -245 257 -211 268]
[-159 177 150 88 119 -246 122 -364 472 -356 -594 231 95 -151 269 -129 -156 561 67 -273 -594 346 -373 -536 -525 -687 429 679 117 -259]
[179 182 15 -191 -230 -715 237 334 -653 385 90 -323 -4 -479 -696 -35 -172 -142 227 87 75 -82 67 -399 -129 -587 511 -154 -204 -406]
[-468 16 -394 719 645 4 -387 532 -514 96 -492 214 -108 -377 -475 -385 482 -246 216 139 -821 -285 -520 -99 -68 184 -67 -64 -82 94]
[700 -119 -611 219 317 17 -329 -81 302 -123 -693 -632 -593 331 -259 -34 199 -297 162 2 -7 238 88 -265 -491 275 568 -241 -302 -209]]
