[phase 0 initial]
[[-384 -231 -177 55 -174 687 162 97 284 -261 214 -283 533 32 -435 -259 -424 -425 -3 -262 -90 -488 428 -462 106 -40 -86 -382 105 100 138 58]
[-56 45 -254 31 297 281 62 -667 -16 -732 93 -458 645 149 45 -152 -4 -589 -348 454 460 -155 161 -136 24 -148 375 -205 -75 36 142 57]
[275 114 -127 -113 -204 -435 -163 -489 38 237 -531 68 -260 -244 -200 -422 601 -30 -16 541 454 55 -473 153 19 -697 542 -42 18 -335 -373 12]
[506 -246 216 -111 111 -136 -397 -206 208 203 190 -328 264 283 -27 -890 134 224 -282 619 -90 123 -56 24 -494 -372 488 -269 202 54 -214 6]
[-140 425 -162 519 -351 -534 218 -300 192 570 -550 103 -323 -229 -352 279 256 -78 387 -451 -81 -358 24 49 19 284 424 -254 -220 -197 10 -112]
[-159 375 1 -213 -202 13 176 157 -216 179 127 -63 254 -149 34 131 -100 -95 248 563 160 214 -815 -173 374 5 -67 324 306 307 62 178]
[211 559 -387 115 131 -698 284 -436 -49 186 367 -295 -101 238 328 387 138 -293 -26 374 19 142 -129 100 -318 -63 249 671 483 -365 -296 -65]
[-251 378 -166 -699 61 -132 111 342 -22 -393 751 191 424 -28 236 21 -25 -384 372 -152 -338 529 76 -174 38 251 -21 452 -78 303 -33 271]
[267 -618 161 224 -204 105 -401 368 474 -241 147 147 105 -220 -249 -683 -102 -198 148 -870 -158 83 -108 3 -42 160 545 -414 219 229 -104 242]
[-321 -292 -78 -162 23 -72 817 -671 116 -232 213 -92 64 31 -169 -343 361 -47 -267 -178 -95 -562 729 -409 -488 -71 131 -33 -51 -29 141 -84]
[352 -454 245 -50 128 291 391 353 349 -290 231 -80 -13 -270 -306 -504 245 167 98 -437 -75 479 461 -181 53 719 333 -382 -186 302 351 226]
[-524 -271 171 -271 477 161 -33 -180 -452 -155 367 590 -468 -391 628 -166 404 60 -347 -59 66 523 -369 249 236 -9 468 161 -377 387 -16 77]
[-418 508 -149 -667 775 229 -401 -188 30 -124 217 41 162 737 149 -152 -303 -124 -541 -123 -19 -60 737 121 -70 -211 223 171 -134 -56 -553 -335]
[-197 -170 -51 -335 307 314 151 -42 -384 -146 -161 -58 -414 370 167 -7 -150 135 -622 316 677 -124 247 117 -9 -174 214 764 -45 -325 420 16]
[-474 -172 -115 -415 276 327 -200 -107 -271 -155 -35 -58 431 189 269 37 -156 -376 -175 231 -240 76 998 93 170 -577 316 -46 20 -221 -323 -568]
[-526 -266 -57 -462 -827 589 -102 602 -167 -350 -494 778 87 -336 -408 -244 -232 -338 338 -358 -207 -137 56 36 139 79 131 -183 29 -41 -214 -144]
[-706 394 -199 -261 209 -500 438 -324 -56 -295 -4 339 -206 -479 151 55 145 19 -386 999 313 285 -440 -185 -7 -191 -224 359 273 227 -455 -210]
[-157 -445 236 -95 -362 227 365 94 -524 -230 135 431 -332 -57 470 753 -222 28 -246 -585 -88 -141 -293 -200 250 -192 -54 11 -42 -314 -456 -107]
[-631 -418 655 -190 180 103 390 370 102 502 -14 48 -421 299 396 88 -30 558 -213 16 200 368 -563 -388 700 149 -488 40 15 308 -148 -219]
[-296 -182 -320 -273 87 140 514 25 -316 -68 197 -96 343 -28 823 264 -122 -853 308 -125 208 93 62 -338 395 -489 -64 -128 -65 -538 -105 145]
[470 446 458 13 -301 674 -274 -389 316 418 -645 -266 180 262 -333 220 119 79 125 209 150 76 -71 77 -104 276 -388 -243 -249 104 -293 -317]
[275 266 332 -272 617 162 51 246 -147 -425 107 128 66 695 229 -123 -1 527 14 -27 -283 -203 443 133 -479 475 281 6 67 -412 48 68]
[166 -292 -726 218 -107 -193 0 -333 202 -188 -359 -517 177 280 -262 -122 14 -323 -269 -72 141 -759 145 -26 317 -467 -194 213 -476 -558 -125 146]
[-149 353 -612 -10 -213 16 -52 -58 805 -35 117 -58 -79 -244 -401 -19 1 -280 571 -689 387 -70 -49 8 197 -307 481 -53 -457 -119 92 -8]
[69 411 64 -272 -152 -318 73 -189 -61 -27 342 -463 336 48 498 -371 739 343 248 214 317 657 -434 1 -539 147 -341 64 -193 220 119 383]
[256 290 -385 -313 -646 157 148 124 -159 -115 187 294 129 290 -74 -219 -311 185 69 369 -8 -696 -284 -340 66 -202 -83 -124 -1 572 -95 456]
[247 -341 26 62 -632 190 -105 264 -156 -503 398 -146 393 -26 140 -1032 -110 -407 -114 -3 116 -536 -394 133 21 -474 -31 -315 4 325 -467 484]
[309 -66 -387 79 138 -343 -130 8 72 538 309 -852 -157 230 -71 95 482 -256 132 -210 189 -224 25 751 -30 86 354 -178 269 -275 171 -226]
[197 566 -20 -427 320 -454 271 -284 -330 210 558 -43 -524 295 333 176 -375 85 222 -122 -228 469 320 134 258 31 160 29 -395 -231 197 221]
[-65 367 -375 373 327 92 -527 -324 13 120 -269 -498 676 234 -122 -200 89 -532 479 670 -102 -525 109 -563 -708 -129 -108 -489 -194 165 -17 -76]
[150 -73 100 418 561 -111 -384 -554 -239 -285 641 9 79 -190 -21 149 329 408 42 472 -44 302 66 -78 -449 809 280 -263 -361 -7 531 -351]
[269 4 392 -126 22 -561 35 574 404 -312 -531 -25 -508 73 414 -342 130 648 88 -489 -359 514 109 48 208 219 591 84 -291 -264 89 -382]]
