[phase 0]
score=2.175974999908329
squared_norm=1863431
coefficients=[3 0 2 0 -1 2 0 1 0 1 0 -1 0 0 1 0 0 -1 -1 -1 0 0 0 -1 -1 0 0 0 0 0]
vector=[-31 -232 10 114 -348 -132 -14 -499 170 -385 -198 144 78 -80 321 -342 -451 12 140 -281 129 -62 65 426 209 -288 -543 22 -25 86]

[phase 1]
score=0
squared_norm=1863431
coefficients=[1 0 0 0 0 0 0 0 0 0 0 0 0 0 0 0 0 0 0 0 0 0 0 0 0 0 0 0 0 0]
vector=[-31 -232 10 114 -348 -132 -14 -499 170 -385 -198 144 78 -80 321 -342 -451 12 140 -281 129 -62 65 426 209 -288 -543 22 -25 86]

