phase	depth	k	node	parent	z_k	nodes_at_depth	parent_rho	rho	bound_r2	remaining	center	delta	legal_lo	legal_hi	offset	P	Ptheta	N	Q	M
0	1	36	1	0	0	5	0	0	0.67291879653930664	0.67291879653930664	0	2.9923407010913801	-2	2	0	0.3920828104019165	0.3920828104019165	1556808	4.5278874119435994e-06	2.9234669316438566
0	2	35	3	1	0	25	0	0	0.67291879653930664	0.67291879653930664	0	2.7388628850208518	-2	2	0	0.41188618540763855	0.41188618540763855	906585	7.7753893413337864e-06	2.9234669316438566
0	3	34	14	3	0	95	0	0	0.67291879653930664	0.67291879653930664	0	2.8890741846274937	-2	2	0	0.39971718192100525	0.39971718192100525	476460	6.1358076892999547e-06	2.9234669316438566
0	4	33	31	14	0	315	0	0	0.67291879653930664	0.67291879653930664	0	2.8140430989765197	-2	2	0	0.40562838315963745	0.40562838315963745	250675	1.1662379302458787e-05	2.9234669316438566
0	5	32	90	31	0	931	0	0	0.67291879653930664	0.67291879653930664	0	2.7264385758067275	-2	2	0	0.41295447945594788	0.41295447945594788	131457	2.2238959748388117e-05	2.9234669316438566
0	6	31	248	90	-1	2547	0	0.090593661164218964	0.67291879653930664	0.67291879653930664	0	2.7254136341802044	-2	2	-0.36691678190007909	0.19828754663467407	0.19828754663467407	31667	9.2319036588368221e-05	2.9234669316438566
0	7	30	1238	248	1	5819	0.090593661164218964	0.11892806688502852	0.67291879653930664	0.58232513537508768	0.49235082208962022	2.3013856524586731	-1	2	0.22058414128376766	0.34993144869804382	0.34993144869804382	14607	0.00020014150281672189	2.9234669316438566
0	8	29	4052	1238	0	12215	0.11892806688502852	0.15074044347974036	0.67291879653930664	0.55399072965427809	-0.52927361357270053	2.2086832336383204	-2	1	0.23963310152938436	0.3466053307056427	0.3466053307056427	6617	0.00044181153568744998	2.9234669316438566
0	9	28	8703	4052	0	22041	0.15074044347974036	0.15124526550609821	0.67291879653930664	0.52217835305956628	0.06105576494363088	1.9636630173590479	-1	2	-0.031092791585872741	0.52143442630767822	0.52143442630767822	4266	0.00068529463939143382	2.9234669316438566
0	10	27	22702	8703	-1	40567	0.15124526550609821	0.16033158290397553	0.67291879653930664	0.52167353103320846	-0.72306090684426527	2.0984069454044629	-2	1	-0.13197587520487133	0.43645504117012024	0.43645504117012024	2405	0.0012155787657562814	2.9234669316438566
0	11	26	45106	22702	1	67399	0.16033158290397553	0.16138007808915469	0.67291879653930664	0.51258721363533111	0.91099926091514072	1.9678603586858188	-1	2	0.045227161923367371	0.51214498281478882	0.51214498281478882	1531	0.001909514651628907	2.9234669316438566
0	12	25	91300	45106	0	100767	0.16138007808915469	0.19269368741857459	0.67291879653930664	0.51153871845015197	-0.4557656369133562	1.8421045230250597	-2	1	0.24741573087552537	0.39172461628913879	0.39172461628913879	779	0.0037528458686057211	2.9234669316438566
0	13	24	179864	91300	1	134745	0.19269368741857459	0.19453228975168346	0.67291879653930664	0.48022510912073207	0.89722202576978483	1.6610342284802853	0	2	0.061875891819670022	0.59376031160354614	0.59376031160354614	553	0.0052865586467339175	2.9234669316438566
0	14	23	290156	179864	-1	172695	0.19453228975168346	0.19460510703424141	0.67291879653930664	0.47838650678762318	-0.97971049071049643	1.6445374602383283	-2	0	-0.012337517253369979	0.62199407815933228	0.62199407815933228	407	0.0071829654340143899	2.9234669316438566
0	15	22	402303	290156	1	220233	0.19460510703424141	0.20844454405344873	0.67291879653930664	0.47831368950506525	1.2864479753957379	1.6840033478927696	0	2	-0.17009940969189669	0.52435952425003052	0.52435952425003052	261	0.011201022726604814	2.9234669316438566
0	16	21	545153	402303	0	278553	0.20844454405344873	0.21011724781381699	0.67291879653930664	0.46447425248585789	-0.10210383875890629	1.7014272180326477	-1	1	0.060010700238455388	0.58786100149154663	0.58786100149154663	186	0.015717564148622885	2.9234669316438566
0	17	20	800099	545153	1	305567	0.21011724781381699	0.2550797966193184	0.67291879653930664	0.46280154872548962	0.52599020101225924	1.520755025898795	0	2	0.31169372510052501	0.4540582001209259	0.4540582001209259	99	0.029529969006503603	2.9234669316438566
0	18	19	1070063	800099	-2	302465	0.2550797966193184	0.27525151295229222	0.67291879653930664	0.41783899991998824	-1.7068802637920377	1.3340684753809389	-3	-1	-0.21971865883740549	0.56782746315002441	0.56782746315002441	71	0.041175590586533195	2.9234669316438566
0	19	18	1711723	1070063	-1	267051	0.27525151295229222	0.33160415075619554	0.67291879653930664	0.39766728358701442	-0.54612460400195995	1.2057005175523801	-1	0	-0.37644123842579508	0.53818094730377197	0.53818094730377197	44	0.066442430264633104	2.9234669316438566
0	20	17	2129654	1711723	1	253677	0.33160415075619554	0.34322629635195229	0.67291879653930664	0.3413146457831111	0.77022966743238752	1.2451688830973002	0	2	0.18452945274063498	0.61713171005249023	0.61713171005249023	33	0.088589907019510805	2.9234669316438566
0	21	16	2700123	2129654	2	210607	0.34322629635195229	0.34739444542312675	0.67291879653930664	0.32969250018735435	2.1249245179581644	1.1110423026074583	2	3	-0.11243902924756731	0.79418772459030151	0.79418772459030151	26	0.11244103583245603	2.9234669316438566
0	22	15	2801947	2700123	-2	155463	0.34739444542312675	0.35050670045802396	0.67291879653930664	0.32552435111617989	-1.9000249087380749	1.0224591389318205	-2	-1	-0.097779057817773213	0.82706278562545776	0.82706278562545776	23	0.12710725789755897	2.9234669316438566
0	23	14	2815450	2801947	0	102019	0.35050670045802396	0.42423006274875202	0.60191869735717773	0.25141199689915378	-0.44537688155766569	0.82246628089049867	-1	0	0.54151384914582557	0.56602597236633301	0.56602597236633301	15	0.19489779544292377	2.9234669316438566
0	24	13	2820656	2815450	2	67388	0.42423006274875202	0.43698095563328315	0.60191869735717773	0.17768863460842574	2.1888983717126109	0.70516011632760722	2	2	-0.2678801130959762	1	1	14	0.20881906654598975	2.9234669316438566
0	25	12	2822118	2820656	0	43163	0.43698095563328315	0.43818511969274382	0.60191869735717773	0.16493774172389458	-0.057808790929564195	0.67656741578059809	0	0	0.085444243369105471	1	1	13	0.22488207166491206	2.9234669316438566
0	26	11	2823392	2822118	1	26728	0.43818511969274382	0.44476582490298461	0.60191869735717773	0.16373357766443392	1.1333945540303907	0.66538155384660314	1	1	-0.2004782868704886	1	1	12	0.24362224430365473	2.9234669316438566
0	27	10	2823575	2823392	1	15006	0.44476582490298461	0.47274959031094144	0.60191869735717773	0.15715287245419313	1.2517942480924993	0.59669705042069765	1	1	-0.42198004484013008	1	1	11	0.26576972105853242	2.9234669316438566
0	28	9	2824453	2823575	1	8631	0.47274959031094144	0.47384760721609126	0.60191869735717773	0.12916910704623627	1.0521048819076124	0.56513633559757936	1	1	-0.092198782179730737	1	1	10	0.29234669316438566	2.9234669316438566
0	29	8	2824743	2824453	2	4570	0.47384760721609126	0.48340776906184413	0.60191869735717773	0.1280710901410865	2.1455543424418493	0.53274342378694195	2	2	-0.27321659159524514	1	1	9	0.3248296590715396	2.9234669316438566
0	30	7	2824841	2824743	4	2198	0.48340776906184413	0.48605271932470884	0.60191869735717773	0.11851092829533358	3.9320647486224849	0.4547425909063712	4	4	0.14939276139081234	1	1	8	0.36543336645548208	2.9234669316438566
0	31	6	2824857	2824841	-3	926	0.48605271932470884	0.48621913227500724	0.60191869735717773	0.11586597803246888	-2.9836944734546096	0.43024836998726368	-3	-3	-0.037897939150525715	1	1	7	0.4176381330919795	2.9234669316438566
0	32	5	2824906	2824857	1	358	0.48621913227500724	0.48730399462765184	0.60191869735717773	0.11569956508217047	0.96154749053693533	0.3971030582332522	1	1	0.096832569444676192	1	1	6	0.48724448860730946	2.9234669316438566
0	33	4	2824923	2824906	-1	160	0.48730399462765184	0.48815116106062328	0.60191869735717773	0.11461470272952591	-0.96533290435661767	0.40323038925809768	-1	-1	-0.085973420076711451	1	1	5	0.58469338632877133	2.9234669316438566
0	34	3	2824947	2824923	2	58	0.48815116106062328	0.49178337655019183	0.60191869735717773	0.11376753629655442	2.068570254591986	0.3837594963813159	2	2	-0.17868028084926452	1	1	4	0.73086673291096416	2.9234669316438566
0	35	2	2824980	2824947	-1	16	0.49178337655019183	0.53096948437611147	0.60191869735717773	0.1101353208069859	-0.7821466033737442	0.36522591144205335	-1	-1	-0.59648943243398656	1	1	3	0.97448897721461891	2.9234669316438566
0	36	1	2824996	2824980	1	6	0.53096948437611147	0.5679771775082737	0.60191869735717773	0.070949212981066281	0.7941510774194338	0.28502068680853426	1	1	0.7222244984584133	1	1	2	1.4617334658219283	2.9234669316438566
0	37	0	2825012	2824996	-3	3	0.5679771775082737	0.57455706596374512	0.60191869735717773	0.03394151984890402	-3.0988844348797806	0.22458684435333287	-3	-3	0.44029486751329955	1	1	1	2.9234669316438566	2.9234669316438566
1	1	36	1	0	0	5	0	0	0.57455706596374512	0.57455706596374512	0	2.7650073813615617	-2	2	0	0.40967032313346863	0.40967032313346863	352501	0	0
1	2	35	3	1	0	19	0	0	0.57455706596374512	0.57455706596374512	0	2.5307867151818062	-2	2	0	0.43118768930435181	0.43118768930435181	223734	0	0
1	3	34	12	3	0	77	0	0	0.57455706596374512	0.57455706596374512	0	2.669586201491903	-2	2	0	0.41797259449958801	0.41797259449958801	132403	0	0
1	4	33	31	12	0	249	0	0	0.57455706596374512	0.57455706596374512	0	2.6002553577210556	-2	2	0	0.42439490556716919	0.42439490556716919	79284	0	0
1	5	32	66	31	0	661	0	0	0.57455706596374512	0.57455706596374512	0	2.5193063023154365	-2	2	0	0.4323466420173645	0.4323466420173645	48361	0	0
1	6	31	167	66	0	1685	0	0	0.57455706596374512	0.57455706596374512	0	2.6191869146701401	-2	2	0	0.4226069450378418	0.4226069450378418	27724	0	0
1	7	30	398	167	0	3731	0	0	0.57455706596374512	0.57455706596374512	0	2.4044975134905076	-2	2	0	0.44454658031463623	0.44454658031463623	17159	0	0
1	8	29	865	398	0	6877	0	0	0.57455706596374512	0.57455706596374512	0	2.172937659085461	-2	2	0	0.47301864624023438	0.47301864624023438	11510	0	0
1	9	28	2150	865	0	11013	0	0	0.57455706596374512	0.57455706596374512	0	1.9956337822671995	-1	1	0	0.57665109634399414	0.57665109634399414	8239	0	0
1	10	27	3468	2150	0	16349	0	0	0.57455706596374512	0.57455706596374512	0	1.9379070026875427	-1	1	0	0.58392184972763062	0.58392184972763062	5970	0	0
1	11	26	6561	3468	0	24309	0	0	0.57455706596374512	0.57455706596374512	0	1.9985493873594244	-1	1	0	0.57629412412643433	0.57629412412643433	4091	0	0
1	12	25	10880	6561	0	33477	0	0	0.57455706596374512	0.57455706596374512	0	1.9378147047990488	-1	1	0	0.58393383026123047	0.58393383026123047	2850	0	0
1	13	24	17341	10880	0	41675	0	0	0.57455706596374512	0.57455706596374512	0	1.8259263063912516	-1	1	0	0.59921306371688843	0.59921306371688843	2003	0	0
1	14	23	29066	17341	0	50239	0	0	0.57455706596374512	0.57455706596374512	0	1.8261740728692506	-1	1	0	0.59917736053466797	0.59917736053466797	1422	0	0
1	15	22	42817	29066	0	56933	0	0	0.57455706596374512	0.57455706596374512	0	1.7839232880161031	-1	1	0	0.60539054870605469	0.60539054870605469	1009	0	0
1	16	21	63842	42817	0	56965	0	0	0.57455706596374512	0.57455706596374512	0	1.6250427958227707	-1	1	0	0.63125151395797729	0.63125151395797729	756	0	0
1	17	20	81675	63842	0	53451	0	0	0.57455706596374512	0.57455706596374512	0	1.5612540017252916	-1	1	0	0.64287728071212769	0.64287728071212769	567	0	0
1	18	19	109190	81675	0	52953	0	0	0.57455706596374512	0.57455706596374512	0	1.6981547795048755	-1	1	0	0.61883389949798584	0.61883389949798584	392	0	0
1	19	18	148309	109190	0	47227	0	0	0.57455706596374512	0.57455706596374512	0	1.5736559832731269	-1	1	0	0.64055609703063965	0.64055609703063965	291	0	0
1	20	17	194920	148309	0	41511	0	0	0.57455706596374512	0.57455706596374512	0	1.5876749668707812	-1	1	0	0.63796824216842651	0.63796824216842651	202	0	0
1	21	16	277583	194920	0	32377	0	0	0.57455706596374512	0.57455706596374512	0	1.4353333881316475	-1	1	0	0.66824483871459961	0.66824483871459961	155	0	0
1	22	15	451966	277583	0	23661	0	0	0.57455706596374512	0.57455706596374512	0	1.3856908877168637	-1	1	0	0.67921710014343262	0.67921710014343262	106	0	0
1	23	14	542609	451966	0	16629	0	0	0.57455706596374512	0.57455706596374512	0	1.3598883921417417	-1	1	0	0.68515437841415405	0.68515437841415405	75	0	0
1	24	13	575932	542609	0	10581	0	0	0.57455706596374512	0.57455706596374512	0	1.2652460806925487	-1	1	0	0.7083890438079834	0.7083890438079834	56	0	0
1	25	12	591337	575932	0	6549	0	0	0.57455706596374512	0.57455706596374512	0	1.2742790144081857	-1	1	0	0.70606899261474609	0.70606899261474609	45	0	0
1	26	11	593986	591337	0	3607	0	0	0.57455706596374512	0.57455706596374512	0	1.1264349324876795	-1	1	0	0.74694144725799561	0.74694144725799561	36	0	0
1	27	10	595419	593986	0	2109	0	0	0.57455706596374512	0.57455706596374512	0	1.2196810161079874	-1	1	0	0.72043609619140625	0.72043609619140625	23	0	0
1	28	9	596308	595419	0	1077	0	0	0.57455706596374512	0.57455706596374512	0	1.0996972239745972	-1	1	0	0.75501400232315063	0.75501400232315063	18	0	0
1	29	8	596647	596308	0	535	0	0	0.57455706596374512	0.57455706596374512	0	1.0285569108956634	-1	1	0	0.77752906084060669	0.77752906084060669	15	0	0
1	30	7	596674	596647	0	249	0	0	0.57455706596374512	0.57455706596374512	0	0.92025008899361904	0	0	0	1	1	14	0	0
1	31	6	596789	596674	0	101	0	0	0.57455706596374512	0.57455706596374512	0	1.0154769734333344	-1	1	0	0.78183132410049438	0.78183132410049438	11	0	0
1	32	5	596868	596789	0	31	0	0	0.57455706596374512	0.57455706596374512	0	1.0192548235283407	-1	1	0	0.78058362007141113	0.78058362007141113	8	0	0
1	33	4	596895	596868	0	13	0	0	0.57455706596374512	0.57455706596374512	0	0.92864821880020765	0	0	0	1	1	7	0	0
1	34	3	596916	596895	0	5	0	0	0.57455706596374512	0.57455706596374512	0	0.86678765001976732	0	0	0	1	1	6	0	0
1	35	2	596919	596916	0	1	0	0	0.57455706596374512	0.57455706596374512	0	0.83887999463801177	0	0	0	1	1	5	0	0
1	36	1	596922	596919	0	1	0	0	0.57455706596374512	0.57455706596374512	0	0.92936518139353597	0	0	0	1	1	4	0	0
1	37	0	596931	596922	1	3	0	0.57455706596374512	0.57455706596374512	0.57455706596374512	0	1.000000000002	-1	1	0.99999999999800004	0.10650698095560074	0.10650698095560074	1	0	0
