[phase 0 initial]
[[104 32 75 -78 274 -296 -338 -166 -73 0 -547 -31 -28 -47 -675 -841 -121 186 128 -360 -93 391 -15 -412 183 393 581 -157 130 -35 -557 -219 256 -187 -322 660 -723 344 109]
[-66 -165 -480 711 195 -125 50 -777 -461 272 -300 39 344 -424 -372 -740 88 -159 581 -176 429 892 26 340 -383 693 65 6 741 -151 -470 -316 385 108 -9 130 314 -1 0]
[-193 -663 -535 24 365 -42 -132 -429 -728 64 -589 -74 759 7 164 -262 312 17 152 213 -180 222 -2 210 90 -129 -524 135 -160 -287 91 -174 454 791 484 -778 576 -1 0]
[-95 -35 -372 241 610 135 -288 -181 -5 -141 -690 722 384 179 -324 -393 -336 -170 542 -319 289 104 -464 127 -609 -161 -669 -45 325 -47 -107 413 388 -99 388 -1034 639 90 4]
[-511 71 146 -139 187 -416 -132 695 386 -595 -43 82 -394 909 -523 -189 -141 337 -291 -160 560 -186 16 -444 167 -484 -377 85 63 -268 -223 -398 -88 -1069 -572 -46 -208 307 96]
[404 436 204 339 152 181 -371 -31 403 462 -233 385 -489 156 -116 1114 -83 -509 -383 -88 -377 -691 618 253 142 151 -263 -26 -106 37 67 1075 -374 -84 117 -205 526 -216 -92]
[-603 552 97 -149 -60 391 268 540 -12 -18 -200 407 78 387 343 396 351 384 169 11 781 52 -483 189 183 -835 76 80 477 13 444 -467 -786 -348 323 -181 72 -343 -109]
[489 341 -8 172 -542 601 31 476 226 114 341 -183 -100 151 -130 1248 169 -445 71 -168 358 35 649 -55 291 95 535 -2 27 145 522 -474 -742 -275 657 11 -58 -280 -205]
[189 41 194 442 32 -357 188 -402 -141 509 159 -107 -98 -530 314 167 -161 457 -240 -205 -747 -590 437 -262 208 507 -11 617 -273 -176 220 1186 70 -146 -226 535 -23 -31 0]
[337 -370 108 -49 10 584 210 327 233 84 242 184 439 342 108 -120 283 -523 515 164 120 -312 -452 287 -912 -89 -307 -617 -255 71 41 -118 42 352 304 -393 -180 -379 -322]
[434 -308 24 -572 161 101 163 -162 -361 -227 -61 281 17 -282 -122 -419 400 0 158 216 -927 -74 -648 186 -388 -40 322 -867 -557 -309 -530 37 640 422 263 -198 -403 -114 13]
[-823 141 -20 -145 -793 7 -142 474 -508 -259 133 -305 44 -31 713 572 502 550 -347 489 106 12 -47 -301 260 -876 72 367 -288 -257 71 -23 -616 -165 -689 122 394 -291 67]
[214 -69 -560 -602 -1090 335 25 47 20 353 666 -279 -42 -702 364 600 -378 -326 -100 678 -72 581 -245 209 -222 31 938 -377 -300 319 374 -103 117 68 85 -123 243 -399 -96]
[193 -436 -422 471 -260 -1 -462 149 -439 284 -423 -107 404 451 516 112 -24 -481 -342 200 498 439 731 270 127 560 104 61 -211 -251 151 13 -217 302 382 -1217 1172 -111 -92]
[-547 111 -469 238 -96 -196 673 -140 445 497 121 -397 142 136 -323 757 327 -89 -268 -28 356 -276 484 261 302 394 -328 -533 23 -458 -352 -773 182 -284 -271 785 39 17 19]
[-112 563 -450 332 -2 190 -204 -335 510 483 -538 45 -6 -397 -41 694 -123 205 -457 269 83 235 -211 -386 284 -387 -102 -213 288 3 -525 57 -151 173 -570 562 523 -436 -4]
[388 -40 503 6 356 892 -202 -88 135 141 -444 66 76 527 263 103 412 -274 -311 -50 -287 -320 355 -271 -174 -382 542 172 -376 276 -89 246 -564 1088 137 -674 101 -134 -112]
[303 -758 -62 339 69 -474 -262 428 -75 34 464 -131 546 322 -506 -816 -186 72 -249 -326 750 270 51 -567 104 97 -122 354 51 -393 394 -18 239 -218 68 457 -441 -70 -301]
[-131 -335 -155 -66 -155 -76 184 192 -789 -376 380 -156 152 -201 546 -224 -48 -885 -89 307 -218 252 198 301 -238 -89 222 457 -358 -286 275 232 121 735 281 -616 415 -357 139]
[-20 -493 -695 44 48 27 -619 -123 30 -404 64 86 156 314 -739 611 -76 321 -408 -87 -32 118 374 -85 -485 -265 554 20 -64 -423 28 -199 448 -467 12 -262 457 240 -92]
[296 17 375 -145 -17 -22 -117 -51 78 -144 -188 -237 74 -644 402 -467 -229 414 227 266 -84 240 -281 -38 78 200 666 147 -44 595 883 397 -223 -16 -79 838 -269 389 51]
[-59 -59 -79 -40 -96 -391 -961 163 -607 -423 -145 123 86 266 -627 154 376 120 -424 -401 9 412 593 221 620 383 320 47 541 -333 -92 -804 659 -501 103 -88 112 314 115]
[640 476 -173 524 316 -21 -508 131 191 1042 -88 262 390 73 -601 -572 -304 -84 -270 -494 453 311 -46 217 196 400 220 -223 374 306 24 169 -211 -90 176 43 -465 3 -263]
[61 399 342 74 -105 -379 130 -349 224 412 248 126 95 -943 -266 15 -501 170 11 -99 21 24 -45 137 550 194 267 -50 216 560 110 718 -311 32 -422 454 -650 415 99]
[-330 -612 155 -834 -372 -162 323 -183 159 2 -300 -353 169 -324 945 -526 -279 332 -283 383 -647 110 -440 -334 537 -313 541 412 -628 82 322 754 -344 453 -157 -558 -116 -229 210]
[-28 -292 -421 -68 105 -274 -354 -368 -233 -152 -2 -332 571 -27 -681 -75 459 -391 -256 95 132 118 476 109 242 388 -672 39 -120 -325 267 -57 308 -236 546 -427 389 -123 115]
[-498 -877 360 -439 270 -466 -385 445 -320 11 -78 18 -292 270 383 -285 348 -44 -227 224 217 -229 132 348 510 -20 -391 -98 -121 -184 38 -248 384 662 -224 142 -630 72 -91]
[-158 169 -265 316 -273 154 -451 -465 -17 723 -144 268 202 -284 -132 548 135 -110 -108 146 312 51 458 -148 -335 -146 -8 243 328 -426 489 796 -142 -154 -33 -377 368 -213 -179]
[-496 -147 195 -555 -123 274 97 -234 208 376 -578 -28 -480 -218 -244 94 -311 868 131 89 37 49 -377 445 61 -270 688 -65 163 548 402 -95 -210 405 -146 614 -660 125 -274]
[-53 -88 -255 331 -13 -35 -187 147 -669 -229 -943 81 43 692 -19 -111 549 -87 915 -150 641 311 48 -94 -92 -517 -253 447 -1 238 74 45 -270 -327 227 -314 250 315 50]
[638 422 384 -674 34 -13 -10 362 -447 -708 188 198 -112 161 381 232 749 -393 -466 251 -401 195 -99 -7 672 190 600 -205 -260 -58 485 -119 -30 467 536 -51 -566 308 321]
[-187 243 -171 370 150 180 517 -693 -358 161 448 27 -379 -305 -294 205 59 -393 555 356 -214 -207 -2 -92 -479 258 128 -90 315 -245 -260 698 -244 -255 -654 111 37 -610 -137]
[497 529 -206 -207 243 102 254 -180 601 -585 -138 90 -292 -128 -601 -163 -697 -456 384 -559 -234 334 -200 253 -256 486 387 -157 497 237 -146 276 96 227 149 -74 286 12 -54]
[301 -135 -319 408 152 602 -338 64 -370 849 -556 60 197 -173 -559 752 429 -755 651 287 383 -128 170 482 -208 263 21 -215 295 508 358 227 -180 -88 298 -491 500 -225 -5]
[60 970 316 -411 590 25 -504 240 267 -272 -146 -51 -38 -195 -94 610 -189 307 -23 -337 -240 -534 -49 -267 372 -208 518 72 206 68 349 -669 -164 -378 321 -398 -547 452 -18]
[-163 -40 49 184 -10 -197 -362 898 237 -168 -7 53 -260 638 -705 322 621 92 -180 -34 175 39 228 416 100 -550 123 -657 -140 -405 55 -344 -631 -416 348 13 -161 81 245]
[379 -3 89 92 -99 229 240 -331 433 337 -530 114 -258 -187 259 256 -363 -452 38 -328 -208 -136 191 361 -1004 609 489 -293 278 -148 -165 318 381 -484 -1 -474 154 -506 321]
[-203 -44 198 -22 -497 -448 -441 238 -297 101 190 -237 -1012 358 -71 552 289 -407 -528 -263 608 310 460 -250 74 273 319 -195 -34 186 -517 -178 -306 -380 -182 693 -159 328 -23]
[-459 -134 -135 321 462 457 -62 -256 518 668 421 243 -293 353 -170 185 34 107 -564 198 441 77 88 21 -154 -133 -494 164 874 -139 -66 243 325 -579 -247 650 127 -143 -385]]
