[phase 0 initial]
[[117 -311 -258 248 -229 202 322 295 397 142 411 315 -235 -19 164 552 100 555 -353 -634 60 71 149 -3 -352 2 -147 -101 162 430 -29 -251 -103 -233]
[-101 -166 -427 29 -329 -170 -305 483 -162 -792 -273 286 -232 214 -267 724 -59 -60 -377 184 165 -7 -316 29 -148 245 126 -79 91 547 819 -3 -148 -3]
[190 -182 -227 -324 363 -173 -588 46 -255 -384 -76 197 -583 -816 -415 323 -309 -103 -24 166 652 -233 67 515 107 -57 -404 91 93 446 -41 172 -87 0]
[-615 191 -114 149 -214 -75 404 -46 -739 -611 -379 274 -138 99 -180 0 344 -530 -515 600 188 -784 34 -284 329 483 -337 -2 -32 163 -179 414 -142 230]
[223 681 51 -126 -489 -189 -745 -805 -61 -277 -284 -335 -284 127 -422 432 -419 289 -136 467 215 704 39 238 -313 77 181 20 4 116 651 448 21 0]
[723 283 60 783 343 -55 -825 -246 -190 71 -452 108 -182 -251 -226 -429 -721 134 -50 554 253 147 -133 738 -406 31 249 14 -138 147 114 143 111 -7]
[-62 -333 298 294 224 404 -26 -94 -465 445 -112 282 -134 -252 -175 4 -170 -158 -738 -484 883 -419 226 255 -337 130 -16 -707 254 105 -348 107 -202 -147]
[-24 410 281 783 32 -181 -163 -493 -678 -301 -406 -336 158 83 -15 -88 -441 -140 128 -110 29 -335 113 111 -511 -41 720 -402 219 -431 556 352 275 0]
[221 -298 47 -697 -181 163 -900 235 -125 -132 51 583 -192 162 214 -14 -153 69 -387 -105 440 411 -140 47 195 46 430 -122 316 399 389 -363 221 88]
[9 378 141 483 131 -384 -710 -194 340 635 -239 -124 352 -108 275 -396 4 -178 694 268 -224 99 -130 162 -306 207 36 169 -546 -488 -96 -109 -181 -200]
[-376 615 38 -45 -693 -505 842 -516 169 -302 240 4 59 -79 64 773 172 525 -32 271 -383 -276 -66 -429 -92 164 234 -276 -224 -4 572 -6 -261 -42]
[465 -353 211 60 437 358 502 687 208 -20 -113 -136 400 561 -77 468 -115 -305 -496 -104 14 198 -1040 102 263 460 184 -378 54 -68 658 -463 -432 -147]
[508 106 -18 -15 428 185 -292 -51 -499 -511 -88 2 340 -86 39 -724 -7 158 32 -274 207 -268 -277 310 -243 253 87 -416 544 -199 -160 219 554 272]
[158 -31 -733 -184 10 10 -36 95 102 -163 -35 143 -335 194 439 224 277 -267 15 -627 -246 114 293 46 258 -325 -59 841 -254 327 503 -336 256 117]
[70 -197 162 -379 158 -214 -365 273 -98 113 145 -2 -99 630 237 -70 -49 370 338 563 -599 434 -415 -430 -415 -76 496 -352 201 362 309 -141 358 202]
[-186 66 -694 -350 -228 330 -272 50 -94 -295 323 202 173 -165 -484 151 -202 -156 79 -912 156 401 54 209 -381 36 40 -138 76 -29 40 211 -195 282]
[698 373 -27 443 -390 339 -392 -24 -61 -225 -478 211 348 383 -153 -209 -295 598 210 -49 -584 714 367 143 -332 279 613 -125 38 49 496 369 -13 -24]
[-178 267 -93 -308 -114 -168 -211 -79 156 89 105 -300 -5 -149 -157 12 -246 435 -664 -580 657 4 126 235 359 31 -896 232 336 -154 -359 128 60 -140]
[-192 580 -75 -718 -394 -219 64 -423 -126 515 352 241 -90 -624 381 9 88 183 -17 -755 -338 -234 188 -100 -307 -334 -283 -100 219 216 -456 368 -191 291]
[-213 472 -110 41 40 -94 71 -422 -150 -33 546 -572 -466 -805 50 29 339 64 314 -95 -575 -68 -87 79 -402 20 -787 81 292 -74 -862 -97 199 336]
[-25 -157 -802 415 -232 -95 -533 523 146 -463 -15 111 33 -403 -179 -286 222 -206 386 -59 -395 58 68 311 -90 18 48 -211 73 -414 -586 111 -173 358]
[155 -304 65 -244 741 190 -8 515 632 -184 -35 -135 -106 84 -202 -51 -161 -434 615 -342 -442 -40 -393 300 -189 239 -352 413 173 431 -322 178 -76 37]
[-260 315 35 751 342 -235 -273 -344 221 258 -433 -205 40 288 97 -563 -194 116 -33 -229 -638 44 -164 -441 -493 -400 39 297 -362 -93 522 75 98 -81]
[-288 261 -82 73 -505 -552 159 222 80 -371 99 70 -256 -192 -295 713 -148 116 -428 -497 281 -323 -298 530 -72 693 -278 -453 728 -213 401 11 315 27]
[-293 -148 -380 -173 40 -32 646 367 517 35 345 -50 -83 20 386 268 624 -192 622 -136 -567 -149 120 -198 370 717 -15 263 247 210 68 -33 -145 -370]
[494 315 560 490 104 353 619 291 -57 -93 98 -56 531 132 -14 -116 131 50 220 244 -431 181 38 -172 -435 73 21 274 344 -583 -150 37 58 116]
[606 225 508 168 -123 -87 -523 194 -219 -462 -284 -149 -105 569 -213 -38 -26 -155 -19 494 152 545 -436 435 -401 -250 307 152 494 -25 41 37 434 -363]
[-64 -112 298 -389 485 -292 -743 160 -390 -165 264 -329 76 -562 -24 384 -159 -316 1174 84 -610 -265 -429 98 289 -177 -894 444 385 -244 239 -123 -154 170]
[230 -133 67 392 541 -459 -534 255 -130 166 240 511 205 -389 128 -359 -532 -30 319 266 282 -280 3 46 602 354 369 442 -533 57 -646 -155 199 211]
[457 427 15 -314 -504 203 338 -446 650 -30 -103 -608 441 266 433 -733 -238 14 203 -137 -88 332 -169 -339 350 -237 452 -400 133 -226 -224 102 246 433]
[-937 -114 -103 400 -771 403 329 98 88 364 -60 -338 -81 372 -315 348 642 243 -472 -130 643 -3 296 -362 -353 243 39 -299 -278 109 222 496 -135 -116]
[266 -419 135 114 -880 -66 -42 -195 513 227 -398 116 -115 192 -295 -216 -645 509 -122 -316 -616 384 120 -230 85 -232 379 63 241 350 933 -279 -188 -106]
[145 -351 -557 -303 283 -1 92 76 80 -217 -189 848 -357 -339 300 461 131 133 -156 28 -448 25 247 -442 66 -305 337 403 0 469 -304 280 212 341]
[190 -478 129 -279 -321 373 -513 -34 272 94 334 -38 -492 118 588 421 -21 50 -731 65 203 -304 29 -324 -243 103 389 -272 276 369 290 100 -61 -456]]
[phase 0 refreshed]
[[-325 32 357 -16 -393 -397 -64 -19 -450 -410 -63 -34 206 109 -87 -74 -47 -284 -235 -177 -425 -143 432 -105 -103 -358 -144 130 -429 -417 330 -195 -379 -109]
[117 -311 -258 248 -229 202 322 295 397 142 411 315 -235 -19 164 552 100 555 -353 -634 60 71 149 -3 -352 2 -147 -101 162 430 -29 -251 -103 -233]
[430 135 -320 610 383 -87 -179 121 327 106 -107 58 -265 -231 160 -161 -97 -58 572 418 -314 -2 -13 540 -36 748 234 277 109 357 182 110 -34 -377]
[96 -211 -104 111 -141 -100 467 296 -463 -939 69 148 -411 -14 -202 161 -148 -164 -357 -27 -515 -244 549 273 167 183 54 238 226 428 608 24 -232 -286]
[-618 -122 -496 133 -642 -230 -213 148 403 167 -146 -43 -8 106 -400 211 286 176 155 71 -170 239 411 -175 -664 -273 -210 49 -376 260 -64 240 -230 -91]
[69 119 -210 -775 -229 321 -622 -28 337 259 -171 152 358 -168 -140 382 265 525 593 -410 330 578 18 -353 14 8 -94 -286 43 -80 -267 374 21 269]
[-197 45 -323 -82 -188 -70 -772 187 301 147 -342 138 179 228 -65 563 89 104 -20 211 680 237 -865 -244 -315 62 72 -317 -135 119 211 -27 84 283]
[200 465 126 482 635 -3 341 -196 23 112 -247 -402 379 -40 121 366 -44 -141 212 245 410 -413 -1136 -116 154 289 -148 -244 -75 -540 -114 96 93 286]
[-489 258 -231 880 -312 -257 16 55 -2 166 -207 465 -21 -28 259 156 448 -153 -174 234 24 -614 53 -125 -329 692 -448 66 -416 105 -304 54 -426 -203]
[-143 361 -290 276 -707 -245 106 -24 -394 -949 -201 357 -156 312 -227 280 -10 375 -752 586 -68 -145 -163 -344 -56 -362 -453 341 -371 278 72 89 102 514]
[-252 241 61 -43 -605 -393 -803 -372 -363 -268 265 598 -242 -349 489 362 -29 504 -267 -567 471 -272 345 -279 -369 -481 -193 41 -80 -60 -82 -250 264 179]
[293 148 380 173 -40 32 -646 -367 -517 -35 -345 50 83 -20 -386 -268 -624 192 -622 136 567 149 -120 198 -370 -717 15 -263 -247 -210 -68 33 145 370]
[138 -491 -85 -160 487 125 6 398 518 555 -62 -268 41 -363 -625 278 -79 -172 12 -51 331 211 -246 413 -146 -115 -556 -159 -320 91 -266 -48 -601 -235]
[508 106 -18 -15 428 185 -292 -51 -499 -511 -88 2 340 -86 39 -724 -7 158 32 -274 207 -268 -277 310 -243 253 87 -416 544 -199 -160 219 554 272]
[203 -39 -19 422 214 -327 28 -83 548 214 361 -670 38 -30 -203 189 55 -7 -294 -368 6 92 -350 735 -968 385 -554 -215 -61 -117 253 -258 -442 -658]
[-47 76 67 -950 -184 -394 -107 -268 -232 -512 -74 -175 296 -469 -807 -591 30 97 153 335 -315 9 398 413 -283 11 60 -506 -87 -2 289 320 -298 -58]
[-54 137 -352 -470 196 -605 12 -441 -4 5 -7 -332 14 -93 -26 -910 190 -531 -68 145 -376 -211 124 539 -206 -505 41 383 -610 -23 451 -414 169 76]
[39 -81 -112 -6 702 -550 -53 84 -228 -139 18 -388 -490 -348 -392 267 -205 198 701 834 -387 -210 -208 38 -503 -179 -338 -139 -22 409 -121 394 50 114]
[25 -116 63 356 110 -393 -682 579 -376 80 -338 103 -237 90 -120 260 -914 713 92 -203 -267 148 496 26 -236 -194 261 -160 339 355 470 213 18 -234]
[-255 -53 -484 425 1 9 350 78 -431 -554 494 50 -185 3 -344 -231 -467 -681 -514 -502 -174 -177 36 562 -395 28 134 148 33 51 307 -163 -216 13]
[-28 -10 331 303 278 154 -663 255 -333 510 -388 -364 68 -562 -310 -264 -303 -583 734 31 -841 426 96 248 -288 -143 299 -230 -165 -313 -149 -203 -391 126]
[45 144 -259 285 -281 -18 237 -157 395 -156 812 -274 -243 32 531 373 221 -33 -444 -414 -18 113 -589 63 134 148 83 -307 484 -623 -355 -473 75 240]
[122 469 488 -516 -704 -75 968 -364 161 123 -106 -335 208 -31 517 173 141 165 -613 -622 -406 -229 113 -240 563 -684 159 154 356 -121 359 69 11 7]
[-45 -146 448 210 478 469 -40 23 -351 -294 -85 415 -281 195 248 -325 -252 -420 -135 -775 110 -670 79 142 -380 484 188 -135 747 445 -404 333 323 125]
[494 315 560 490 104 353 619 291 -57 -93 98 -56 531 132 -14 -116 131 50 220 244 -431 181 38 -172 -435 73 21 274 344 -583 -150 37 58 116]
[606 225 508 168 -123 -87 -523 194 -219 -462 -284 -149 -105 569 -213 -38 -26 -155 -19 494 152 545 -436 435 -401 -250 307 152 494 -25 41 37 434 -363]
[43 501 -59 -8 -618 419 193 -808 492 477 463 0 109 -653 -115 418 -115 843 464 -129 -39 106 5 108 187 -170 -301 150 553 108 -71 167 124 228]
[-276 304 101 -236 -908 -88 19 -249 -348 -663 -6 -6 -336 512 -358 345 277 -254 -193 127 -264 368 -33 -149 -154 -63 -263 17 296 -355 -22 286 676 733]
[-449 130 -246 376 -276 -959 -337 -179 -434 -785 345 -125 77 177 -289 -393 -216 -66 -173 386 -49 -330 291 34 -226 372 272 367 -266 167 -66 235 412 130]
[-269 -63 -106 268 211 149 437 -150 -119 -377 -194 -81 -312 396 -178 -167 -198 294 -727 -497 -414 -55 -34 -603 -187 -607 3 128 184 395 618 184 279 119]
[180 424 89 386 221 -459 366 -108 370 194 116 53 -61 -210 -249 -201 137 30 -217 549 -44 -316 46 -374 445 133 -539 246 114 86 -727 -299 -41 336]
[-371 91 71 -230 -471 -39 -229 70 305 39 401 -247 -140 -194 124 773 418 557 -144 -335 732 116 -242 -308 133 -210 -484 241 -556 -225 286 -149 -40 66]
[147 -507 59 -284 -178 -156 -326 88 125 453 140 -339 -228 133 -42 -121 -31 -216 498 465 -347 659 105 -92 -119 -301 234 991 -140 132 -446 206 -439 -505]
[169 93 471 -802 -5 610 -369 64 -604 12 108 7 -269 -104 -269 -253 134 -216 -247 473 -441 154 452 -114 251 345 177 -321 83 -133 -613 -65 -211 -309]]
[phase 1 initial]
[[-325 32 357 -16 -393 -397 -64 -19 -450 -410 -63 -34 206 109 -87 -74 -47 -284 -235 -177 -425 -143 432 -105 -103 -358 -144 130 -429 -417 330 -195 -379 -109]
[117 -311 -258 248 -229 202 322 295 397 142 411 315 -235 -19 164 552 100 555 -353 -634 60 71 149 -3 -352 2 -147 -101 162 430 -29 -251 -103 -233]
[430 135 -320 610 383 -87 -179 121 327 106 -107 58 -265 -231 160 -161 -97 -58 572 418 -314 -2 -13 540 -36 748 234 277 109 357 182 110 -34 -377]
[96 -211 -104 111 -141 -100 467 296 -463 -939 69 148 -411 -14 -202 161 -148 -164 -357 -27 -515 -244 549 273 167 183 54 238 226 428 608 24 -232 -286]
[-618 -122 -496 133 -642 -230 -213 148 403 167 -146 -43 -8 106 -400 211 286 176 155 71 -170 239 411 -175 -664 -273 -210 49 -376 260 -64 240 -230 -91]
[69 119 -210 -775 -229 321 -622 -28 337 259 -171 152 358 -168 -140 382 265 525 593 -410 330 578 18 -353 14 8 -94 -286 43 -80 -267 374 21 269]
[-197 45 -323 -82 -188 -70 -772 187 301 147 -342 138 179 228 -65 563 89 104 -20 211 680 237 -865 -244 -315 62 72 -317 -135 119 211 -27 84 283]
[200 465 126 482 635 -3 341 -196 23 112 -247 -402 379 -40 121 366 -44 -141 212 245 410 -413 -1136 -116 154 289 -148 -244 -75 -540 -114 96 93 286]
[-489 258 -231 880 -312 -257 16 55 -2 166 -207 465 -21 -28 259 156 448 -153 -174 234 24 -614 53 -125 -329 692 -448 66 -416 105 -304 54 -426 -203]
[-143 361 -290 276 -707 -245 106 -24 -394 -949 -201 357 -156 312 -227 280 -10 375 -752 586 -68 -145 -163 -344 -56 -362 -453 341 -371 278 72 89 102 514]
[-252 241 61 -43 -605 -393 -803 -372 -363 -268 265 598 -242 -349 489 362 -29 504 -267 -567 471 -272 345 -279 -369 -481 -193 41 -80 -60 -82 -250 264 179]
[293 148 380 173 -40 32 -646 -367 -517 -35 -345 50 83 -20 -386 -268 -624 192 -622 136 567 149 -120 198 -370 -717 15 -263 -247 -210 -68 33 145 370]
[138 -491 -85 -160 487 125 6 398 518 555 -62 -268 41 -363 -625 278 -79 -172 12 -51 331 211 -246 413 -146 -115 -556 -159 -320 91 -266 -48 -601 -235]
[508 106 -18 -15 428 185 -292 -51 -499 -511 -88 2 340 -86 39 -724 -7 158 32 -274 207 -268 -277 310 -243 253 87 -416 544 -199 -160 219 554 272]
[203 -39 -19 422 214 -327 28 -83 548 214 361 -670 38 -30 -203 189 55 -7 -294 -368 6 92 -350 735 -968 385 -554 -215 -61 -117 253 -258 -442 -658]
[-47 76 67 -950 -184 -394 -107 -268 -232 -512 -74 -175 296 -469 -807 -591 30 97 153 335 -315 9 398 413 -283 11 60 -506 -87 -2 289 320 -298 -58]
[-54 137 -352 -470 196 -605 12 -441 -4 5 -7 -332 14 -93 -26 -910 190 -531 -68 145 -376 -211 124 539 -206 -505 41 383 -610 -23 451 -414 169 76]
[39 -81 -112 -6 702 -550 -53 84 -228 -139 18 -388 -490 -348 -392 267 -205 198 701 834 -387 -210 -208 38 -503 -179 -338 -139 -22 409 -121 394 50 114]
[25 -116 63 356 110 -393 -682 579 -376 80 -338 103 -237 90 -120 260 -914 713 92 -203 -267 148 496 26 -236 -194 261 -160 339 355 470 213 18 -234]
[-255 -53 -484 425 1 9 350 78 -431 -554 494 50 -185 3 -344 -231 -467 -681 -514 -502 -174 -177 36 562 -395 28 134 148 33 51 307 -163 -216 13]
[-28 -10 331 303 278 154 -663 255 -333 510 -388 -364 68 -562 -310 -264 -303 -583 734 31 -841 426 96 248 -288 -143 299 -230 -165 -313 -149 -203 -391 126]
[45 144 -259 285 -281 -18 237 -157 395 -156 812 -274 -243 32 531 373 221 -33 -444 -414 -18 113 -589 63 134 148 83 -307 484 -623 -355 -473 75 240]
[122 469 488 -516 -704 -75 968 -364 161 123 -106 -335 208 -31 517 173 141 165 -613 -622 -406 -229 113 -240 563 -684 159 154 356 -121 359 69 11 7]
[-45 -146 448 210 478 469 -40 23 -351 -294 -85 415 -281 195 248 -325 -252 -420 -135 -775 110 -670 79 142 -380 484 188 -135 747 445 -404 333 323 125]
[494 315 560 490 104 353 619 291 -57 -93 98 -56 531 132 -14 -116 131 50 220 244 -431 181 38 -172 -435 73 21 274 344 -583 -150 37 58 116]
[606 225 508 168 -123 -87 -523 194 -219 -462 -284 -149 -105 569 -213 -38 -26 -155 -19 494 152 545 -436 435 -401 -250 307 152 494 -25 41 37 434 -363]
[43 501 -59 -8 -618 419 193 -808 492 477 463 0 109 -653 -115 418 -115 843 464 -129 -39 106 5 108 187 -170 -301 150 553 108 -71 167 124 228]
[-276 304 101 -236 -908 -88 19 -249 -348 -663 -6 -6 -336 512 -358 345 277 -254 -193 127 -264 368 -33 -149 -154 -63 -263 17 296 -355 -22 286 676 733]
[-449 130 -246 376 -276 -959 -337 -179 -434 -785 345 -125 77 177 -289 -393 -216 -66 -173 386 -49 -330 291 34 -226 372 272 367 -266 167 -66 235 412 130]
[-269 -63 -106 268 211 149 437 -150 -119 -377 -194 -81 -312 396 -178 -167 -198 294 -727 -497 -414 -55 -34 -603 -187 -607 3 128 184 395 618 184 279 119]
[180 424 89 386 221 -459 366 -108 370 194 116 53 -61 -210 -249 -201 137 30 -217 549 -44 -316 46 -374 445 133 -539 246 114 86 -727 -299 -41 336]
[-371 91 71 -230 -471 -39 -229 70 305 39 401 -247 -140 -194 124 773 418 557 -144 -335 732 116 -242 -308 133 -210 -484 241 -556 -225 286 -149 -40 66]
[147 -507 59 -284 -178 -156 -326 88 125 453 140 -339 -228 133 -42 -121 -31 -216 498 465 -347 659 105 -92 -119 -301 234 991 -140 132 -446 206 -439 -505]
[169 93 471 -802 -5 610 -369 64 -604 12 108 7 -269 -104 -269 -253 134 -216 -247 473 -441 154 452 -114 251 345 177 -321 83 -133 -613 -65 -211 -309]]
