[phase 0]
score=2.176755605671617
squared_norm=2398884
coefficients=[1 1 0 0 1 -2 -2 1 0 0 -2 0 0 -1 -1 -1 0 -1 1 0 0 0 0 0 -1 0 -1 -1 0 -1 -1 0 -1 0]
vector=[-325 32 357 -16 -393 -397 -64 -19 -450 -410 -63 -34 206 109 -87 -74 -47 -284 -235 -177 -425 -143 432 -105 -103 -358 -144 130 -429 -417 330 -195 -379 -109]

[phase 1]
score=0
squared_norm=2398884
coefficients=[1 0 0 0 0 0 0 0 0 0 0 0 0 0 0 0 0 0 0 0 0 0 0 0 0 0 0 0 0 0 0 0 0 0]
vector=[-325 32 357 -16 -393 -397 -64 -19 -450 -410 -63 -34 206 109 -87 -74 -47 -284 -235 -177 -425 -143 432 -105 -103 -358 -144 130 -429 -417 330 -195 -379 -109]

