[phase 0]
squared_norm=2637680
coefficients=[1 1 0 1 1 0 0 1 0 0 0 0 1 -1 1 0 -1 1 0 0 -1 1 1 1 0 1 0 1 -1 0 -1 -1 0 0 0 0 0 0 0 0]
vector=[440 231 236 92 75 260 -173 -307 -198 257 296 66 -69 -379 451 -284 -215 -232 -110 -73 -290 68 31 532 -171 -204 461 59 -157 7 51 -298 318 -151 202 462 -377 -182 -209 -96]

[phase 1]
squared_norm=2637680
coefficients=[1 0 0 0 0 0 0 0 0 0 0 0 0 0 0 0 0 0 0 0 0 0 0 0 0 0 0 0 0 0 0 0 0 0 0 0 0 0 0 0]
vector=[440 231 236 92 75 260 -173 -307 -198 257 296 66 -69 -379 451 -284 -215 -232 -110 -73 -290 68 31 532 -171 -204 461 59 -157 7 51 -298 318 -151 202 462 -377 -182 -209 -96]

