[phase 0 initial]
[[442 -101 -44 584 -196 237 -146 36 -143 102 -359 229 -53 -509 -178 12 195 41 8 40 216 -245 -162 192 -274 -92 352 -258 146 -316 692 -348 54 642 -851 293 -4]
[-334 190 -162 -239 186 111 316 6 -84 255 49 -192 -178 58 471 -185 -617 -355 -445 75 -542 188 135 -469 212 -554 -197 -317 -461 452 -315 643 -177 105 -144 -376 -3]
[374 61 -50 -603 409 30 118 274 -131 -98 642 -5 323 128 -192 266 410 72 -228 182 -63 -172 336 -10 -447 506 -187 58 110 96 -314 -813 296 -326 432 -18 -51]
[-197 95 406 -445 322 -368 -651 50 222 4 24 -313 171 614 -109 363 414 -7 -260 -199 -116 385 -87 -242 124 -271 96 102 29 836 -12 75 -398 -755 -277 -28 69]
[-874 120 85 191 711 -228 -293 -155 -208 -114 -455 -348 215 -282 610 -12 157 -226 -698 -29 -256 991 -319 -204 380 -364 -215 49 29 497 165 570 -282 -146 302 -97 62]
[-100 65 -522 -249 -251 -143 11 -214 953 138 356 -389 33 377 120 -284 -336 -145 234 -202 -270 -78 -386 105 -208 -816 219 58 -184 249 -100 953 -658 -63 -145 -525 54]
[99 -270 162 113 227 -184 -86 145 -106 -237 -806 -213 -683 158 141 -95 -227 320 900 -311 -21 -24 361 162 -181 25 14 299 85 -217 23 183 -337 -543 112 -94 6]
[484 289 -493 -172 429 522 94 504 77 225 269 92 -100 -326 238 -67 -328 687 657 -72 -326 -278 63 -373 -583 -488 -254 154 3 269 113 -276 23 602 -184 -502 -82]
[-269 63 -256 -360 363 -345 17 -128 450 -153 286 921 160 231 390 -503 -477 -416 -647 -370 222 286 -420 10 -19 -441 79 423 -7 75 -89 329 -4 57 518 8 0]
[-22 -333 194 -597 675 -714 99 -710 418 -189 -124 62 -283 195 -14 -113 -97 -300 -415 -350 -37 -356 327 -26 -154 -602 281 -21 -1 437 -610 -404 -170 -335 -188 -26 -51]
[-605 260 256 -521 142 223 313 -247 622 211 287 278 -264 111 -598 -375 -485 -121 -685 -556 -372 -464 114 -235 24 -554 293 43 217 792 -31 198 169 -281 -210 21 13]
[69 -476 27 123 -235 -333 -399 -371 58 -158 28 -734 526 -27 -145 -265 381 -399 490 376 183 691 -168 -44 185 -277 3 131 460 -519 -29 284 -429 190 -376 365 38]
[-665 560 -173 568 53 53 -336 -223 276 60 -835 266 331 -446 1 127 -97 135 -424 -542 -278 -451 -594 -304 86 -486 367 151 87 34 680 -187 313 846 168 123 10]
[143 -23 99 437 -280 259 -827 431 13 401 -550 -164 -632 278 62 83 -319 100 446 -726 -21 -359 -349 -86 -260 259 294 -482 48 -69 356 202 89 -590 -211 390 83]
[486 79 346 -121 33 -277 405 -333 96 -324 -262 656 253 711 14 272 149 -355 680 328 -224 -163 276 -217 -485 27 86 -192 -320 -171 -250 -100 203 336 -218 97 -62]
[175 423 -349 194 -52 -24 -173 577 -176 -211 -212 114 48 389 114 -16 427 184 279 -197 -971 -148 117 -397 -818 -321 -347 -435 -637 943 613 -268 -113 -43 -665 -355 13]
[-188 -555 -217 375 388 -516 -373 -681 -215 -113 -182 172 -17 -215 360 257 669 65 418 15 -319 3 -369 -25 -336 513 -460 405 -356 -230 212 -400 32 467 232 49 -70]
[-93 263 261 519 -256 347 -235 128 -222 -57 -498 267 9 327 130 -179 144 -81 486 -167 279 -124 -314 -420 317 -558 -472 -899 167 201 424 274 151 556 23 -299 -18]
[835 -201 -609 -180 348 -142 -286 -268 -192 -682 453 -167 -17 447 363 -510 231 35 -47 5 -228 252 93 415 -553 680 -179 121 -228 -119 -838 -456 -418 -960 360 319 30]
[-168 -297 -393 961 -449 410 -198 -827 581 -310 205 -86 262 -149 428 26 498 -206 167 402 620 -254 -534 570 -10 303 -721 -135 -254 -221 -75 366 197 37 755 -114 -3]
[-166 -77 28 -43 30 -693 -226 -160 180 -162 472 574 305 328 102 23 131 -175 76 298 72 81 539 -378 -358 0 -368 813 399 -292 171 -130 62 -371 87 185 -11]
[40 -68 -95 -836 -145 401 -213 413 -63 50 -129 -82 137 -13 -590 111 -422 -887 -124 112 -77 -351 434 -277 113 -330 404 166 -165 -125 -146 -78 367 -536 -250 137 -85]
[-370 -148 -388 343 -120 598 -579 -159 239 313 -103 -486 819 -974 -234 -141 469 187 -327 -35 -439 -440 -361 3 232 -218 -38 -86 133 195 151 -441 206 78 200 648 176]
[-455 -622 -169 -149 8 -291 24 -167 240 -173 -87 476 -10 -182 -352 -720 195 -378 166 78 182 262 -283 169 70 66 9 100 583 -146 -270 166 -481 33 631 280 -60]
[611 -486 362 2 -274 579 294 644 -341 93 93 -54 216 -296 353 -185 -79 -555 -584 -74 317 232 -125 -95 68 -29 -105 -202 60 -105 214 -266 392 -224 -87 252 170]
[491 18 -195 -344 325 108 -386 238 -482 496 -9 359 -226 -318 93 -541 -789 447 502 3 -31 -87 162 -38 203 110 -12 289 -361 -98 69 -103 201 -17 127 -95 106]
[-73 185 145 -517 224 -28 -99 413 42 -103 -75 388 -304 645 -330 47 264 -35 -787 -609 457 309 -150 318 366 800 -235 27 -252 -224 133 -390 -423 -399 600 126 -59]
[232 -86 -171 -193 23 189 237 315 226 420 -52 -701 -664 372 -255 83 -443 -106 120 483 331 53 290 65 509 -219 -360 -84 -152 -3 285 603 -857 -269 -360 -35 3]
[-396 -158 -129 316 197 -272 28 145 207 43 -318 -112 384 31 103 -160 -60 -409 -649 833 498 83 -318 494 427 -570 514 -45 329 -415 478 541 -352 139 212 -225 363]
[461 -78 524 206 204 202 -115 36 -54 69 -203 337 184 587 -375 -5 -383 396 330 82 301 0 -6 -10 795 -615 -125 33 -364 357 289 -70 -589 558 -706 120 425]
[714 309 4 188 385 449 -331 202 51 64 -581 261 165 -319 72 -161 68 -60 -574 -423 -47 -530 168 340 -250 -34 238 341 -76 189 49 -864 661 158 302 585 -134]
[64 447 228 -119 150 -114 -156 -133 305 -336 959 -305 317 574 -883 -60 645 -85 -232 -52 -596 197 -218 51 -97 458 -126 -292 761 303 8 237 -75 -362 -165 423 210]
[660 -129 372 105 -719 -202 77 -291 223 302 -429 -170 112 -242 -222 169 173 -75 1053 9 -57 -416 -73 210 -411 -113 46 -366 620 -1197 -64 63 191 109 -126 -27 39]
[-110 651 -381 413 411 -135 462 -20 -15 247 53 283 139 -331 391 -233 219 257 154 -283 -11 69 -171 152 50 97 -193 116 -285 -104 254 360 126 440 373 335 21]
[-392 476 45 172 -190 205 570 11 -154 -58 -39 -464 -95 -664 -174 -164 -599 8 469 330 -788 406 69 -366 -156 -96 -155 -323 195 -416 297 578 195 -130 -180 168 -440]
[-339 -266 183 38 -356 -289 32 -5 -39 -29 51 -373 960 503 232 223 656 -45 -88 718 87 755 -192 -209 859 616 -214 173 -280 -58 136 125 -37 -864 291 -111 -212]
[-194 -232 82 703 -381 -418 -973 -427 -372 -279 52 -249 497 317 -274 56 516 31 -209 679 81 449 -291 -222 475 645 -244 -283 -185 -620 -210 387 -100 -608 413 566 118]]
[phase 0 refreshed]
[[-193 21 265 -553 104 119 -148 191 468 53 -330 -215 287 -373 181 8 -14 -287 94 -118 226 -3 -125 -13 67 169 -61 332 738 -16 199 9 182 94 151 348 129]
[-280 238 263 -321 125 -458 131 29 -112 -466 513 -308 -751 -302 482 270 109 -129 425 199 -240 -116 55 314 -198 198 380 -252 -395 27 -92 -613 -260 -97 230 171 127]
[-334 190 -162 -239 186 111 316 6 -84 255 49 -192 -178 58 471 -185 -617 -355 -445 75 -542 188 135 -469 212 -554 -197 -317 -461 452 -315 643 -177 105 -144 -376 -3]
[442 -101 -44 584 -196 237 -146 36 -143 102 -359 229 -53 -509 -178 12 195 41 8 40 216 -245 -162 192 -274 -92 352 -258 146 -316 692 -348 54 642 -851 293 -4]
[374 61 -50 -603 409 30 118 274 -131 -98 642 -5 323 128 -192 266 410 72 -228 182 -63 -172 336 -10 -447 506 -187 58 110 96 -314 -813 296 -326 432 -18 -51]
[324 132 -439 -220 417 63 172 -13 371 -207 -233 93 279 -604 174 -28 60 17 -574 735 -319 -462 223 67 -555 -191 -49 -18 -113 -100 340 180 -346 343 -296 -268 124]
[581 -120 -94 -145 626 194 202 461 -464 22 -474 -181 -591 -165 242 -2 -239 78 235 -14 -410 -253 670 -125 -690 -115 -18 -218 -120 15 86 -335 -164 -122 -451 -195 -52]
[-49 530 46 -435 586 21 85 -159 123 -263 186 -440 -219 -865 1045 675 338 14 -891 407 -37 35 -66 2 101 -52 -135 116 -48 114 332 -306 -56 274 -438 233 16]
[455 622 169 149 -8 291 -24 167 -240 173 87 -476 10 182 352 720 -195 378 -166 -78 -182 -262 283 -169 -70 -66 -9 -100 -583 146 270 -166 481 -33 -631 -280 60]
[-9 -450 -55 607 338 18 -406 314 -605 153 -358 316 704 202 -805 -409 424 -127 -27 -214 -66 539 -79 -24 -442 102 85 -267 333 163 211 -285 124 -104 321 -55 -9]
[-114 229 -246 362 -489 128 -857 -43 848 172 -309 110 238 -161 -6 57 -20 39 -363 23 70 -568 -796 106 -125 183 263 -282 55 -184 610 717 -93 -125 -56 317 259]
[234 -125 -360 -10 -437 -254 -305 -220 1037 -117 307 -197 211 319 -351 -99 281 210 679 -277 272 -266 -521 574 -420 -262 416 375 277 -203 215 310 -481 -168 -1 -149 57]
[285 82 498 -588 66 -201 -169 96 122 -231 -393 293 -68 296 -295 353 48 268 -150 545 -62 -573 667 -258 118 304 -122 177 -185 210 -115 -107 -154 -519 -311 51 132]
[-12 482 254 119 -534 40 142 218 -266 -237 -425 130 711 138 -762 597 665 -55 -439 422 -164 -317 267 18 137 323 339 335 -83 -249 730 -539 91 438 -279 135 15]
[66 22 129 -38 -215 -501 618 -65 321 -715 170 -398 -684 155 537 422 465 -99 -182 75 231 214 -521 154 -101 -181 220 129 -51 -244 218 168 -751 -110 255 -558 -108]
[638 -158 462 131 -39 263 -2 170 -322 62 268 356 -457 3 132 288 -39 210 -236 219 490 4 161 -542 -79 639 -37 426 796 -171 -208 -677 -122 -299 -41 67 -56]
[-673 321 72 595 194 -146 226 -889 -231 -302 563 -789 260 194 -146 -130 -120 240 -456 -85 -411 631 149 -120 390 -513 -118 264 -329 -40 -189 507 278 -356 206 -228 -18]
[484 289 -493 -172 429 522 94 504 77 225 269 92 -100 -326 238 -67 -328 687 657 -72 -326 -278 63 -373 -583 -488 -254 154 3 269 113 -276 23 602 -184 -502 -82]
[132 221 -241 -983 343 -134 -94 390 -267 190 -220 -138 -581 -411 212 -247 -226 -56 381 -41 -411 24 141 64 168 -293 451 698 -100 -15 507 -344 -721 200 -259 101 -45]
[551 209 -479 607 709 458 -332 -395 -322 6 199 -103 -150 -228 889 -73 179 -162 -728 433 -10 -181 231 -146 -553 -251 -430 -752 308 -47 82 0 -372 -125 -264 -243 4]
[-380 -554 155 312 -131 -51 345 74 151 -519 245 282 9 -564 -7 35 256 -428 38 983 -47 80 -270 62 -519 748 -109 189 -402 197 -221 -386 -212 110 1089 -332 176]
[757 511 -165 373 216 220 202 343 -164 17 211 -66 -495 -370 268 589 146 455 -668 -348 -489 -147 -314 -321 -447 -511 588 10 138 11 143 24 74 100 -422 -711 -267]
[186 453 106 49 786 -22 -222 -65 666 -303 -232 -325 -290 261 21 -32 527 467 399 -106 -413 -86 -30 224 -217 -102 -90 -242 519 -255 102 173 85 -482 -176 178 144]
[17 -82 -411 38 290 178 -369 133 18 36 328 -291 411 -465 207 420 107 642 114 -149 -220 -327 -131 -152 -509 -252 -27 -5 -40 -210 684 -392 35 -283 -522 -28 321]
[-623 692 67 132 -340 -615 527 102 776 41 -229 -280 242 -346 181 505 -64 -259 405 463 -206 484 162 431 -126 133 678 -124 -338 -281 73 23 -807 543 3 -77 214]
[28 -123 325 351 -244 11 400 -552 17 86 1 -42 -550 140 -695 -536 -610 -444 243 -455 -535 48 -264 -147 404 3 248 584 44 209 32 108 11 415 -243 29 81]
[84 -126 -533 20 -47 233 465 -765 335 657 -519 398 64 -149 250 -386 -176 -428 -84 -64 -157 -41 -494 372 178 39 81 -262 -206 -114 -7 993 33 330 80 -103 -161]
[113 -433 -55 -353 -117 56 -170 299 41 -374 -213 86 676 -1 -466 -269 527 -99 -89 248 -124 -44 441 497 83 175 27 820 41 -230 135 -281 -357 -816 383 574 187]
[266 -140 -496 320 430 401 -429 -546 33 -38 139 408 -255 428 126 -105 -486 22 146 -313 623 264 -173 -311 508 -70 -729 567 468 -6 -335 32 -84 -238 -197 206 -111]
[312 -237 -1 -3 -355 459 253 -497 -84 80 -51 -106 547 846 -3 35 -362 154 127 190 450 72 25 -242 429 -281 37 803 154 491 -520 50 -79 -132 -191 -45 -59]
[536 275 -711 67 387 -206 230 -361 422 342 448 877 330 193 -298 -181 914 528 -652 -49 288 -121 -218 -16 96 -163 -327 305 -93 192 32 329 -449 141 -394 398 -272]
[384 -109 159 374 674 234 -152 -61 -89 -158 -779 354 159 100 644 -69 -10 304 48 -286 78 511 -550 -184 -217 -65 -297 -171 566 -32 215 749 -368 726 -446 -381 154]
[-291 33 591 -89 -750 -154 -509 290 -335 459 240 217 -267 -79 -569 394 -292 -52 -11 25 -420 -360 313 -34 138 205 152 481 -550 45 -288 -765 92 -722 261 -3 173]
[194 129 298 393 -215 139 360 -5 154 163 -468 604 309 -218 309 -119 -552 460 -239 -120 -157 -206 98 104 -521 -296 70 191 89 247 114 374 -266 376 -215 -1029 -298]
[478 -150 -594 717 -135 397 459 -341 589 -72 636 159 652 189 -347 -71 343 -184 -775 -195 -134 -284 265 -19 -266 76 69 322 -347 -197 43 -137 245 249 -232 -28 -124]
[85 112 -151 141 -122 575 -369 316 122 361 -528 -13 77 412 13 34 -504 -292 180 -288 -48 -388 357 398 166 137 -694 259 -115 -344 -216 670 245 -485 779 122 -593]
[-67 372 -127 70 -503 -532 364 -433 356 27 868 -23 -25 212 -111 387 -144 101 602 -541 -24 43 -655 232 -203 37 281 -424 -178 -138 -401 -361 487 -342 401 -31 -615]]
[phase 1 initial]
[[-193 21 265 -553 104 119 -148 191 468 53 -330 -215 287 -373 181 8 -14 -287 94 -118 226 -3 -125 -13 67 169 -61 332 738 -16 199 9 182 94 151 348 129]
[-280 238 263 -321 125 -458 131 29 -112 -466 513 -308 -751 -302 482 270 109 -129 425 199 -240 -116 55 314 -198 198 380 -252 -395 27 -92 -613 -260 -97 230 171 127]
[-334 190 -162 -239 186 111 316 6 -84 255 49 -192 -178 58 471 -185 -617 -355 -445 75 -542 188 135 -469 212 -554 -197 -317 -461 452 -315 643 -177 105 -144 -376 -3]
[442 -101 -44 584 -196 237 -146 36 -143 102 -359 229 -53 -509 -178 12 195 41 8 40 216 -245 -162 192 -274 -92 352 -258 146 -316 692 -348 54 642 -851 293 -4]
[374 61 -50 -603 409 30 118 274 -131 -98 642 -5 323 128 -192 266 410 72 -228 182 -63 -172 336 -10 -447 506 -187 58 110 96 -314 -813 296 -326 432 -18 -51]
[324 132 -439 -220 417 63 172 -13 371 -207 -233 93 279 -604 174 -28 60 17 -574 735 -319 -462 223 67 -555 -191 -49 -18 -113 -100 340 180 -346 343 -296 -268 124]
[581 -120 -94 -145 626 194 202 461 -464 22 -474 -181 -591 -165 242 -2 -239 78 235 -14 -410 -253 670 -125 -690 -115 -18 -218 -120 15 86 -335 -164 -122 -451 -195 -52]
[-49 530 46 -435 586 21 85 -159 123 -263 186 -440 -219 -865 1045 675 338 14 -891 407 -37 35 -66 2 101 -52 -135 116 -48 114 332 -306 -56 274 -438 233 16]
[455 622 169 149 -8 291 -24 167 -240 173 87 -476 10 182 352 720 -195 378 -166 -78 -182 -262 283 -169 -70 -66 -9 -100 -583 146 270 -166 481 -33 -631 -280 60]
[-9 -450 -55 607 338 18 -406 314 -605 153 -358 316 704 202 -805 -409 424 -127 -27 -214 -66 539 -79 -24 -442 102 85 -267 333 163 211 -285 124 -104 321 -55 -9]
[-114 229 -246 362 -489 128 -857 -43 848 172 -309 110 238 -161 -6 57 -20 39 -363 23 70 -568 -796 106 -125 183 263 -282 55 -184 610 717 -93 -125 -56 317 259]
[234 -125 -360 -10 -437 -254 -305 -220 1037 -117 307 -197 211 319 -351 -99 281 210 679 -277 272 -266 -521 574 -420 -262 416 375 277 -203 215 310 -481 -168 -1 -149 57]
[285 82 498 -588 66 -201 -169 96 122 -231 -393 293 -68 296 -295 353 48 268 -150 545 -62 -573 667 -258 118 304 -122 177 -185 210 -115 -107 -154 -519 -311 51 132]
[-12 482 254 119 -534 40 142 218 -266 -237 -425 130 711 138 -762 597 665 -55 -439 422 -164 -317 267 18 137 323 339 335 -83 -249 730 -539 91 438 -279 135 15]
[66 22 129 -38 -215 -501 618 -65 321 -715 170 -398 -684 155 537 422 465 -99 -182 75 231 214 -521 154 -101 -181 220 129 -51 -244 218 168 -751 -110 255 -558 -108]
[638 -158 462 131 -39 263 -2 170 -322 62 268 356 -457 3 132 288 -39 210 -236 219 490 4 161 -542 -79 639 -37 426 796 -171 -208 -677 -122 -299 -41 67 -56]
[-673 321 72 595 194 -146 226 -889 -231 -302 563 -789 260 194 -146 -130 -120 240 -456 -85 -411 631 149 -120 390 -513 -118 264 -329 -40 -189 507 278 -356 206 -228 -18]
[484 289 -493 -172 429 522 94 504 77 225 269 92 -100 -326 238 -67 -328 687 657 -72 -326 -278 63 -373 -583 -488 -254 154 3 269 113 -276 23 602 -184 -502 -82]
[132 221 -241 -983 343 -134 -94 390 -267 190 -220 -138 -581 -411 212 -247 -226 -56 381 -41 -411 24 141 64 168 -293 451 698 -100 -15 507 -344 -721 200 -259 101 -45]
[551 209 -479 607 709 458 -332 -395 -322 6 199 -103 -150 -228 889 -73 179 -162 -728 433 -10 -181 231 -146 -553 -251 -430 -752 308 -47 82 0 -372 -125 -264 -243 4]
[-380 -554 155 312 -131 -51 345 74 151 -519 245 282 9 -564 -7 35 256 -428 38 983 -47 80 -270 62 -519 748 -109 189 -402 197 -221 -386 -212 110 1089 -332 176]
[757 511 -165 373 216 220 202 343 -164 17 211 -66 -495 -370 268 589 146 455 -668 -348 -489 -147 -314 -321 -447 -511 588 10 138 11 143 24 74 100 -422 -711 -267]
[186 453 106 49 786 -22 -222 -65 666 -303 -232 -325 -290 261 21 -32 527 467 399 -106 -413 -86 -30 224 -217 -102 -90 -242 519 -255 102 173 85 -482 -176 178 144]
[17 -82 -411 38 290 178 -369 133 18 36 328 -291 411 -465 207 420 107 642 114 -149 -220 -327 -131 -152 -509 -252 -27 -5 -40 -210 684 -392 35 -283 -522 -28 321]
[-623 692 67 132 -340 -615 527 102 776 41 -229 -280 242 -346 181 505 -64 -259 405 463 -206 484 162 431 -126 133 678 -124 -338 -281 73 23 -807 543 3 -77 214]
[28 -123 325 351 -244 11 400 -552 17 86 1 -42 -550 140 -695 -536 -610 -444 243 -455 -535 48 -264 -147 404 3 248 584 44 209 32 108 11 415 -243 29 81]
[84 -126 -533 20 -47 233 465 -765 335 657 -519 398 64 -149 250 -386 -176 -428 -84 -64 -157 -41 -494 372 178 39 81 -262 -206 -114 -7 993 33 330 80 -103 -161]
[113 -433 -55 -353 -117 56 -170 299 41 -374 -213 86 676 -1 -466 -269 527 -99 -89 248 -124 -44 441 497 83 175 27 820 41 -230 135 -281 -357 -816 383 574 187]
[266 -140 -496 320 430 401 -429 -546 33 -38 139 408 -255 428 126 -105 -486 22 146 -313 623 264 -173 -311 508 -70 -729 567 468 -6 -335 32 -84 -238 -197 206 -111]
[312 -237 -1 -3 -355 459 253 -497 -84 80 -51 -106 547 846 -3 35 -362 154 127 190 450 72 25 -242 429 -281 37 803 154 491 -520 50 -79 -132 -191 -45 -59]
[536 275 -711 67 387 -206 230 -361 422 342 448 877 330 193 -298 -181 914 528 -652 -49 288 -121 -218 -16 96 -163 -327 305 -93 192 32 329 -449 141 -394 398 -272]
[384 -109 159 374 674 234 -152 -61 -89 -158 -779 354 159 100 644 -69 -10 304 48 -286 78 511 -550 -184 -217 -65 -297 -171 566 -32 215 749 -368 726 -446 -381 154]
[-291 33 591 -89 -750 -154 -509 290 -335 459 240 217 -267 -79 -569 394 -292 -52 -11 25 -420 -360 313 -34 138 205 152 481 -550 45 -288 -765 92 -722 261 -3 173]
[194 129 298 393 -215 139 360 -5 154 163 -468 604 309 -218 309 -119 -552 460 -239 -120 -157 -206 98 104 -521 -296 70 191 89 247 114 374 -266 376 -215 -1029 -298]
[478 -150 -594 717 -135 397 459 -341 589 -72 636 159 652 189 -347 -71 343 -184 -775 -195 -134 -284 265 -19 -266 76 69 322 -347 -197 43 -137 245 249 -232 -28 -124]
[85 112 -151 141 -122 575 -369 316 122 361 -528 -13 77 412 13 34 -504 -292 180 -288 -48 -388 357 398 166 137 -694 259 -115 -344 -216 670 245 -485 779 122 -593]
[-67 372 -127 70 -503 -532 364 -433 356 27 868 -23 -25 212 -111 387 -144 101 602 -541 -24 43 -655 232 -203 37 281 -424 -178 -138 -401 -361 487 -342 401 -31 -615]]
