[phase 0 initial]
[[182 -75 -6 383 159 -135 57 -47 -61 361 -297 10 593 -138 -9 65 -105 280 -302 156 -207 0 427 380 411 439 228 358 -333 -268 -373 362 -174]
[165 204 432 -205 203 69 -481 373 -442 484 -77 -315 1 -348 153 -105 -95 207 223 169 -336 101 122 -157 137 240 212 546 -736 -538 -63 -449 42]
[-290 220 6 79 -308 -501 -21 219 157 -13 -677 -172 501 400 215 -663 -241 -432 85 -442 380 -43 -287 -61 -190 -343 -155 -317 108 712 -324 -1 2]
[97 244 -276 502 -562 -351 -88 167 22 -182 -169 -72 -252 -461 393 -132 -585 371 200 -94 267 -3 -484 70 -334 -308 26 -18 -180 1029 83 175 0]
[283 -467 -329 -61 705 -149 179 415 -346 231 -316 112 430 377 187 537 -9 275 54 -725 -164 244 211 -124 118 84 61 260 3 -553 222 -414 -21]
[-371 621 -43 -888 -30 122 -386 -598 -286 30 562 -18 -277 -1 -421 301 167 -166 157 574 0 360 98 -715 -304 -238 -245 157 -514 -15 -187 -332 72]
[96 103 236 -60 64 -10 -57 330 337 -52 -281 254 -338 -221 9 147 -31 363 582 -248 -412 -175 -240 -114 611 642 434 224 -175 -1251 163 76 0]
[-256 -414 -74 -346 -234 22 -444 -451 444 -211 -369 631 -163 755 -417 607 152 -164 -82 82 -383 239 -292 -333 133 68 -309 179 299 -106 -376 338 14]
[17 399 -145 -324 -203 -252 189 -229 266 -896 667 353 -341 -92 313 167 -470 546 525 46 -78 -423 63 -543 -28 73 -842 17 -130 73 12 -3 44]
[-340 323 270 -134 -228 -436 -781 -533 516 -472 257 157 89 133 395 -6 -385 -366 394 163 -461 4 -293 126 -131 -315 -581 266 -182 -98 -359 833 35]
[-47 74 -374 -145 -666 -464 92 -280 34 507 -467 356 48 636 -651 555 152 -120 90 -544 382 347 -69 -483 -391 29 -183 -227 457 -416 -40 -503 189]
[174 -314 173 -11 136 -351 76 -201 34 534 -581 -273 519 317 367 41 -38 -199 -340 -128 519 68 -2 432 -166 -194 342 587 373 -834 -9 -166 -96]
[-121 -40 258 -356 -378 7 -207 122 -323 -26 -72 -727 -696 -291 338 -478 -402 -619 -10 796 353 43 -331 -517 284 -401 378 171 -246 737 -100 -494 19]
[146 391 335 208 284 101 -225 185 -323 332 50 -785 202 100 41 -123 -83 384 -203 365 -91 311 -392 427 -76 -120 66 436 -737 196 349 70 -401]
[-439 -811 362 -318 -356 145 -174 258 -185 -149 -588 -8 315 124 4 -190 39 -42 -352 -129 484 -202 206 47 -491 33 -18 283 327 286 260 -872 68]
[-53 751 430 -61 426 -347 130 -9 20 524 232 -131 -531 134 -251 292 223 -259 489 -453 -230 -51 306 -283 -122 -193 -47 -466 94 -444 111 -740 284]
[-226 453 -88 -373 30 -328 211 -564 687 -256 394 18 274 300 -499 -107 -35 60 -136 343 159 -73 807 375 47 -141 238 115 11 -68 271 372 -123]
[-124 -523 189 -58 -29 -54 -651 183 -155 692 447 -127 -198 -393 16 600 288 147 354 -1018 -337 321 -808 82 -758 -185 86 -108 215 -72 241 -310 320]
[-402 105 -313 217 43 -238 -311 610 341 -403 -159 -7 -435 -487 341 -112 -139 7 396 194 28 379 16 236 -418 -544 363 337 377 -87 585 -313 139]
[-102 236 151 49 -174 -35 -138 -1089 582 -44 320 592 -536 -230 -188 588 -290 -293 167 4 39 -77 -1202 -345 -324 -460 383 233 117 488 -329 449 -203]
[-28 88 -488 186 35 425 -97 -183 723 -277 -338 817 -177 -455 -650 229 207 34 -171 622 65 -8 -500 312 20 256 238 -117 149 49 -68 -102 -36]
[381 17 -604 154 669 -190 -49 -91 -120 270 -159 -421 162 414 387 269 -469 322 120 447 35 -24 581 -275 21 -89 -154 73 -825 -215 23 -388 -225]
[623 -145 454 -2 124 -223 1 381 -458 159 352 38 29 -732 -67 -54 -119 206 -129 -260 -153 -50 610 -201 300 318 447 -24 368 -774 141 253 62]
[325 71 126 -107 55 -131 431 396 216 174 -251 -3 387 -112 -126 261 -526 -275 -182 -524 143 -533 -419 40 537 -59 241 -587 495 313 -186 82 -92]
[-130 176 316 -394 -57 771 599 -374 325 -350 784 -515 -208 -115 -408 192 171 -16 -220 484 -77 -456 23 70 -252 52 -128 -322 -70 -89 75 -999 -308]
[-80 -124 453 -38 -433 519 674 -98 92 475 -109 18 -189 -300 -388 -58 662 1 -660 459 819 -50 -83 384 225 178 -195 -94 490 -432 -82 455 -173]
[167 735 158 -30 382 -369 -139 -782 -100 124 302 -139 -72 -600 -275 78 -9 34 172 743 293 -377 -41 54 -617 282 -120 367 -556 -253 -38 -120 -545]
[247 -233 -248 -316 808 34 153 -754 -12 688 371 93 113 -536 245 206 -90 199 -332 266 120 173 535 -185 494 -452 739 13 -186 -265 381 515 -219]
[192 192 132 -120 364 269 222 38 -614 -174 32 -239 203 -151 38 -266 -360 -267 -223 661 60 -276 677 -464 177 -555 -220 312 154 -166 -730 -410 519]
[-737 15 -213 234 -301 -421 -352 651 -47 -132 -160 347 -25 -166 296 -349 264 570 251 -264 277 239 -550 -295 -399 -23 398 -351 -554 369 12 432 89]
[72 -408 390 -37 334 -587 441 498 -535 -274 147 -358 174 -152 419 27 -580 576 23 -148 162 306 253 52 417 -99 -122 -494 -393 785 100 -330 -121]
[219 439 469 318 -28 -627 -536 104 -122 20 -18 125 879 117 81 -544 241 -287 155 574 212 -81 672 186 -415 138 -286 139 -361 114 -253 444 -92]
[-36 58 -189 497 440 -577 103 388 532 113 -472 -43 371 -616 -171 423 -262 404 387 -407 -565 258 153 258 -173 90 195 177 -63 -25 626 428 84]]
[phase 0 refreshed]
[[-39 -14 244 385 -176 712 4 514 174 129 212 217 213 92 -198 398 15 342 339 -117 179 91 -124 140 546 107 -42 -75 -216 143 5 -184 -396]
[182 -75 -6 383 159 -135 57 -47 -61 361 -297 10 593 -138 -9 65 -105 280 -302 156 -207 0 427 380 411 439 228 358 -333 -268 -373 362 -174]
[165 204 432 -205 203 69 -481 373 -442 484 -77 -315 1 -348 153 -105 -95 207 223 169 -336 101 122 -157 137 240 212 546 -736 -538 -63 -449 42]
[174 -314 173 -11 136 -351 76 -201 34 534 -581 -273 519 317 367 41 -38 -199 -340 -128 519 68 -2 432 -166 -194 342 587 373 -834 -9 -166 -96]
[-290 220 6 79 -308 -501 -21 219 157 -13 -677 -172 501 400 215 -663 -241 -432 85 -442 380 -43 -287 -61 -190 -343 -155 -317 108 712 -324 -1 2]
[97 244 -276 502 -562 -351 -88 167 22 -182 -169 -72 -252 -461 393 -132 -585 371 200 -94 267 -3 -484 70 -334 -308 26 -18 -180 1029 83 175 0]
[338 -195 -545 159 -69 -767 286 -464 -339 341 228 -236 125 -90 309 834 -565 -161 0 37 242 341 402 -67 211 -129 155 420 28 -666 113 -104 -10]
[-283 467 329 61 -705 149 -179 -415 346 -231 316 -112 -430 -377 -187 -537 9 -275 -54 725 164 -244 -211 124 -118 -84 -61 -260 -3 553 -222 414 21]
[-371 621 -43 -888 -30 122 -386 -598 -286 30 562 -18 -277 -1 -421 301 167 -166 157 574 0 360 98 -715 -304 -238 -245 157 -514 -15 -187 -332 72]
[146 391 335 208 284 101 -225 185 -323 332 50 -785 202 100 41 -123 -83 384 -203 365 -91 311 -392 427 -76 -120 66 436 -737 196 349 70 -401]
[-198 -402 -217 205 -416 -249 235 137 -102 -546 67 -187 -216 -56 -157 732 -507 536 144 -16 40 106 -144 18 284 380 83 230 -194 -63 957 -215 -289]
[-548 665 -239 -281 -318 -593 74 -469 589 -158 -616 389 478 388 -359 -45 -115 -162 299 -129 97 41 -124 -353 391 260 50 -124 -178 -284 -658 554 -142]
[871 106 -110 575 -253 -184 559 -380 266 323 6 -101 -203 220 242 -79 -232 326 -509 534 275 -246 -91 179 273 -19 -248 139 347 226 -535 429 -150]
[-179 786 509 -171 -283 346 -510 -117 288 -82 608 290 -326 -296 -363 -229 421 271 481 -58 -318 -186 -185 104 -676 118 -455 -243 -160 -454 188 97 218]
[-223 -232 361 -117 516 394 208 429 -3 -229 696 -485 450 365 593 81 -253 -782 436 -40 359 45 117 45 881 -525 -113 -85 -24 -156 124 -323 -419]
[-226 453 -88 -373 30 -328 211 -564 687 -256 394 18 274 300 -499 -107 -35 60 -136 343 159 -73 807 375 47 -141 238 115 11 -68 271 372 -123]
[-53 751 430 -61 426 -347 130 -9 20 524 232 -131 -531 134 -251 292 223 -259 489 -453 -230 -51 306 -283 -122 -193 -47 -466 94 -444 111 -740 284]
[-585 207 6 -74 -191 98 100 726 447 429 -739 -91 115 776 -252 423 100 245 217 -675 -188 -47 -270 190 -202 -237 -36 -81 343 221 124 -418 44]
[245 281 -687 -66 210 227 217 396 16 68 267 655 -34 -33 -553 4 17 49 379 5 -355 387 -342 -1143 194 116 53 120 -106 -8 -367 -418 -108]
[-188 355 -412 -351 7 -279 123 -268 240 -60 623 -490 287 156 164 -261 341 351 -179 332 -50 105 224 178 180 9 -769 -488 32 321 -707 844 72]
[98 -756 407 -46 -160 104 -596 567 349 -118 -711 324 -478 546 166 136 -5 -71 286 -479 -512 -20 -695 -155 163 107 -80 210 410 -361 121 -141 158]
[92 -501 314 -380 92 221 -239 -483 -708 445 80 -65 404 -277 -38 763 -11 271 -112 -508 103 -25 -124 148 -165 404 408 410 -639 -656 348 -106 -87]
[418 -2 -50 -293 328 190 275 -38 29 -183 -393 -95 -320 -395 637 -593 243 627 -162 -99 476 156 -44 -450 -854 -502 727 480 192 -50 -438 -643 -160]
[-164 -346 -303 202 394 400 -211 37 327 -648 -340 547 -232 -362 -277 721 219 459 -156 20 -263 -219 55 899 110 418 -96 -564 -115 338 530 68 147]
[699 75 98 -256 -6 -303 -126 460 91 987 -246 309 -392 -237 111 332 -87 345 163 -146 -84 366 426 -124 449 -155 -8 622 -153 -692 -283 275 258]
[-295 -91 1164 -357 -369 465 -262 201 27 447 -193 373 370 88 -223 -113 -87 -343 13 112 35 13 87 420 -376 -319 188 84 63 -404 -141 -405 85]
[122 513 577 209 -198 -307 -308 -131 14 -125 79 51 404 46 -53 398 -296 109 -24 686 170 42 40 213 389 74 51 35 -911 592 127 0 60]
[166 -101 -70 -88 358 674 -348 214 -558 83 161 -205 -269 -370 44 334 398 294 574 415 178 309 -24 -402 557 432 265 -147 -245 -391 660 395 214]
[668 -370 541 203 -14 545 117 140 236 495 -538 158 240 220 -349 -477 200 146 240 -336 -100 -194 590 48 760 -202 226 -55 84 -257 -444 -198 -105]
[89 -78 -442 -75 409 273 223 31 381 173 -23 205 332 291 -140 36 371 -445 41 66 -42 -563 -110 275 -377 30 -388 -142 569 -103 -383 274 -308]
[-495 616 -193 -94 -287 -719 250 -592 -166 418 -289 -537 664 313 -457 71 -96 79 -336 537 -106 -192 275 -68 259 308 -325 -249 135 584 -120 20 -556]
[-680 77 -166 -409 -164 -598 -193 155 -12 -350 101 186 549 53 -415 113 -368 -408 153 -333 775 278 -581 -800 -51 4 268 -117 259 38 -395 -337 364]
[-436 -270 -264 104 385 -5 234 -613 366 -315 -147 364 -815 -744 -179 138 -9 -273 -20 47 -80 -424 -585 -272 -427 -27 227 -596 -208 321 338 769 -31]]
[phase 1 initial]
[[-39 -14 244 385 -176 712 4 514 174 129 212 217 213 92 -198 398 15 342 339 -117 179 91 -124 140 546 107 -42 -75 -216 143 5 -184 -396]
[182 -75 -6 383 159 -135 57 -47 -61 361 -297 10 593 -138 -9 65 -105 280 -302 156 -207 0 427 380 411 439 228 358 -333 -268 -373 362 -174]
[165 204 432 -205 203 69 -481 373 -442 484 -77 -315 1 -348 153 -105 -95 207 223 169 -336 101 122 -157 137 240 212 546 -736 -538 -63 -449 42]
[174 -314 173 -11 136 -351 76 -201 34 534 -581 -273 519 317 367 41 -38 -199 -340 -128 519 68 -2 432 -166 -194 342 587 373 -834 -9 -166 -96]
[-290 220 6 79 -308 -501 -21 219 157 -13 -677 -172 501 400 215 -663 -241 -432 85 -442 380 -43 -287 -61 -190 -343 -155 -317 108 712 -324 -1 2]
[97 244 -276 502 -562 -351 -88 167 22 -182 -169 -72 -252 -461 393 -132 -585 371 200 -94 267 -3 -484 70 -334 -308 26 -18 -180 1029 83 175 0]
[338 -195 -545 159 -69 -767 286 -464 -339 341 228 -236 125 -90 309 834 -565 -161 0 37 242 341 402 -67 211 -129 155 420 28 -666 113 -104 -10]
[-283 467 329 61 -705 149 -179 -415 346 -231 316 -112 -430 -377 -187 -537 9 -275 -54 725 164 -244 -211 124 -118 -84 -61 -260 -3 553 -222 414 21]
[-371 621 -43 -888 -30 122 -386 -598 -286 30 562 -18 -277 -1 -421 301 167 -166 157 574 0 360 98 -715 -304 -238 -245 157 -514 -15 -187 -332 72]
[146 391 335 208 284 101 -225 185 -323 332 50 -785 202 100 41 -123 -83 384 -203 365 -91 311 -392 427 -76 -120 66 436 -737 196 349 70 -401]
[-198 -402 -217 205 -416 -249 235 137 -102 -546 67 -187 -216 -56 -157 732 -507 536 144 -16 40 106 -144 18 284 380 83 230 -194 -63 957 -215 -289]
[-548 665 -239 -281 -318 -593 74 -469 589 -158 -616 389 478 388 -359 -45 -115 -162 299 -129 97 41 -124 -353 391 260 50 -124 -178 -284 -658 554 -142]
[871 106 -110 575 -253 -184 559 -380 266 323 6 -101 -203 220 242 -79 -232 326 -509 534 275 -246 -91 179 273 -19 -248 139 347 226 -535 429 -150]
[-179 786 509 -171 -283 346 -510 -117 288 -82 608 290 -326 -296 -363 -229 421 271 481 -58 -318 -186 -185 104 -676 118 -455 -243 -160 -454 188 97 218]
[-223 -232 361 -117 516 394 208 429 -3 -229 696 -485 450 365 593 81 -253 -782 436 -40 359 45 117 45 881 -525 -113 -85 -24 -156 124 -323 -419]
[-226 453 -88 -373 30 -328 211 -564 687 -256 394 18 274 300 -499 -107 -35 60 -136 343 159 -73 807 375 47 -141 238 115 11 -68 271 372 -123]
[-53 751 430 -61 426 -347 130 -9 20 524 232 -131 -531 134 -251 292 223 -259 489 -453 -230 -51 306 -283 -122 -193 -47 -466 94 -444 111 -740 284]
[-585 207 6 -74 -191 98 100 726 447 429 -739 -91 115 776 -252 423 100 245 217 -675 -188 -47 -270 190 -202 -237 -36 -81 343 221 124 -418 44]
[245 281 -687 -66 210 227 217 396 16 68 267 655 -34 -33 -553 4 17 49 379 5 -355 387 -342 -1143 194 116 53 120 -106 -8 -367 -418 -108]
[-188 355 -412 -351 7 -279 123 -268 240 -60 623 -490 287 156 164 -261 341 351 -179 332 -50 105 224 178 180 9 -769 -488 32 321 -707 844 72]
[98 -756 407 -46 -160 104 -596 567 349 -118 -711 324 -478 546 166 136 -5 -71 286 -479 -512 -20 -695 -155 163 107 -80 210 410 -361 121 -141 158]
[92 -501 314 -380 92 221 -239 -483 -708 445 80 -65 404 -277 -38 763 -11 271 -112 -508 103 -25 -124 148 -165 404 408 410 -639 -656 348 -106 -87]
[418 -2 -50 -293 328 190 275 -38 29 -183 -393 -95 -320 -395 637 -593 243 627 -162 -99 476 156 -44 -450 -854 -502 727 480 192 -50 -438 -643 -160]
[-164 -346 -303 202 394 400 -211 37 327 -648 -340 547 -232 -362 -277 721 219 459 -156 20 -263 -219 55 899 110 418 -96 -564 -115 338 530 68 147]
[699 75 98 -256 -6 -303 -126 460 91 987 -246 309 -392 -237 111 332 -87 345 163 -146 -84 366 426 -124 449 -155 -8 622 -153 -692 -283 275 258]
[-295 -91 1164 -357 -369 465 -262 201 27 447 -193 373 370 88 -223 -113 -87 -343 13 112 35 13 87 420 -376 -319 188 84 63 -404 -141 -405 85]
[122 513 577 209 -198 -307 -308 -131 14 -125 79 51 404 46 -53 398 -296 109 -24 686 170 42 40 213 389 74 51 35 -911 592 127 0 60]
[166 -101 -70 -88 358 674 -348 214 -558 83 161 -205 -269 -370 44 334 398 294 574 415 178 309 -24 -402 557 432 265 -147 -245 -391 660 395 214]
[668 -370 541 203 -14 545 117 140 236 495 -538 158 240 220 -349 -477 200 146 240 -336 -100 -194 590 48 760 -202 226 -55 84 -257 -444 -198 -105]
[89 -78 -442 -75 409 273 223 31 381 173 -23 205 332 291 -140 36 371 -445 41 66 -42 -563 -110 275 -377 30 -388 -142 569 -103 -383 274 -308]
[-495 616 -193 -94 -287 -719 250 -592 -166 418 -289 -537 664 313 -457 71 -96 79 -336 537 -106 -192 275 -68 259 308 -325 -249 135 584 -120 20 -556]
[-680 77 -166 -409 -164 -598 -193 155 -12 -350 101 186 549 53 -415 113 -368 -408 153 -333 775 278 -581 -800 -51 4 268 -117 259 38 -395 -337 364]
[-436 -270 -264 104 385 -5 234 -613 366 -315 -147 364 -815 -744 -179 138 -9 -273 -20 47 -80 -424 -585 -272 -427 -27 227 -596 -208 321 338 769 -31]]
