[phase 0]
score=0.9313170513315489
squared_norm=2297854
coefficients=[2 -2 1 0 1 1 2 -1 0 0 0 -2 0 1 1 0 0 1 1 1 0 1 0 0 0 1 -1 0 0 -1 0 1 -1]
vector=[-39 -14 244 385 -176 712 4 514 174 129 212 217 213 92 -198 398 15 342 339 -117 179 91 -124 140 546 107 -42 -75 -216 143 5 -184 -396]

[phase 1]
score=0
squared_norm=2297854
coefficients=[1 0 0 0 0 0 0 0 0 0 0 0 0 0 0 0 0 0 0 0 0 0 0 0 0 0 0 0 0 0 0 0 0]
vector=[-39 -14 244 385 -176 712 4 514 174 129 212 217 213 92 -198 398 15 342 339 -117 179 91 -124 140 546 107 -42 -75 -216 143 5 -184 -396]

