phase	depth	k	node	parent	z_k	nodes_at_depth	parent_rho	rho	bound_r2	remaining	center	delta	legal_lo	legal_hi	offset	P	Ptheta	N	Q	M
0	1	32	2	0	-1	5	0	0.075979366429515804	0.57966303825378418	0.57966303825378418	0	2.7621036420422223	-2	2	-0.36204289541453555	0.19871315360069275	0.19871315360069275	74961	1.2424021175431876e-05	0.93131705133154885
0	2	31	13	2	1	23	0.075979366429515804	0.1023921822780595	0.57966303825378418	0.50368367182426832	0.41035878970593725	2.574894344699628	-2	2	0.2289962737724863	0.29576471447944641	0.29576471447944641	31206	2.9844166228659517e-05	0.93131705133154885
0	3	30	33	13	0	87	0.1023921822780595	0.12227171247518581	0.57966303825378418	0.47727085597572466	-0.49484314134571961	2.4246382637524739	-2	1	0.20408947130112479	0.34911277890205383	0.34911277890205383	14314	6.5063368124322255e-05	0.93131705133154885
0	4	29	94	33	-1	259	0.12227171247518581	0.1362937399073634	0.57966303825378418	0.45739132577859837	-0.60616992407303005	2.2493002682304222	-2	1	-0.17509004088493949	0.38771235942840576	0.38771235942840576	7423	0.00012546370083949196	0.93131705133154885
0	5	28	264	94	0	635	0.1362937399073634	0.15505895315286508	0.57966303825378418	0.44336929834642075	0.41424858826744748	2.0135716748259131	-1	2	-0.20572825563970154	0.39586758613586426	0.39586758613586426	3879	0.00024009204726258026	0.93131705133154885
0	6	27	711	264	0	1463	0.15505895315286508	0.16689831385609005	0.57966303825378418	0.42460408510091913	0.34428789474757326	2.0618150769927235	-1	2	-0.1669829164552124	0.41691160202026367	0.41691160202026367	2075	0.00044882749461761391	0.93131705133154885
0	7	26	1809	711	-1	2973	0.16689831385609005	0.19449797279034439	0.57966303825378418	0.41276472439769413	-0.51827935723964824	1.8629220658669625	-2	1	-0.2585833576114574	0.37995064258575439	0.37995064258575439	1017	0.00091574931301037249	0.93131705133154885
0	8	25	5598	1809	1	5935	0.19449797279034439	0.23489943967702387	0.57966303825378418	0.38516506546343982	0.38774215444045557	1.890424063865713	-1	2	0.32387328180087976	0.32727709412574768	0.32727709412574768	420	0.0022174215507894022	0.93131705133154885
0	9	24	12608	5598	0	10441	0.23489943967702387	0.2393808065087849	0.57966303825378418	0.34476359857676031	0.18906923337754813	1.6583504696679865	-1	1	-0.1140104198935712	0.56440889835357666	0.56440889835357666	283	0.0032908729729029993	0.93131705133154885
0	10	23	31057	12608	0	16469	0.2393808065087849	0.29632943840316944	0.57966303825378418	0.34028223174499928	-0.64322859502799934	1.5723286630198359	-2	0	0.40909296520271138	0.35172969102859497	0.35172969102859497	113	0.0082417438170933523	0.93131705133154885
0	11	22	48690	31057	0	22623	0.29632943840316944	0.31539812486718988	0.57966303825378418	0.28333359985061474	0.33642606841325451	1.2968157937632758	0	1	-0.25942471554650626	0.62352573871612549	0.62352573871612549	78	0.011939962196558318	0.93131705133154885
0	12	21	89851	48690	1	26627	0.31539812486718988	0.31555334644870509	0.57966303825378418	0.2642649133865943	0.97270041900754967	1.1264182598703036	0	2	0.024235740812292631	0.73744803667068481	0.73744803667068481	72	0.012934959046271512	0.93131705133154885
0	13	20	134518	89851	0	31937	0.31555334644870509	0.31625844882266246	0.57966303825378418	0.26410969180507909	-0.061005465872334283	1.1806871286480936	-1	1	0.051669459581715406	0.70932596921920776	0.70932596921920776	57	0.016338895637395594	0.93131705133154885
0	14	19	150314	134518	1	36879	0.31625844882266246	0.34048426755117173	0.57966303825378418	0.26340458943112172	0.64184818285673506	1.1809719870187532	0	1	0.30326868128970924	0.61785310506820679	0.61785310506820679	38	0.024508343456093391	0.93131705133154885
0	15	18	162734	150314	1	37897	0.34048426755117173	0.34056128120313439	0.57966303825378418	0.23917877070261248	0.98107922891427479	1.0544264392729927	0	2	0.017944135675098179	0.76261800527572632	0.76261800527572632	35	0.026609058609472824	0.93131705133154885
0	16	17	189374	162734	1	33109	0.34056128120313439	0.34191646010135079	0.57966303825378418	0.23910175705064976	0.92746622804809586	0.96345920645140093	0	1	0.075284735945447517	0.85504299402236938	0.85504299402236938	30	0.03104390171105163	0.93131705133154885
0	17	16	205812	189374	0	27740	0.34191646010135079	0.34864855996113336	0.57966303825378418	0.23774657815243336	0.16748789413629181	0.99532585328269418	0	1	-0.16827443352737026	0.79187989234924316	0.79187989234924316	27	0.034493224123390696	0.93131705133154885
0	18	15	217582	205812	0	20131	0.34864855996113336	0.3489444705664359	0.57966303825378418	0.23101447829265082	0.033346095826995867	0.93171766209341489	0	0	-0.03578991488910141	1	1	26	0.035819886589674957	0.93131705133154885
0	19	14	225355	217582	1	13513	0.3489444705664359	0.3541050376402145	0.57966303825378418	0.23071856768734827	0.86290606471996545	0.91666532389401367	0	1	0.14955723938335164	0.82971268892288208	0.82971268892288208	23	0.040492045710067343	0.93131705133154885
0	20	13	235719	225355	1	8475	0.3541050376402145	0.39351184067073947	0.57966303825378418	0.22555800061356968	0.63461278992832204	0.87417193180375818	0	1	0.4179809449129091	0.64929819107055664	0.64929819107055664	17	0.054783355960679347	0.93131705133154885
0	21	12	248419	235719	0	5435	0.39351184067073947	0.4051826288735122	0.57966303825378418	0.18615119758304471	0.2051452607833722	0.81930256001854762	0	1	-0.25039011324305893	0.80838340520858765	0.80838340520858765	14	0.066522646523682061	0.93131705133154885
0	22	11	277534	248419	-2	3174	0.4051826288735122	0.44834701970079333	0.57966303825378418	0.17448040938027198	-1.6503109120912716	0.70306035320615001	-2	-1	-0.49738132197904378	0.70165276527404785	0.70165276527404785	12	0.077609754277629076	0.93131705133154885
0	23	10	295183	277534	0	1716	0.44834701970079333	0.45504349244359377	0.57966303825378418	0.13131601855299083	0.12885619086314432	0.57061224820015766	0	0	-0.2258209340398605	1	1	11	0.084665186484686253	0.93131705133154885
0	24	9	299721	295183	0	834	0.45504349244359377	0.49230142147094746	0.57966303825378418	0.12461954581019041	0.28225389894009983	0.51620674662798638	0	0	-0.54678459896904674	1	1	10	0.093131705133154885	0.93131705133154885
0	25	8	302350	299721	0	384	0.49230142147094746	0.49247909242575411	0.57966303825378418	0.087361616782836701	0.017901001383469835	0.39694418065966253	0	0	-0.045097024356726981	1	1	9	0.1034796723701721	0.93131705133154885
0	26	7	303601	302350	-1	172	0.49247909242575411	0.49425104895023386	0.57966303825378418	0.087183945828030046	-1.0600273915588501	0.42105729989997998	-1	-1	0.14256347431361321	1	1	8	0.11641463141644361	0.93131705133154885
0	27	6	305515	303601	2	70	0.49425104895023386	0.49807044030774017	0.57966303825378418	0.085411989303550331	1.9153027661007433	0.40052678543138265	2	2	0.21146459358026315	1	1	7	0.13304529304736412	0.93131705133154885
0	28	5	307249	305515	1	30	0.49807044030774017	0.51569650136574252	0.57966303825378418	0.081592597946044038	1.1755519890682868	0.37770566635831171	1	1	-0.46478516131592473	1	1	6	0.15521950855525815	0.93131705133154885
0	29	4	307704	307249	1	14	0.51569650136574252	0.52054364361928718	0.57966303825378418	0.063966536888041645	0.91457473119381438	0.31032723417348168	1	1	0.27527480478374783	1	1	5	0.18626341026630977	0.93131705133154885
0	30	3	308176	307704	0	2	0.52054364361928718	0.52625691449996881	0.57966303825378418	0.059119394634497044	-0.092386529723875815	0.29718797694774052	0	0	0.31086900174337023	1	1	4	0.23282926283288721	0.93131705133154885
0	31	2	308472	308176	1	2	0.52625691449996881	0.5366296915911748	0.57966303825378418	0.053406123753815399	1.1177308307640965	0.2671395653146636	1	1	-0.440709075143629	1	1	3	0.3104390171105163	0.93131705133154885
0	32	1	308883	308472	-2	2	0.5366296915911748	0.53817773681472647	0.57966303825378418	0.043033346662609377	-2.048037221242196	0.2532728378084444	-2	-2	0.18966590202826011	1	1	2	0.46565852566577443	0.93131705133154885
0	33	0	309057	308883	2	1	0.53817773681472647	0.5478510856628418	0.57966303825378418	0.041485301439057737	1.8708184115135917	0.26752188793871934	2	2	0.4828823147211026	1	1	1	0.93131705133154885	0.93131705133154885
1	1	32	1	0	0	5	0	0	0.5478510856628418	0.5478510856628418	0	2.6196300447022494	-2	2	0	0.42256540060043335	0.42256540060043335	144405	0	0
1	2	31	3	1	0	19	0	0	0.5478510856628418	0.5478510856628418	0	2.4670717650726104	-2	2	0	0.43775653839111328	0.43775653839111328	88400	0	0
1	3	30	12	3	0	61	0	0	0.5478510856628418	0.5478510856628418	0	2.3570752649339659	-2	2	0	0.44993093609809875	0.44993093609809875	55423	0	0
1	4	29	29	12	0	197	0	0	0.5478510856628418	0.5478510856628418	0	2.5253505861622147	-2	2	0	0.43173515796661377	0.43173515796661377	31914	0	0
1	5	28	66	29	0	529	0	0	0.5478510856628418	0.5478510856628418	0	2.5477775889291041	-2	2	0	0.42949175834655762	0.42949175834655762	17913	0	0
1	6	27	147	66	0	1229	0	0	0.5478510856628418	0.5478510856628418	0	2.3873763343100816	-2	2	0	0.4464661180973053	0.4464661180973053	10406	0	0
1	7	26	330	147	0	2637	0	0	0.5478510856628418	0.5478510856628418	0	2.3797936532017556	-2	2	0	0.44732499122619629	0.44732499122619629	5953	0	0
1	8	25	743	330	0	4923	0	0	0.5478510856628418	0.5478510856628418	0	2.1965113157201048	-2	2	0	0.46985346078872681	0.46985346078872681	3652	0	0
1	9	24	1722	743	0	8887	0	0	0.5478510856628418	0.5478510856628418	0	2.2350373303097899	-2	2	0	0.4648192822933197	0.4648192822933197	2113	0	0
1	10	23	4037	1722	0	13615	0	0	0.5478510856628418	0.5478510856628418	0	1.968621383243728	-1	1	0	0.58000457286834717	0.58000457286834717	1398	0	0
1	11	22	7141	4037	0	17531	0	0	0.5478510856628418	0.5478510856628418	0	1.7379930769152765	-1	1	0	0.61244595050811768	0.61244595050811768	1009	0	0
1	12	21	10340	7141	0	22133	0	0	0.5478510856628418	0.5478510856628418	0	1.7819429052288978	-1	1	0	0.60568815469741821	0.60568815469741821	664	0	0
1	13	20	14869	10340	0	26189	0	0	0.5478510856628418	0.5478510856628418	0	1.7166125853603751	-1	1	0	0.61584234237670898	0.61584234237670898	473	0	0
1	14	19	21668	14869	0	26357	0	0	0.5478510856628418	0.5478510856628418	0	1.5305135054189305	-1	1	0	0.64876246452331543	0.64876246452331543	372	0	0
1	15	18	33019	21668	0	25207	0	0	0.5478510856628418	0.5478510856628418	0	1.4994190977834414	-1	1	0	0.65491229295730591	0.65491229295730591	281	0	0
1	16	17	43256	33019	0	23923	0	0	0.5478510856628418	0.5478510856628418	0	1.5453212994647851	-1	1	0	0.6459038257598877	0.6459038257598877	204	0	0
1	17	16	56361	43256	0	21079	0	0	0.5478510856628418	0.5478510856628418	0	1.4684040032410306	-1	1	0	0.66125136613845825	0.66125136613845825	139	0	0
1	18	15	70498	56361	0	16235	0	0	0.5478510856628418	0.5478510856628418	0	1.3366455365525216	-1	1	0	0.69064486026763916	0.69064486026763916	114	0	0
1	19	14	93589	70498	0	12371	0	0	0.5478510856628418	0.5478510856628418	0	1.3437722608025044	-1	1	0	0.68894684314727783	0.68894684314727783	89	0	0
1	20	13	128628	93589	0	8519	0	0	0.5478510856628418	0.5478510856628418	0	1.2476568186971244	-1	1	0	0.712971031665802	0.712971031665802	70	0	0
1	21	12	153631	128628	0	5645	0	0	0.5478510856628418	0.5478510856628418	0	1.2252256824670735	-1	1	0	0.71893906593322754	0.71893906593322754	51	0	0
1	22	11	213874	153631	0	3663	0	0	0.5478510856628418	0.5478510856628418	0	1.2234498465493346	-1	1	0	0.71941757202148438	0.71941757202148438	42	0	0
1	23	10	232525	213874	0	2217	0	0	0.5478510856628418	0.5478510856628418	0	1.1498926246298513	-1	1	0	0.74003410339355469	0.74003410339355469	33	0	0
1	24	9	244216	232525	0	1313	0	0	0.5478510856628418	0.5478510856628418	0	1.1619033481675811	-1	1	0	0.73656028509140015	0.73656028509140015	22	0	0
1	25	8	245579	244216	0	765	0	0	0.5478510856628418	0.5478510856628418	0	1.1848604258583135	-1	1	0	0.73003798723220825	0.73003798723220825	15	0	0
1	26	7	245758	245579	0	387	0	0	0.5478510856628418	0.5478510856628418	0	1.0519065553278082	-1	1	0	0.76997363567352295	0.76997363567352295	12	0	0
1	27	6	245789	245758	0	165	0	0	0.5478510856628418	0.5478510856628418	0	1.0051843640101921	-1	1	0	0.7852516770362854	0.7852516770362854	9	0	0
1	28	5	245832	245789	0	59	0	0	0.5478510856628418	0.5478510856628418	0	0.96935880129438201	0	0	0	1	1	8	0	0
1	29	4	245849	245832	0	13	0	0	0.5478510856628418	0.5478510856628418	0	0.88016696859778099	0	0	0	1	1	7	0	0
1	30	3	245856	245849	0	7	0	0	0.5478510856628418	0.5478510856628418	0	0.8985605039451775	0	0	0	1	1	6	0	0
1	31	2	245863	245856	0	1	0	0	0.5478510856628418	0.5478510856628418	0	0.90498802704998782	0	0	0	1	1	5	0	0
1	32	1	245874	245863	0	1	0	0	0.5478510856628418	0.5478510856628418	0	0.98087091785948854	0	0	0	1	1	4	0	0
1	33	0	245877	245874	1	3	0	0.5478510856628418	0.5478510856628418	0.5478510856628418	0	1.000000000002	-1	1	0.99999999999800004	0.10650698095560074	0.10650698095560074	1	0	0
