[phase 0 initial]
[[-544 88 -524 526 -380 170 -388 230 76 -366 -339 -258 -27 686 -144 206 -106 144 -214 -403 -25 -488 -25 -6 -31 -250 80 -208 -300 3]
[195 639 -669 98 373 157 -756 234 -371 89 -177 330 -13 -210 11 143 -189 530 -132 -545 -1 -307 263 303 -69 -136 192 210 -181 -3]
[747 30 419 236 765 -46 -312 -98 -77 -128 -226 325 -481 -155 -363 -439 -253 501 75 513 -127 408 -39 -73 -295 -92 -339 336 -137 -7]
[188 -143 -635 -196 57 -235 257 -312 -347 -166 238 -555 476 171 -227 146 771 -657 47 470 118 -155 335 320 170 210 362 -320 9 -33]
[-209 30 538 67 233 167 677 -589 390 498 143 -206 -361 144 316 192 -255 -337 -44 -662 234 310 160 -370 -116 -517 56 270 11 0]
[-76 -197 494 -349 -624 -574 555 240 -355 41 412 -314 -178 -479 230 -19 -11 -606 -24 199 -267 -32 0 393 -499 835 -25 149 -59 -138]
[-75 -2 390 98 -121 281 -446 195 279 -84 -62 1000 435 133 35 396 555 583 -105 -163 -107 438 -519 134 -5 -102 46 314 12 142]
[-321 -449 731 -136 10 -401 79 -273 -179 55 88 418 155 57 172 410 -168 302 -18 734 -625 111 -237 180 -66 837 -117 330 -135 -3]
[152 3 892 -606 564 372 6 -246 731 544 321 -127 -97 125 -385 -353 -431 167 -48 210 -36 376 341 -326 26 -446 -737 64 -344 -7]
[124 568 273 211 54 -479 309 -213 -531 -119 -717 384 -903 -274 -198 58 -57 -404 -214 -574 41 218 171 -24 -263 -226 -130 55 83 21]
[-127 468 -599 -111 -249 -57 52 293 -492 316 -680 457 402 -50 -89 86 -564 576 302 -109 370 -432 -8 288 435 66 116 -915 321 -78]
[237 -527 117 -426 -465 -394 214 -298 -129 75 -503 260 -80 -686 -165 -267 -432 -201 1 386 -660 -166 -110 -840 127 598 -136 54 627 36]
[-404 135 -132 166 -397 -57 -456 366 -167 -337 563 -768 705 -127 13 -494 347 -708 -166 44 306 -513 -158 160 241 -4 -71 -678 -89 -28]
[-231 -129 19 685 -202 80 213 297 20 -65 -98 -435 392 662 200 -167 165 -898 -444 233 169 -407 -243 407 -427 -17 -86 -30 -161 -160]
[56 64 229 -799 398 367 -617 57 162 151 340 -402 -63 -114 255 32 157 163 149 -204 47 216 65 227 719 -419 47 313 484 104]
[164 434 201 536 165 -261 323 238 -474 -262 -207 490 82 282 -68 -169 144 536 109 373 -71 59 304 -58 83 107 -333 -276 34 -427]
[420 1 125 179 -922 -268 778 455 49 -228 558 -53 63 -140 -51 -164 644 -273 510 634 9 -73 354 437 -64 495 353 -37 -190 -158]
[132 -279 231 836 470 218 261 -426 329 -21 414 68 -12 -663 79 -162 233 11 503 130 355 703 -44 21 269 -408 -71 -241 -24 409]
[203 -67 -453 144 52 -25 555 -545 262 76 -109 -785 721 43 197 -201 96 -499 -267 -6 -259 -582 444 -27 404 -210 109 57 334 357]
[-36 50 -231 206 476 -222 183 26 -980 230 184 196 -315 -590 198 464 19 204 -297 362 -80 260 558 275 215 596 419 -317 266 -145]
[-303 -237 -115 -185 -609 -16 -46 68 295 -181 -360 -551 -38 -28 -289 -144 74 40 160 -413 -189 -378 -194 -29 -182 529 -171 88 23 -410]
[47 85 -261 -331 -13 617 -299 299 128 -249 28 475 434 -45 -355 -519 -344 1010 -45 34 -64 -58 36 -365 -12 -231 544 -88 -223 -15]
[-453 43 -205 590 59 221 -39 -330 636 547 -14 -603 49 804 8 -87 321 -213 -154 572 -138 -208 145 -528 505 -335 66 114 47 -194]
[102 409 -206 -312 -844 -228 473 -358 -340 152 45 -26 -162 -576 -433 -657 145 -277 479 48 388 38 83 -211 239 279 -127 -138 406 6]
[142 -262 -248 -6 103 -193 303 -337 16 -496 -450 -329 -754 36 -576 -162 -25 316 -107 -182 6 -443 420 -270 -37 -76 -266 104 761 -23]
[153 137 628 -515 -314 402 674 344 432 -20 54 -179 -24 -359 -137 371 -90 -244 641 -522 76 295 -209 369 156 -297 -47 246 -259 323]
[-286 -80 -558 76 -230 -135 -210 498 196 -309 252 -248 62 154 -355 294 710 -127 53 -740 124 236 1030 327 -517 170 512 158 -670 -250]
[93 -523 -609 -190 132 64 344 110 262 0 315 63 -283 -249 218 -209 -312 -228 143 131 -475 -838 -174 -84 136 251 -24 269 -459 410]
[369 -512 -63 98 -426 -657 113 -438 -299 -241 88 -376 44 118 106 132 -253 -665 -455 13 -323 -36 -438 -58 204 253 447 -325 146 -227]
[-528 24 291 179 515 673 -848 181 1019 -4 106 45 -171 447 188 -135 -5 -293 49 -653 256 269 -277 -16 -79 -413 -53 65 242 104]]
