phase	depth	k	node	parent	z_k	nodes_at_depth	parent_rho	rho	bound_r2	remaining	center	delta	legal_lo	legal_hi	offset	P	Ptheta	N	Q	M
0	1	29	1	0	0	5	0	0	0.51776957511901855	0.51776957511901855	0	2.1915043941888093	-2	2	0	0.4705202579498291	0.4705202579498291	47978	0	0
0	2	28	3	1	0	17	0	0	0.51776957511901855	0.51776957511901855	0	2.2952084202647103	-2	2	0	0.45728501677513123	0.45728501677513123	31249	0	0
0	3	27	12	3	0	47	0	0	0.51776957511901855	0.51776957511901855	0	2.3399203419414079	-2	2	0	0.45193183422088623	0.45193183422088623	19506	0	0
0	4	26	27	12	0	115	0	0	0.51776957511901855	0.51776957511901855	0	2.059600815024683	-2	2	0	0.48919862508773804	0.48919862508773804	13451	0	0
0	5	25	58	27	0	267	0	0	0.51776957511901855	0.51776957511901855	0	2.1365663791407892	-2	2	0	0.47803327441215515	0.47803327441215515	8858	0	0
0	6	24	123	58	0	551	0	0	0.51776957511901855	0.51776957511901855	0	2.061875642886116	-2	2	0	0.48885735869407654	0.48885735869407654	5805	0	0
0	7	23	244	123	0	1007	0	0	0.51776957511901855	0.51776957511901855	0	1.9885139495941737	-1	1	0	0.57752680778503418	0.57752680778503418	3892	0	0
0	8	22	370	244	0	1721	0	0	0.51776957511901855	0.51776957511901855	0	2.0025179495898207	-2	2	0	0.49799886345863342	0.49799886345863342	2585	0	0
0	9	21	842	370	0	2613	0	0	0.51776957511901855	0.51776957511901855	0	1.8348493166384459	-1	1	0	0.59793317317962646	0.59793317317962646	1796	0	0
0	10	20	1682	842	1	3871	0	0.13490569549553894	0.51776957511901855	0.51776957511901855	0	1.9590842850845784	-1	1	0.51044256115648823	0.20939557254314423	0.20939557254314423	322	0	0
0	11	19	2862	1682	0	4943	0.13490569549553894	0.17826775278158374	0.51776957511901855	0.38286387962347962	0.4998226018437727	1.4851938745983138	0	1	-0.3365369399863401	0.50011944770812988	0.50011944770812988	165	0	0
0	12	18	4502	2862	0	6003	0.17826775278158374	0.17862518769925492	0.51776957511901855	0.33950182233743481	-0.044866723579305254	1.3827603657507126	-1	1	0.032447215505013928	0.66512918472290039	0.66512918472290039	121	0	0
0	13	17	9266	4502	0	7151	0.17862518769925492	0.17878144064003954	0.51776957511901855	0.33914438741976366	-0.030606030247069673	1.4258873638198108	-1	1	0.021464549741908895	0.66052573919296265	0.66052573919296265	86	0	0
0	14	16	14167	9266	0	7993	0.17878144064003954	0.18611772322417414	0.51776957511901855	0.33898813447897902	0.20059093837969699	1.3635326222007742	-1	1	-0.14711121326597854	0.60748094320297241	0.60748094320297241	62	0	0
0	15	15	20579	14167	0	7631	0.18611772322417414	0.18626362059678528	0.51776957511901855	0.33165185189484442	-0.024777753541772737	1.1813522333246274	-1	1	0.020974060777827288	0.72252082824707031	0.72252082824707031	48	0	0
0	16	14	35219	20579	0	6667	0.18626362059678528	0.19996364010520656	0.51776957511901855	0.3315059545222333	-0.22980484600989945	1.1304315151769457	-1	0	0.2032894898316138	0.72233587503433228	0.72233587503433228	37	0	0
0	17	13	40262	35219	0	5543	0.19996364010520656	0.21061783154015601	0.51776957511901855	0.31780593501381199	0.19974177793167802	1.0909118643385907	0	1	-0.18309616428342682	0.75043696165084839	0.75043696165084839	26	0	0
0	18	12	53293	40262	0	4531	0.21061783154015601	0.21613772899475858	0.51776957511901855	0.30715174357886255	0.14267451224379679	1.0642836347142974	0	1	-0.13405685062713305	0.79297804832458496	0.79297804832458496	21	0	0
0	19	11	59243	53293	0	3241	0.21613772899475858	0.28171821190006718	0.51776957511901855	0.30163184612425997	-0.45353453262214333	0.97266133280251132	-1	0	0.46628206275598783	0.54762667417526245	0.54762667417526245	12	0	0
0	20	10	65202	59243	0	2227	0.28171821190006718	0.28490654834633994	0.51776957511901855	0.23605136321895137	0.096473841100725349	0.83010065181649961	0	0	-0.11621944988190622	1	1	11	0	0
0	21	9	67033	65202	0	1359	0.28490654834633994	0.28561260501420316	0.51776957511901855	0.23286302677267862	0.042233096379971677	0.76697889428917754	0	0	-0.05506422235922484	1	1	10	0	0
0	22	8	68110	67033	0	785	0.28561260501420316	0.28936507311161191	0.51776957511901855	0.23215697010481537	-0.087103653418426463	0.68512328883231743	0	0	0.12713573576936882	1	1	9	0	0
0	23	7	68445	68110	0	455	0.28936507311161191	0.29396616388021568	0.51776957511901855	0.22840450200740664	0.10523190802639582	0.74142866802067509	0	0	-0.14193126401130926	1	1	8	0	0
0	24	6	68510	68445	0	217	0.29396616388021568	0.30583590249275	0.51776957511901855	0.22380341123880287	0.15406215302804369	0.66897322531682057	0	0	-0.2302964411693473	1	1	7	0	0
0	25	5	68692	68510	0	83	0.30583590249275	0.35523233863066694	0.51776957511901855	0.21193367262626855	-0.29930036827371465	0.61995394087534794	0	0	0.48277839455478833	1	1	6	0	0
0	26	4	68778	68692	0	35	0.35523233863066694	0.39398399133196049	0.51776957511901855	0.16253723648835158	0.25808259129243633	0.52855481284963868	0	0	-0.48827971105024209	1	1	5	0	0
0	27	3	68821	68778	0	19	0.39398399133196049	0.39972356522010422	0.51776957511901855	0.12378558378705805	0.094011368208528054	0.43659180777548795	0	0	-0.2153301242355703	1	1	4	0	0
0	28	2	68830	68821	0	9	0.39972356522010422	0.41042098555989165	0.51776957511901855	0.11804600989891435	0.13061921203710369	0.4339035316466871	0	0	-0.30103283912301149	1	1	3	0	0
0	29	1	68840	68830	0	3	0.41042098555989165	0.45212173902072472	0.51776957511901855	0.10734858955912689	0.25196536827879745	0.40426586562414202	0	0	-0.62326649292982139	1	1	2	0	0
0	30	0	68845	68840	0	3	0.45212173902072472	0.51776957511901855	0.51776957511901855	0.065647836098293832	-0.31527534257405154	0.31527534257685341	0	0	0.99999999999111289	1	1	1	0	0
