[phase 0 initial]
[[332 -418 413 -563 81 -295 -108 148 141 -363 -131 -348 -540 -54 704 256 -177 -290 58 82 -30 -308 -97 -188 -113 -234 907 205 -352 -533 326 315 -99 -275 249 35]
[525 -100 -420 -107 160 23 21 -357 -454 -335 -157 -599 -527 -87 -128 -250 -586 -201 264 -131 31 287 -41 -91 42 -50 524 -485 -713 -595 832 153 158 -130 89 21]
[-317 505 144 212 -310 18 53 420 67 -263 -609 -18 82 422 88 -90 840 -208 -84 266 -78 -408 -620 -492 302 -352 -695 216 147 659 -345 -446 -17 -357 -125 -33]
[-247 -195 472 -661 -456 -539 -154 325 109 -286 555 224 90 -182 737 201 -105 -241 -475 -274 640 122 656 246 -448 123 522 -71 248 325 -120 156 88 -576 189 15]
[129 -237 241 460 362 317 1 -620 -438 170 -180 159 30 -197 -597 14 647 185 124 -374 -341 630 -457 354 546 215 -530 -559 -359 -197 -238 -206 231 215 -272 -9]
[140 -315 92 151 -248 -4 221 -8 188 339 -149 256 157 82 99 370 -217 121 -265 422 -270 -516 640 -289 -442 66 504 -126 431 679 84 440 -679 244 395 34]
[229 -73 368 -474 119 -190 -416 200 -108 -164 -335 -129 476 13 563 281 187 74 127 222 275 -416 296 -378 -237 -467 219 448 416 1091 348 606 -172 -372 -200 -22]
[380 106 50 141 -212 359 634 -108 286 186 207 -242 -467 193 -632 599 -35 244 -77 443 -366 -136 -306 -57 135 86 281 -607 -822 -295 85 359 -221 -78 374 -56]
[36 426 -63 -222 -366 385 295 314 -6 -189 149 87 -104 264 -269 -428 -225 365 -215 360 549 535 367 679 213 234 -338 57 -193 750 493 193 56 -207 -393 -137]
[144 52 -148 722 148 87 79 -116 -475 -343 -311 -205 511 -220 -284 -485 623 -340 -701 -147 83 -134 67 -416 -26 -296 -282 -698 -519 130 368 172 108 -387 243 91]
[112 312 52 837 303 336 534 240 380 374 181 585 486 -122 -234 -331 -181 -43 -302 256 27 -219 485 -309 -72 684 382 278 357 249 86 96 -380 962 123 -5]
[-136 306 47 83 238 -275 -370 348 -139 91 532 -16 426 -211 332 -451 -329 603 -431 -316 -99 -176 695 -279 -158 -341 166 473 572 -506 46 60 -175 610 -360 -107]
[554 606 324 -259 715 -110 -56 22 -220 -15 547 337 117 -684 -248 97 145 409 134 -243 -238 220 -24 -176 176 34 -98 -794 -484 -631 327 398 173 96 -45 -90]
[297 20 -104 409 114 60 -267 531 720 14 -323 715 -122 385 119 4 95 -711 159 49 -101 -675 -736 -542 269 136 -156 269 -57 -451 20 -592 123 330 197 76]
[99 -364 25 -483 -153 -317 -265 139 -142 8 263 -20 -45 338 609 -21 -803 -115 -27 -383 -532 -154 366 290 -201 -185 574 404 0 -115 170 -532 -411 -136 -255 -50]
[140 15 217 -363 -4 -33 -616 613 669 -3 92 -21 599 -91 461 416 -288 -283 206 420 71 -716 -13 -41 -355 -386 -289 414 -32 -689 193 892 492 -29 689 217]
[-383 -70 -341 -110 522 -119 139 -697 -328 62 -295 278 554 -613 -278 -405 367 -72 -100 -92 701 558 112 -122 303 247 -41 249 395 290 381 -230 434 149 -212 -141]
[175 -134 -151 -716 286 -182 -542 -17 621 635 -197 -173 670 392 -178 385 -47 224 344 358 236 -231 -401 167 -86 126 -285 429 -191 -362 153 618 148 -42 -70 -38]
[-49 395 527 -15 184 -449 -205 423 -979 -45 -306 -354 359 -148 982 -473 517 -340 -136 -40 53 -206 325 -365 55 -128 414 -186 -244 473 724 367 -488 -129 206 243]
[218 -1049 651 -139 177 176 -71 318 572 -42 -113 216 -654 223 189 253 278 127 -39 144 -225 -442 -63 -39 -48 34 -191 -198 -423 -472 -693 -133 62 -616 46 -50]
[-250 25 355 -85 -317 335 606 -162 89 429 103 187 502 -266 -432 489 -14 134 203 15 -105 444 696 213 -239 -92 117 486 -100 476 -470 -99 220 -18 -73 113]
[128 -185 524 -394 -480 -194 -107 126 77 370 306 323 280 43 46 443 67 135 211 -132 682 408 57 707 120 -42 131 -267 -257 188 -1 425 -373 621 -385 76]
[-350 453 698 -167 203 175 -139 270 -412 260 89 -301 130 -93 -111 353 572 405 -271 442 -33 -357 157 -224 -86 -990 7 466 104 -35 -92 -4 333 -294 319 -12]
[350 100 -272 -79 313 -540 -545 -38 -118 -88 -634 -141 -305 -127 401 -244 -173 342 -165 -2 247 -524 151 -722 -617 -65 248 -579 48 257 286 56 301 -184 407 -117]
[-220 100 -920 57 82 -190 -240 -377 -370 347 -509 -358 383 514 21 -234 -445 422 1041 95 -43 -178 -302 -312 46 -27 -388 746 -213 -317 -47 -342 189 -109 92 111]
[-317 214 723 36 -21 182 -400 632 -220 57 243 -356 -102 -99 233 75 37 39 -348 352 -384 -285 -54 -350 441 -3 31 631 108 81 -241 -113 -52 114 240 -370]
[-19 -203 101 -386 -682 195 337 -415 83 355 -426 -63 936 83 50 9 222 -448 490 -149 -157 69 56 331 5 -97 84 433 468 730 -92 273 -104 -30 -474 272]
[137 139 -114 665 632 -173 464 -297 -536 301 -46 -550 549 -214 -206 -53 -314 -137 234 86 -568 -209 317 -585 438 -174 -18 -254 179 335 461 26 -18 485 96 -293]
[-48 396 -624 312 -254 121 -187 -110 39 604 391 -708 446 -112 348 44 -120 537 -27 -272 97 -66 419 15 -238 21 -227 -357 286 -284 -471 160 -42 508 -287 119]
[-175 557 -54 435 -77 -190 -125 424 84 -27 325 105 720 -832 49 -180 -26 137 553 -334 217 -58 819 -151 -644 -11 -82 403 567 216 83 726 216 64 344 -92]
[555 -374 163 -14 64 204 105 260 78 -339 -66 -196 -1112 307 120 585 183 198 -105 -62 -303 262 -680 -183 466 -371 442 -88 -368 -431 32 196 577 166 -592 -76]
[192 -155 31 129 -112 -214 -506 -6 -70 62 -498 398 -301 135 383 856 -168 391 -124 -322 -199 -153 330 -465 -98 292 981 27 421 -751 -263 78 -226 494 210 -79]
[-262 -449 412 -341 -268 30 451 413 343 275 386 73 245 -456 336 507 -671 -345 503 211 -699 120 241 -648 -371 -189 557 -54 154 566 -733 271 -357 -159 346 202]
[234 -509 33 462 191 170 234 259 703 105 77 918 112 -174 299 -276 516 -326 -572 -551 50 -52 216 234 -185 348 202 -261 415 570 -260 -54 -270 590 514 429]
[-549 60 -476 29 363 123 -485 -233 -77 503 193 -274 758 261 -143 35 -201 347 -131 -330 -168 440 574 -149 75 383 242 -248 -276 310 -94 -270 412 160 -124 -39]
[145 308 53 -263 -286 582 147 101 494 -539 -165 -673 -210 502 137 -424 -364 -243 54 171 367 -160 -352 -559 320 84 239 171 -566 285 138 299 -418 -200 -273 -576]]
[phase 0 refreshed]
[[636 4 -256 -405 -60 -240 180 -15 -854 63 -127 213 -154 -256 209 348 -3 -596 -488 -11 141 -271 184 217 -68 -350 -354 460 -218 -72 436 -38 167 91 -433 257]
[332 -418 413 -563 81 -295 -108 148 141 -363 -131 -348 -540 -54 704 256 -177 -290 58 82 -30 -308 -97 -188 -113 -234 907 205 -352 -533 326 315 -99 -275 249 35]
[525 -100 -420 -107 160 23 21 -357 -454 -335 -157 -599 -527 -87 -128 -250 -586 -201 264 -131 31 287 -41 -91 42 -50 524 -485 -713 -595 832 153 158 -130 89 21]
[-317 505 144 212 -310 18 53 420 67 -263 -609 -18 82 422 88 -90 840 -208 -84 266 -78 -408 -620 -492 302 -352 -695 216 147 659 -345 -446 -17 -357 -125 -33]
[-247 -195 472 -661 -456 -539 -154 325 109 -286 555 224 90 -182 737 201 -105 -241 -475 -274 640 122 656 246 -448 123 522 -71 248 325 -120 156 88 -576 189 15]
[129 -237 241 460 362 317 1 -620 -438 170 -180 159 30 -197 -597 14 647 185 124 -374 -341 630 -457 354 546 215 -530 -559 -359 -197 -238 -206 231 215 -272 -9]
[140 -315 92 151 -248 -4 221 -8 188 339 -149 256 157 82 99 370 -217 121 -265 422 -270 -516 640 -289 -442 66 504 -126 431 679 84 440 -679 244 395 34]
[229 -73 368 -474 119 -190 -416 200 -108 -164 -335 -129 476 13 563 281 187 74 127 222 275 -416 296 -378 -237 -467 219 448 416 1091 348 606 -172 -372 -200 -22]
[380 106 50 141 -212 359 634 -108 286 186 207 -242 -467 193 -632 599 -35 244 -77 443 -366 -136 -306 -57 135 86 281 -607 -822 -295 85 359 -221 -78 374 -56]
[36 426 -63 -222 -366 385 295 314 -6 -189 149 87 -104 264 -269 -428 -225 365 -215 360 549 535 367 679 213 234 -338 57 -193 750 493 193 56 -207 -393 -137]
[144 52 -148 722 148 87 79 -116 -475 -343 -311 -205 511 -220 -284 -485 623 -340 -701 -147 83 -134 67 -416 -26 -296 -282 -698 -519 130 368 172 108 -387 243 91]
[112 312 52 837 303 336 534 240 380 374 181 585 486 -122 -234 -331 -181 -43 -302 256 27 -219 485 -309 -72 684 382 278 357 249 86 96 -380 962 123 -5]
[310 -694 -621 74 -208 -3 -525 -285 320 605 87 752 7 221 -340 539 -604 -49 222 -133 -290 -256 136 158 -290 104 -246 -556 222 -147 37 -117 -60 244 345 113]
[428 626 -486 -282 783 28 -167 77 -38 -176 -567 212 38 -287 -88 -266 -33 -382 993 278 -72 -220 -612 -440 101 -49 -537 -30 -123 42 554 29 250 -75 24 67]
[-136 306 47 83 238 -275 -370 348 -139 91 532 -16 426 -211 332 -451 -329 603 -431 -316 -99 -176 695 -279 -158 -341 166 473 572 -506 46 60 -175 610 -360 -107]
[99 -364 25 -483 -153 -317 -265 139 -142 8 263 -20 -45 338 609 -21 -803 -115 -27 -383 -532 -154 366 290 -201 -185 574 404 0 -115 170 -532 -411 -136 -255 -50]
[109 633 682 -648 -357 16 101 269 -299 -612 -250 -797 -74 -87 452 101 -137 -149 455 396 321 384 18 42 116 -8 181 -47 -342 137 507 772 482 -345 217 27]
[-383 -70 -341 -110 522 -119 139 -697 -328 62 -295 278 554 -613 -278 -405 367 -72 -100 -92 701 558 112 -122 303 247 -41 249 395 290 381 -230 434 149 -212 -141]
[137 139 -114 665 632 -173 464 -297 -536 301 -46 -550 549 -214 -206 -53 -314 -137 234 86 -568 -209 317 -585 438 -174 -18 -254 179 335 461 26 -18 485 96 -293]
[-374 -130 673 -251 -153 -537 128 -72 -217 -28 -845 -276 643 85 529 -419 767 -268 -629 157 329 176 291 -117 -136 471 290 -7 178 539 -20 307 -297 -196 82 -11]
[-250 25 355 -85 -317 335 606 -162 89 429 103 187 502 -266 -432 489 -14 134 203 15 -105 444 696 213 -239 -92 117 486 -100 476 -470 -99 220 -18 -73 113]
[-274 365 -285 -117 -246 872 -155 255 -143 -598 -38 5 252 301 22 -427 -375 -5 364 451 -111 -295 -225 276 -314 229 -1013 26 75 631 -160 -243 178 -817 71 111]
[714 6 -140 -563 232 -170 328 263 388 -262 356 311 -439 -217 462 -60 -354 -261 -201 323 230 -502 -293 -374 -4 62 -228 380 -31 -697 287 450 -87 -374 -89 354]
[638 488 -159 292 131 -219 178 82 -436 648 144 82 -521 41 -629 215 358 -247 -80 -16 163 93 -259 -131 212 -731 -904 -190 -156 -381 23 23 386 -112 -52 486]
[-49 395 527 -15 184 -449 -205 423 -979 -45 -306 -354 359 -148 982 -473 517 -340 -136 -40 53 -206 325 -365 55 -128 414 -186 -244 473 724 367 -488 -129 206 243]
[221 -197 39 17 -364 -32 -425 -409 509 -69 -945 18 -160 301 306 -403 -339 776 86 39 34 250 -73 -487 13 -206 421 301 368 507 440 88 100 23 98 121]
[162 -914 210 26 -316 -959 -170 -438 -2 -343 -313 58 14 242 803 709 5 -114 107 -289 146 -200 57 -112 54 -325 552 379 509 745 -266 113 14 -336 270 -174]
[-138 -514 587 5 -391 505 -84 -67 30 63 -451 695 410 3 -202 -177 294 524 417 209 -184 462 -218 -97 -33 210 -228 -852 193 -34 266 351 208 -320 348 50]
[-248 72 -49 96 449 386 448 -104 261 -51 378 20 -109 -548 -373 -520 166 322 374 -128 -287 -187 52 -151 354 -9 636 -628 61 -469 63 -193 51 344 -83 -513]
[-66 -257 -342 264 136 -56 425 355 730 -181 -66 130 279 -311 264 -101 -126 -187 -1 227 186 266 287 -633 -201 -236 400 -104 308 -528 283 71 -228 3 171 -139]
[-226 269 213 12 390 -90 111 -264 -210 -83 549 -235 367 -554 -537 -45 65 -75 -279 -882 666 290 312 268 292 -195 101 -75 73 424 -520 138 95 -23 -691 28]
[844 -327 202 -200 563 -504 100 -235 -284 -181 -208 160 -10 -35 88 75 346 -455 59 325 -201 -819 -690 -146 100 -209 -127 -147 -841 128 557 -108 155 43 168 -281]
[-175 557 -54 435 -77 -190 -125 424 84 -27 325 105 720 -832 49 -180 -26 137 553 -334 217 -58 819 -151 -644 -11 -82 403 567 216 83 726 216 64 344 -92]
[-317 214 723 36 -21 182 -400 632 -220 57 243 -356 -102 -99 233 75 37 39 -348 352 -384 -285 -54 -350 441 -3 31 631 108 81 -241 -113 -52 114 240 -370]
[185 699 -443 -310 99 72 -124 -67 -93 164 -454 -378 -414 407 355 322 238 -49 269 -108 -64 -617 -157 -550 -49 -331 153 121 -427 -466 293 250 42 311 -130 -247]
[-305 -459 114 -159 838 3 157 9 443 -72 22 -328 -60 -65 406 -405 768 347 -213 -192 -424 -361 -685 -34 292 124 -544 -236 318 -339 -737 -178 -22 -19 303 11]]
[phase 1 initial]
[[636 4 -256 -405 -60 -240 180 -15 -854 63 -127 213 -154 -256 209 348 -3 -596 -488 -11 141 -271 184 217 -68 -350 -354 460 -218 -72 436 -38 167 91 -433 257]
[332 -418 413 -563 81 -295 -108 148 141 -363 -131 -348 -540 -54 704 256 -177 -290 58 82 -30 -308 -97 -188 -113 -234 907 205 -352 -533 326 315 -99 -275 249 35]
[525 -100 -420 -107 160 23 21 -357 -454 -335 -157 -599 -527 -87 -128 -250 -586 -201 264 -131 31 287 -41 -91 42 -50 524 -485 -713 -595 832 153 158 -130 89 21]
[-317 505 144 212 -310 18 53 420 67 -263 -609 -18 82 422 88 -90 840 -208 -84 266 -78 -408 -620 -492 302 -352 -695 216 147 659 -345 -446 -17 -357 -125 -33]
[-247 -195 472 -661 -456 -539 -154 325 109 -286 555 224 90 -182 737 201 -105 -241 -475 -274 640 122 656 246 -448 123 522 -71 248 325 -120 156 88 -576 189 15]
[129 -237 241 460 362 317 1 -620 -438 170 -180 159 30 -197 -597 14 647 185 124 -374 -341 630 -457 354 546 215 -530 -559 -359 -197 -238 -206 231 215 -272 -9]
[140 -315 92 151 -248 -4 221 -8 188 339 -149 256 157 82 99 370 -217 121 -265 422 -270 -516 640 -289 -442 66 504 -126 431 679 84 440 -679 244 395 34]
[229 -73 368 -474 119 -190 -416 200 -108 -164 -335 -129 476 13 563 281 187 74 127 222 275 -416 296 -378 -237 -467 219 448 416 1091 348 606 -172 -372 -200 -22]
[380 106 50 141 -212 359 634 -108 286 186 207 -242 -467 193 -632 599 -35 244 -77 443 -366 -136 -306 -57 135 86 281 -607 -822 -295 85 359 -221 -78 374 -56]
[36 426 -63 -222 -366 385 295 314 -6 -189 149 87 -104 264 -269 -428 -225 365 -215 360 549 535 367 679 213 234 -338 57 -193 750 493 193 56 -207 -393 -137]
[144 52 -148 722 148 87 79 -116 -475 -343 -311 -205 511 -220 -284 -485 623 -340 -701 -147 83 -134 67 -416 -26 -296 -282 -698 -519 130 368 172 108 -387 243 91]
[112 312 52 837 303 336 534 240 380 374 181 585 486 -122 -234 -331 -181 -43 -302 256 27 -219 485 -309 -72 684 382 278 357 249 86 96 -380 962 123 -5]
[310 -694 -621 74 -208 -3 -525 -285 320 605 87 752 7 221 -340 539 -604 -49 222 -133 -290 -256 136 158 -290 104 -246 -556 222 -147 37 -117 -60 244 345 113]
[428 626 -486 -282 783 28 -167 77 -38 -176 -567 212 38 -287 -88 -266 -33 -382 993 278 -72 -220 -612 -440 101 -49 -537 -30 -123 42 554 29 250 -75 24 67]
[-136 306 47 83 238 -275 -370 348 -139 91 532 -16 426 -211 332 -451 -329 603 -431 -316 -99 -176 695 -279 -158 -341 166 473 572 -506 46 60 -175 610 -360 -107]
[99 -364 25 -483 -153 -317 -265 139 -142 8 263 -20 -45 338 609 -21 -803 -115 -27 -383 -532 -154 366 290 -201 -185 574 404 0 -115 170 -532 -411 -136 -255 -50]
[109 633 682 -648 -357 16 101 269 -299 -612 -250 -797 -74 -87 452 101 -137 -149 455 396 321 384 18 42 116 -8 181 -47 -342 137 507 772 482 -345 217 27]
[-383 -70 -341 -110 522 -119 139 -697 -328 62 -295 278 554 -613 -278 -405 367 -72 -100 -92 701 558 112 -122 303 247 -41 249 395 290 381 -230 434 149 -212 -141]
[137 139 -114 665 632 -173 464 -297 -536 301 -46 -550 549 -214 -206 -53 -314 -137 234 86 -568 -209 317 -585 438 -174 -18 -254 179 335 461 26 -18 485 96 -293]
[-374 -130 673 -251 -153 -537 128 -72 -217 -28 -845 -276 643 85 529 -419 767 -268 -629 157 329 176 291 -117 -136 471 290 -7 178 539 -20 307 -297 -196 82 -11]
[-250 25 355 -85 -317 335 606 -162 89 429 103 187 502 -266 -432 489 -14 134 203 15 -105 444 696 213 -239 -92 117 486 -100 476 -470 -99 220 -18 -73 113]
[-274 365 -285 -117 -246 872 -155 255 -143 -598 -38 5 252 301 22 -427 -375 -5 364 451 -111 -295 -225 276 -314 229 -1013 26 75 631 -160 -243 178 -817 71 111]
[714 6 -140 -563 232 -170 328 263 388 -262 356 311 -439 -217 462 -60 -354 -261 -201 323 230 -502 -293 -374 -4 62 -228 380 -31 -697 287 450 -87 -374 -89 354]
[638 488 -159 292 131 -219 178 82 -436 648 144 82 -521 41 -629 215 358 -247 -80 -16 163 93 -259 -131 212 -731 -904 -190 -156 -381 23 23 386 -112 -52 486]
[-49 395 527 -15 184 -449 -205 423 -979 -45 -306 -354 359 -148 982 -473 517 -340 -136 -40 53 -206 325 -365 55 -128 414 -186 -244 473 724 367 -488 -129 206 243]
[221 -197 39 17 -364 -32 -425 -409 509 -69 -945 18 -160 301 306 -403 -339 776 86 39 34 250 -73 -487 13 -206 421 301 368 507 440 88 100 23 98 121]
[162 -914 210 26 -316 -959 -170 -438 -2 -343 -313 58 14 242 803 709 5 -114 107 -289 146 -200 57 -112 54 -325 552 379 509 745 -266 113 14 -336 270 -174]
[-138 -514 587 5 -391 505 -84 -67 30 63 -451 695 410 3 -202 -177 294 524 417 209 -184 462 -218 -97 -33 210 -228 -852 193 -34 266 351 208 -320 348 50]
[-248 72 -49 96 449 386 448 -104 261 -51 378 20 -109 -548 -373 -520 166 322 374 -128 -287 -187 52 -151 354 -9 636 -628 61 -469 63 -193 51 344 -83 -513]
[-66 -257 -342 264 136 -56 425 355 730 -181 -66 130 279 -311 264 -101 -126 -187 -1 227 186 266 287 -633 -201 -236 400 -104 308 -528 283 71 -228 3 171 -139]
[-226 269 213 12 390 -90 111 -264 -210 -83 549 -235 367 -554 -537 -45 65 -75 -279 -882 666 290 312 268 292 -195 101 -75 73 424 -520 138 95 -23 -691 28]
[844 -327 202 -200 563 -504 100 -235 -284 -181 -208 160 -10 -35 88 75 346 -455 59 325 -201 -819 -690 -146 100 -209 -127 -147 -841 128 557 -108 155 43 168 -281]
[-175 557 -54 435 -77 -190 -125 424 84 -27 325 105 720 -832 49 -180 -26 137 553 -334 217 -58 819 -151 -644 -11 -82 403 567 216 83 726 216 64 344 -92]
[-317 214 723 36 -21 182 -400 632 -220 57 243 -356 -102 -99 233 75 37 39 -348 352 -384 -285 -54 -350 441 -3 31 631 108 81 -241 -113 -52 114 240 -370]
[185 699 -443 -310 99 72 -124 -67 -93 164 -454 -378 -414 407 355 322 238 -49 269 -108 -64 -617 -157 -550 -49 -331 153 121 -427 -466 293 250 42 311 -130 -247]
[-305 -459 114 -159 838 3 157 9 443 -72 22 -328 -60 -65 406 -405 768 347 -213 -192 -424 -361 -685 -34 292 124 -544 -236 318 -339 -737 -178 -22 -19 303 11]]
[phase 1 refreshed]
[[-238 -10 -171 -247 -280 97 -179 107 482 3 -130 127 -109 555 -648 -9 128 -95 324 -184 62 187 -69 -624 107 22 588 -122 -87 285 -66 269 360 -106 -167 154]
[636 4 -256 -405 -60 -240 180 -15 -854 63 -127 213 -154 -256 209 348 -3 -596 -488 -11 141 -271 184 217 -68 -350 -354 460 -218 -72 436 -38 167 91 -433 257]
[332 -418 413 -563 81 -295 -108 148 141 -363 -131 -348 -540 -54 704 256 -177 -290 58 82 -30 -308 -97 -188 -113 -234 907 205 -352 -533 326 315 -99 -275 249 35]
[525 -100 -420 -107 160 23 21 -357 -454 -335 -157 -599 -527 -87 -128 -250 -586 -201 264 -131 31 287 -41 -91 42 -50 524 -485 -713 -595 832 153 158 -130 89 21]
[208 405 -276 105 -150 41 74 63 -387 -598 -766 -617 -445 335 -40 -340 254 -409 180 135 -47 -121 -661 -583 344 -402 -171 -269 -566 64 487 -293 141 -487 -36 -12]
[-247 -195 472 -661 -456 -539 -154 325 109 -286 555 224 90 -182 737 201 -105 -241 -475 -274 640 122 656 246 -448 123 522 -71 248 325 -120 156 88 -576 189 15]
[129 -237 241 460 362 317 1 -620 -438 170 -180 159 30 -197 -597 14 647 185 124 -374 -341 630 -457 354 546 215 -530 -559 -359 -197 -238 -206 231 215 -272 -9]
[140 -315 92 151 -248 -4 221 -8 188 339 -149 256 157 82 99 370 -217 121 -265 422 -270 -516 640 -289 -442 66 504 -126 431 679 84 440 -679 244 395 34]
[422 245 -465 -18 198 128 -287 -305 -703 -136 -361 -380 489 -20 -269 -225 -222 163 333 9 336 179 352 -281 -82 -283 -164 -242 55 1029 854 444 85 -227 -360 -36]
[380 106 50 141 -212 359 634 -108 286 186 207 -242 -467 193 -632 599 -35 244 -77 443 -366 -136 -306 -57 135 86 281 -607 -822 -295 85 359 -221 -78 374 -56]
[146 -145 -448 360 16 456 344 37 36 51 -558 142 -586 268 -134 -883 -666 119 3 473 -300 141 264 391 208 324 51 366 44 -225 590 -173 -417 788 -112 -5]
[144 52 -148 722 148 87 79 -116 -475 -343 -311 -205 511 -220 -284 -485 623 -340 -701 -147 83 -134 67 -416 -26 -296 -282 -698 -519 130 368 172 108 -387 243 91]
[223 1128 -461 316 68 152 314 -123 -163 96 258 -220 129 132 -688 191 -293 -142 782 -148 258 248 -451 -770 245 438 59 -349 -95 346 121 -358 327 219 -204 -117]
[137 139 -114 665 632 -173 464 -297 -536 301 -46 -550 549 -214 -206 -53 -314 -137 234 86 -568 -209 317 -585 438 -174 -18 -254 179 335 461 26 -18 485 96 -293]
[511 -140 -293 286 462 147 -628 163 404 476 82 952 812 30 -110 119 -381 -139 312 -77 282 -375 277 -240 -157 255 -149 296 564 514 387 145 67 590 -127 52]
[-291 361 83 -673 471 -160 387 -149 -55 -54 117 -123 -329 -652 62 -45 94 166 501 220 -307 276 -228 383 -86 98 -217 -57 -121 -536 -320 177 42 -178 187 27]
[99 -364 25 -483 -153 -317 -265 139 -142 8 263 -20 -45 338 609 -21 -803 -115 -27 -383 -532 -154 366 290 -201 -185 574 404 0 -115 170 -532 -411 -136 -255 -50]
[-113 480 -116 497 -56 382 258 -156 -398 -9 -826 -394 -16 -29 -117 -610 -401 -105 615 427 -498 298 12 -58 224 316 -337 57 247 -305 278 91 108 925 249 124]
[-300 158 180 -980 -547 22 -42 -562 -82 -105 -47 30 63 -165 -78 499 108 -30 174 -164 173 634 -397 247 -185 314 444 -9 -403 -535 -137 -165 345 -413 172 175]
[-121 -147 -49 591 63 315 -119 -115 124 -584 -898 -596 229 -109 788 -184 65 452 -305 449 -453 -286 -378 -777 -459 -383 601 -22 379 -203 250 103 -274 64 527 -137]
[271 -239 311 -464 214 -367 -542 184 277 19 -595 -516 -511 511 366 52 535 160 400 52 332 -91 -657 -91 -81 130 97 174 -84 -86 -350 444 -245 -223 -417 27]
[605 88 305 454 -164 -114 -302 156 -176 206 -849 141 140 424 -248 -167 457 -69 101 -504 70 212 232 -874 -54 19 166 -313 -276 242 -35 -252 -39 240 -537 123]
[-210 611 -408 640 448 411 -271 -262 -38 -155 262 75 38 93 -1023 -819 226 196 492 -113 -180 -325 -329 -630 410 191 -41 -642 53 330 201 216 -528 157 194 40]
[-423 641 414 -218 -495 642 -197 340 -193 -547 2 236 44 10 228 -127 55 709 225 574 221 -68 215 -149 -245 371 -814 -232 920 981 -439 274 87 -288 -1 -9]
[-35 -632 652 258 553 126 -103 94 331 273 164 197 -91 -669 628 -150 352 364 191 126 425 271 191 673 1 105 268 -358 -803 -428 305 63 -389 -408 826 -20]
[-783 195 48 -507 -273 -50 45 143 291 220 735 393 535 -15 -131 31 22 847 520 -219 404 292 -190 -529 -432 55 215 -48 786 206 -492 -259 121 -690 -233 -181]
[-173 326 254 337 -165 -186 29 111 667 -575 252 268 38 -379 285 -315 584 -321 165 -590 307 326 -467 -663 -151 -152 167 -89 250 -35 -614 125 -19 -580 231 509]
[362 621 481 -8 75 -213 612 394 -816 277 -129 483 412 -247 351 -115 376 237 -445 299 33 -33 -132 507 -47 -29 -509 -4 81 1253 587 251 252 -79 -210 -90]
[-538 221 319 -273 -392 -320 -457 -365 238 633 -132 397 320 21 -185 137 287 196 394 -190 291 618 106 -333 -482 -87 117 -178 912 130 -551 -23 106 -294 574 494]
[162 -914 210 26 -316 -959 -170 -438 -2 -343 -313 58 14 242 803 709 5 -114 107 -289 146 -200 57 -112 54 -325 552 379 509 745 -266 113 14 -336 270 -174]
[148 -151 9 -263 -529 267 -411 -11 -122 488 -32 673 -255 -112 293 235 650 -423 87 -550 -237 -376 156 476 357 -300 -617 364 -99 -285 -644 -510 -35 388 -560 625]
[-581 6 -180 -140 198 392 162 21 -79 798 150 396 772 -147 -544 171 -165 93 -463 -375 -180 -10 301 -80 250 -7 -67 157 -172 -529 -408 -213 478 496 -457 326]
[-65 -62 -180 240 -237 411 -235 64 330 -559 240 -538 -436 238 113 -271 -34 322 420 127 208 280 -39 -65 -326 -66 379 -351 -1158 -487 -157 -423 -172 -124 286 -69]
[114 -617 110 110 -143 32 -634 180 205 -145 -310 -73 172 379 -248 40 557 -760 -172 -227 -496 -29 116 -395 361 -509 172 -25 -56 21 -634 83 343 -617 213 -44]
[417 -46 414 -125 332 139 567 -74 -189 -98 -251 -231 -357 0 265 363 297 -909 -516 -41 271 343 -220 -263 -118 57 279 -504 -574 -4 913 659 210 -370 105 -113]
[948 330 -34 -615 210 368 403 64 -488 62 -37 -158 270 -15 312 291 103 -87 -396 -10 -448 -596 -173 -38 -418 242 -195 2 -286 42 121 389 -239 245 17 543]]
[phase 2 initial]
[[-238 -10 -171 -247 -280 97 -179 107 482 3 -130 127 -109 555 -648 -9 128 -95 324 -184 62 187 -69 -624 107 22 588 -122 -87 285 -66 269 360 -106 -167 154]
[636 4 -256 -405 -60 -240 180 -15 -854 63 -127 213 -154 -256 209 348 -3 -596 -488 -11 141 -271 184 217 -68 -350 -354 460 -218 -72 436 -38 167 91 -433 257]
[332 -418 413 -563 81 -295 -108 148 141 -363 -131 -348 -540 -54 704 256 -177 -290 58 82 -30 -308 -97 -188 -113 -234 907 205 -352 -533 326 315 -99 -275 249 35]
[525 -100 -420 -107 160 23 21 -357 -454 -335 -157 -599 -527 -87 -128 -250 -586 -201 264 -131 31 287 -41 -91 42 -50 524 -485 -713 -595 832 153 158 -130 89 21]
[208 405 -276 105 -150 41 74 63 -387 -598 -766 -617 -445 335 -40 -340 254 -409 180 135 -47 -121 -661 -583 344 -402 -171 -269 -566 64 487 -293 141 -487 -36 -12]
[-247 -195 472 -661 -456 -539 -154 325 109 -286 555 224 90 -182 737 201 -105 -241 -475 -274 640 122 656 246 -448 123 522 -71 248 325 -120 156 88 -576 189 15]
[129 -237 241 460 362 317 1 -620 -438 170 -180 159 30 -197 -597 14 647 185 124 -374 -341 630 -457 354 546 215 -530 -559 -359 -197 -238 -206 231 215 -272 -9]
[140 -315 92 151 -248 -4 221 -8 188 339 -149 256 157 82 99 370 -217 121 -265 422 -270 -516 640 -289 -442 66 504 -126 431 679 84 440 -679 244 395 34]
[422 245 -465 -18 198 128 -287 -305 -703 -136 -361 -380 489 -20 -269 -225 -222 163 333 9 336 179 352 -281 -82 -283 -164 -242 55 1029 854 444 85 -227 -360 -36]
[380 106 50 141 -212 359 634 -108 286 186 207 -242 -467 193 -632 599 -35 244 -77 443 -366 -136 -306 -57 135 86 281 -607 -822 -295 85 359 -221 -78 374 -56]
[146 -145 -448 360 16 456 344 37 36 51 -558 142 -586 268 -134 -883 -666 119 3 473 -300 141 264 391 208 324 51 366 44 -225 590 -173 -417 788 -112 -5]
[144 52 -148 722 148 87 79 -116 -475 -343 -311 -205 511 -220 -284 -485 623 -340 -701 -147 83 -134 67 -416 -26 -296 -282 -698 -519 130 368 172 108 -387 243 91]
[223 1128 -461 316 68 152 314 -123 -163 96 258 -220 129 132 -688 191 -293 -142 782 -148 258 248 -451 -770 245 438 59 -349 -95 346 121 -358 327 219 -204 -117]
[137 139 -114 665 632 -173 464 -297 -536 301 -46 -550 549 -214 -206 -53 -314 -137 234 86 -568 -209 317 -585 438 -174 -18 -254 179 335 461 26 -18 485 96 -293]
[511 -140 -293 286 462 147 -628 163 404 476 82 952 812 30 -110 119 -381 -139 312 -77 282 -375 277 -240 -157 255 -149 296 564 514 387 145 67 590 -127 52]
[-291 361 83 -673 471 -160 387 -149 -55 -54 117 -123 -329 -652 62 -45 94 166 501 220 -307 276 -228 383 -86 98 -217 -57 -121 -536 -320 177 42 -178 187 27]
[99 -364 25 -483 -153 -317 -265 139 -142 8 263 -20 -45 338 609 -21 -803 -115 -27 -383 -532 -154 366 290 -201 -185 574 404 0 -115 170 -532 -411 -136 -255 -50]
[-113 480 -116 497 -56 382 258 -156 -398 -9 -826 -394 -16 -29 -117 -610 -401 -105 615 427 -498 298 12 -58 224 316 -337 57 247 -305 278 91 108 925 249 124]
[-300 158 180 -980 -547 22 -42 -562 -82 -105 -47 30 63 -165 -78 499 108 -30 174 -164 173 634 -397 247 -185 314 444 -9 -403 -535 -137 -165 345 -413 172 175]
[-121 -147 -49 591 63 315 -119 -115 124 -584 -898 -596 229 -109 788 -184 65 452 -305 449 -453 -286 -378 -777 -459 -383 601 -22 379 -203 250 103 -274 64 527 -137]
[271 -239 311 -464 214 -367 -542 184 277 19 -595 -516 -511 511 366 52 535 160 400 52 332 -91 -657 -91 -81 130 97 174 -84 -86 -350 444 -245 -223 -417 27]
[605 88 305 454 -164 -114 -302 156 -176 206 -849 141 140 424 -248 -167 457 -69 101 -504 70 212 232 -874 -54 19 166 -313 -276 242 -35 -252 -39 240 -537 123]
[-210 611 -408 640 448 411 -271 -262 -38 -155 262 75 38 93 -1023 -819 226 196 492 -113 -180 -325 -329 -630 410 191 -41 -642 53 330 201 216 -528 157 194 40]
[-423 641 414 -218 -495 642 -197 340 -193 -547 2 236 44 10 228 -127 55 709 225 574 221 -68 215 -149 -245 371 -814 -232 920 981 -439 274 87 -288 -1 -9]
[-35 -632 652 258 553 126 -103 94 331 273 164 197 -91 -669 628 -150 352 364 191 126 425 271 191 673 1 105 268 -358 -803 -428 305 63 -389 -408 826 -20]
[-783 195 48 -507 -273 -50 45 143 291 220 735 393 535 -15 -131 31 22 847 520 -219 404 292 -190 -529 -432 55 215 -48 786 206 -492 -259 121 -690 -233 -181]
[-173 326 254 337 -165 -186 29 111 667 -575 252 268 38 -379 285 -315 584 -321 165 -590 307 326 -467 -663 -151 -152 167 -89 250 -35 -614 125 -19 -580 231 509]
[362 621 481 -8 75 -213 612 394 -816 277 -129 483 412 -247 351 -115 376 237 -445 299 33 -33 -132 507 -47 -29 -509 -4 81 1253 587 251 252 -79 -210 -90]
[-538 221 319 -273 -392 -320 -457 -365 238 633 -132 397 320 21 -185 137 287 196 394 -190 291 618 106 -333 -482 -87 117 -178 912 130 -551 -23 106 -294 574 494]
[162 -914 210 26 -316 -959 -170 -438 -2 -343 -313 58 14 242 803 709 5 -114 107 -289 146 -200 57 -112 54 -325 552 379 509 745 -266 113 14 -336 270 -174]
[148 -151 9 -263 -529 267 -411 -11 -122 488 -32 673 -255 -112 293 235 650 -423 87 -550 -237 -376 156 476 357 -300 -617 364 -99 -285 -644 -510 -35 388 -560 625]
[-581 6 -180 -140 198 392 162 21 -79 798 150 396 772 -147 -544 171 -165 93 -463 -375 -180 -10 301 -80 250 -7 -67 157 -172 -529 -408 -213 478 496 -457 326]
[-65 -62 -180 240 -237 411 -235 64 330 -559 240 -538 -436 238 113 -271 -34 322 420 127 208 280 -39 -65 -326 -66 379 -351 -1158 -487 -157 -423 -172 -124 286 -69]
[114 -617 110 110 -143 32 -634 180 205 -145 -310 -73 172 379 -248 40 557 -760 -172 -227 -496 -29 116 -395 361 -509 172 -25 -56 21 -634 83 343 -617 213 -44]
[417 -46 414 -125 332 139 567 -74 -189 -98 -251 -231 -357 0 265 363 297 -909 -516 -41 271 343 -220 -263 -118 57 279 -504 -574 -4 913 659 210 -370 105 -113]
[948 330 -34 -615 210 368 403 64 -488 62 -37 -158 270 -15 312 291 103 -87 -396 -10 -448 -596 -173 -38 -418 242 -195 2 -286 42 121 389 -239 245 17 543]]
