[phase 0]
score=2.211648751698574
squared_norm=3542471
coefficients=[-2 -1 -2 -1 -3 0 0 -1 -1 1 -1 -1 1 0 0 0 0 0 1 0 2 0 -1 0 0 1 0 0 0 -1 1 0 -1 0 -1 0]
vector=[636 4 -256 -405 -60 -240 180 -15 -854 63 -127 213 -154 -256 209 348 -3 -596 -488 -11 141 -271 184 217 -68 -350 -354 460 -218 -72 436 -38 167 91 -433 257]

[phase 1]
score=5.489918502326068
squared_norm=2611250
coefficients=[-1 -2 1 0 0 -2 0 1 -2 0 2 0 -1 1 -1 0 0 -1 0 -1 1 -3 1 -1 -1 -1 0 1 0 -2 -1 -1 -1 0 0 0]
vector=[-238 -10 -171 -247 -280 97 -179 107 482 3 -130 127 -109 555 -648 -9 128 -95 324 -184 62 187 -69 -624 107 22 588 -122 -87 285 -66 269 360 -106 -167 154]

[phase 2]
score=0
squared_norm=2611250
coefficients=[1 0 0 0 0 0 0 0 0 0 0 0 0 0 0 0 0 0 0 0 0 0 0 0 0 0 0 0 0 0 0 0 0 0 0 0]
vector=[-238 -10 -171 -247 -280 97 -179 107 482 3 -130 127 -109 555 -648 -9 128 -95 324 -184 62 187 -69 -624 107 22 588 -122 -87 285 -66 269 360 -106 -167 154]

