phase	depth	k	node	parent	z_k	nodes_at_depth	parent_rho	rho	bound_r2	remaining	center	delta	legal_lo	legal_hi	offset	P	Ptheta	N	Q	M
0	1	35	1	0	0	7	0	0	0.86667203903198242	0.86667203903198242	0	3.1809301677437687	-3	3	0	0.32959440350532532	0.32959440350532532	4493929	1.2696793329271323e-06	2.2116487516985743
0	2	34	6	1	-1	35	0	0.09169729848627628	0.86667203903198242	0.86667203903198242	0	3.074320366677127	-3	3	-0.32527514400877094	0.18136689202015766	0.18136689202015766	1019263	2.1698509135508445e-06	2.2116487516985743
0	3	33	23	6	0	149	0.09169729848627628	0.10071464297906783	0.86667203903198242	0.77497474054570614	0.30250528511864089	2.8043835414258371	-2	3	-0.10786872788621404	0.32038038969039917	0.32038038969039917	401631	5.5066684386876868e-06	2.2116487516985743
0	4	32	204	23	-1	473	0.10071464297906783	0.34477422100505239	0.86667203903198242	0.76595739605291457	0.47948718572619958	2.6209913458167544	-2	3	-0.56447618115471543	0.14312684322704608	0.14312684322704608	66556	3.322989289768878e-05	2.2116487516985743
0	5	31	640	204	0	1745	0.34477422100505239	0.34851389652160031	0.86667203903198242	0.52189781802693003	-0.21882369525596734	2.5850570241203221	-2	2	0.084649465452481309	0.36714081531087295	0.36714081531087295	31310	7.0637136751790943e-05	2.2116487516985743
0	6	30	3149	640	1	5695	0.34851389652160031	0.3747857991843534	0.86667203903198242	0.51815814251038217	0.4601932539567819	2.3973073013813755	-1	2	0.22517211111490415	0.33139078355994345	0.33139078355994345	12840	0.00017224678751546528	2.2116487516985743
0	7	29	9966	3149	-1	15247	0.3747857991843534	0.44313624141079788	0.86667203903198242	0.49188623984762903	-0.22630738633642078	2.0755352954803064	-2	1	-0.37276774591517436	0.26981072311253879	0.26981072311253879	4311	0.00051302453066540815	2.2116487516985743
0	8	28	32475	9966	0	40217	0.44313624141079788	0.48601777937995316	0.86667203903198242	0.42353579762118454	-0.64597810337629558	2.0301479178468607	-2	1	0.31819262906784085	0.30889004008635818	0.30889004008635818	1683	0.0013141109635760987	2.2116487516985743
0	9	27	68443	32475	0	96621	0.48601777937995316	0.49402434653308014	0.86667203903198242	0.38065425965202926	-0.27105677165672504	1.8689704430068137	-2	1	0.14502999374385336	0.44058871269226074	0.44058871269226074	986	0.0022430514723109272	2.2116487516985743
0	10	26	161068	68443	0	218175	0.49402434653308014	0.49431086163647547	0.86667203903198242	0.37264769249890228	0.050644652999415708	1.82645534169665	-1	1	-0.027728382864467053	0.55978112638365607	0.55978112638365607	648	0.0034130381970657012	2.2116487516985743
0	11	25	319763	161068	1	421337	0.49431086163647547	0.49431382145358593	0.86667203903198242	0.37236117739550695	0.99538064341159604	1.6384426626361406	0	2	0.0028193580976289493	0.59849281010766042	0.59849281010766042	469	0.0047156689801675358	2.2116487516985743
0	12	24	526803	319763	0	748975	0.49431382145358593	0.50041092945004473	0.86667203903198242	0.37235821757839649	0.20557386696358523	1.6065210959564522	-1	1	-0.12796213350761856	0.54233694076538086	0.54233694076538086	334	0.0066217028493969288	2.2116487516985743
0	13	23	785362	526803	0	1045671	0.50041092945004473	0.50284265433412156	0.86667203903198242	0.36626110958193764	0.12185120416137087	1.495436612618344	-1	1	-0.081482025472161532	0.58670582135635085	0.58670582135635085	261	0.0084737500065079473	2.2116487516985743
0	14	22	1493971	785362	-1	1170971	0.50284265433412156	0.50450950699072539	0.86667203903198242	0.36382938469786086	-1.0987000390310246	1.458201714796789	-2	0	0.067686135621352728	0.60069679318820246	0.60069679318820246	190	0.011640256587887234	2.2116487516985743
0	15	21	2488626	1493971	0	1109979	0.50450950699072539	0.5076521706783419	0.86667203903198242	0.36216253204125698	-0.12826535335219319	1.3769309664889131	-1	1	0.093153074826446622	0.60545665927911785	0.60545665927911785	148	0.014943572646611988	2.2116487516985743
0	16	20	3656171	2488626	2	946789	0.5076521706783419	0.55139000322327936	0.86667203903198242	0.35901986835364053	1.5306977712847138	1.3445694196070355	1	2	0.34903532824095074	0.5204415178038807	0.5204415178038807	85	0.026019397078806756	2.2116487516985743
0	17	19	5418670	3656171	0	757845	0.55139000322327936	0.58133585505725471	0.86667203903198242	0.31528203580870306	0.37465358907235002	1.2156573345995727	0	1	-0.30819012760348108	0.59013470195766327	0.59013470195766327	54	0.040956458364788416	2.2116487516985743
0	18	18	7188769	5418670	1	579822	0.58133585505725471	0.59874297057896897	0.86667203903198242	0.28533618397472765	0.73189457364095933	1.0854769924685792	0	1	0.24699319121386301	0.67846512794494629	0.67846512794494629	44	0.050264744356785782	2.2116487516985743
0	19	17	7657723	7188769	0	439695	0.59874297057896897	0.62505049951388658	0.86667203903198242	0.26792906845301351	0.32398524137493456	1.0339394728489266	0	1	-0.31335029746201926	0.66395026445388794	0.66395026445388794	30	0.073721625056619139	2.2116487516985743
0	20	16	7988529	7657723	0	339624	0.62505049951388658	0.65138844716417066	0.86667203903198242	0.24162153951809584	-0.33049999969350813	1.0010328324146704	-1	0	0.33015900077551197	0.66313594579696655	0.66313594579696655	21	0.10531660722374163	2.2116487516985743
0	21	15	8395798	7988529	0	246528	0.65138844716417066	0.65297834649227915	0.86667203903198242	0.21528359186781179	0.076785797804278702	0.89351439458416737	0	0	-0.085936833552652553	1	1	20	0.11058243758492872	2.2116487516985743
0	22	14	8422888	8395798	0	173658	0.65297834649227915	0.67973564972589107	0.86667203903198242	0.21369369253970324	-0.30587687946580006	0.86441308520628679	-1	0	0.35385498519241465	0.7105976939201355	0.7105976939201355	16	0.1382280469811609	2.2116487516985743
0	23	13	8532063	8422888	0	117884	0.67973564972589107	0.69537331568539684	0.86667203903198242	0.18693638930609141	-0.22644964585808885	0.78294743367080233	-1	0	0.28922713852754223	0.80179345607757568	0.80179345607757568	14	0.15797491083561246	2.2116487516985743
0	24	12	8575034	8532063	1	75480	0.69537331568539684	0.70496290923267146	0.86667203903198242	0.17129872334658558	0.83129450165379992	0.7130273689122455	1	1	0.23660451996894272	1	1	13	0.1701268270537365	2.2116487516985743
0	25	11	8600388	8575034	-1	42542	0.70496290923267146	0.70510766887634357	0.86667203903198242	0.16170912979931096	-0.98147361791705334	0.61920454281607207	-1	-1	-0.029919648196847497	1	1	12	0.18430406264154786	2.2116487516985743
0	26	10	8611550	8600388	-1	24610	0.70510766887634357	0.71728797208014261	0.86667203903198242	0.16156437015563888	-0.82268755945607253	0.64577756606685111	-1	-1	-0.27457200414046595	1	1	11	0.20105897742714313	2.2116487516985743
0	27	9	8615686	8611550	1	12818	0.71728797208014261	0.72920695322120554	0.86667203903198242	0.14938406695183984	0.8396821339713032	0.56756355004627512	1	1	0.28246681101283833	1	1	10	0.22116487516985744	2.2116487516985743
0	28	8	8628651	8615686	-1	6636	0.72920695322120554	0.73473349648339814	0.86667203903198242	0.1374650858107769	-1.1074359271744436	0.53582004052307175	-1	-1	0.20050748208216285	1	1	9	0.24573875018873048	2.2116487516985743
0	29	7	8634531	8628651	-1	3370	0.73473349648339814	0.74814208486601297	0.86667203903198242	0.13193854254858428	-0.83283402661997719	0.52437525960561315	-1	-1	-0.31879073300626293	1	1	8	0.27645609396232179	2.2116487516985743
0	30	6	8635368	8634531	0	1542	0.74814208486601297	0.78715895417954751	0.86667203903198242	0.11852995416596943	-0.25523334564154593	0.44486195089533215	0	0	0.57373606604894301	1	1	7	0.31594982167122493	2.2116487516985743
0	31	5	8638644	8635368	0	704	0.78715895417954751	0.78844865562136934	0.86667203903198242	0.079513084852434898	0.047139184637926906	0.3701321203480179	0	0	-0.1273577245703619	1	1	6	0.36860812528309572	2.2116487516985743
0	32	4	8641021	8638644	-3	310	0.78844865562136934	0.78845369671936372	0.86667203903198242	0.07822338341061312	-2.9971992723479284	0.34888042900207455	-3	-3	-0.0080277579917072007	1	1	5	0.44232975033971489	2.2116487516985743
0	33	3	8642086	8641021	-1	138	0.78845369671936372	0.80162078584074092	0.86667203903198242	0.078218342312618677	-1.1344546495472558	0.3277066401526833	-1	-1	0.41028967092217461	1	1	4	0.55291218792464358	2.2116487516985743
0	34	2	8643039	8642086	-2	42	0.80162078584074092	0.80569576382925723	0.86667203903198242	0.06505125319124154	-2.0698288017982471	0.27899716493643528	-2	-2	0.25028498699675544	1	1	3	0.73721625056619144	2.2116487516985743
0	35	1	8643934	8643039	-1	26	0.80569576382925723	0.8201387049038954	0.86667203903198242	0.060976275202725243	-1.1313649715483103	0.26991822056660797	-1	-1	0.48668434191864118	1	1	2	1.1058243758492872	2.2116487516985743
0	36	0	8645365	8643934	-2	5	0.8201387049038954	0.84459090232849121	0.86667203903198242	0.046533334128086995	-2.1600129019308461	0.22073852701697985	-2	-2	0.72489793283135018	1	1	1	2.2116487516985743	2.2116487516985743
1	1	35	1	0	0	7	0	0	0.65796875953674316	0.65796875953674316	0	2.7084630072587892	-2	2	0	0.38678618528019282	0.38678618528019282	3388002	4.2909355233054656e-06	5.4899185023260682
1	2	34	3	1	0	29	0	0	0.65796875953674316	0.65796875953674316	0	2.7712185787171171	-2	2	0	0.3820910763411382	0.3820910763411382	1658155	3.310859661687881e-06	5.4899185023260682
1	3	33	16	3	0	135	0	0	0.65796875953674316	0.65796875953674316	0	2.9409713618980144	-2	2	0	0.37044182118945401	0.37044182118945401	733183	7.4877874996093311e-06	5.4899185023260682
1	4	32	48	16	-1	547	0	0.069879713219070244	0.65796875953674316	0.65796875953674316	0	3.0685067280752683	-3	3	-0.32589141514682407	0.18064760758025331	0.18064760758025331	173868	3.1575209367601098e-05	5.4899185023260682
1	5	31	345	48	-1	1813	0.069879713219070244	0.096384671572667252	0.65796875953674316	0.58808904631767289	-0.44607986448518666	2.609186570489717	-3	2	-0.21229610093035559	0.2714302878294928	0.2714302878294928	69270	7.9253912261095246e-05	5.4899185023260682
1	6	30	802	345	-1	5679	0.096384671572667252	0.10108225817398125	0.65796875953674316	0.56158408796407588	-0.7637630040763016	2.5829613680003023	-3	1	-0.091459748043614855	0.3529122057850595	0.3529122057850595	33191	0.00016540382942141146	5.4899185023260682
1	7	29	3601	802	-2	15851	0.10108225817398125	0.16496830733589857	0.65796875953674316	0.55688650136276185	-1.1690945091912504	2.4531943664439555	-3	1	-0.3387034888773181	0.23442980315314083	0.23442980315314083	10256	0.00053528846551541222	5.4899185023260682
1	8	28	10749	3601	0	39021	0.16496830733589857	0.16951492938223328	0.65796875953674316	0.4930004522008446	-0.2107764839038484	2.1948325261885575	-2	1	0.096033060103165535	0.41801601014588063	0.41801601014588063	5907	0.00092939199294499208	5.4899185023260682
1	9	27	30146	10749	1	85579	0.16951492938223328	0.16956591395184065	0.65796875953674316	0.48845383015450988	0.97899568369983347	2.0558950012584449	-1	3	0.010216628907268842	0.43884682982300838	0.43884682982300838	3806	0.0014424378618828346	5.4899185023260682
1	10	26	69996	30146	0	178377	0.16956591395184065	0.17469824379436075	0.65796875953674316	0.48840284558490255	0.2107491676166863	2.0558796180387997	-1	2	-0.10251046110264465	0.42963029396155655	0.42963029396155655	2295	0.0023921213517760645	5.4899185023260682
1	11	25	156652	69996	-1	309845	0.17469824379436075	0.1986553341997864	0.65796875953674316	0.48327051574238244	-0.60372723860690636	1.7798046423852767	-2	1	-0.22264958296884355	0.39662768845814933	0.39662768845814933	1306	0.0042036129420567137	5.4899185023260682
1	12	24	351939	156652	-1	529314	0.1986553341997864	0.19900266746096626	0.65796875953674316	0.45931342533695679	-0.95053614176836188	1.7987440550467244	-2	0	-0.027499108665770253	0.54909296831512189	0.54909296831512189	904	0.0060729186972633496	5.4899185023260682
1	13	23	792010	351939	-1	731862	0.19900266746096626	0.19918900770244874	0.65796875953674316	0.45896609207577688	-0.96649623490458658	1.6627639068153217	-2	0	-0.020149442117481903	0.57113163271791911	0.57113163271791911	662	0.0082929282512478365	5.4899185023260682
1	14	22	1746453	792010	1	810064	0.19918900770244874	0.20073056464878319	0.65796875953674316	0.45877975183429442	0.90694763753531549	1.605276095286603	0	2	0.057966578296346681	0.56334988584071743	0.56334988584071743	488	0.011249832996569812	5.4899185023260682
1	15	21	2194016	1746453	-3	835226	0.20073056464878319	0.20746601536591819	0.65796875953674316	0.45723819488795997	-2.7973665663630198	1.6695484357951276	-4	-2	-0.12137020363861174	0.52273847712274613	0.52273847712274613	315	0.01742831270579704	5.4899185023260682
1	16	20	5768509	2194016	1	764308	0.20746601536591819	0.26993410791491229	0.65796875953674316	0.45050274417082498	0.43532081505618492	1.5164265411846933	-1	1	0.37237490218462216	0.39447271841538706	0.39447271841538706	144	0.038124434043931031	5.4899185023260682
1	17	19	6262374	5768509	-1	672743	0.26993410791491229	0.2703062942718758	0.65796875953674316	0.38803465162183087	-1.0409464674875339	1.322121813875041	-2	0	0.030970268441092314	0.68042272329330444	0.68042272329330444	113	0.048583349578106796	5.4899185023260682
1	18	18	6721443	6262374	0	603050	0.2703062942718758	0.30521580096750445	0.65796875953674316	0.38766246526486736	0.395654393473719	1.3184723099130649	0	1	-0.30008547809381525	0.57848691940307617	0.57848691940307617	68	0.080734095622442173	5.4899185023260682
1	19	17	7020687	6721443	-1	530878	0.30521580096750445	0.31494746630434423	0.65796875953674316	0.35275295856923872	-1.2050862545470122	1.2347479204779803	-2	0	0.16609564684880923	0.63186722993850708	0.63186722993850708	53	0.10358336796841638	5.4899185023260682
1	20	16	7358466	7020687	0	429190	0.31494746630434423	0.32517517227362125	0.65796875953674316	0.34302129323239894	0.19499100118597604	1.129239320535806	0	1	-0.17267464711860717	0.7465706467628479	0.7465706467628479	39	0.14076714108528379	5.4899185023260682
1	21	15	7454724	7358466	0	338062	0.32517517227362125	0.33866456116908311	0.65689563751220703	0.33172046523858578	0.22158596660813693	1.0988344015432954	0	1	-0.20165546901054696	0.73370230197906494	0.73370230197906494	28	0.19606851794021671	5.4899185023260682
1	22	14	7513828	7454724	-1	250288	0.33866456116908311	0.3448231618630771	0.65689563751220703	0.31823107634312392	-0.85678594322164237	1.0294752678953181	-1	0	-0.13911364482912508	0.79999816417694092	0.79999816417694092	24	0.22874660426358617	5.4899185023260682
1	23	13	7535153	7513828	1	169288	0.3448231618630771	0.37418226886294276	0.65689563751220703	0.31207247564912993	1.2907775103554024	0.94801918456529233	1	2	-0.30672112451894784	0.7073974609375	0.7073974609375	18	0.30499547235144825	5.4899185023260682
1	24	12	7542308	7535153	-1	105394	0.37418226886294276	0.41440758824960383	0.65689563751220703	0.28271336864926427	-1.3168510202855404	0.83999854173794819	-2	-1	0.3772042504145055	0.70519071817398071	0.70519071817398071	13	0.4223014232558514	5.4899185023260682
1	25	11	7543445	7542308	0	66207	0.41440758824960383	0.42923790638157489	0.65689563751220703	0.2424880492626032	-0.19733514841987568	0.79794761841958861	0	0	0.24730338666931143	1	1	12	0.45749320852717235	5.4899185023260682
1	26	10	7546735	7543445	2	37200	0.42923790638157489	0.46034977429611895	0.65689563751220703	0.22765773113063215	2.2611584164878189	0.70645122917738779	2	2	-0.36967649811002401	1	1	11	0.49908350021146075	5.4899185023260682
1	27	9	7547272	7546735	0	20251	0.46034977429611895	0.4636003068599473	0.65689563751220703	0.19654586321608808	0.082706478369214645	0.64312326751239524	0	0	-0.12860128461705922	1	1	10	0.54899185023260677	5.4899185023260682
1	28	8	7548711	7547272	-2	10977	0.4636003068599473	0.47979012605382343	0.65689563751220703	0.19329533065225976	-2.185355071908627	0.6404631639131837	-2	-2	0.28940785723900286	1	1	9	0.6099909447028965	5.4899185023260682
1	29	7	7549323	7548711	1	5271	0.47979012605382343	0.48589065006876331	0.65689563751220703	0.17710551145838363	0.8964776906404659	0.5577844712428266	1	1	0.18559553859373509	1	1	8	0.68623981279075852	5.4899185023260682
1	30	6	7549667	7549323	0	2531	0.48589065006876331	0.48721487106730521	0.65689563751220703	0.17100498744344372	-0.047804986211196519	0.54324701741199155	0	0	0.087998616980793906	1	1	7	0.78427407176086683	5.4899185023260682
1	31	5	7549995	7549667	-2	1095	0.48721487106730521	0.4934164581540062	0.65689563751220703	0.16968076644490182	-1.9017661600051403	0.51383774885509226	-2	-2	-0.19117676779049325	1	1	6	0.91498641705434469	5.4899185023260682
1	32	4	7550301	7549995	0	451	0.4934164581540062	0.50120880651064648	0.65689563751220703	0.16347917935820083	-0.10429452374679703	0.47770363946142158	0	0	0.21832474180934025	1	1	5	1.0979837004652135	5.4899185023260682
1	33	3	7550562	7550301	0	173	0.50120880651064648	0.52628785070090389	0.65689563751220703	0.1556868310015605	-0.17367147866069274	0.43271201164633516	0	0	0.40135580706421009	1	1	4	1.372479625581517	5.4899185023260682
1	34	2	7550649	7550562	1	80	0.52628785070090389	0.53310811027246752	0.65689563751220703	0.13060778681130308	0.90892266334271821	0.39856063807128717	1	1	0.22851563340028461	1	1	3	1.8299728341086894	5.4899185023260682
1	35	1	7550687	7550649	-2	32	0.53310811027246752	0.53709230461454738	0.65689563751220703	0.12378752723973957	-2.0655459492449681	0.36535414930943211	-2	-2	0.17940387256818874	1	1	2	2.7449592511630341	5.4899185023260682
1	36	0	7550826	7550687	-1	8	0.53709230461454738	0.62257051467895508	0.65689563751220703	0.11980333289765963	-0.6818700844692871	0.37662682626237881	-1	-1	-0.84468203895036997	1	1	1	5.4899185023260682	5.4899185023260682
2	1	35	1	0	0	5	0	0	0.62257051467895508	0.62257051467895508	0	2.6345991392869159	-2	2	0	0.42117059230804443	0.42117059230804443	1232896	0	0
2	2	34	3	1	0	21	0	0	0.62257051467895508	0.62257051467895508	0	2.6956432717363761	-2	2	0	0.41564580798149109	0.41564580798149109	748465	0	0
2	3	33	12	3	0	85	0	0	0.62257051467895508	0.62257051467895508	0	2.860766640695581	-2	2	0	0.40190970897674561	0.40190970897674561	420994	0	0
2	4	32	29	12	0	329	0	0	0.62257051467895508	0.62257051467895508	0	3.1528716574867821	-3	3	0	0.3423246443271637	0.3423246443271637	211015	0	0
2	5	31	70	29	0	983	0	0	0.62257051467895508	0.62257051467895508	0	2.7850838167913299	-2	2	0	0.40799775719642639	0.40799775719642639	117376	0	0
2	6	30	233	70	0	2597	0	0	0.62257051467895508	0.62257051467895508	0	2.780165032036503	-2	2	0	0.40840524435043335	0.40840524435043335	64519	0	0
2	7	29	468	233	0	5703	0	0	0.62257051467895508	0.62257051467895508	0	2.4471434026647105	-2	2	0	0.43988144397735596	0.43988144397735596	39344	0	0
2	8	28	1249	468	0	11389	0	0	0.62257051467895508	0.62257051467895508	0	2.3196431630718322	-2	2	0	0.45433443784713745	0.45433443784713745	24665	0	0
2	9	27	3142	1249	0	21729	0	0	0.62257051467895508	0.62257051467895508	0	2.3585825742872819	-2	2	0	0.44975650310516357	0.44975650310516357	14998	0	0
2	10	26	6351	3142	0	37415	0	0	0.62257051467895508	0.62257051467895508	0	2.2344003956525724	-2	2	0	0.4649011492729187	0.4649011492729187	9447	0	0
2	11	25	14214	6351	0	58407	0	0	0.62257051467895508	0.62257051467895508	0	2.0972397779254202	-2	2	0	0.48364159464836121	0.48364159464836121	6174	0	0
2	12	24	30135	14214	0	83777	0	0	0.62257051467895508	0.62257051467895508	0	2.0154615276820778	-2	2	0	0.49596276879310608	0.49596276879310608	4083	0	0
2	13	23	61910	30135	0	113725	0	0	0.62257051467895508	0.62257051467895508	0	1.989862776448994	-1	1	0	0.57736051082611084	0.57736051082611084	2736	0	0
2	14	22	86942	61910	0	151433	0	0	0.62257051467895508	0.62257051467895508	0	2.022941666471032	-2	2	0	0.49479711055755615	0.49479711055755615	1733	0	0
2	15	21	178420	86942	0	170923	0	0	0.62257051467895508	0.62257051467895508	0	1.768134442768807	-1	1	0	0.60777962207794189	0.60777962207794189	1226	0	0
2	16	20	257256	178420	0	190517	0	0	0.62257051467895508	0.62257051467895508	0	1.8127612618169098	-1	1	0	0.60112196207046509	0.60112196207046509	839	0	0
2	17	19	308759	257256	0	204991	0	0	0.62257051467895508	0.62257051467895508	0	1.800923491239095	-1	1	0	0.60285955667495728	0.60285955667495728	570	0	0
2	18	18	386696	308759	0	200917	0	0	0.62257051467895508	0.62257051467895508	0	1.6785261108644747	-1	1	0	0.62207722663879395	0.62207722663879395	381	0	0
2	19	17	500745	386696	0	181569	0	0	0.62257051467895508	0.62257051467895508	0	1.5947681893370136	-1	1	0	0.63667315244674683	0.63667315244674683	282	0	0
2	20	16	607308	500745	0	153555	0	0	0.62257051467895508	0.62257051467895508	0	1.5278675205454244	-1	1	0	0.64927792549133301	0.64927792549133301	187	0	0
2	21	15	761459	607308	0	116175	0	0	0.62257051467895508	0.62257051467895508	0	1.402610266400133	-1	1	0	0.6754118800163269	0.6754118800163269	140	0	0
2	22	14	956558	761459	0	86125	0	0	0.62257051467895508	0.62257051467895508	0	1.405653462739588	-1	1	0	0.67473477125167847	0.67473477125167847	97	0	0
2	23	13	1331763	956558	0	63305	0	0	0.62257051467895508	0.62257051467895508	0	1.4241044814550194	-1	1	0	0.67067599296569824	0.67067599296569824	70	0	0
2	24	12	1534858	1331763	0	41655	0	0	0.62257051467895508	0.62257051467895508	0	1.3012437947910311	-1	1	0	0.69927412271499634	0.69927412271499634	49	0	0
2	25	11	1809503	1534858	0	25173	0	0	0.62257051467895508	0.62257051467895508	0	1.2098462730454667	-1	1	0	0.72311288118362427	0.72311288118362427	36	0	0
2	26	10	1929268	1809503	0	14151	0	0	0.62257051467895508	0.62257051467895508	0	1.1486413137965383	-1	1	0	0.74039840698242188	0.74039840698242188	25	0	0
2	27	9	1946797	1929268	0	7925	0	0	0.62257051467895508	0.62257051467895508	0	1.1693150643303898	-1	1	0	0.73443770408630371	0.73443770408630371	16	0	0
2	28	8	1950448	1946797	0	3917	0	0	0.62257051467895508	0.62257051467895508	0	1.0524180141525852	-1	1	0	0.76980996131896973	0.76980996131896973	13	0	0
2	29	7	1951439	1950448	0	1913	0	0	0.62257051467895508	0.62257051467895508	0	1.0379543015478578	-1	1	0	0.77446901798248291	0.77446901798248291	10	0	0
2	30	6	1951600	1951439	0	861	0	0	0.62257051467895508	0.62257051467895508	0	0.99049096841752426	0	0	0	1	1	9	0	0
2	31	5	1951737	1951600	0	403	0	0	0.62257051467895508	0.62257051467895508	0	0.93955915921022481	0	0	0	1	1	8	0	0
2	32	4	1951742	1951737	0	135	0	0	0.62257051467895508	0.62257051467895508	0	0.88668551011057251	0	0	0	1	1	7	0	0
2	33	3	1951755	1951742	0	41	0	0	0.62257051467895508	0.62257051467895508	0	0.87579027239042073	0	0	0	1	1	6	0	0
2	34	2	1951804	1951755	0	13	0	0	0.62257051467895508	0.62257051467895508	0	0.82240680363366636	0	0	0	1	1	5	0	0
2	35	1	1951825	1951804	0	1	0	0	0.62257051467895508	0.62257051467895508	0	0.92435944662151026	0	0	0	1	1	4	0	0
2	36	0	1951848	1951825	1	3	0	0.62257051467895508	0.62257051467895508	0.62257051467895508	0	1.000000000002	-1	1	0.99999999999800004	0.10650698095560074	0.10650698095560074	1	0	0
