[phase 0 initial]
[[-63 721 -629 21 261 -60 453 -176 196 81 -275 -355 318 78 -71 -334 217 -173 -381 125 381 -402 -135 100 -152 29 293 -291 -402 -140 -400 11]
[224 -27 129 -238 -5 -112 202 27 292 77 221 694 -317 -436 11 340 -293 204 300 116 -407 259 -66 -128 728 46 -245 -172 -542 -467 160 -23]
[-211 -791 449 134 -54 244 -11 -454 -204 236 -198 46 38 -39 -42 26 83 -489 230 -185 -251 -123 219 -117 58 482 -183 -154 670 792 211 -223]
[329 165 -98 101 362 392 152 165 304 -398 -191 6 -168 -45 43 -153 -223 153 194 675 -472 624 -121 -269 218 297 -209 80 148 -596 -7 181]
[121 460 -534 46 487 -141 -46 -300 23 93 -666 202 113 -187 442 -363 117 71 -12 634 -144 -218 -73 330 230 963 -377 -289 -150 -210 -166 -31]
[271 -47 263 258 -480 -131 2 -208 -464 235 630 165 -201 772 -169 -41 41 20 82 -130 409 -4 254 -73 -506 -693 294 -388 206 290 -22 63]
[570 -189 -148 24 -44 35 -27 -71 23 121 -70 -498 55 148 280 -621 -345 -181 134 237 15 423 138 -305 -754 -413 394 -258 124 230 -626 -1]
[-409 372 193 -660 -245 165 351 -21 13 6 16 471 -376 90 261 678 -59 -507 -7 -63 -254 -230 -79 369 544 129 102 -538 -145 244 -27 20]
[118 -350 -173 22 -304 102 -187 -146 -147 -722 389 -209 374 28 -336 59 -141 -136 -513 212 -288 25 -77 -574 68 289 -107 801 577 -409 780 147]
[-96 39 -406 -293 -825 -373 67 11 154 326 214 -193 368 333 -77 -46 -427 -108 164 297 -42 -57 -279 -377 -176 -635 -56 288 203 -245 -88 -48]
[-65 -202 -6 236 -654 314 387 -679 -507 351 90 491 -247 -18 187 170 -560 205 646 157 -299 -342 -379 -239 308 292 -379 -147 -2 -140 357 -286]
[67 474 -525 7 231 422 -193 322 -675 -732 -650 -232 313 -215 45 523 -261 178 -519 89 167 70 -228 39 -220 572 320 158 95 266 216 113]
[188 297 -444 -145 -332 -285 56 711 -514 82 164 10 -323 575 -378 225 -584 150 161 455 -71 -105 108 -177 -138 100 -28 123 197 -360 377 149]
[61 -166 -194 326 18 -452 -88 359 40 40 110 343 -16 -351 -122 138 170 237 167 -628 121 41 873 -67 -47 80 -124 34 558 545 138 -23]
[-299 457 -350 99 222 790 -219 -227 65 544 -348 -434 -189 402 433 -195 413 200 219 386 -143 -84 -334 200 281 -216 -53 191 -235 -570 -210 20]
[-6 -660 221 -186 -77 -132 -128 240 -135 -626 30 115 44 -363 3 220 -11 -559 -235 -214 -136 68 -214 611 709 75 368 -72 -126 303 107 -30]
[8 -494 15 -582 -244 -318 -376 -263 57 302 -100 77 -525 232 511 432 -149 -384 151 23 -422 505 536 -431 123 624 -215 -462 76 276 151 127]
[-964 -427 126 62 -196 199 432 -165 301 11 596 -358 -542 -170 2 242 -218 -218 194 -265 -168 -37 311 167 65 132 -143 78 56 303 358 -54]
[45 -544 726 625 396 499 -422 58 -106 -87 -420 -106 480 -506 -414 -145 -37 147 137 178 -73 582 37 -66 -545 219 -524 -76 209 574 363 414]
[40 -400 319 -147 -66 519 87 98 -426 -567 -308 -49 -83 -108 -541 399 -874 -137 -204 455 -106 52 -64 -196 311 -63 522 627 622 -228 17 43]
[23 702 -539 155 148 457 483 54 -344 527 -225 229 111 -442 352 537 157 -152 -368 493 -120 -392 -325 -47 -156 652 -83 -168 -373 67 143 -186]
[-167 346 251 -528 145 679 -154 164 -745 -53 224 -142 -456 363 -115 -192 142 -216 271 -266 76 -317 108 -52 -518 -29 444 441 -256 228 -43 -166]
[74 -19 -229 176 -138 310 -61 -62 -467 -125 -717 20 110 -366 138 -512 -82 -158 -457 81 -194 -258 -310 -234 -115 85 523 -18 -347 181 -715 141]
[-704 -418 171 233 -195 86 552 -673 -126 -21 478 24 200 -219 341 174 -340 -312 286 -225 73 181 150 -131 -11 182 -374 149 -93 -336 -71 -104]
[395 -115 127 -33 236 -404 449 -180 490 132 -265 -85 -114 89 -83 8 831 12 -74 95 -37 -365 -43 197 -133 358 15 -564 -189 169 -563 -172]
[154 663 -58 -135 -332 -221 540 332 550 -9 -58 -602 273 -489 302 73 -177 409 389 -118 -165 -590 -442 80 321 -224 62 196 -534 -326 -292 -107]
[137 -125 -20 -2 1005 141 344 110 268 -76 -467 -417 852 19 -422 295 528 -164 -61 257 342 -59 15 -385 261 -43 458 173 -364 108 -38 182]
[-603 -86 222 -139 229 -366 195 151 276 153 674 51 539 -441 -694 153 -357 13 205 124 -401 -568 -649 -313 511 -15 -67 -165 -371 81 31 -458]
[902 -15 399 -352 58 68 -745 -794 259 185 538 371 -338 -60 64 373 -221 -429 -131 650 -628 227 293 319 152 55 57 -140 -142 -43 69 496]
[26 401 -758 41 -297 -220 204 -437 -439 -259 -19 -18 158 -187 139 -275 -272 5 513 25 -497 -133 -583 -233 672 440 -384 -163 130 -390 -482 312]
[41 14 -663 456 13 -342 -9 728 224 534 -332 -170 258 -477 -382 42 539 -228 459 -196 -230 -143 185 81 -305 -540 157 461 235 214 538 -55]
[-642 84 -370 -169 -11 -73 136 89 -237 -68 -368 313 298 -113 317 496 686 -156 -211 -455 61 -133 32 343 496 639 700 -200 -170 -241 -275 248]]
[phase 0 refreshed accepted=0]
[[-63 721 -629 21 261 -60 453 -176 196 81 -275 -355 318 78 -71 -334 217 -173 -381 125 381 -402 -135 100 -152 29 293 -291 -402 -140 -400 11]
[224 -27 129 -238 -5 -112 202 27 292 77 221 694 -317 -436 11 340 -293 204 300 116 -407 259 -66 -128 728 46 -245 -172 -542 -467 160 -23]
[-211 -791 449 134 -54 244 -11 -454 -204 236 -198 46 38 -39 -42 26 83 -489 230 -185 -251 -123 219 -117 58 482 -183 -154 670 792 211 -223]
[329 165 -98 101 362 392 152 165 304 -398 -191 6 -168 -45 43 -153 -223 153 194 675 -472 624 -121 -269 218 297 -209 80 148 -596 -7 181]
[121 460 -534 46 487 -141 -46 -300 23 93 -666 202 113 -187 442 -363 117 71 -12 634 -144 -218 -73 330 230 963 -377 -289 -150 -210 -166 -31]
[271 -47 263 258 -480 -131 2 -208 -464 235 630 165 -201 772 -169 -41 41 20 82 -130 409 -4 254 -73 -506 -693 294 -388 206 290 -22 63]
[570 -189 -148 24 -44 35 -27 -71 23 121 -70 -498 55 148 280 -621 -345 -181 134 237 15 423 138 -305 -754 -413 394 -258 124 230 -626 -1]
[-409 372 193 -660 -245 165 351 -21 13 6 16 471 -376 90 261 678 -59 -507 -7 -63 -254 -230 -79 369 544 129 102 -538 -145 244 -27 20]
[118 -350 -173 22 -304 102 -187 -146 -147 -722 389 -209 374 28 -336 59 -141 -136 -513 212 -288 25 -77 -574 68 289 -107 801 577 -409 780 147]
[-96 39 -406 -293 -825 -373 67 11 154 326 214 -193 368 333 -77 -46 -427 -108 164 297 -42 -57 -279 -377 -176 -635 -56 288 203 -245 -88 -48]
[-65 -202 -6 236 -654 314 387 -679 -507 351 90 491 -247 -18 187 170 -560 205 646 157 -299 -342 -379 -239 308 292 -379 -147 -2 -140 357 -286]
[67 474 -525 7 231 422 -193 322 -675 -732 -650 -232 313 -215 45 523 -261 178 -519 89 167 70 -228 39 -220 572 320 158 95 266 216 113]
[188 297 -444 -145 -332 -285 56 711 -514 82 164 10 -323 575 -378 225 -584 150 161 455 -71 -105 108 -177 -138 100 -28 123 197 -360 377 149]
[61 -166 -194 326 18 -452 -88 359 40 40 110 343 -16 -351 -122 138 170 237 167 -628 121 41 873 -67 -47 80 -124 34 558 545 138 -23]
[-299 457 -350 99 222 790 -219 -227 65 544 -348 -434 -189 402 433 -195 413 200 219 386 -143 -84 -334 200 281 -216 -53 191 -235 -570 -210 20]
[-6 -660 221 -186 -77 -132 -128 240 -135 -626 30 115 44 -363 3 220 -11 -559 -235 -214 -136 68 -214 611 709 75 368 -72 -126 303 107 -30]
[8 -494 15 -582 -244 -318 -376 -263 57 302 -100 77 -525 232 511 432 -149 -384 151 23 -422 505 536 -431 123 624 -215 -462 76 276 151 127]
[-964 -427 126 62 -196 199 432 -165 301 11 596 -358 -542 -170 2 242 -218 -218 194 -265 -168 -37 311 167 65 132 -143 78 56 303 358 -54]
[45 -544 726 625 396 499 -422 58 -106 -87 -420 -106 480 -506 -414 -145 -37 147 137 178 -73 582 37 -66 -545 219 -524 -76 209 574 363 414]
[40 -400 319 -147 -66 519 87 98 -426 -567 -308 -49 -83 -108 -541 399 -874 -137 -204 455 -106 52 -64 -196 311 -63 522 627 622 -228 17 43]
[23 702 -539 155 148 457 483 54 -344 527 -225 229 111 -442 352 537 157 -152 -368 493 -120 -392 -325 -47 -156 652 -83 -168 -373 67 143 -186]
[-167 346 251 -528 145 679 -154 164 -745 -53 224 -142 -456 363 -115 -192 142 -216 271 -266 76 -317 108 -52 -518 -29 444 441 -256 228 -43 -166]
[74 -19 -229 176 -138 310 -61 -62 -467 -125 -717 20 110 -366 138 -512 -82 -158 -457 81 -194 -258 -310 -234 -115 85 523 -18 -347 181 -715 141]
[-704 -418 171 233 -195 86 552 -673 -126 -21 478 24 200 -219 341 174 -340 -312 286 -225 73 181 150 -131 -11 182 -374 149 -93 -336 -71 -104]
[395 -115 127 -33 236 -404 449 -180 490 132 -265 -85 -114 89 -83 8 831 12 -74 95 -37 -365 -43 197 -133 358 15 -564 -189 169 -563 -172]
[154 663 -58 -135 -332 -221 540 332 550 -9 -58 -602 273 -489 302 73 -177 409 389 -118 -165 -590 -442 80 321 -224 62 196 -534 -326 -292 -107]
[137 -125 -20 -2 1005 141 344 110 268 -76 -467 -417 852 19 -422 295 528 -164 -61 257 342 -59 15 -385 261 -43 458 173 -364 108 -38 182]
[-603 -86 222 -139 229 -366 195 151 276 153 674 51 539 -441 -694 153 -357 13 205 124 -401 -568 -649 -313 511 -15 -67 -165 -371 81 31 -458]
[902 -15 399 -352 58 68 -745 -794 259 185 538 371 -338 -60 64 373 -221 -429 -131 650 -628 227 293 319 152 55 57 -140 -142 -43 69 496]
[26 401 -758 41 -297 -220 204 -437 -439 -259 -19 -18 158 -187 139 -275 -272 5 513 25 -497 -133 -583 -233 672 440 -384 -163 130 -390 -482 312]
[41 14 -663 456 13 -342 -9 728 224 534 -332 -170 258 -477 -382 42 539 -228 459 -196 -230 -143 185 81 -305 -540 157 461 235 214 538 -55]
[-642 84 -370 -169 -11 -73 136 89 -237 -68 -368 313 298 -113 317 496 686 -156 -211 -455 61 -133 32 343 496 639 700 -200 -170 -241 -275 248]]
