[phase 0 initial]
[[-148 193 231 158 95 -43 -478 441 -130 -352 -12 -355 469 -37 -301 28 -149 226 334 202 2 -104 -51 263 359 458 -253 898 347 -372 291 41 -274 11]
[-605 295 160 -69 -441 -529 -251 196 -215 -377 257 -259 10 204 111 647 -232 -80 75 546 -494 198 129 -372 170 -144 -208 397 445 -4 445 -15 72 1]
[-405 35 -144 -36 -485 -98 -56 -108 -69 -133 172 342 -191 321 -390 187 837 24 -455 491 -347 480 435 -219 12 -258 84 -604 -14 125 -442 371 233 -29]
[114 424 -203 -310 93 64 314 -289 -652 324 -247 -42 -590 144 77 63 -696 -413 -469 -87 249 59 106 -468 -473 -575 48 118 -471 -47 99 -70 121 0]
[386 131 443 -58 -51 145 -12 -72 -556 -190 734 411 -344 663 70 -79 437 0 -319 320 -449 455 430 -77 -77 -280 227 -159 -204 -316 -112 -50 281 -161]
[-255 372 -755 500 334 348 -482 406 13 -76 -332 -376 -549 -128 -573 -203 221 33 73 283 179 -164 304 42 -199 176 -348 28 -374 -99 -529 297 11 -60]
[216 -293 87 -108 170 196 -594 112 458 -357 486 254 -25 -68 511 -251 -229 622 287 392 -404 -245 -103 -183 -390 -31 -222 -98 486 -334 102 -465 539 -43]
[-595 -62 -761 -39 77 -293 251 593 162 34 -45 -136 -245 -54 -66 644 222 -635 220 -229 -562 -94 343 54 398 -682 -213 73 0 277 -80 381 189 -7]
[58 177 215 115 -91 91 243 -416 -49 48 -266 589 91 71 -351 -194 492 -538 -45 546 410 11 -430 -135 -289 -74 742 -251 -539 187 -565 191 -62 40]
[171 120 607 408 -130 193 -145 640 88 -54 254 -38 -26 8 336 194 201 125 758 -212 -71 -253 -641 1104 -87 372 220 10 -425 -253 -95 -459 102 -130]
[975 -646 807 362 252 -111 133 -236 291 56 -24 -149 0 -29 -120 -527 228 256 -117 -187 -373 514 110 452 226 -138 -98 -310 285 -1 -47 273 -227 20]
[-297 576 145 -234 -744 141 -26 445 -364 -39 65 179 -53 286 383 620 -478 -864 283 -186 195 -277 -427 -225 24 85 178 368 36 41 322 577 -496 24]
[281 -181 256 -414 91 446 11 -553 237 516 138 438 31 150 393 -507 179 221 -287 -80 38 454 -9 -379 -636 -261 -338 191 351 -134 -229 448 -526 125]
[-380 151 368 376 117 -104 210 -832 -405 -25 -222 109 -314 -204 -687 -314 371 -8 -109 640 -312 145 132 -865 -818 -685 -27 -28 301 324 -323 -84 460 -9]
[397 -449 38 221 285 -44 -66 161 84 -545 194 683 54 -101 -635 -99 521 396 424 156 27 -539 -342 45 244 141 107 533 399 116 249 -348 686 18]
[-72 6 212 -226 -709 -60 -351 -357 314 -299 -490 77 381 -354 -581 -52 167 91 -233 -194 -113 -320 297 360 -461 298 -305 -769 514 -146 -57 -223 237 193]
[460 73 -240 496 326 -57 549 -26 -930 -29 467 249 -140 -156 123 17 -242 -517 -222 -74 178 -99 -398 -490 480 10 91 379 -484 170 301 -769 315 -232]
[310 335 -316 -114 -131 -329 -15 -366 -442 -153 73 192 -126 -59 312 309 -130 525 -602 -177 156 521 -256 -86 367 147 605 -307 -169 166 -140 -767 159 19]
[-575 23 -195 243 270 -2 -85 45 6 -198 -624 -514 -299 -444 206 296 -487 302 372 -448 -141 -255 -201 -25 -338 136 372 384 -92 -294 -301 124 92 -42]
[770 -607 554 -149 66 -491 -650 -293 440 -500 84 180 -309 702 485 423 -659 48 285 -183 -386 246 -191 -486 96 -46 141 -108 240 14 516 141 -209 186]
[-331 -150 -669 276 377 -151 -529 -79 299 -205 -174 -146 584 -171 -494 -267 551 23 -564 -377 -356 102 275 -145 460 -183 -537 19 200 196 22 105 414 175]
[-604 688 41 192 -512 213 188 -195 466 678 -243 -151 -229 138 93 140 73 -148 -19 155 -60 -134 372 48 -725 353 -1 -622 -56 30 -49 463 65 -367]
[138 378 -75 -81 -56 -141 -51 42 -670 472 248 526 505 473 -151 -62 -471 -177 -207 182 465 -118 -73 -86 16 21 606 -524 -298 -483 -197 -155 -315 -180]
[-243 203 -436 -257 379 -301 -320 513 107 -174 -193 -582 -357 -99 -237 -8 176 -272 -285 -261 -27 -88 134 -2 399 270 390 740 -281 -186 -289 222 -266 379]
[689 87 193 88 715 165 -299 203 -354 148 198 -330 74 262 46 134 -123 55 -290 48 -414 195 -441 39 748 -139 93 856 -233 334 431 -82 -490 63]
[-184 233 -336 312 86 -809 404 -705 397 -177 86 158 -438 -155 -332 670 -126 -634 125 -539 -107 -56 101 -609 247 253 62 -477 352 756 -56 -18 384 86]
[32 145 -366 -336 -623 9 -188 -208 215 412 -151 438 -444 -35 64 -39 -407 376 -231 -485 -330 299 -96 -650 -122 -704 -421 -247 254 482 183 -120 -60 -203]
[645 -224 10 202 46 -106 625 -463 -176 82 306 114 139 10 -217 -205 -361 -248 -729 393 23 135 230 145 90 22 128 -492 358 321 610 -571 -193 -304]
[97 284 -3 159 255 192 107 -115 -230 173 -224 -471 -549 -615 447 -239 -44 -150 327 -944 -163 -320 110 787 279 -358 -112 -392 -243 227 -97 -305 290 -230]
[-112 327 -928 363 -101 218 67 142 414 216 -78 127 -332 -132 436 594 5 -238 101 -64 -322 291 -101 582 195 -263 160 814 -288 -57 205 -92 -203 72]
[309 -346 -338 440 511 348 -186 -695 -53 188 17 -3 423 -13 254 -463 274 315 201 -165 -88 135 -524 99 307 143 214 1023 64 192 -75 -316 17 -82]
[-85 -271 358 -135 -347 -273 518 -463 -100 -217 660 124 286 -113 351 -291 428 -106 478 623 -708 397 -180 -14 -94 -105 -354 194 180 117 402 -325 207 124]
[264 -389 139 25 -314 -241 283 -17 61 149 -343 477 -88 453 -320 -334 -20 -387 -413 -437 532 148 -386 24 -9 313 -375 -92 -240 368 -547 388 -656 462]
[426 -230 -410 -263 276 560 -76 205 -342 -399 302 -451 -100 10 43 -355 69 298 -258 46 -230 -680 212 -83 655 546 -389 143 -17 -844 -173 -624 64 -188]]
[phase 0 refreshed]
[[-257 -163 362 195 83 -25 347 450 18 -223 211 218 -241 -581 391 206 -128 104 131 -350 -86 -94 -190 -525 -328 317 -137 -187 182 -403 -253 189 -257 -67]
[-148 193 231 158 95 -43 -478 441 -130 -352 -12 -355 469 -37 -301 28 -149 226 334 202 2 -104 -51 263 359 458 -253 898 347 -372 291 41 -274 11]
[-605 295 160 -69 -441 -529 -251 196 -215 -377 257 -259 10 204 111 647 -232 -80 75 546 -494 198 129 -372 170 -144 -208 397 445 -4 445 -15 72 1]
[-405 35 -144 -36 -485 -98 -56 -108 -69 -133 172 342 -191 321 -390 187 837 24 -455 491 -347 480 435 -219 12 -258 84 -604 -14 125 -442 371 233 -29]
[114 424 -203 -310 93 64 314 -289 -652 324 -247 -42 -590 144 77 63 -696 -413 -469 -87 249 59 106 -468 -473 -575 48 118 -471 -47 99 -70 121 0]
[386 131 443 -58 -51 145 -12 -72 -556 -190 734 411 -344 663 70 -79 437 0 -319 320 -449 455 430 -77 -77 -280 227 -159 -204 -316 -112 -50 281 -161]
[-255 372 -755 500 334 348 -482 406 13 -76 -332 -376 -549 -128 -573 -203 221 33 73 283 179 -164 304 42 -199 176 -348 28 -374 -99 -529 297 11 -60]
[216 -293 87 -108 170 196 -594 112 458 -357 486 254 -25 -68 511 -251 -229 622 287 392 -404 -245 -103 -183 -390 -31 -222 -98 486 -334 102 -465 539 -43]
[-595 -62 -761 -39 77 -293 251 593 162 34 -45 -136 -245 -54 -66 644 222 -635 220 -229 -562 -94 343 54 398 -682 -213 73 0 277 -80 381 189 -7]
[58 177 215 115 -91 91 243 -416 -49 48 -266 589 91 71 -351 -194 492 -538 -45 546 410 11 -430 -135 -289 -74 742 -251 -539 187 -565 191 -62 40]
[171 120 607 408 -130 193 -145 640 88 -54 254 -38 -26 8 336 194 201 125 758 -212 -71 -253 -641 1104 -87 372 220 10 -425 -253 -95 -459 102 -130]
[975 -646 807 362 252 -111 133 -236 291 56 -24 -149 0 -29 -120 -527 228 256 -117 -187 -373 514 110 452 226 -138 -98 -310 285 -1 -47 273 -227 20]
[55 28 303 -58 571 -108 158 179 411 18 -267 210 163 -860 -401 -274 310 483 204 -429 2 50 13 -53 -346 -189 -364 -107 806 -5 -508 49 -435 249]
[-297 576 145 -234 -744 141 -26 445 -364 -39 65 179 -53 286 383 620 -478 -864 283 -186 195 -277 -427 -225 24 85 178 368 36 41 322 577 -496 24]
[112 -349 -310 388 78 442 60 -791 -552 286 54 -431 -578 381 -46 -493 -199 127 -343 -23 -230 -114 420 -305 -353 -278 -197 -67 -411 146 305 -309 885 -299]
[-98 -462 314 339 272 149 342 -398 -380 319 53 -342 174 174 -10 -368 299 310 -596 -5 161 728 267 -180 107 649 -320 739 -448 -611 -107 517 -665 -161]
[66 166 25 292 -319 82 -137 -244 -295 -212 172 192 -4 -396 171 99 199 684 11 -728 -126 121 -356 -201 165 340 174 -231 733 395 -120 -380 -8 -7]
[-543 -567 140 -110 -332 -305 174 -603 489 -147 -165 196 108 -311 305 211 31 -480 -171 363 -657 -98 119 -500 -836 -184 -357 -203 125 -384 -111 -26 351 41]
[-331 -150 -669 276 377 -151 -529 -79 299 -205 -174 -146 584 -171 -494 -267 551 23 -564 -377 -356 102 275 -145 460 -183 -537 19 200 196 22 105 414 175]
[-42 -150 80 -330 464 -234 8 -548 260 688 -555 -11 434 188 -400 -49 0 -370 32 -206 125 245 -50 178 -374 -790 -275 -381 -615 257 -215 -481 -143 232]
[32 145 -366 -336 -623 9 -188 -208 215 412 -151 438 -444 -35 64 -39 -407 376 -231 -485 -330 299 -96 -650 -122 -704 -421 -247 254 482 183 -120 -60 -203]
[35 -434 290 128 328 -285 -119 108 -5 -896 459 -404 -310 -550 -74 -117 -582 295 43 -38 -453 11 177 -89 136 156 -467 402 675 -610 -124 66 550 171]
[841 -198 783 497 583 384 -68 88 -181 103 44 -469 -55 262 -292 -340 -245 -282 45 332 -48 -582 -468 187 260 199 292 1 -762 397 589 -185 -38 -85]
[-475 443 -306 -226 -126 155 196 -1130 -53 -80 149 266 110 157 -79 -175 -419 262 -999 535 126 114 -90 -901 -7 -88 14 179 -528 526 454 175 451 -221]
[-127 -308 -337 92 -368 11 -425 37 547 593 -425 -153 123 -123 -304 130 74 200 137 37 -378 -132 -503 391 328 370 376 36 -32 34 -300 -376 305 -166]
[575 -23 195 -243 -270 2 85 -45 -6 198 624 514 299 444 -206 -296 487 -302 -372 448 141 255 201 25 338 -136 -372 -384 92 294 301 -124 -92 42]
[394 435 -235 -568 -201 -196 254 -774 183 167 82 506 265 -102 6 -451 -722 -327 -606 413 628 -441 -437 143 -356 -431 73 -283 -336 366 176 -19 -292 255]
[-46 -72 135 501 852 92 414 642 193 252 373 -220 -375 -80 551 26 -358 17 -418 -365 -306 368 -119 241 -357 -355 -64 -142 -186 -210 139 186 -365 -287]
[-150 78 13 160 -722 309 34 218 -212 -70 182 -34 -47 433 -394 363 82 97 -378 144 -492 280 743 815 294 -58 -117 491 -154 -619 809 86 267 -93]
[80 -80 -406 -260 480 -103 -348 -224 301 -92 -565 226 36 -608 -415 -341 578 558 49 56 288 -84 -187 689 537 -191 -308 709 142 49 -136 -130 295 82]
[-85 328 -329 -209 15 -99 -472 -289 470 -284 -238 -651 -58 -465 357 -389 -76 945 626 312 -204 373 -169 651 -418 466 -272 140 135 -111 -126 -397 -171 344]
[285 -153 -613 128 584 -309 148 -68 365 95 -241 287 -239 102 -460 21 597 -48 -25 458 532 159 -205 58 273 125 -13 759 -429 278 -134 118 -209 171]
[65 -131 584 2 -303 165 197 -54 -193 349 175 217 -601 182 581 -113 -571 -262 -326 41 -128 174 -276 53 263 246 128 638 414 -280 -16 319 -308 340]
[286 39 -209 138 -307 -56 -428 -22 382 -79 -364 217 63 308 -193 -111 -134 -179 -116 -325 -218 -151 -322 -518 425 -177 -688 -113 655 -499 32 280 390 -179]]
[phase 1 initial]
[[-257 -163 362 195 83 -25 347 450 18 -223 211 218 -241 -581 391 206 -128 104 131 -350 -86 -94 -190 -525 -328 317 -137 -187 182 -403 -253 189 -257 -67]
[-148 193 231 158 95 -43 -478 441 -130 -352 -12 -355 469 -37 -301 28 -149 226 334 202 2 -104 -51 263 359 458 -253 898 347 -372 291 41 -274 11]
[-605 295 160 -69 -441 -529 -251 196 -215 -377 257 -259 10 204 111 647 -232 -80 75 546 -494 198 129 -372 170 -144 -208 397 445 -4 445 -15 72 1]
[-405 35 -144 -36 -485 -98 -56 -108 -69 -133 172 342 -191 321 -390 187 837 24 -455 491 -347 480 435 -219 12 -258 84 -604 -14 125 -442 371 233 -29]
[114 424 -203 -310 93 64 314 -289 -652 324 -247 -42 -590 144 77 63 -696 -413 -469 -87 249 59 106 -468 -473 -575 48 118 -471 -47 99 -70 121 0]
[386 131 443 -58 -51 145 -12 -72 -556 -190 734 411 -344 663 70 -79 437 0 -319 320 -449 455 430 -77 -77 -280 227 -159 -204 -316 -112 -50 281 -161]
[-255 372 -755 500 334 348 -482 406 13 -76 -332 -376 -549 -128 -573 -203 221 33 73 283 179 -164 304 42 -199 176 -348 28 -374 -99 -529 297 11 -60]
[216 -293 87 -108 170 196 -594 112 458 -357 486 254 -25 -68 511 -251 -229 622 287 392 -404 -245 -103 -183 -390 -31 -222 -98 486 -334 102 -465 539 -43]
[-595 -62 -761 -39 77 -293 251 593 162 34 -45 -136 -245 -54 -66 644 222 -635 220 -229 -562 -94 343 54 398 -682 -213 73 0 277 -80 381 189 -7]
[58 177 215 115 -91 91 243 -416 -49 48 -266 589 91 71 -351 -194 492 -538 -45 546 410 11 -430 -135 -289 -74 742 -251 -539 187 -565 191 -62 40]
[171 120 607 408 -130 193 -145 640 88 -54 254 -38 -26 8 336 194 201 125 758 -212 -71 -253 -641 1104 -87 372 220 10 -425 -253 -95 -459 102 -130]
[975 -646 807 362 252 -111 133 -236 291 56 -24 -149 0 -29 -120 -527 228 256 -117 -187 -373 514 110 452 226 -138 -98 -310 285 -1 -47 273 -227 20]
[55 28 303 -58 571 -108 158 179 411 18 -267 210 163 -860 -401 -274 310 483 204 -429 2 50 13 -53 -346 -189 -364 -107 806 -5 -508 49 -435 249]
[-297 576 145 -234 -744 141 -26 445 -364 -39 65 179 -53 286 383 620 -478 -864 283 -186 195 -277 -427 -225 24 85 178 368 36 41 322 577 -496 24]
[112 -349 -310 388 78 442 60 -791 -552 286 54 -431 -578 381 -46 -493 -199 127 -343 -23 -230 -114 420 -305 -353 -278 -197 -67 -411 146 305 -309 885 -299]
[-98 -462 314 339 272 149 342 -398 -380 319 53 -342 174 174 -10 -368 299 310 -596 -5 161 728 267 -180 107 649 -320 739 -448 -611 -107 517 -665 -161]
[66 166 25 292 -319 82 -137 -244 -295 -212 172 192 -4 -396 171 99 199 684 11 -728 -126 121 -356 -201 165 340 174 -231 733 395 -120 -380 -8 -7]
[-543 -567 140 -110 -332 -305 174 -603 489 -147 -165 196 108 -311 305 211 31 -480 -171 363 -657 -98 119 -500 -836 -184 -357 -203 125 -384 -111 -26 351 41]
[-331 -150 -669 276 377 -151 -529 -79 299 -205 -174 -146 584 -171 -494 -267 551 23 -564 -377 -356 102 275 -145 460 -183 -537 19 200 196 22 105 414 175]
[-42 -150 80 -330 464 -234 8 -548 260 688 -555 -11 434 188 -400 -49 0 -370 32 -206 125 245 -50 178 -374 -790 -275 -381 -615 257 -215 -481 -143 232]
[32 145 -366 -336 -623 9 -188 -208 215 412 -151 438 -444 -35 64 -39 -407 376 -231 -485 -330 299 -96 -650 -122 -704 -421 -247 254 482 183 -120 -60 -203]
[35 -434 290 128 328 -285 -119 108 -5 -896 459 -404 -310 -550 -74 -117 -582 295 43 -38 -453 11 177 -89 136 156 -467 402 675 -610 -124 66 550 171]
[841 -198 783 497 583 384 -68 88 -181 103 44 -469 -55 262 -292 -340 -245 -282 45 332 -48 -582 -468 187 260 199 292 1 -762 397 589 -185 -38 -85]
[-475 443 -306 -226 -126 155 196 -1130 -53 -80 149 266 110 157 -79 -175 -419 262 -999 535 126 114 -90 -901 -7 -88 14 179 -528 526 454 175 451 -221]
[-127 -308 -337 92 -368 11 -425 37 547 593 -425 -153 123 -123 -304 130 74 200 137 37 -378 -132 -503 391 328 370 376 36 -32 34 -300 -376 305 -166]
[575 -23 195 -243 -270 2 85 -45 -6 198 624 514 299 444 -206 -296 487 -302 -372 448 141 255 201 25 338 -136 -372 -384 92 294 301 -124 -92 42]
[394 435 -235 -568 -201 -196 254 -774 183 167 82 506 265 -102 6 -451 -722 -327 -606 413 628 -441 -437 143 -356 -431 73 -283 -336 366 176 -19 -292 255]
[-46 -72 135 501 852 92 414 642 193 252 373 -220 -375 -80 551 26 -358 17 -418 -365 -306 368 -119 241 -357 -355 -64 -142 -186 -210 139 186 -365 -287]
[-150 78 13 160 -722 309 34 218 -212 -70 182 -34 -47 433 -394 363 82 97 -378 144 -492 280 743 815 294 -58 -117 491 -154 -619 809 86 267 -93]
[80 -80 -406 -260 480 -103 -348 -224 301 -92 -565 226 36 -608 -415 -341 578 558 49 56 288 -84 -187 689 537 -191 -308 709 142 49 -136 -130 295 82]
[-85 328 -329 -209 15 -99 -472 -289 470 -284 -238 -651 -58 -465 357 -389 -76 945 626 312 -204 373 -169 651 -418 466 -272 140 135 -111 -126 -397 -171 344]
[285 -153 -613 128 584 -309 148 -68 365 95 -241 287 -239 102 -460 21 597 -48 -25 458 532 159 -205 58 273 125 -13 759 -429 278 -134 118 -209 171]
[65 -131 584 2 -303 165 197 -54 -193 349 175 217 -601 182 581 -113 -571 -262 -326 41 -128 174 -276 53 263 246 128 638 414 -280 -16 319 -308 340]
[286 39 -209 138 -307 -56 -428 -22 382 -79 -364 217 63 308 -193 -111 -134 -179 -116 -325 -218 -151 -322 -518 425 -177 -688 -113 655 -499 32 280 390 -179]]
