[phase 0 initial]
[[296 -193 -131 -118 86 -155 -483 316 -584 72 410 5 473 -192 278 -651 99 346 -114 53 300 503 -505 90 262 160 -408 35 268 240 -106 -174 -91 -90]
[76 231 319 -345 -122 251 473 400 20 -17 -399 -253 -40 -285 -46 571 67 -24 -296 -509 141 -377 -211 -350 -205 121 93 -251 -950 -278 77 39 -98 23]
[-435 205 26 405 70 493 -13 -37 -566 -233 225 51 -621 720 -242 614 -424 -294 380 18 -404 -62 353 -6 273 364 747 292 -15 -27 50 -36 74 -2]
[97 -421 -167 288 -381 -452 152 -479 -20 894 -84 177 75 -116 455 -471 -391 -315 -185 -176 45 416 433 97 35 -534 -627 216 235 -60 224 94 72 67]
[159 197 148 115 197 497 -208 132 80 -251 -286 -439 -382 -179 -45 -99 185 100 -52 -367 804 -389 -503 -46 -664 -165 -867 -265 79 68 66 330 94 -76]
[-67 -613 -611 680 136 153 10 -798 -79 266 -168 -155 -77 220 -24 -244 -113 -18 59 -279 -141 -245 -355 713 -241 -342 -597 222 66 382 -528 236 49 -3]
[-100 6 280 431 960 5 -30 48 -541 -48 91 -125 -311 439 335 -545 -235 16 260 -458 -273 184 81 542 -137 -544 -178 550 -151 160 -399 -111 -43 -117]
[-650 -185 -881 -457 -226 -338 501 -486 578 249 338 -12 356 333 -596 120 -1 119 300 420 -671 -448 -199 212 559 -122 -13 -314 179 -338 -94 189 93 66]
[-619 444 -89 138 772 -521 361 -8 539 -295 231 295 -256 -136 113 -635 311 -108 118 -63 18 -479 274 54 -30 -143 174 9 565 -552 -389 121 492 -1]
[-304 -182 649 136 418 -65 94 607 -572 60 -61 739 -321 -191 468 -403 181 -311 486 -240 200 573 178 -183 444 751 291 -3 -240 -203 169 -232 -92 -66]
[406 -160 496 -438 203 -1069 -315 59 288 236 -201 -348 -99 -279 611 -27 87 606 -168 334 -141 813 154 442 -369 -297 218 -73 44 -54 -37 -514 -300 9]
[-167 81 273 98 -178 961 -213 -249 238 54 115 114 -469 -169 53 243 228 -592 -229 -37 617 -314 794 -187 482 552 -50 -306 213 -123 81 489 -121 49]
[40 187 77 139 394 -349 -300 61 -235 186 283 -356 -37 -120 -188 -667 321 -541 87 -444 194 478 512 602 58 -513 -383 -5 769 -202 -116 354 -426 5]
[-345 325 -77 372 -635 -466 -695 101 -81 -99 330 -149 -133 -256 -12 1 139 -475 413 -235 -70 -267 91 -143 -195 192 -28 -321 587 -286 -37 -61 200 -1]
[511 -110 64 404 -370 528 -280 327 -21 -92 -7 289 167 272 -10 198 -92 119 193 901 -98 -452 267 -207 86 536 378 -71 -54 -151 129 64 -304 -58]
[399 192 -348 203 -177 -529 206 -156 -617 436 638 -468 -36 424 19 -3 -456 -155 -305 176 39 365 84 -169 235 688 68 427 320 -613 -20 316 -178 25]
[532 149 529 -833 -131 66 -483 58 847 -371 543 210 638 -425 189 -3 497 22 -393 135 55 269 10 -553 161 321 -85 -45 -670 193 -31 -589 197 -552]
[-223 669 -203 103 89 -614 -53 553 383 25 45 -223 -449 -331 166 -416 -135 452 -233 365 13 -140 -429 -431 -482 -336 -360 -11 646 -585 -132 377 364 194]
[-86 183 -11 -388 458 -299 169 59 816 247 350 97 -159 -78 118 382 -148 353 -95 69 209 287 -86 -62 -1 -381 63 -55 -1 -550 -239 -85 -109 -91]
[-572 356 -663 157 -117 228 225 -688 238 -39 -202 -807 -442 -319 31 227 51 -103 -499 -132 402 -673 131 392 -140 -279 -129 -537 27 -653 -346 13 192 -209]
[-613 -342 -788 -13 -192 240 -179 -407 97 237 361 519 480 76 330 -576 -119 -134 321 -77 -87 -452 482 288 473 121 -465 -494 206 128 196 514 83 197]
[-290 138 -57 -95 -600 84 149 326 -246 394 514 -242 -366 -274 -418 338 599 -352 -5 160 53 -414 252 -190 113 539 321 -216 -165 -764 -332 7 -294 274]
[37 -171 -248 -860 190 -180 465 -9 -297 -227 -368 -380 87 -353 -400 -177 426 76 -327 -458 -408 77 -277 58 -137 -754 61 175 -553 -315 -538 -325 -14 -196]
[-123 517 306 143 465 -131 -290 -336 126 -76 719 7 -37 356 597 129 132 232 -25 219 -316 750 471 -304 619 -104 537 506 -191 55 -278 -457 402 112]
[-457 -89 375 -93 430 80 -488 37 -724 322 857 306 -294 -274 215 -436 -119 163 -76 -538 366 471 207 680 183 259 298 186 -267 187 -274 12 306 -52]
[66 -347 57 380 10 -352 -361 281 -548 -72 117 -47 -261 -258 427 -151 -525 403 167 -131 827 51 -279 -435 299 -55 -88 -9 370 -634 428 215 129 -125]
[-66 258 347 -485 -47 -218 532 -503 642 -199 -250 -121 -342 53 197 299 524 -271 49 14 40 144 191 321 -149 211 802 -210 245 379 -18 -146 -579 247]
[-718 -516 -40 285 -376 48 -469 -277 -288 625 121 -84 -334 -339 -128 872 -30 -689 286 102 -117 177 -51 521 807 194 133 -278 -496 -286 -131 89 -38 251]
[759 47 123 423 135 -286 354 -174 23 282 -206 -55 -212 -340 419 128 -362 -20 -236 -67 -147 -143 22 -432 -542 -507 311 60 -1005 -206 93 -142 -172 -287]
[-185 -365 241 133 495 -118 -144 -174 254 339 -171 594 -148 142 31 -780 -269 71 63 -721 -348 -24 -371 40 -263 -397 -481 73 -194 -278 163 -79 375 -215]
[-191 7 735 438 -55 -173 360 285 -324 210 333 -134 -446 304 647 207 -411 -66 44 -194 31 423 319 -343 -58 11 79 276 400 -419 -263 33 466 245]
[-242 -610 -363 -210 -400 -546 146 -228 228 8 -330 274 11 -412 -304 90 160 711 317 -54 -208 -92 -476 62 47 -231 -374 -90 -220 -401 127 -820 -148 351]
[-31 471 -205 345 23 524 -579 288 89 -477 -119 -755 -571 -297 -379 95 -218 -415 -139 -648 54 -408 235 -126 -284 -16 425 -555 -342 -235 158 -63 228 -285]
[-91 -60 640 -198 202 -290 -784 -169 629 48 -338 126 -119 -473 143 168 293 125 439 -51 -74 -40 256 113 -381 85 96 455 899 -194 -181 14 -47 163]]
[phase 0 refreshed]
[[-86 183 -11 -388 458 -299 169 59 816 247 350 97 -159 -78 118 382 -148 353 -95 69 209 287 -86 -62 -1 -381 63 -55 -1 -550 -239 -85 -109 -91]
[303 241 -59 -97 289 23 42 136 -1 -223 -188 -169 319 609 -64 -548 604 320 230 -82 233 199 42 -248 -269 229 260 467 -138 370 103 383 -177 -234]
[-146 -18 263 78 489 68 140 357 68 55 115 606 -510 34 435 91 -80 100 -107 -26 25 200 348 124 -1 -140 482 49 -408 -470 69 -625 541 -524]
[296 -193 -131 -118 86 -155 -483 316 -584 72 410 5 473 -192 278 -651 99 346 -114 53 300 503 -505 90 262 160 -408 35 268 240 -106 -174 -91 -90]
[-139 12 -105 287 156 338 -496 279 -1150 -161 635 56 -148 528 36 -37 -325 52 266 71 -104 441 -152 84 535 524 339 327 253 213 -56 -210 -17 -92]
[-113 -637 -628 327 -335 216 180 -489 530 369 -144 576 -276 -185 76 392 42 66 -308 153 157 -229 -88 295 -105 62 63 -279 -191 -248 -60 -278 633 -410]
[-230 -379 -249 -3 -210 322 -297 -131 -218 130 -322 -128 -329 -729 241 -315 459 87 -869 -359 -60 180 -380 389 59 57 -393 -172 -292 476 -351 -11 514 -123]
[308 331 432 -314 213 335 -588 744 47 -84 165 -318 -45 -350 273 -127 177 493 -463 458 -106 244 -111 -175 249 150 -15 -19 -156 23 -401 246 -532 138]
[378 83 -374 79 -225 509 -283 -371 156 -227 157 -296 57 -41 -540 -554 390 -273 -678 419 -149 96 5 -12 102 227 -535 279 361 437 -82 599 210 -149]
[106 168 332 -222 61 99 213 311 -916 -179 450 -27 -18 -558 -158 -260 -347 -730 -654 -592 33 208 -206 -20 283 -73 -676 -57 -244 -216 316 -512 638 -234]
[-92 -45 -49 464 126 -228 16 12 -135 -138 -502 412 120 104 595 -288 -445 -7 364 -513 -333 -193 392 173 -830 -469 6 91 -454 349 315 10 202 172]
[471 97 70 369 559 166 -281 77 186 52 319 -345 207 599 8 -56 -395 388 465 538 -187 -181 -86 149 -51 -249 -219 375 202 -71 -578 493 -997 258]
[-125 -103 -476 239 -317 538 -79 182 -222 120 -479 -250 204 -519 5 -418 41 145 -167 290 -35 60 -661 -9 140 -135 -627 -265 -494 -39 -254 102 -388 -125]
[-243 -92 -270 -109 185 -853 63 -116 159 77 7 -280 -309 -391 355 173 262 492 -281 12 46 -31 -371 401 -173 407 405 -316 129 -449 -534 -217 169 53]
[-701 116 -134 -143 -163 -239 -316 294 -98 95 300 172 -381 -387 694 -179 35 580 -88 157 -623 -12 -35 -237 -407 76 224 183 -540 239 -508 -194 204 614]
[-136 -207 -337 408 93 456 -143 251 -835 377 375 23 -501 -62 -122 259 105 -447 -251 -729 388 313 61 631 283 194 112 -208 -119 -515 -155 -95 92 -474]
[-284 0 231 -110 282 -297 438 -758 730 -25 -700 -424 10 -543 -275 -110 -55 321 -71 283 312 -304 -346 588 12 101 148 -405 -241 -265 -293 360 -118 -174]
[-341 149 403 -76 64 -831 -577 134 144 -128 161 -23 56 -45 351 505 -405 157 732 -301 359 244 -558 -114 420 -105 180 -475 845 -308 62 -677 82 -298]
[203 289 81 -437 388 760 -288 -308 789 -291 798 -115 -87 375 -180 281 138 221 189 272 288 -58 190 -315 -547 36 -362 325 -455 303 -280 284 -479 227]
[109 103 396 92 -254 38 47 -51 611 738 -329 -146 -443 -274 450 53 -313 -168 -534 229 -361 157 827 -168 22 -544 -234 162 -189 -277 -71 514 -369 295]
[-106 -125 -185 126 760 -136 141 667 -381 -446 598 -297 -482 181 -57 -64 684 489 -180 313 -138 608 -283 -15 192 219 349 413 -420 -61 6 -294 -139 92]
[125 -656 -160 479 -11 271 138 -333 304 -365 -323 284 426 120 -398 39 -369 56 478 50 -105 -631 -41 -258 325 -629 65 251 -260 -24 200 454 -140 -80]
[-740 381 323 -115 208 -293 462 -332 501 -356 -638 -91 -262 -448 621 -435 127 33 238 357 214 -413 248 -422 21 278 50 -332 -94 -341 -22 -124 8 199]
[197 605 -431 -186 39 592 -464 -165 87 -7 500 228 281 -193 -510 -62 587 96 68 146 509 573 -483 -61 -105 726 -113 -221 164 -5 -557 546 93 113]
[404 655 219 774 420 115 664 101 -509 -38 -204 -166 -59 576 140 -441 125 -133 -129 240 -99 -5 716 -310 23 -257 245 563 -210 -348 357 277 379 230]
[857 -98 -351 -346 -84 14 205 -458 151 -256 156 215 -150 314 306 867 -456 -15 -92 -192 -166 482 -522 127 -229 -95 -57 -398 -42 -126 447 -76 224 28]
[-212 -245 -485 -15 78 -515 46 -157 153 24 370 426 13 -416 -309 160 -495 -429 -615 355 24 -195 -275 314 -21 -142 296 418 40 -336 -164 -227 833 -373]
[-391 554 29 279 -386 -625 69 410 130 277 362 429 -387 -187 684 -423 54 -482 104 -262 -542 238 4 -31 -174 -376 446 94 246 -237 -207 -467 123 -131]
[43 18 -24 155 367 -33 -440 307 -729 699 -57 162 19 -228 -1 176 -445 171 417 76 -5 559 339 109 -186 -782 -94 -427 5 260 237 -289 -437 292]
[20 -472 -484 14 265 516 -2 164 134 -140 854 58 156 -161 -27 794 -369 241 -858 199 6 181 256 -307 275 4 104 -354 130 299 -92 -1 325 -74]
[489 -398 270 347 212 95 -477 -341 -61 202 -135 388 632 -43 -260 -434 -284 -169 -142 174 518 -332 -338 -50 47 -139 -324 154 61 -135 488 268 175 277]
[73 262 -269 -130 216 -80 348 -101 610 -280 -926 -528 66 -25 655 -349 -27 98 81 -822 257 412 -543 -268 9 -73 30 -198 -141 -333 -305 -55 -117 218]
[188 -17 321 312 266 -424 317 356 5 4 -143 327 223 -191 -113 -28 -1 119 441 -185 640 -18 -783 -362 -274 -536 -58 247 354 -206 -204 -602 31 -78]
[-322 -464 -303 -472 195 177 295 -415 505 423 342 -181 118 -652 -216 -245 1 262 -438 2 -268 161 -206 683 -646 -417 -414 59 89 188 -50 214 245 -269]]
[phase 1 initial]
[[-86 183 -11 -388 458 -299 169 59 816 247 350 97 -159 -78 118 382 -148 353 -95 69 209 287 -86 -62 -1 -381 63 -55 -1 -550 -239 -85 -109 -91]
[303 241 -59 -97 289 23 42 136 -1 -223 -188 -169 319 609 -64 -548 604 320 230 -82 233 199 42 -248 -269 229 260 467 -138 370 103 383 -177 -234]
[-146 -18 263 78 489 68 140 357 68 55 115 606 -510 34 435 91 -80 100 -107 -26 25 200 348 124 -1 -140 482 49 -408 -470 69 -625 541 -524]
[296 -193 -131 -118 86 -155 -483 316 -584 72 410 5 473 -192 278 -651 99 346 -114 53 300 503 -505 90 262 160 -408 35 268 240 -106 -174 -91 -90]
[-139 12 -105 287 156 338 -496 279 -1150 -161 635 56 -148 528 36 -37 -325 52 266 71 -104 441 -152 84 535 524 339 327 253 213 -56 -210 -17 -92]
[-113 -637 -628 327 -335 216 180 -489 530 369 -144 576 -276 -185 76 392 42 66 -308 153 157 -229 -88 295 -105 62 63 -279 -191 -248 -60 -278 633 -410]
[-230 -379 -249 -3 -210 322 -297 -131 -218 130 -322 -128 -329 -729 241 -315 459 87 -869 -359 -60 180 -380 389 59 57 -393 -172 -292 476 -351 -11 514 -123]
[308 331 432 -314 213 335 -588 744 47 -84 165 -318 -45 -350 273 -127 177 493 -463 458 -106 244 -111 -175 249 150 -15 -19 -156 23 -401 246 -532 138]
[378 83 -374 79 -225 509 -283 -371 156 -227 157 -296 57 -41 -540 -554 390 -273 -678 419 -149 96 5 -12 102 227 -535 279 361 437 -82 599 210 -149]
[106 168 332 -222 61 99 213 311 -916 -179 450 -27 -18 -558 -158 -260 -347 -730 -654 -592 33 208 -206 -20 283 -73 -676 -57 -244 -216 316 -512 638 -234]
[-92 -45 -49 464 126 -228 16 12 -135 -138 -502 412 120 104 595 -288 -445 -7 364 -513 -333 -193 392 173 -830 -469 6 91 -454 349 315 10 202 172]
[471 97 70 369 559 166 -281 77 186 52 319 -345 207 599 8 -56 -395 388 465 538 -187 -181 -86 149 -51 -249 -219 375 202 -71 -578 493 -997 258]
[-125 -103 -476 239 -317 538 -79 182 -222 120 -479 -250 204 -519 5 -418 41 145 -167 290 -35 60 -661 -9 140 -135 -627 -265 -494 -39 -254 102 -388 -125]
[-243 -92 -270 -109 185 -853 63 -116 159 77 7 -280 -309 -391 355 173 262 492 -281 12 46 -31 -371 401 -173 407 405 -316 129 -449 -534 -217 169 53]
[-701 116 -134 -143 -163 -239 -316 294 -98 95 300 172 -381 -387 694 -179 35 580 -88 157 -623 -12 -35 -237 -407 76 224 183 -540 239 -508 -194 204 614]
[-136 -207 -337 408 93 456 -143 251 -835 377 375 23 -501 -62 -122 259 105 -447 -251 -729 388 313 61 631 283 194 112 -208 -119 -515 -155 -95 92 -474]
[-284 0 231 -110 282 -297 438 -758 730 -25 -700 -424 10 -543 -275 -110 -55 321 -71 283 312 -304 -346 588 12 101 148 -405 -241 -265 -293 360 -118 -174]
[-341 149 403 -76 64 -831 -577 134 144 -128 161 -23 56 -45 351 505 -405 157 732 -301 359 244 -558 -114 420 -105 180 -475 845 -308 62 -677 82 -298]
[203 289 81 -437 388 760 -288 -308 789 -291 798 -115 -87 375 -180 281 138 221 189 272 288 -58 190 -315 -547 36 -362 325 -455 303 -280 284 -479 227]
[109 103 396 92 -254 38 47 -51 611 738 -329 -146 -443 -274 450 53 -313 -168 -534 229 -361 157 827 -168 22 -544 -234 162 -189 -277 -71 514 -369 295]
[-106 -125 -185 126 760 -136 141 667 -381 -446 598 -297 -482 181 -57 -64 684 489 -180 313 -138 608 -283 -15 192 219 349 413 -420 -61 6 -294 -139 92]
[125 -656 -160 479 -11 271 138 -333 304 -365 -323 284 426 120 -398 39 -369 56 478 50 -105 -631 -41 -258 325 -629 65 251 -260 -24 200 454 -140 -80]
[-740 381 323 -115 208 -293 462 -332 501 -356 -638 -91 -262 -448 621 -435 127 33 238 357 214 -413 248 -422 21 278 50 -332 -94 -341 -22 -124 8 199]
[197 605 -431 -186 39 592 -464 -165 87 -7 500 228 281 -193 -510 -62 587 96 68 146 509 573 -483 -61 -105 726 -113 -221 164 -5 -557 546 93 113]
[404 655 219 774 420 115 664 101 -509 -38 -204 -166 -59 576 140 -441 125 -133 -129 240 -99 -5 716 -310 23 -257 245 563 -210 -348 357 277 379 230]
[857 -98 -351 -346 -84 14 205 -458 151 -256 156 215 -150 314 306 867 -456 -15 -92 -192 -166 482 -522 127 -229 -95 -57 -398 -42 -126 447 -76 224 28]
[-212 -245 -485 -15 78 -515 46 -157 153 24 370 426 13 -416 -309 160 -495 -429 -615 355 24 -195 -275 314 -21 -142 296 418 40 -336 -164 -227 833 -373]
[-391 554 29 279 -386 -625 69 410 130 277 362 429 -387 -187 684 -423 54 -482 104 -262 -542 238 4 -31 -174 -376 446 94 246 -237 -207 -467 123 -131]
[43 18 -24 155 367 -33 -440 307 -729 699 -57 162 19 -228 -1 176 -445 171 417 76 -5 559 339 109 -186 -782 -94 -427 5 260 237 -289 -437 292]
[20 -472 -484 14 265 516 -2 164 134 -140 854 58 156 -161 -27 794 -369 241 -858 199 6 181 256 -307 275 4 104 -354 130 299 -92 -1 325 -74]
[489 -398 270 347 212 95 -477 -341 -61 202 -135 388 632 -43 -260 -434 -284 -169 -142 174 518 -332 -338 -50 47 -139 -324 154 61 -135 488 268 175 277]
[73 262 -269 -130 216 -80 348 -101 610 -280 -926 -528 66 -25 655 -349 -27 98 81 -822 257 412 -543 -268 9 -73 30 -198 -141 -333 -305 -55 -117 218]
[188 -17 321 312 266 -424 317 356 5 4 -143 327 223 -191 -113 -28 -1 119 441 -185 640 -18 -783 -362 -274 -536 -58 247 354 -206 -204 -602 31 -78]
[-322 -464 -303 -472 195 177 295 -415 505 423 342 -181 118 -652 -216 -245 1 262 -438 2 -268 161 -206 683 -646 -417 -414 59 89 188 -50 214 245 -269]]
