[phase 0]
score=3.710790245217879
squared_norm=2409498
coefficients=[0 0 0 0 0 0 0 0 0 0 0 0 0 0 0 0 0 0 -1 0 0 0 0 0 0 0 0 0 0 0 0 0 0 0]
vector=[86 -183 11 388 -458 299 -169 -59 -816 -247 -350 -97 159 78 -118 -382 148 -353 95 -69 -209 -287 86 62 1 381 -63 55 1 550 239 85 109 91]

[phase 1]
score=0
squared_norm=2409498
coefficients=[1 0 0 0 0 0 0 0 0 0 0 0 0 0 0 0 0 0 0 0 0 0 0 0 0 0 0 0 0 0 0 0 0 0]
vector=[-86 183 -11 -388 458 -299 169 59 816 247 350 97 -159 -78 118 382 -148 353 -95 69 209 287 -86 -62 -1 -381 63 -55 -1 -550 -239 -85 -109 -91]

