[phase 0 initial]
[[-147 286 49 290 109 -792 492 223 80 159 -97 -1 497 -587 272 405 -650 -157 -188 277 -153 -301 35 -419 -90 412 -21 11 -469 -201 409 106 -260 371 -641 -22 143 -23]
[392 397 -26 -18 -358 20 396 193 312 185 132 -331 -6 -35 -447 479 196 -231 438 -436 501 -138 138 393 -745 225 -367 794 227 -493 6 143 -232 -408 -325 128 38 0]
[330 -227 101 211 -50 490 396 190 473 681 376 160 48 521 -875 49 -118 342 316 -95 365 257 346 -342 -513 -244 27 398 -414 -529 -148 359 31 -246 71 278 285 24]
[-384 51 240 -395 -441 -169 1120 74 190 -439 -509 -111 341 -432 198 616 -256 -191 -534 -400 -123 -647 145 97 -784 95 380 414 326 -153 39 117 -538 -236 -370 338 -204 91]
[-211 27 -135 327 -746 -229 -788 22 205 142 60 -229 273 -252 -161 -43 255 430 290 183 -810 -133 305 191 454 23 162 -351 64 -43 -364 -397 324 819 228 -575 55 1]
[706 -122 -25 137 781 292 -128 -287 -415 45 -176 -9 14 -31 84 -111 499 260 71 -11 -353 424 -499 65 572 292 -603 186 350 509 189 212 249 -797 -410 352 -191 0]
[-177 -355 241 489 215 -414 -597 616 50 -309 276 -642 117 -45 154 19 -359 -106 414 557 495 56 -247 166 -270 369 -263 168 -180 -67 189 -474 6 651 159 -18 5 -115]
[-117 -51 193 -249 -490 -168 725 -434 -64 -111 23 269 138 295 -483 -331 6 547 -1 165 -537 225 -294 -439 420 74 -4 4 -626 108 -432 -243 97 -339 -113 -221 411 0]
[26 88 -177 -65 -93 352 612 -16 69 284 196 56 -271 126 -394 -195 -339 268 924 166 446 359 -497 -16 361 -420 -21 -232 -363 -660 -438 85 -327 -185 -210 -252 178 25]
[54 -536 -457 26 -361 -36 -114 -147 121 -711 138 290 188 -150 -533 389 -332 571 390 201 -303 112 -334 -51 103 -493 118 34 16 -136 -487 -471 -270 -196 -118 -107 369 4]
[1019 743 39 28 130 -630 46 -403 20 125 3 298 554 -31 -342 479 -254 -265 611 -199 -107 144 -160 -223 -507 173 -880 245 -9 184 -49 408 -182 -104 -379 -39 332 -179]
[19 596 57 -330 268 -351 626 -189 -91 -75 -206 -240 511 -152 818 -155 -116 -118 -93 -350 -825 322 -894 52 -11 380 350 -851 -33 107 54 175 -227 -69 -89 -72 -508 -2]
[190 -125 78 -438 18 -59 357 -239 -194 126 22 -293 486 503 144 -202 -244 -141 -104 535 -717 428 -122 -96 370 393 392 -408 376 79 -195 -452 -29 -330 281 -65 77 8]
[-80 672 169 612 427 -4 -694 528 -174 534 195 428 349 -186 -211 -152 360 414 186 29 -551 37 -56 -110 -42 -39 160 -728 -291 -549 123 387 119 112 -384 -341 -129 2]
[-930 -126 247 -41 -569 -548 -438 200 -341 -761 -343 -24 707 -660 -145 446 -227 525 359 -133 31 -130 -211 241 -57 -444 308 -375 661 0 70 138 -304 385 40 -128 87 1]
[-67 491 -171 686 45 187 -144 266 471 1015 391 -113 -290 -57 -357 518 -391 -308 461 213 293 -401 736 145 -304 603 -71 219 -1011 -448 202 -219 22 391 158 94 111 187]
[362 -350 -362 83 219 324 4 -574 -120 674 -154 -118 -111 708 -226 -11 -52 369 -495 -358 -59 765 351 98 48 459 502 -113 -240 98 53 418 -105 -834 224 237 -62 203]
[-349 -157 600 100 -535 -38 -129 354 -189 -577 -295 16 -350 431 -384 -435 307 -148 -95 -214 660 392 109 842 -424 72 -486 773 149 320 -180 379 247 -478 131 -406 100 -2]
[-373 197 -83 -150 149 -410 -623 447 -403 791 175 -303 0 -367 -319 101 87 -362 -85 -171 430 28 685 -70 201 639 436 -314 -827 -208 707 -36 -98 548 1 -175 118 182]
[-429 -116 -668 -126 257 41 159 -103 684 -78 393 127 291 -24 399 307 0 -54 -661 -421 201 -99 177 79 -450 124 298 388 411 295 895 58 176 -437 -160 225 306 -115]
[-64 8 24 -285 -199 -78 -358 905 -289 -457 725 -434 -429 -1 -144 -128 391 -334 336 -149 -11 -176 -445 -286 -686 28 -245 625 -338 -593 104 -649 -8 -131 -304 -2 -340 -227]
[572 495 273 -85 -243 32 676 450 322 -112 -32 102 819 81 -7 17 -126 -539 -155 27 -266 -100 455 100 -587 492 135 659 86 -231 286 3 127 -144 261 400 -435 251]
[2 292 -219 -69 515 143 164 115 137 9 191 -80 189 -71 85 713 179 -421 -226 -39 -632 -563 112 35 -297 -388 893 -467 354 -66 143 27 -545 -379 -200 38 15 46]
[-597 61 -571 -222 -311 730 -116 -213 213 21 449 694 -313 74 349 -342 -193 408 109 -339 141 162 -202 -267 457 -473 301 -80 -685 314 -420 -270 493 -165 352 -230 -216 235]
[-267 -62 -19 -614 -938 32 52 113 -135 396 240 5 195 434 -393 -228 342 214 -94 411 67 211 428 -202 750 216 224 335 -17 344 20 10 135 24 -155 -370 352 380]
[588 -85 -51 678 -219 -330 -296 176 -103 -624 -203 -460 -82 -414 -217 -211 58 -283 617 -151 -16 160 -237 59 -68 -57 -407 457 -170 38 -83 -180 -220 161 -443 221 237 -232]
[305 337 307 292 -363 85 363 408 84 -190 144 367 -105 548 48 -209 166 27 82 294 -250 185 -22 -411 -739 -186 376 202 -475 416 -425 -156 74 -83 362 -20 90 -24]
[-529 -1288 485 -28 -376 523 -71 -6 593 88 40 -315 -183 -301 -338 -266 10 449 376 -261 -331 147 -117 125 34 -560 21 545 309 41 88 587 581 528 -93 152 205 -9]
[-415 129 1 -683 -328 -968 81 -486 -362 -558 171 548 -69 -73 382 119 -237 308 -306 -307 -378 -277 -249 -268 -478 -278 338 -813 -591 156 150 265 -365 83 -48 -314 616 -58]
[-185 -154 -254 -401 -412 190 -501 -222 376 182 119 -116 -503 280 -832 -158 241 36 -189 -547 478 -247 605 -386 -336 -433 552 454 143 -602 -211 741 -200 -221 302 -256 66 -72]
[-219 134 207 48 -419 450 -28 372 -134 153 72 419 -237 527 -348 -238 -547 -399 215 556 -329 -81 -83 44 861 -214 594 -282 -1090 -463 7 -371 -131 422 131 -583 -53 304]
[-7 -129 546 -192 -255 -107 461 -919 26 36 -469 272 -110 64 631 -256 490 448 258 -91 120 -297 -448 -157 480 -463 -203 -340 95 906 216 343 -217 206 -170 358 73 -229]
[-221 -230 -131 443 -108 525 -328 -113 -670 168 225 -309 -583 242 210 -625 562 636 225 364 -389 531 -301 -20 653 428 -512 -601 535 96 -84 -97 158 106 -24 -237 54 -156]
[36 746 284 -649 -321 36 35 -181 -978 67 -285 351 -269 82 -543 -240 -148 -592 55 -344 260 140 56 493 -131 -2 -663 17 153 470 67 125 -458 -564 -130 137 -149 -115]
[-66 262 27 396 -70 -383 359 287 586 753 143 -171 30 308 -135 -212 272 -63 352 -80 262 -435 139 -300 57 313 -244 39 -373 -15 440 232 357 81 -317 185 386 92]
[50 -210 282 -360 452 212 -99 432 -306 -697 172 611 -243 -140 574 419 37 92 -549 -45 -618 41 -92 -94 447 176 -17 318 -591 618 556 -451 240 -305 -139 336 -399 267]
[768 554 358 397 82 -114 606 -193 -21 -528 46 -104 -3 292 -144 -40 632 -162 199 -74 -29 -36 -698 461 -222 236 -673 99 -93 382 -156 143 377 -815 239 128 -635 -471]
[-253 580 -188 -177 300 299 -294 -74 292 -80 164 230 57 -310 -25 181 969 -31 -399 -138 -187 441 -743 295 282 -206 -55 -248 752 -77 331 516 496 -1032 -177 -255 -43 717]]
