[phase 0 initial]
[[-552 31 -36 140 -12 -203 -45 -227 -247 52 106 262 180 337 315 312 -129 201 -224 -717 -410 104 -578 336 32 166 252 -105 -460 -59 185 -341 -181 26 222 468 56]
[122 267 -38 -249 -26 -33 22 152 -199 234 -464 137 267 -213 132 -629 -521 176 -54 89 573 -30 -353 26 129 158 -718 132 351 -166 -641 53 -237 -828 5 61 -52]
[275 423 447 100 -65 -55 155 -531 -59 -12 429 -118 49 89 411 403 -6 802 451 -868 -557 623 233 -191 -45 166 40 -32 -128 449 43 85 207 -78 267 438 64]
[127 367 -449 -97 -204 -109 -272 232 -274 124 -657 38 -114 -542 -141 188 125 -739 -172 -147 390 -647 302 60 -274 150 -467 -82 -474 -69 -555 -309 100 -354 -343 -468 -56]
[-13 -217 -616 313 308 46 -19 949 -599 -253 -260 222 -687 -503 -536 11 244 7 19 0 156 -188 179 693 -381 346 249 487 -713 129 245 -295 185 178 -500 81 0]
[-171 135 238 -348 320 268 -166 -638 279 90 531 -772 -231 -38 748 298 358 -153 -14 -1077 -229 108 -140 -724 329 -26 265 -328 -244 412 104 85 -466 302 608 86 51]
[-77 430 123 732 -42 -88 94 370 -105 306 318 368 -584 -50 153 533 -219 762 -326 -255 10 -465 -112 384 -89 352 -256 490 -636 -83 -332 110 368 -79 131 774 69]
[-515 -162 162 3 283 -514 -240 -600 147 225 -205 495 513 337 -239 23 -1119 -430 86 423 -299 596 -236 45 294 113 -87 -412 628 73 -321 -450 -599 -189 -316 -45 0]
[-885 395 450 -101 254 77 282 -911 109 98 531 -286 201 -395 249 286 -279 59 -163 -233 -829 1102 -275 -660 -233 -192 322 -439 297 617 494 -150 -176 355 329 -302 30]
[57 243 12 -583 -462 -149 764 -124 -562 59 -550 -29 397 -329 468 -356 363 -146 -338 385 52 -39 288 -143 194 -76 -465 -73 150 431 -126 -11 366 75 -499 -818 -46]
[430 170 -147 -584 -235 112 569 -1120 566 -109 -254 -155 279 469 426 609 730 151 231 -509 -429 -236 261 -228 108 206 -269 -69 -550 90 336 -97 128 724 157 -341 -5]
[346 -589 146 440 -495 -457 -41 -178 -299 41 -132 157 117 306 337 376 288 112 657 507 -97 353 389 -314 -22 88 489 -598 59 472 200 -250 -263 -200 -509 -176 32]
[378 226 -581 300 -149 -365 -208 253 59 -489 -235 -258 -196 27 -139 197 198 175 412 -624 370 225 190 -519 -240 726 334 14 -501 -273 -392 143 -366 94 135 38 -2]
[115 -605 -187 -40 -223 200 -599 714 -23 234 346 34 -230 152 -210 36 -245 -18 -160 -26 -172 -297 1 1266 112 -21 443 275 -804 -824 204 -338 713 -349 -111 157 4]
[-134 106 363 -403 -272 343 100 -580 -9 736 -811 0 73 -487 440 85 -369 -25 -97 -365 -744 463 21 -477 252 128 -499 206 -266 396 -386 -426 88 -467 9 -778 -46]
[-192 169 -123 153 87 453 59 -546 -228 341 -711 67 520 -361 643 -378 218 -301 319 17 -141 -323 211 -815 -201 -538 -480 -150 81 460 -180 -669 -426 -375 -606 -754 -45]
[-370 339 -392 -447 -2 -482 213 -211 -181 -498 275 -584 75 335 511 -368 483 58 457 -769 -634 -47 463 361 -156 677 105 -31 -687 169 -231 -178 666 506 -139 86 -21]
[905 -14 101 -277 172 -154 149 643 377 -259 240 -52 307 -308 156 -593 -458 551 166 -329 713 280 669 -88 193 -106 406 232 4 -788 -38 441 467 105 229 67 10]
[563 288 -651 19 -35 -227 58 261 72 -521 -148 -447 -225 444 -512 350 386 -31 338 377 -67 -636 435 614 59 207 -146 520 191 -584 327 687 508 434 -211 135 -37]
[136 48 -317 -233 -93 -773 -51 -539 -162 -149 -224 -107 430 785 281 294 462 -3 -37 -584 -63 452 -117 -68 208 8 155 12 500 524 217 184 -422 -371 -45 149 -7]
[-570 -150 330 -166 -55 105 280 281 -564 -6 495 379 558 -35 -382 -233 -3 -16 -82 37 -820 475 -252 386 -85 -597 260 -246 79 -401 -77 -403 142 113 -687 -97 40]
[-138 -314 -688 -80 24 -607 255 625 -624 126 -204 352 90 -792 16 -39 398 -231 -493 -84 416 251 184 348 -162 -63 301 -317 -535 238 -96 -602 -676 -357 -238 22 96]
[82 283 25 600 -353 -118 -60 -237 -13 -213 313 -17 616 -199 189 462 -102 150 -269 -629 247 -873 -41 -133 -2 -436 191 -349 249 -468 301 -44 179 150 791 665 236]
[-763 -225 131 -348 -280 -529 240 -589 -1002 133 -275 343 220 -280 -6 -189 -462 -584 -292 -40 -400 -163 179 468 -85 280 -359 -799 -99 552 79 -475 197 -300 192 69 258]
[-141 -4 -123 9 -839 56 196 -41 -229 -58 -13 -472 744 12 432 -486 361 28 55 112 241 181 -222 -352 123 -165 -356 -807 612 317 -179 -128 131 -515 475 -557 -268]
[-190 168 -385 96 168 553 -35 -17 -76 -215 -269 -82 -344 -558 -336 -133 51 372 272 169 219 493 142 -692 -144 -339 99 265 423 633 180 383 -811 -453 -74 -575 -190]
[-60 -209 -186 -77 -280 185 -250 259 263 -85 315 341 -251 297 -127 370 551 -692 -118 -368 591 -397 -99 819 -148 -276 91 -372 -98 305 154 78 37 -17 -434 267 -396]
[-198 286 -233 182 -273 12 -123 506 -753 -622 -915 126 256 -237 -675 -561 292 11 276 176 118 -46 71 149 -656 93 -77 58 -644 -514 190 -408 -362 -392 -176 -36 54]
[141 344 130 13 -413 166 -759 234 695 138 91 -155 -703 -94 -309 145 314 -641 -113 109 157 -497 628 305 -298 -55 135 -176 -135 -504 -318 -73 438 303 -92 -196 -228]
[264 -89 -81 179 -309 -186 -485 -622 337 13 -536 550 168 243 190 192 16 -140 673 -561 -70 578 85 106 -326 642 452 -494 -339 -130 -357 -94 75 -813 3 -20 -106]
[-204 -109 146 -32 293 393 -69 -143 452 25 -97 661 572 273 -21 -691 -845 -492 -266 339 -21 4 -673 384 77 81 121 122 -197 -770 449 -435 -57 -501 154 454 -53]
[-334 -224 -271 654 115 -346 -558 -273 659 -68 22 -125 -410 166 277 -94 303 -30 217 -274 365 -218 -392 -317 97 504 264 33 -40 46 571 395 -295 6 279 326 62]
[-345 366 -329 525 -693 395 -590 708 109 205 555 182 -847 -232 -185 438 684 102 -196 -296 246 55 -9 -274 -328 -276 241 252 -513 288 154 -165 256 -100 -74 151 -128]
[-400 133 -26 142 -621 -805 -227 495 91 -340 -119 206 -32 292 -96 672 -383 -537 331 -365 109 73 -412 419 -302 289 28 -446 -529 -547 -334 -64 491 -19 175 173 164]
[582 -245 23 573 -454 -577 -624 -85 -623 311 8 539 -73 61 -31 503 -352 564 -30 -14 -241 468 -38 -46 245 32 -235 93 247 -44 -419 54 -99 -937 86 592 -108]
[-323 171 159 397 -287 -246 -58 421 42 375 348 223 37 -344 -476 -172 -149 -297 331 79 -149 -98 708 -206 -90 8 520 -331 -209 -781 -534 13 213 70 196 -420 -248]
[-37 63 -16 -168 -354 -293 77 -263 57 261 -902 132 51 76 497 -56 -177 -728 -103 -169 -174 -680 -161 145 482 -67 -51 -428 -239 48 -203 -211 256 286 268 -280 -588]]
[phase 0 refreshed]
[[124 -291 -450 -112 -78 588 -39 268 138 270 -145 262 -213 495 243 129 -78 -11 -220 -89 -434 -124 53 0 260 -350 -210 311 -409 219 166 -356 22 126 -158 147 769]
[-552 31 -36 140 -12 -203 -45 -227 -247 52 106 262 180 337 315 312 -129 201 -224 -717 -410 104 -578 336 32 166 252 -105 -460 -59 185 -341 -181 26 222 468 56]
[122 267 -38 -249 -26 -33 22 152 -199 234 -464 137 267 -213 132 -629 -521 176 -54 89 573 -30 -353 26 129 158 -718 132 351 -166 -641 53 -237 -828 5 61 -52]
[378 -632 850 156 -218 -180 107 -321 217 10 -76 -151 -68 168 -43 111 384 490 512 15 -444 162 294 97 370 362 574 284 -31 -205 150 336 379 234 176 -216 -737]
[127 367 -449 -97 -204 -109 -272 232 -274 124 -657 38 -114 -542 -141 188 125 -739 -172 -147 390 -647 302 60 -274 150 -467 -82 -474 -69 -555 -309 100 -354 -343 -468 -56]
[275 423 447 100 -65 -55 155 -531 -59 -12 429 -118 49 89 411 403 -6 802 451 -868 -557 623 233 -191 -45 166 40 -32 -128 449 43 85 207 -78 267 438 64]
[-134 106 363 -403 -272 343 100 -580 -9 736 -811 0 73 -487 440 85 -369 -25 -97 -365 -744 463 21 -477 252 128 -499 206 -266 396 -386 -426 88 -467 9 -778 -46]
[-1237 402 126 531 277 44 221 -10 63 416 420 200 -432 -534 -9 416 -492 19 -940 380 -262 14 -620 -85 -277 -6 26 83 -211 85 119 -125 -15 354 193 34 35]
[-140 -584 -167 410 512 155 253 717 -325 -377 397 184 -573 39 -395 -177 119 746 191 147 -234 459 -123 633 -107 196 716 569 -239 198 800 14 85 532 -157 549 56]
[-446 -288 -209 -448 385 323 -321 -107 338 102 102 -654 -280 -127 337 -105 364 -955 -465 -209 328 -515 -373 -533 374 -192 225 -296 -116 -37 61 0 -673 380 341 -352 -13]
[-147 -275 -180 -172 923 3 -380 -62 74 10 -40 -317 -585 -541 -342 20 -388 -777 315 63 38 412 381 -322 210 267 175 -148 131 673 -157 -319 -699 265 -430 -346 -5]
[-20 509 208 67 383 -623 397 -185 15 -108 799 -200 -158 70 375 101 -119 -143 -271 558 688 -367 357 -297 444 69 -296 -424 624 496 -474 501 -238 550 -307 307 64]
[378 226 -581 300 -149 -365 -208 253 59 -489 -235 -258 -196 27 -139 197 198 175 412 -624 370 225 190 -519 -240 726 334 14 -501 -273 -392 143 -366 94 135 38 -2]
[45 129 -1157 -382 -412 -25 122 932 -469 -330 294 -140 153 224 303 -422 -193 260 -426 -133 304 374 -117 447 -30 117 205 14 -650 -392 91 -233 234 -60 -308 61 749]
[430 170 -147 -584 -235 112 569 -1120 566 -109 -254 -155 279 469 426 609 730 151 231 -509 -429 -236 261 -228 108 206 -269 -69 -550 90 336 -97 128 724 157 -341 -5]
[318 6 -248 -263 -284 384 175 -650 452 226 -457 -358 172 -143 636 -57 459 448 418 3 595 -21 -616 -861 -332 215 -382 -325 -142 -106 152 -15 -759 -585 535 -272 -65]
[154 -68 -234 577 302 -226 -79 4 97 -146 856 -395 50 430 810 -232 -73 452 472 72 355 -115 457 -425 389 86 468 -203 -126 -72 -287 -54 -417 274 -546 216 77]
[-411 -619 -3 -410 469 377 -289 -141 952 15 136 -737 -364 293 -102 -830 -239 -85 643 213 -853 375 239 -178 189 399 246 467 -41 -187 -164 -28 262 370 223 -312 -85]
[-175 -53 521 94 230 -586 382 308 280 -56 -145 655 -155 -86 -183 -100 -143 218 117 215 -56 -276 240 355 -484 130 -76 112 149 59 157 298 735 316 466 720 -7]
[-123 -43 -103 449 -46 37 -433 649 -304 90 -241 -429 -698 -299 -630 455 -192 -383 64 432 -955 93 548 339 74 -29 342 663 124 -112 246 305 705 71 -364 -363 -26]
[-549 419 -155 158 196 -526 215 -322 148 215 90 -169 -182 -86 -43 398 99 -185 -753 513 85 362 -159 -489 -101 -164 -71 200 749 668 151 400 -256 -43 -74 -285 -28]
[144 -410 118 -413 11 296 -168 554 -394 -14 495 -107 126 322 117 -221 634 -228 67 -807 -220 -519 -117 322 477 -431 203 -135 -462 -606 -467 -168 -148 60 -408 291 61]
[-125 -97 -72 -393 -284 -653 274 -324 -25 379 56 130 777 -289 552 -50 154 -238 -512 -84 260 439 5 -345 219 -409 52 -804 178 109 -341 -307 -861 -535 262 -59 96]
[360 -226 257 467 -101 583 338 127 -100 94 -207 -95 -64 -984 -81 58 -223 670 49 -130 -321 -55 435 -313 111 -278 156 531 204 185 530 -115 533 189 421 -32 190]
[40 -397 35 -91 -213 -582 349 -341 -422 -532 41 -215 -42 -48 -319 -492 -260 129 516 200 -10 605 645 -447 -83 690 190 -598 334 407 57 318 -88 122 448 107 256]
[40 177 -521 201 -184 366 290 -140 145 125 -104 -91 201 -528 287 249 54 -241 -32 417 106 312 418 155 -95 -941 -450 156 -70 625 452 -526 132 -298 -299 -753 217]
[-365 151 -180 569 42 -29 -90 267 -260 258 265 -421 -425 -579 243 67 -246 13 44 -80 289 128 47 -290 244 454 -437 -465 107 907 -668 -337 -200 -329 176 -129 -204]
[-464 489 213 732 157 -197 652 257 -91 21 -421 15 -262 -251 16 55 584 332 -89 245 -490 271 567 -411 371 -4 -57 305 260 149 -239 571 123 -9 -274 -207 -185]
[-481 -209 481 275 230 -37 121 101 -33 -214 -251 -185 -586 448 -409 620 159 327 195 -411 -507 261 -324 -332 488 586 73 94 -439 214 295 -89 -360 652 178 79 -141]
[-51 569 -144 124 -801 578 -161 234 108 -121 285 -161 299 -285 303 -24 -668 220 -268 -647 428 199 201 -222 160 -417 -204 -401 -267 -84 -14 -297 -259 -450 204 526 661]
[506 86 -386 327 114 -75 189 -53 -186 -132 -11 184 -7 -295 -171 -770 127 510 200 403 625 362 307 565 -455 -351 -143 349 453 -338 270 101 226 -343 248 -442 -346]
[-437 215 269 -105 -72 132 140 406 -408 -276 660 -13 -644 -248 118 -208 -188 -328 58 459 -164 213 -177 -263 4 -270 -46 -86 234 1051 130 -563 21 301 -182 -112 197]
[-582 129 -388 197 -80 -851 -215 679 -193 48 -83 -28 -49 -399 -447 330 84 -488 -143 685 392 -3 313 120 -94 -104 99 -177 -130 -634 31 209 634 310 -356 -255 232]
[323 -171 -159 -397 287 246 58 -421 -42 -375 -348 -223 -37 344 476 172 149 297 -331 -79 149 98 -708 206 90 -8 -520 331 209 781 534 -13 -213 -70 -196 420 248]
[-542 328 -417 -227 68 -4 242 -174 114 127 -169 245 233 450 681 -355 -686 -479 -443 -37 -120 -195 -757 -12 386 -579 -158 -630 266 322 202 -238 -223 406 435 404 205]
[258 37 256 307 253 -417 92 188 -283 -742 108 -60 173 188 -288 -153 212 8 758 -227 93 -392 -23 311 160 198 82 -479 451 -217 768 140 -370 -8 -861 152 -352]
[-190 168 -385 96 168 553 -35 -17 -76 -215 -269 -82 -344 -558 -336 -133 51 372 272 169 219 493 142 -692 -144 -339 99 265 423 633 180 383 -811 -453 -74 -575 -190]]
[phase 1 initial]
[[124 -291 -450 -112 -78 588 -39 268 138 270 -145 262 -213 495 243 129 -78 -11 -220 -89 -434 -124 53 0 260 -350 -210 311 -409 219 166 -356 22 126 -158 147 769]
[-552 31 -36 140 -12 -203 -45 -227 -247 52 106 262 180 337 315 312 -129 201 -224 -717 -410 104 -578 336 32 166 252 -105 -460 -59 185 -341 -181 26 222 468 56]
[122 267 -38 -249 -26 -33 22 152 -199 234 -464 137 267 -213 132 -629 -521 176 -54 89 573 -30 -353 26 129 158 -718 132 351 -166 -641 53 -237 -828 5 61 -52]
[378 -632 850 156 -218 -180 107 -321 217 10 -76 -151 -68 168 -43 111 384 490 512 15 -444 162 294 97 370 362 574 284 -31 -205 150 336 379 234 176 -216 -737]
[127 367 -449 -97 -204 -109 -272 232 -274 124 -657 38 -114 -542 -141 188 125 -739 -172 -147 390 -647 302 60 -274 150 -467 -82 -474 -69 -555 -309 100 -354 -343 -468 -56]
[275 423 447 100 -65 -55 155 -531 -59 -12 429 -118 49 89 411 403 -6 802 451 -868 -557 623 233 -191 -45 166 40 -32 -128 449 43 85 207 -78 267 438 64]
[-134 106 363 -403 -272 343 100 -580 -9 736 -811 0 73 -487 440 85 -369 -25 -97 -365 -744 463 21 -477 252 128 -499 206 -266 396 -386 -426 88 -467 9 -778 -46]
[-1237 402 126 531 277 44 221 -10 63 416 420 200 -432 -534 -9 416 -492 19 -940 380 -262 14 -620 -85 -277 -6 26 83 -211 85 119 -125 -15 354 193 34 35]
[-140 -584 -167 410 512 155 253 717 -325 -377 397 184 -573 39 -395 -177 119 746 191 147 -234 459 -123 633 -107 196 716 569 -239 198 800 14 85 532 -157 549 56]
[-446 -288 -209 -448 385 323 -321 -107 338 102 102 -654 -280 -127 337 -105 364 -955 -465 -209 328 -515 -373 -533 374 -192 225 -296 -116 -37 61 0 -673 380 341 -352 -13]
[-147 -275 -180 -172 923 3 -380 -62 74 10 -40 -317 -585 -541 -342 20 -388 -777 315 63 38 412 381 -322 210 267 175 -148 131 673 -157 -319 -699 265 -430 -346 -5]
[-20 509 208 67 383 -623 397 -185 15 -108 799 -200 -158 70 375 101 -119 -143 -271 558 688 -367 357 -297 444 69 -296 -424 624 496 -474 501 -238 550 -307 307 64]
[378 226 -581 300 -149 -365 -208 253 59 -489 -235 -258 -196 27 -139 197 198 175 412 -624 370 225 190 -519 -240 726 334 14 -501 -273 -392 143 -366 94 135 38 -2]
[45 129 -1157 -382 -412 -25 122 932 -469 -330 294 -140 153 224 303 -422 -193 260 -426 -133 304 374 -117 447 -30 117 205 14 -650 -392 91 -233 234 -60 -308 61 749]
[430 170 -147 -584 -235 112 569 -1120 566 -109 -254 -155 279 469 426 609 730 151 231 -509 -429 -236 261 -228 108 206 -269 -69 -550 90 336 -97 128 724 157 -341 -5]
[318 6 -248 -263 -284 384 175 -650 452 226 -457 -358 172 -143 636 -57 459 448 418 3 595 -21 -616 -861 -332 215 -382 -325 -142 -106 152 -15 -759 -585 535 -272 -65]
[154 -68 -234 577 302 -226 -79 4 97 -146 856 -395 50 430 810 -232 -73 452 472 72 355 -115 457 -425 389 86 468 -203 -126 -72 -287 -54 -417 274 -546 216 77]
[-411 -619 -3 -410 469 377 -289 -141 952 15 136 -737 -364 293 -102 -830 -239 -85 643 213 -853 375 239 -178 189 399 246 467 -41 -187 -164 -28 262 370 223 -312 -85]
[-175 -53 521 94 230 -586 382 308 280 -56 -145 655 -155 -86 -183 -100 -143 218 117 215 -56 -276 240 355 -484 130 -76 112 149 59 157 298 735 316 466 720 -7]
[-123 -43 -103 449 -46 37 -433 649 -304 90 -241 -429 -698 -299 -630 455 -192 -383 64 432 -955 93 548 339 74 -29 342 663 124 -112 246 305 705 71 -364 -363 -26]
[-549 419 -155 158 196 -526 215 -322 148 215 90 -169 -182 -86 -43 398 99 -185 -753 513 85 362 -159 -489 -101 -164 -71 200 749 668 151 400 -256 -43 -74 -285 -28]
[144 -410 118 -413 11 296 -168 554 -394 -14 495 -107 126 322 117 -221 634 -228 67 -807 -220 -519 -117 322 477 -431 203 -135 -462 -606 -467 -168 -148 60 -408 291 61]
[-125 -97 -72 -393 -284 -653 274 -324 -25 379 56 130 777 -289 552 -50 154 -238 -512 -84 260 439 5 -345 219 -409 52 -804 178 109 -341 -307 -861 -535 262 -59 96]
[360 -226 257 467 -101 583 338 127 -100 94 -207 -95 -64 -984 -81 58 -223 670 49 -130 -321 -55 435 -313 111 -278 156 531 204 185 530 -115 533 189 421 -32 190]
[40 -397 35 -91 -213 -582 349 -341 -422 -532 41 -215 -42 -48 -319 -492 -260 129 516 200 -10 605 645 -447 -83 690 190 -598 334 407 57 318 -88 122 448 107 256]
[40 177 -521 201 -184 366 290 -140 145 125 -104 -91 201 -528 287 249 54 -241 -32 417 106 312 418 155 -95 -941 -450 156 -70 625 452 -526 132 -298 -299 -753 217]
[-365 151 -180 569 42 -29 -90 267 -260 258 265 -421 -425 -579 243 67 -246 13 44 -80 289 128 47 -290 244 454 -437 -465 107 907 -668 -337 -200 -329 176 -129 -204]
[-464 489 213 732 157 -197 652 257 -91 21 -421 15 -262 -251 16 55 584 332 -89 245 -490 271 567 -411 371 -4 -57 305 260 149 -239 571 123 -9 -274 -207 -185]
[-481 -209 481 275 230 -37 121 101 -33 -214 -251 -185 -586 448 -409 620 159 327 195 -411 -507 261 -324 -332 488 586 73 94 -439 214 295 -89 -360 652 178 79 -141]
[-51 569 -144 124 -801 578 -161 234 108 -121 285 -161 299 -285 303 -24 -668 220 -268 -647 428 199 201 -222 160 -417 -204 -401 -267 -84 -14 -297 -259 -450 204 526 661]
[506 86 -386 327 114 -75 189 -53 -186 -132 -11 184 -7 -295 -171 -770 127 510 200 403 625 362 307 565 -455 -351 -143 349 453 -338 270 101 226 -343 248 -442 -346]
[-437 215 269 -105 -72 132 140 406 -408 -276 660 -13 -644 -248 118 -208 -188 -328 58 459 -164 213 -177 -263 4 -270 -46 -86 234 1051 130 -563 21 301 -182 -112 197]
[-582 129 -388 197 -80 -851 -215 679 -193 48 -83 -28 -49 -399 -447 330 84 -488 -143 685 392 -3 313 120 -94 -104 99 -177 -130 -634 31 209 634 310 -356 -255 232]
[323 -171 -159 -397 287 246 58 -421 -42 -375 -348 -223 -37 344 476 172 149 297 -331 -79 149 98 -708 206 90 -8 -520 331 209 781 534 -13 -213 -70 -196 420 248]
[-542 328 -417 -227 68 -4 242 -174 114 127 -169 245 233 450 681 -355 -686 -479 -443 -37 -120 -195 -757 -12 386 -579 -158 -630 266 322 202 -238 -223 406 435 404 205]
[258 37 256 307 253 -417 92 188 -283 -742 108 -60 173 188 -288 -153 212 8 758 -227 93 -392 -23 311 160 198 82 -479 451 -217 768 140 -370 -8 -861 152 -352]
[-190 168 -385 96 168 553 -35 -17 -76 -215 -269 -82 -344 -558 -336 -133 51 372 272 169 219 493 142 -692 -144 -339 99 265 423 633 180 383 -811 -453 -74 -575 -190]]
