[phase 0]
score=0.1051178428300659
squared_norm=2911787
coefficients=[2 -2 2 0 -2 -1 -1 0 -2 0 -1 -1 1 0 0 1 -1 0 1 -1 0 1 -1 1 0 0 -1 -1 0 0 0 0 1 0 -1 -1 0]
vector=[124 -291 -450 -112 -78 588 -39 268 138 270 -145 262 -213 495 243 129 -78 -11 -220 -89 -434 -124 53 0 260 -350 -210 311 -409 219 166 -356 22 126 -158 147 769]

[phase 1]
score=0
squared_norm=2911787
coefficients=[1 0 0 0 0 0 0 0 0 0 0 0 0 0 0 0 0 0 0 0 0 0 0 0 0 0 0 0 0 0 0 0 0 0 0 0 0]
vector=[124 -291 -450 -112 -78 588 -39 268 138 270 -145 262 -213 495 243 129 -78 -11 -220 -89 -434 -124 53 0 260 -350 -210 311 -409 219 166 -356 22 126 -158 147 769]

