[phase 0 initial]
[[-401 -206 45 -787 -164 -729 135 -220 85 725 -269 293 -34 285 -8 -301 -80 -37 -52 -144 16 261 -283 -120 -1 80 418 125 30 -100 98 -316 392 -57 171]
[326 286 -15 594 315 234 7 228 118 -367 -91 -224 245 -344 -330 -649 111 24 -454 283 -34 31 -302 -83 66 -189 -421 -251 -343 617 -381 -302 -391 263 -54]
[-270 22 51 745 -408 662 25 372 -180 -430 350 -211 -348 381 112 -230 -27 -703 -136 264 380 -114 -358 183 172 194 -132 -374 -145 42 -30 166 109 467 -175]
[-8 461 -193 -526 -244 -795 354 -121 139 327 -393 -298 -100 54 19 519 79 445 -223 -492 -364 -307 202 441 -207 286 11 705 734 -147 276 -205 252 167 193]
[55 -193 235 -90 -207 191 155 718 -462 270 -69 210 -141 565 -317 258 -24 66 -47 -54 -155 957 -77 -197 72 20 196 -331 -312 -112 217 -9 326 -512 174]
[607 -50 647 101 -104 590 180 614 -201 -685 631 -654 -139 39 -277 -266 -76 -220 27 -169 183 434 -405 29 -82 203 -104 -305 -272 327 -21 -209 79 666 202]
[628 340 -253 -951 29 152 701 26 189 -66 -626 -118 -63 -175 383 -183 -125 256 -355 -600 -198 650 -129 -398 -38 -28 -261 197 174 569 -206 -177 -4 127 193]
[-65 750 -52 266 -158 68 491 126 -465 -359 -10 -258 -588 450 677 457 416 377 168 -10 -300 70 47 -303 -139 -47 -733 -111 215 -118 -201 167 191 -582 23]
[460 -226 105 166 -72 -98 -806 -240 255 -42 662 146 209 -278 222 -355 -280 231 -449 -97 -312 -211 232 189 156 366 379 -129 -389 72 -347 -350 -287 570 -200]
[1146 -330 108 -454 183 440 -43 640 -61 284 -245 371 -30 -338 288 -98 -330 322 -267 -462 -455 411 636 -536 -27 -431 54 63 -187 -401 223 -336 184 190 167]
[475 -660 671 197 432 530 -623 513 -472 -255 529 -97 392 -602 -121 563 524 615 -95 -233 -399 234 322 -393 -57 -79 320 -133 -161 -603 209 -237 417 -114 -31]
[-88 419 -343 719 -249 64 -521 -126 -208 -229 -10 -171 -38 -22 369 119 547 -47 -364 360 58 155 223 -47 -261 831 -467 -644 74 251 -458 -116 223 -35 -538]
[121 400 -153 127 8 422 12 -273 -95 590 51 12 -270 290 -11 -567 -176 -133 -465 153 -183 -1058 124 346 426 -339 -19 15 -15 -199 -2 -214 -424 342 219]
[-377 132 464 -63 -19 -541 854 888 -207 49 339 -212 -175 461 -310 -130 -228 -16 304 -149 320 144 -436 11 -538 232 -647 -172 32 -341 492 -508 104 308 465]
[259 315 127 -267 -205 287 420 519 29 -297 117 309 -62 -109 231 -115 -445 430 -160 -779 -210 -95 54 23 108 310 191 -187 -556 617 -204 13 -156 326 390]
[196 246 -529 92 -151 75 -225 -53 713 -549 -277 -31 309 -329 -69 -169 -416 -193 -201 463 319 68 523 -44 231 77 -247 542 759 380 -132 577 -508 85 -156]
[884 21 400 -178 -332 -115 -604 602 -246 -123 618 -159 -246 296 45 136 239 412 328 -169 -45 -109 723 -319 12 257 -44 -527 -313 268 141 158 -153 -318 323]
[591 -700 137 -265 362 239 -138 170 -91 -23 -35 -186 -110 -221 -418 748 253 -199 77 4 -427 529 461 148 -183 -36 352 -371 97 171 350 -54 -663 -156 -290]
[-362 154 -655 62 -272 476 78 -340 -178 -284 -220 -138 -99 154 209 -54 -150 -168 522 -196 251 53 -306 186 504 24 -280 -629 -431 229 -8 353 174 -549 -292]
[-218 -19 -378 -209 -241 -24 -737 -16 115 99 -682 481 6 -174 478 -359 -296 -287 -227 30 57 -75 -389 -309 861 -27 475 123 -721 244 84 222 265 368 -113]
[-221 -772 -87 -74 -432 -211 -106 126 410 371 550 -47 256 392 -357 136 -370 -149 91 -496 -135 728 -140 171 390 -544 328 -7 -654 -21 478 -539 -159 -8 -41]
[-6 -643 445 104 284 -341 -570 -37 476 -98 260 -72 124 -262 -193 -93 -192 -53 -128 112 284 -315 -424 -291 -277 113 341 142 -233 -193 -182 68 966 293 184]
[-1 -303 304 -167 18 706 1096 334 -684 -329 279 -291 -438 -37 150 -747 295 -230 -286 -358 -41 307 -215 -210 253 -96 -43 -68 -70 141 138 142 86 1 143]
[486 -262 -192 -184 179 144 -232 -499 -111 302 217 -45 273 297 -314 -599 -57 -178 -522 -483 327 712 -603 -241 -17 825 430 -461 -163 157 -84 -225 97 284 -363]
[-136 -139 226 -1131 -43 505 -497 -278 -215 263 394 175 698 -332 55 378 -224 352 -250 -582 130 372 196 -277 398 221 168 671 -303 117 -257 199 -387 -271 -92]
[107 494 113 -1138 -108 -404 304 136 -174 -327 128 21 -630 486 619 20 -17 511 -16 -31 -165 296 317 72 464 176 -20 -257 -299 41 290 511 -125 -439 600]
[-347 -557 -361 -221 -326 131 -460 497 360 305 32 536 129 497 302 202 -460 -299 245 -99 -141 -62 -259 296 640 531 161 -75 -265 -250 101 324 -48 -323 304]
[-248 447 -442 448 -143 1065 55 111 -372 -425 -32 -153 125 -96 -331 -151 297 232 -585 -158 298 244 -87 -152 25 -10 333 -402 -139 100 -46 206 -202 -213 73]
[-127 -103 -67 -65 477 -111 -864 -709 2 -263 554 -18 291 2 -178 -176 269 -52 313 -64 -16 174 603 192 173 141 -139 -608 87 315 423 -200 -830 -132 128]
[529 113 105 -224 461 -276 558 -324 -423 398 -589 262 451 -476 -130 -150 9 157 132 32 37 37 -363 -841 306 -641 370 221 -392 127 -199 -319 231 397 495]
[-703 -192 -191 408 -766 -777 -621 -10 322 131 -122 -190 97 558 -61 -544 19 -390 -741 741 -422 163 -164 30 -153 281 438 116 -37 721 285 -317 47 352 6]
[49 365 -325 -211 -820 -432 78 -417 289 -464 158 77 -458 531 173 -54 -4 -133 -159 442 -84 -300 359 217 -50 547 369 -307 542 -315 -237 -443 689 98 -79]
[384 470 -15 -433 -110 162 90 -138 -353 -182 -26 -288 -334 235 39 362 -311 85 31 -345 -220 164 447 150 -10 6 -296 -443 275 -724 -66 415 -778 -125 13]
[-236 -391 17 252 -267 846 -10 504 56 -596 172 -112 277 -95 783 -397 -231 225 -408 134 77 -104 -14 -217 466 -75 -189 377 -184 -305 -78 -437 -229 748 -564]
[-118 137 269 -306 33 414 205 426 -448 178 394 -270 119 191 -1130 502 143 365 -142 -370 -7 -30 -376 639 -66 361 720 74 185 -386 475 500 449 379 -255]]
[phase 0 refreshed accepted=1]
[[-171 48 -44 323 404 -306 -130 64 -237 244 -35 -1 -48 -502 450 -192 242 -241 70 -590 43 -20 -99 -352 -158 -145 286 -324 -339 -312 -400 -170 -118 424 -206]
[-401 -206 45 -787 -164 -729 135 -220 85 725 -269 293 -34 285 -8 -301 -80 -37 -52 -144 16 261 -283 -120 -1 80 418 125 30 -100 98 -316 392 -57 171]
[326 286 -15 594 315 234 7 228 118 -367 -91 -224 245 -344 -330 -649 111 24 -454 283 -34 31 -302 -83 66 -189 -421 -251 -343 617 -381 -302 -391 263 -54]
[-270 22 51 745 -408 662 25 372 -180 -430 350 -211 -348 381 112 -230 -27 -703 -136 264 380 -114 -358 183 172 194 -132 -374 -145 42 -30 166 109 467 -175]
[-8 461 -193 -526 -244 -795 354 -121 139 327 -393 -298 -100 54 19 519 79 445 -223 -492 -364 -307 202 441 -207 286 11 705 734 -147 276 -205 252 167 193]
[55 -193 235 -90 -207 191 155 718 -462 270 -69 210 -141 565 -317 258 -24 66 -47 -54 -155 957 -77 -197 72 20 196 -331 -312 -112 217 -9 326 -512 174]
[-80 -101 338 -325 -46 40 200 -729 -14 35 381 -178 -120 266 -64 103 198 368 178 181 -207 -1005 -347 593 -145 48 -235 113 -108 44 315 -398 300 3 188]
[158 511 -181 152 332 624 -67 355 -303 -50 -182 -396 209 -415 27 -192 355 48 -826 -399 -118 420 28 -502 503 -63 221 -97 293 124 -537 106 -495 162 26]
[-394 473 12 -332 -140 -364 3 -170 -159 383 287 -400 -156 364 -294 41 -204 -364 241 -282 316 53 90 218 278 242 611 159 496 -174 -150 447 -547 85 295]
[-80 -699 576 -78 -337 578 -488 -117 132 -474 714 -224 199 1 -150 -34 199 50 -306 531 109 -556 -143 219 200 320 124 273 375 -237 460 -208 710 384 -3]
[-607 50 -647 -101 104 -590 -180 -614 201 685 -631 654 139 -39 277 266 76 220 -27 169 -183 -434 405 -29 82 -203 104 305 272 -327 21 209 -79 -666 -202]
[-21 378 313 -122 -198 -810 -145 69 123 -372 351 -321 -41 239 -172 134 -4 374 433 476 36 297 369 -223 -125 147 -273 428 703 -122 -20 230 49 -482 222]
[121 400 -153 127 8 422 12 -273 -95 590 51 12 -270 290 -11 -567 -176 -133 -465 153 -183 -1058 124 346 426 -339 -19 15 -15 -199 -2 -214 -424 342 219]
[450 973 -5 36 135 512 452 83 -579 148 -340 -748 -308 204 -253 -129 602 72 -217 177 -10 -144 68 -44 -245 135 -837 -431 321 265 -104 -355 56 -64 258]
[-124 988 -109 25 -414 -7 81 303 59 93 -143 -59 -32 226 -482 -531 -214 16 -275 317 313 -560 491 213 131 630 -214 -148 380 593 -136 96 -212 163 470]
[187 -245 -168 -230 135 213 73 173 96 -59 497 699 -1 -26 891 29 -667 259 202 -324 9 164 455 -465 -196 190 -433 -378 -332 -397 -33 -3 -519 -34 -54]
[-23 -236 487 -746 42 -360 25 393 -36 114 135 -62 153 162 -299 -419 501 512 -160 -328 -66 -47 -481 -576 524 -368 397 -77 -373 616 87 -47 -116 -453 596]
[711 425 -427 -79 -139 -370 -188 -187 360 188 -17 371 58 223 -78 -129 -721 422 -213 -38 -464 365 474 322 114 191 -31 -78 -425 621 -407 28 -879 -238 9]
[471 -498 -189 738 230 435 -149 -156 315 -694 279 355 251 251 -164 -288 -275 161 -77 492 170 -8 -217 -361 96 -190 -433 258 67 -227 397 365 108 -390 -446]
[-200 59 -54 49 -161 49 358 -270 -189 -357 105 -572 -939 330 680 416 586 -628 104 168 -176 -211 -56 105 -223 171 -291 -400 509 107 0 -28 -297 184 -445]
[384 470 -15 -433 -110 162 90 -138 -353 -182 -26 -288 -334 235 39 362 -311 85 31 -345 -220 164 447 150 -10 6 -296 -443 275 -724 -66 415 -778 -125 13]
[-343 -519 -174 -438 203 86 -565 -765 -103 -84 109 -152 400 -728 397 -50 318 344 422 -519 23 -409 -190 -130 374 5 262 -306 -250 -362 82 -191 657 -208 -326]
[244 818 -505 -330 779 -374 -12 -449 356 410 -325 -148 -14 -424 139 -476 -178 -221 179 -370 339 -63 238 -48 -79 -334 -80 271 -108 221 -326 -411 49 220 -380]
[-155 54 64 600 -455 -162 -44 124 291 -197 -210 396 2 267 -322 -599 229 -275 -528 -23 324 -115 182 -612 -378 39 -250 -516 -146 -11 135 -183 292 308 -249]
[280 -122 28 126 317 -60 -444 -411 193 -134 186 -123 34 -317 392 579 175 -243 850 -189 65 123 -23 -381 -199 -590 -298 -109 -1200 481 113 -169 -577 261 -116]
[641 -138 287 -372 -268 279 -386 -225 -121 -58 40 -34 -308 76 -91 -152 97 -325 -71 66 134 -600 468 -241 -90 129 -218 595 166 150 397 23 292 172 -524]
[74 238 -495 298 -54 -68 306 -530 68 -70 -300 -276 -82 -223 392 -753 601 -82 -101 45 172 137 68 -456 140 84 -107 -158 -85 480 175 -43 496 244 309]
[52 -390 232 549 -9 397 -654 -285 408 -621 43 277 445 -52 -239 165 201 117 -66 -80 -588 304 -282 -221 179 80 186 -62 -343 -305 -374 85 428 -316 -149]
[-406 -64 -261 296 -475 441 122 -244 -69 -375 150 243 -84 319 -358 41 -58 184 241 241 416 -176 -115 350 -478 53 112 -305 -432 -24 491 100 293 -375 47]
[-204 -280 -190 366 -324 -373 146 357 -466 253 -223 306 78 84 -158 537 331 -626 764 412 312 627 307 -724 -370 -440 110 198 -54 -441 -280 146 -5 -691 14]
[-526 19 72 15 103 -158 -200 -77 28 390 497 -546 342 575 -24 117 168 -329 -392 -631 -131 -519 34 420 37 -78 63 -198 -100 112 -14 91 -246 22 -176]
[227 386 -4 202 756 240 -91 -302 -176 3 105 -491 -197 -353 258 802 131 326 36 -776 -132 -636 -15 -216 -184 -113 206 11 -110 -305 -581 602 60 -132 284]
[285 -694 -611 21 120 239 -566 -372 -178 -83 -39 333 91 386 -225 223 -441 -499 71 381 199 -313 127 300 -68 392 -422 -216 88 -575 535 41 208 -216 284]
[-675 -155 -319 70 17 553 -270 -533 -163 -288 -460 -389 -250 727 400 503 381 31 0 -204 -118 -91 -68 285 436 -191 -3 52 -179 150 336 51 367 -228 -134]
[105 -86 -11 99 529 -47 -324 61 -110 -280 649 106 244 32 -687 -43 175 86 -82 -261 -132 293 -218 -578 20 -563 435 87 -305 -101 -250 343 -104 63 194]]
[phase 1 initial]
[[-171 48 -44 323 404 -306 -130 64 -237 244 -35 -1 -48 -502 450 -192 242 -241 70 -590 43 -20 -99 -352 -158 -145 286 -324 -339 -312 -400 -170 -118 424 -206]
[-401 -206 45 -787 -164 -729 135 -220 85 725 -269 293 -34 285 -8 -301 -80 -37 -52 -144 16 261 -283 -120 -1 80 418 125 30 -100 98 -316 392 -57 171]
[326 286 -15 594 315 234 7 228 118 -367 -91 -224 245 -344 -330 -649 111 24 -454 283 -34 31 -302 -83 66 -189 -421 -251 -343 617 -381 -302 -391 263 -54]
[-270 22 51 745 -408 662 25 372 -180 -430 350 -211 -348 381 112 -230 -27 -703 -136 264 380 -114 -358 183 172 194 -132 -374 -145 42 -30 166 109 467 -175]
[-8 461 -193 -526 -244 -795 354 -121 139 327 -393 -298 -100 54 19 519 79 445 -223 -492 -364 -307 202 441 -207 286 11 705 734 -147 276 -205 252 167 193]
[55 -193 235 -90 -207 191 155 718 -462 270 -69 210 -141 565 -317 258 -24 66 -47 -54 -155 957 -77 -197 72 20 196 -331 -312 -112 217 -9 326 -512 174]
[-80 -101 338 -325 -46 40 200 -729 -14 35 381 -178 -120 266 -64 103 198 368 178 181 -207 -1005 -347 593 -145 48 -235 113 -108 44 315 -398 300 3 188]
[158 511 -181 152 332 624 -67 355 -303 -50 -182 -396 209 -415 27 -192 355 48 -826 -399 -118 420 28 -502 503 -63 221 -97 293 124 -537 106 -495 162 26]
[-394 473 12 -332 -140 -364 3 -170 -159 383 287 -400 -156 364 -294 41 -204 -364 241 -282 316 53 90 218 278 242 611 159 496 -174 -150 447 -547 85 295]
[-80 -699 576 -78 -337 578 -488 -117 132 -474 714 -224 199 1 -150 -34 199 50 -306 531 109 -556 -143 219 200 320 124 273 375 -237 460 -208 710 384 -3]
[-607 50 -647 -101 104 -590 -180 -614 201 685 -631 654 139 -39 277 266 76 220 -27 169 -183 -434 405 -29 82 -203 104 305 272 -327 21 209 -79 -666 -202]
[-21 378 313 -122 -198 -810 -145 69 123 -372 351 -321 -41 239 -172 134 -4 374 433 476 36 297 369 -223 -125 147 -273 428 703 -122 -20 230 49 -482 222]
[121 400 -153 127 8 422 12 -273 -95 590 51 12 -270 290 -11 -567 -176 -133 -465 153 -183 -1058 124 346 426 -339 -19 15 -15 -199 -2 -214 -424 342 219]
[450 973 -5 36 135 512 452 83 -579 148 -340 -748 -308 204 -253 -129 602 72 -217 177 -10 -144 68 -44 -245 135 -837 -431 321 265 -104 -355 56 -64 258]
[-124 988 -109 25 -414 -7 81 303 59 93 -143 -59 -32 226 -482 -531 -214 16 -275 317 313 -560 491 213 131 630 -214 -148 380 593 -136 96 -212 163 470]
[187 -245 -168 -230 135 213 73 173 96 -59 497 699 -1 -26 891 29 -667 259 202 -324 9 164 455 -465 -196 190 -433 -378 -332 -397 -33 -3 -519 -34 -54]
[-23 -236 487 -746 42 -360 25 393 -36 114 135 -62 153 162 -299 -419 501 512 -160 -328 -66 -47 -481 -576 524 -368 397 -77 -373 616 87 -47 -116 -453 596]
[711 425 -427 -79 -139 -370 -188 -187 360 188 -17 371 58 223 -78 -129 -721 422 -213 -38 -464 365 474 322 114 191 -31 -78 -425 621 -407 28 -879 -238 9]
[471 -498 -189 738 230 435 -149 -156 315 -694 279 355 251 251 -164 -288 -275 161 -77 492 170 -8 -217 -361 96 -190 -433 258 67 -227 397 365 108 -390 -446]
[-200 59 -54 49 -161 49 358 -270 -189 -357 105 -572 -939 330 680 416 586 -628 104 168 -176 -211 -56 105 -223 171 -291 -400 509 107 0 -28 -297 184 -445]
[384 470 -15 -433 -110 162 90 -138 -353 -182 -26 -288 -334 235 39 362 -311 85 31 -345 -220 164 447 150 -10 6 -296 -443 275 -724 -66 415 -778 -125 13]
[-343 -519 -174 -438 203 86 -565 -765 -103 -84 109 -152 400 -728 397 -50 318 344 422 -519 23 -409 -190 -130 374 5 262 -306 -250 -362 82 -191 657 -208 -326]
[244 818 -505 -330 779 -374 -12 -449 356 410 -325 -148 -14 -424 139 -476 -178 -221 179 -370 339 -63 238 -48 -79 -334 -80 271 -108 221 -326 -411 49 220 -380]
[-155 54 64 600 -455 -162 -44 124 291 -197 -210 396 2 267 -322 -599 229 -275 -528 -23 324 -115 182 -612 -378 39 -250 -516 -146 -11 135 -183 292 308 -249]
[280 -122 28 126 317 -60 -444 -411 193 -134 186 -123 34 -317 392 579 175 -243 850 -189 65 123 -23 -381 -199 -590 -298 -109 -1200 481 113 -169 -577 261 -116]
[641 -138 287 -372 -268 279 -386 -225 -121 -58 40 -34 -308 76 -91 -152 97 -325 -71 66 134 -600 468 -241 -90 129 -218 595 166 150 397 23 292 172 -524]
[74 238 -495 298 -54 -68 306 -530 68 -70 -300 -276 -82 -223 392 -753 601 -82 -101 45 172 137 68 -456 140 84 -107 -158 -85 480 175 -43 496 244 309]
[52 -390 232 549 -9 397 -654 -285 408 -621 43 277 445 -52 -239 165 201 117 -66 -80 -588 304 -282 -221 179 80 186 -62 -343 -305 -374 85 428 -316 -149]
[-406 -64 -261 296 -475 441 122 -244 -69 -375 150 243 -84 319 -358 41 -58 184 241 241 416 -176 -115 350 -478 53 112 -305 -432 -24 491 100 293 -375 47]
[-204 -280 -190 366 -324 -373 146 357 -466 253 -223 306 78 84 -158 537 331 -626 764 412 312 627 307 -724 -370 -440 110 198 -54 -441 -280 146 -5 -691 14]
[-526 19 72 15 103 -158 -200 -77 28 390 497 -546 342 575 -24 117 168 -329 -392 -631 -131 -519 34 420 37 -78 63 -198 -100 112 -14 91 -246 22 -176]
[227 386 -4 202 756 240 -91 -302 -176 3 105 -491 -197 -353 258 802 131 326 36 -776 -132 -636 -15 -216 -184 -113 206 11 -110 -305 -581 602 60 -132 284]
[285 -694 -611 21 120 239 -566 -372 -178 -83 -39 333 91 386 -225 223 -441 -499 71 381 199 -313 127 300 -68 392 -422 -216 88 -575 535 41 208 -216 284]
[-675 -155 -319 70 17 553 -270 -533 -163 -288 -460 -389 -250 727 400 503 381 31 0 -204 -118 -91 -68 285 436 -191 -3 52 -179 150 336 51 367 -228 -134]
[105 -86 -11 99 529 -47 -324 61 -110 -280 649 106 244 32 -687 -43 175 86 -82 -261 -132 293 -218 -578 20 -563 435 87 -305 -101 -250 343 -104 63 194]]
