[phase 0]
squared_norm=2501922
coefficients=[8 4 3 2 -5 2 -7 4 -2 5 -1 0 -2 -2 2 1 -1 2 1 -2 0 0 -1 1 1 1 1 1 0 1 0 -1 0 0 0]
vector=[-171 48 -44 323 404 -306 -130 64 -237 244 -35 -1 -48 -502 450 -192 242 -241 70 -590 43 -20 -99 -352 -158 -145 286 -324 -339 -312 -400 -170 -118 424 -206]

[phase 1]
squared_norm=2501922
coefficients=[1 0 0 0 0 0 0 0 0 0 0 0 0 0 0 0 0 0 0 0 0 0 0 0 0 0 0 0 0 0 0 0 0 0 0]
vector=[-171 48 -44 323 404 -306 -130 64 -237 244 -35 -1 -48 -502 450 -192 242 -241 70 -590 43 -20 -99 -352 -158 -145 286 -324 -339 -312 -400 -170 -118 424 -206]

