[phase 0]
score=1.461926351305206
squared_norm=2271414
coefficients=[0 0 0 0 0 0 0 0 0 0 0 0 0 0 0 0 0 0 0 0 0 -1 0 0 0 0 0 0 0 0 0 0]
vector=[-81 67 219 28 -20 113 97 -591 -324 349 -322 -168 -178 651 130 109 -121 -202 38 -294 -87 422 178 433 -4 -384 274 330 -13 207 -236 136]

[phase 1]
score=0.08792157251454503
squared_norm=2271414
coefficients=[0 0 0 0 0 0 -1 0 0 0 0 0 0 0 0 0 0 0 0 0 0 0 0 0 0 0 0 0 0 0 0 0]
vector=[-81 67 219 28 -20 113 97 -591 -324 349 -322 -168 -178 651 130 109 -121 -202 38 -294 -87 422 178 433 -4 -384 274 330 -13 207 -236 136]

