[phase 0 initial]
[[-171 -219 200 -120 -95 209 -34 297 365 -231 479 384 10 -133 250 50 -787 -213 -538 -160 229 61 -54 -10 -533 173 -368 -125 -656 558 -471 -412 -275 168 4]
[156 -303 105 -213 -204 70 28 -328 -206 -649 -216 -1015 -190 131 -68 -273 -187 -221 745 -308 -22 -116 -416 -18 -235 -219 -88 542 657 -212 214 187 162 256 39]
[-120 571 10 -563 -187 48 297 334 -452 209 107 522 -311 -62 -71 246 200 822 -269 -263 257 -102 158 -68 441 -469 186 -276 -381 -136 -704 -67 -17 19 -36]
[-32 -30 -699 -135 -13 -102 -29 -548 346 -498 -447 -608 -151 398 295 -306 -37 -274 -158 643 144 -103 -474 465 73 -162 92 231 1063 -102 425 -142 -5 239 28]
[206 676 271 -560 153 -33 189 -206 13 -297 -253 -339 -425 388 -148 -411 -320 -82 185 429 224 -265 -331 680 -291 -483 200 -190 237 -122 -816 322 -293 149 10]
[480 -250 29 -208 158 28 -22 -404 654 20 -300 -836 -113 -75 -141 124 -507 -27 239 -4 -369 329 -55 797 -159 148 -578 -61 644 362 215 679 -289 -94 -4]
[-396 596 364 -84 54 309 39 515 -157 691 871 450 322 -233 469 -135 -59 481 -134 84 976 -23 -251 -420 -214 55 120 -349 -764 139 -66 71 9 41 4]
[453 713 -468 -231 562 -585 145 -345 -174 -200 -213 35 10 347 -350 435 268 338 -164 -319 -571 115 216 359 641 -351 644 -320 393 191 211 -404 -210 -330 -72]
[261 619 -69 -489 250 36 -86 -109 249 649 701 68 -12 346 -195 465 -4 743 606 -518 -279 -48 -423 53 -367 -288 397 -560 -498 -108 -214 650 -197 -192 -40]
[-164 263 13 304 207 231 333 300 64 -215 545 -50 5 45 528 -200 -58 -379 1 -93 214 197 134 -327 -260 385 -108 1201 -76 518 395 -487 86 -115 -28]
[-69 -335 225 36 -391 -229 -144 44 -539 -28 57 219 407 32 -495 225 -535 702 -177 -978 -222 -170 -17 -309 -810 -170 172 45 -609 -22 -71 -731 -62 384 3]
[191 326 -138 149 -377 167 -470 4 -7 161 249 -463 -81 332 317 159 248 108 20 493 137 -138 -264 70 -1057 25 17 -7 -242 -176 586 -279 -262 208 10]
[-9 358 -138 -396 -5 278 295 -98 -245 -534 -567 -411 -423 142 99 32 266 -398 470 -339 -442 -432 181 821 -244 -545 -73 430 489 -414 143 -590 -91 -31 5]
[205 703 672 -441 812 -16 294 -130 184 517 342 -404 284 -851 -117 358 539 169 -21 -84 -173 3 27 163 2 84 152 -693 -588 -204 156 323 -75 -590 -27]
[505 -236 -313 589 43 -75 -78 -639 -178 353 -436 738 241 -171 -362 115 62 138 97 5 -391 395 171 142 374 118 -450 -23 183 -209 137 647 -50 382 -10]
[-310 -168 36 -234 57 -98 -292 34 -65 -549 -120 -333 -278 528 -195 -590 -81 70 514 -202 -566 -531 -318 -195 370 -108 145 860 -154 -741 -1043 175 -41 -209 0]
[-6 -423 56 285 227 -456 -108 -547 -268 270 -371 -394 113 -237 -8 -172 67 -32 -443 412 -751 -20 -61 29 277 66 124 229 509 -98 336 349 100 -998 99]
[-198 322 -350 -42 -249 -635 62 29 -754 -269 -480 -533 -415 541 303 217 477 -604 -200 42 51 126 -112 -340 834 -314 261 -78 758 598 116 -362 -79 -420 79]
[-546 -180 -236 -12 243 353 81 -233 422 131 -495 245 225 611 765 -331 468 -900 -404 445 -648 -414 163 11 200 230 -19 382 73 -328 -281 76 -322 -670 -14]
[-92 265 -400 -102 -177 -99 -282 250 123 -26 -236 480 -255 -258 1 374 509 263 541 -199 -334 246 -228 -69 -128 -169 -168 -352 -440 -50 -845 -15 -6 105 -19]
[165 210 50 -352 189 70 -41 -229 -88 -1328 152 197 147 -161 0 -503 -486 -223 -399 -455 25 -161 -794 -210 -183 -229 -13 -327 -39 -354 -953 -137 -65 -184 68]
[154 -139 134 475 -287 -161 -117 -160 -720 417 -643 -366 -397 -75 -617 -744 39 -358 244 -28 -40 371 -21 241 -555 94 -26 76 140 -564 159 583 106 -103 151]
[180 -557 -269 179 -10 285 -147 134 -39 287 101 -878 -248 1215 10 -530 489 124 752 67 547 -88 -161 -510 -134 321 254 503 296 -290 651 95 -141 302 23]
[93 434 -132 545 -111 -109 -291 -537 -242 -174 -221 -509 433 17 -34 -275 179 -237 527 -78 -447 -107 57 -200 -205 -131 -171 -88 109 -340 454 563 -145 -534 309]
[-122 -482 -782 -132 288 65 -267 -543 442 589 5 221 -296 -682 321 546 -97 -27 -520 241 -136 161 -547 -166 577 38 -62 -178 220 -358 125 415 -66 -75 -214]
[-210 -111 720 274 -155 205 821 229 138 -303 643 342 -391 -104 -163 -274 -188 -202 -122 -193 210 -184 -203 -40 -380 -38 -444 355 -144 -305 -555 -355 140 203 258]
[292 -148 301 -163 392 231 203 159 -360 287 159 -503 85 -397 262 -45 -137 525 276 -121 -96 -243 160 239 491 -110 -17 -234 665 109 376 29 -187 72 -458]
[106 491 -51 209 12 -33 -289 -51 -272 141 500 373 245 3 266 479 58 -379 -226 -230 -121 97 -279 -137 -212 -172 -134 -452 -426 194 -527 75 172 117 -543]
[-685 225 -411 -721 600 102 650 -200 -116 105 306 -193 82 131 6 -177 406 305 -238 -659 581 140 -632 70 260 -116 -45 467 15 88 529 -394 285 141 -487]
[-102 131 -429 -30 -109 485 127 203 291 -353 94 756 -451 93 79 247 33 -208 -276 64 -409 -236 386 -30 386 117 -199 -454 64 364 -265 -63 105 392 248]
[-354 375 -27 -257 612 396 52 46 405 311 847 636 143 -51 -159 -57 -15 -113 -175 118 307 -12 64 -75 328 94 547 -241 -156 268 -279 -464 60 373 -470]
[-290 403 -448 -142 -86 -140 -272 110 342 226 251 578 144 -91 58 -659 -141 280 -377 465 428 169 -251 7 -195 37 -703 -440 -84 227 -216 455 -304 575 112]
[-163 -88 150 -73 -838 -225 314 219 -258 -381 114 -108 -232 -219 59 238 -9 -204 738 -128 -5 256 134 -675 80 -136 -25 262 -655 270 -113 -399 680 -97 52]
[563 263 -176 72 -75 104 -112 355 276 -27 41 -275 116 148 216 596 167 -902 451 -643 -383 116 -359 -259 -334 -173 493 122 -284 240 473 277 -171 -124 -19]
[22 124 329 -56 -18 -321 -303 253 143 -156 -32 -232 152 -421 44 -257 134 488 747 -456 -187 315 520 476 532 568 171 342 449 430 750 -313 278 -106 -443]]
[phase 0 refreshed]
[[438 -71 45 -40 302 -611 126 327 -42 145 -75 -164 67 210 383 386 -155 347 -381 -12 288 313 -314 282 -137 210 202 -64 57 538 674 -365 -99 -147 129]
[-261 809 -159 288 501 287 -239 -491 163 137 626 127 576 -34 -193 -332 164 -350 352 40 -140 -119 121 -275 123 -37 376 -329 -47 -72 175 99 -85 -161 -161]
[93 434 -132 545 -111 -109 -291 -537 -242 -174 -221 -509 433 17 -34 -275 179 -237 527 -78 -447 -107 57 -200 -205 -131 -171 -88 109 -340 454 563 -145 -534 309]
[18 185 101 -73 291 -11 504 -282 -336 528 83 351 -74 30 -81 776 278 145 153 106 295 38 -512 54 278 -39 611 -431 -215 217 457 -237 -174 483 -523]
[-78 215 68 425 -206 100 -325 -240 123 -405 258 -125 443 -116 216 -225 -608 -450 -11 -238 -218 -46 3 -210 -738 42 -539 -213 -547 218 -17 151 -420 -366 313]
[-198 72 78 -470 408 466 80 -282 199 -338 631 -379 -47 80 -227 -330 -202 -334 570 -190 285 -128 -352 -93 93 -125 459 301 501 56 -65 -277 222 629 -431]
[-27 1005 -122 -18 -298 -61 6 -203 -694 35 -114 13 122 -45 -105 -29 379 585 258 -341 -190 -209 215 -268 236 -600 15 -364 -272 -476 -250 496 -162 -515 273]
[-120 341 -205 -250 -282 47 37 -99 -171 481 -106 -95 -77 -482 149 -207 505 526 -137 186 93 -68 773 33 186 -355 -496 475 -112 -530 38 231 268 269 457]
[156 -565 313 311 -165 -235 15 375 -233 576 -341 -583 47 -4 483 -99 364 222 321 467 630 137 -476 -67 -245 388 -74 381 320 -211 934 451 386 15 197]
[-431 372 654 -154 86 331 -85 -271 -296 298 793 -198 262 66 -63 -51 356 388 1089 -465 324 274 -265 -226 146 -398 210 -53 -13 -130 336 -304 145 144 192]
[-796 -93 -36 -324 -526 483 -29 -327 135 167 11 246 -342 157 110 -138 497 338 215 458 342 93 -130 250 468 -514 -188 29 383 -486 -302 -367 162 435 213]
[680 149 -82 -224 479 -167 258 216 -621 -11 170 260 241 361 339 -95 162 -64 175 -156 -142 -524 -438 337 -189 -75 489 -383 75 2 504 366 260 -285 -160]
[-38 243 -76 -191 -112 68 92 -510 -383 -62 612 -222 326 -155 34 -149 223 -411 128 160 -403 -853 39 -611 -242 -265 266 -546 -764 -147 94 748 165 -144 -41]
[-618 -52 225 48 -363 793 122 575 135 315 -138 569 -243 -336 517 -130 185 -515 -111 288 151 -431 381 480 -650 25 -629 208 -561 -393 -282 -373 -43 43 38]
[613 -64 674 372 -266 53 -83 393 -594 -11 -571 -526 -275 66 -394 527 264 121 217 75 -162 247 17 258 -134 336 0 -365 224 232 319 6 -359 -351 -479]
[191 326 -138 149 -377 167 -470 4 -7 161 249 -463 -81 332 317 159 248 108 20 493 137 -138 -264 70 -1057 25 17 -7 -242 -176 586 -279 -262 208 10]
[29 -116 -64 2 557 -318 -144 -278 -20 809 290 11 -463 -49 -78 786 -293 -503 295 -38 -333 -7 33 -139 -13 -130 639 162 -436 287 280 -225 -306 188 -289]
[-183 -165 64 112 -385 -58 -203 944 143 528 -22 69 -307 551 -139 180 -97 374 114 -100 -156 89 691 55 160 154 84 7 -15 531 -246 76 -46 -549 -38]
[-99 -857 188 -260 338 -347 183 -10 -26 444 -150 115 -320 -254 26 103 -112 205 -970 490 -304 87 -118 229 482 197 295 317 400 242 -118 -214 245 -464 -210]
[-172 -315 -497 -51 59 343 -102 64 118 576 271 323 -107 177 452 -37 307 423 38 551 -245 -699 -231 39 164 -193 374 -375 300 -581 13 4 -61 246 -437]
[299 557 -447 -401 -316 -45 54 302 -55 -295 3 -666 112 132 -53 -530 550 -102 -118 -357 -242 -180 434 -379 99 77 -506 74 416 97 -462 980 397 -304 170]
[-450 -279 66 1 -55 -668 470 -152 151 -8 -427 137 -166 467 54 214 387 -80 -173 128 -271 128 -71 -183 811 -212 30 -389 293 330 -739 -505 -283 221 162]
[12 137 499 532 -238 197 -171 -288 -238 417 377 381 125 -276 -17 -58 146 -52 -24 -1 -716 963 427 -381 179 350 -229 195 -89 231 -274 145 -246 231 -323]
[-461 133 -673 -168 -386 324 -377 74 149 243 279 296 -401 -417 -51 -301 -73 -588 -741 448 -307 -147 733 169 469 305 301 189 -375 -148 -209 -153 237 -77 221]
[-579 -79 40 93 -133 -134 -191 91 -219 1114 74 82 192 102 -324 297 126 54 -356 -35 131 213 134 -258 320 155 214 -432 243 669 27 -249 -47 149 -363]
[-41 -361 266 -189 -25 -200 285 -267 -185 367 -252 231 -356 -310 -365 302 527 -180 229 -246 -478 19 -22 -591 254 93 -60 -297 -648 -251 -109 425 -358 -386 621]
[256 -692 -169 40 -10 392 -9 37 247 -34 -125 160 -91 38 459 -168 -350 157 -498 239 453 169 152 326 355 144 25 818 672 -276 -199 -205 577 138 124]
[158 93 -60 384 707 -295 -16 53 25 -280 -360 177 286 53 -315 -29 -464 -134 -884 -602 244 124 123 -326 -6 428 119 -252 -554 94 -156 -124 233 -60 320]
[81 -633 -492 23 -59 125 -260 405 -75 497 -359 484 285 124 425 -296 -219 339 77 -159 11 -39 -98 263 -168 269 155 -110 429 369 -3 -27 192 -376 438]
[54 -360 374 -619 187 160 -813 288 135 -103 375 -76 108 115 78 -104 446 -319 182 246 -270 66 504 113 240 -19 -128 -35 -403 -187 128 264 431 116 -421]
[-165 -546 -61 115 37 -623 477 617 109 166 -252 -427 -84 -187 -242 -373 -127 320 -653 -454 -136 -55 -6 -277 -615 444 459 -96 -446 -253 6 -371 61 -170 13]
[171 187 370 129 -624 45 415 -619 -49 21 -95 176 -28 -301 -188 242 -291 300 372 -305 36 541 -125 -186 -33 -229 -471 356 -492 -766 61 84 247 -183 412]
[-567 -2 48 23 -142 69 -317 -182 369 84 -568 -514 -428 -325 -344 21 5 -689 -159 410 -29 -225 -299 -259 -457 270 181 -75 72 -307 44 400 410 -59 555]
[124 60 -25 -64 266 455 -131 -387 277 -200 41 -312 125 -570 -42 -1 31 -1204 271 297 -594 -393 402 66 557 -588 780 40 12 -177 489 192 -3 -125 -181]
[325 -491 249 268 120 -65 308 766 -472 -146 -203 -476 66 529 71 389 15 -7 742 -506 -605 432 -166 241 -47 -455 -90 -185 628 -61 532 226 145 111 -392]]
[phase 1 initial]
[[438 -71 45 -40 302 -611 126 327 -42 145 -75 -164 67 210 383 386 -155 347 -381 -12 288 313 -314 282 -137 210 202 -64 57 538 674 -365 -99 -147 129]
[-261 809 -159 288 501 287 -239 -491 163 137 626 127 576 -34 -193 -332 164 -350 352 40 -140 -119 121 -275 123 -37 376 -329 -47 -72 175 99 -85 -161 -161]
[93 434 -132 545 -111 -109 -291 -537 -242 -174 -221 -509 433 17 -34 -275 179 -237 527 -78 -447 -107 57 -200 -205 -131 -171 -88 109 -340 454 563 -145 -534 309]
[18 185 101 -73 291 -11 504 -282 -336 528 83 351 -74 30 -81 776 278 145 153 106 295 38 -512 54 278 -39 611 -431 -215 217 457 -237 -174 483 -523]
[-78 215 68 425 -206 100 -325 -240 123 -405 258 -125 443 -116 216 -225 -608 -450 -11 -238 -218 -46 3 -210 -738 42 -539 -213 -547 218 -17 151 -420 -366 313]
[-198 72 78 -470 408 466 80 -282 199 -338 631 -379 -47 80 -227 -330 -202 -334 570 -190 285 -128 -352 -93 93 -125 459 301 501 56 -65 -277 222 629 -431]
[-27 1005 -122 -18 -298 -61 6 -203 -694 35 -114 13 122 -45 -105 -29 379 585 258 -341 -190 -209 215 -268 236 -600 15 -364 -272 -476 -250 496 -162 -515 273]
[-120 341 -205 -250 -282 47 37 -99 -171 481 -106 -95 -77 -482 149 -207 505 526 -137 186 93 -68 773 33 186 -355 -496 475 -112 -530 38 231 268 269 457]
[156 -565 313 311 -165 -235 15 375 -233 576 -341 -583 47 -4 483 -99 364 222 321 467 630 137 -476 -67 -245 388 -74 381 320 -211 934 451 386 15 197]
[-431 372 654 -154 86 331 -85 -271 -296 298 793 -198 262 66 -63 -51 356 388 1089 -465 324 274 -265 -226 146 -398 210 -53 -13 -130 336 -304 145 144 192]
[-796 -93 -36 -324 -526 483 -29 -327 135 167 11 246 -342 157 110 -138 497 338 215 458 342 93 -130 250 468 -514 -188 29 383 -486 -302 -367 162 435 213]
[680 149 -82 -224 479 -167 258 216 -621 -11 170 260 241 361 339 -95 162 -64 175 -156 -142 -524 -438 337 -189 -75 489 -383 75 2 504 366 260 -285 -160]
[-38 243 -76 -191 -112 68 92 -510 -383 -62 612 -222 326 -155 34 -149 223 -411 128 160 -403 -853 39 -611 -242 -265 266 -546 -764 -147 94 748 165 -144 -41]
[-618 -52 225 48 -363 793 122 575 135 315 -138 569 -243 -336 517 -130 185 -515 -111 288 151 -431 381 480 -650 25 -629 208 -561 -393 -282 -373 -43 43 38]
[613 -64 674 372 -266 53 -83 393 -594 -11 -571 -526 -275 66 -394 527 264 121 217 75 -162 247 17 258 -134 336 0 -365 224 232 319 6 -359 -351 -479]
[191 326 -138 149 -377 167 -470 4 -7 161 249 -463 -81 332 317 159 248 108 20 493 137 -138 -264 70 -1057 25 17 -7 -242 -176 586 -279 -262 208 10]
[29 -116 -64 2 557 -318 -144 -278 -20 809 290 11 -463 -49 -78 786 -293 -503 295 -38 -333 -7 33 -139 -13 -130 639 162 -436 287 280 -225 -306 188 -289]
[-183 -165 64 112 -385 -58 -203 944 143 528 -22 69 -307 551 -139 180 -97 374 114 -100 -156 89 691 55 160 154 84 7 -15 531 -246 76 -46 -549 -38]
[-99 -857 188 -260 338 -347 183 -10 -26 444 -150 115 -320 -254 26 103 -112 205 -970 490 -304 87 -118 229 482 197 295 317 400 242 -118 -214 245 -464 -210]
[-172 -315 -497 -51 59 343 -102 64 118 576 271 323 -107 177 452 -37 307 423 38 551 -245 -699 -231 39 164 -193 374 -375 300 -581 13 4 -61 246 -437]
[299 557 -447 -401 -316 -45 54 302 -55 -295 3 -666 112 132 -53 -530 550 -102 -118 -357 -242 -180 434 -379 99 77 -506 74 416 97 -462 980 397 -304 170]
[-450 -279 66 1 -55 -668 470 -152 151 -8 -427 137 -166 467 54 214 387 -80 -173 128 -271 128 -71 -183 811 -212 30 -389 293 330 -739 -505 -283 221 162]
[12 137 499 532 -238 197 -171 -288 -238 417 377 381 125 -276 -17 -58 146 -52 -24 -1 -716 963 427 -381 179 350 -229 195 -89 231 -274 145 -246 231 -323]
[-461 133 -673 -168 -386 324 -377 74 149 243 279 296 -401 -417 -51 -301 -73 -588 -741 448 -307 -147 733 169 469 305 301 189 -375 -148 -209 -153 237 -77 221]
[-579 -79 40 93 -133 -134 -191 91 -219 1114 74 82 192 102 -324 297 126 54 -356 -35 131 213 134 -258 320 155 214 -432 243 669 27 -249 -47 149 -363]
[-41 -361 266 -189 -25 -200 285 -267 -185 367 -252 231 -356 -310 -365 302 527 -180 229 -246 -478 19 -22 -591 254 93 -60 -297 -648 -251 -109 425 -358 -386 621]
[256 -692 -169 40 -10 392 -9 37 247 -34 -125 160 -91 38 459 -168 -350 157 -498 239 453 169 152 326 355 144 25 818 672 -276 -199 -205 577 138 124]
[158 93 -60 384 707 -295 -16 53 25 -280 -360 177 286 53 -315 -29 -464 -134 -884 -602 244 124 123 -326 -6 428 119 -252 -554 94 -156 -124 233 -60 320]
[81 -633 -492 23 -59 125 -260 405 -75 497 -359 484 285 124 425 -296 -219 339 77 -159 11 -39 -98 263 -168 269 155 -110 429 369 -3 -27 192 -376 438]
[54 -360 374 -619 187 160 -813 288 135 -103 375 -76 108 115 78 -104 446 -319 182 246 -270 66 504 113 240 -19 -128 -35 -403 -187 128 264 431 116 -421]
[-165 -546 -61 115 37 -623 477 617 109 166 -252 -427 -84 -187 -242 -373 -127 320 -653 -454 -136 -55 -6 -277 -615 444 459 -96 -446 -253 6 -371 61 -170 13]
[171 187 370 129 -624 45 415 -619 -49 21 -95 176 -28 -301 -188 242 -291 300 372 -305 36 541 -125 -186 -33 -229 -471 356 -492 -766 61 84 247 -183 412]
[-567 -2 48 23 -142 69 -317 -182 369 84 -568 -514 -428 -325 -344 21 5 -689 -159 410 -29 -225 -299 -259 -457 270 181 -75 72 -307 44 400 410 -59 555]
[124 60 -25 -64 266 455 -131 -387 277 -200 41 -312 125 -570 -42 -1 31 -1204 271 297 -594 -393 402 66 557 -588 780 40 12 -177 489 192 -3 -125 -181]
[325 -491 249 268 120 -65 308 766 -472 -146 -203 -476 66 529 71 389 15 -7 742 -506 -605 432 -166 241 -47 -455 -90 -185 628 -61 532 226 145 111 -392]]
[phase 1 refreshed]
[[-373 -96 149 -17 507 106 -545 -168 26 -338 -38 374 21 562 -580 -125 -390 104 -41 300 -93 -488 -173 -101 59 -24 335 262 -77 122 -19 42 319 -32 -73]
[438 -71 45 -40 302 -611 126 327 -42 145 -75 -164 67 210 383 386 -155 347 -381 -12 288 313 -314 282 -137 210 202 -64 57 538 674 -365 -99 -147 129]
[-261 809 -159 288 501 287 -239 -491 163 137 626 127 576 -34 -193 -332 164 -350 352 40 -140 -119 121 -275 123 -37 376 -329 -47 -72 175 99 -85 -161 -161]
[93 434 -132 545 -111 -109 -291 -537 -242 -174 -221 -509 433 17 -34 -275 179 -237 527 -78 -447 -107 57 -200 -205 -131 -171 -88 109 -340 454 563 -145 -534 309]
[18 185 101 -73 291 -11 504 -282 -336 528 83 351 -74 30 -81 776 278 145 153 106 295 38 -512 54 278 -39 611 -431 -215 217 457 -237 -174 483 -523]
[-78 215 68 425 -206 100 -325 -240 123 -405 258 -125 443 -116 216 -225 -608 -450 -11 -238 -218 -46 3 -210 -738 42 -539 -213 -547 218 -17 151 -420 -366 313]
[-120 341 -205 -250 -282 47 37 -99 -171 481 -106 -95 -77 -482 149 -207 505 526 -137 186 93 -68 773 33 186 -355 -496 475 -112 -530 38 231 268 269 457]
[-27 1005 -122 -18 -298 -61 6 -203 -694 35 -114 13 122 -45 -105 -29 379 585 258 -341 -190 -209 215 -268 236 -600 15 -364 -272 -476 -250 496 -162 -515 273]
[-123 289 268 359 140 64 -468 599 -15 -87 415 -190 463 352 151 -754 -55 23 388 -48 359 -54 -458 -497 -145 276 373 -268 219 -106 -90 489 190 -879 66]
[-53 -441 612 214 -125 -271 -381 632 -111 32 -73 50 17 554 -120 -65 383 501 514 -329 -131 478 -177 -10 327 79 175 -185 360 -91 -77 -172 249 -871 376]
[680 149 -82 -224 479 -167 258 216 -621 -11 170 260 241 361 339 -95 162 -64 175 -156 -142 -524 -438 337 -189 -75 489 -383 75 2 504 366 260 -285 -160]
[-38 243 -76 -191 -112 68 92 -510 -383 -62 612 -222 326 -155 34 -149 223 -411 128 160 -403 -853 39 -611 -242 -265 266 -546 -764 -147 94 748 165 -144 -41]
[-262 -59 501 -157 458 -24 -158 66 -166 496 324 227 246 755 -445 429 617 284 255 115 189 -19 -379 -291 253 341 176 -85 -118 726 627 262 627 177 -76]
[-796 -93 -36 -324 -526 483 -29 -327 135 167 11 246 -342 157 110 -138 497 338 215 458 342 93 -130 250 468 -514 -188 29 383 -486 -302 -367 162 435 213]
[613 -64 674 372 -266 53 -83 393 -594 -11 -571 -526 -275 66 -394 527 264 121 217 75 -162 247 17 258 -134 336 0 -365 224 232 319 6 -359 -351 -479]
[-618 -52 225 48 -363 793 122 575 135 315 -138 569 -243 -336 517 -130 185 -515 -111 288 151 -431 381 480 -650 25 -629 208 -561 -393 -282 -373 -43 43 38]
[-198 72 78 -470 408 466 80 -282 199 -338 631 -379 -47 80 -227 -330 -202 -334 570 -190 285 -128 -352 -93 93 -125 459 301 501 56 -65 -277 222 629 -431]
[203 31 -514 -469 186 -152 -108 532 453 451 816 244 212 554 568 226 517 583 -521 -219 -600 -92 237 144 188 33 -120 -736 211 555 -58 -355 -64 -190 15]
[6 -176 -477 -4 -152 -93 -397 -356 398 -21 396 221 23 101 -53 73 80 -220 95 -309 -821 -259 444 -233 -782 -204 -195 476 -765 -445 -92 -214 93 279 457]
[-359 226 -167 204 196 200 -163 -86 178 609 551 443 180 220 -292 -18 343 -190 -57 -398 -521 164 -444 -653 -149 365 182 134 0 49 -633 335 91 -477 -338]
[-134 -488 -41 164 -687 354 537 109 371 -90 311 314 170 -67 -22 -22 303 -130 65 189 -560 -78 751 408 315 5 309 -929 -74 7 -164 -508 -240 -213 -361]
[-130 276 -548 -102 -260 213 178 312 254 496 51 19 -324 -3 -19 245 -480 -127 -400 229 -25 -389 868 65 -167 75 -91 192 -375 622 -169 248 -295 322 -414]
[-187 376 70 -157 630 -80 333 -39 -288 -76 -141 639 170 651 456 -33 289 -317 -7 621 44 -189 -49 327 458 80 466 125 75 503 841 32 429 665 -226]
[-450 -279 66 1 -55 -668 470 -152 151 -8 -427 137 -166 467 54 214 387 -80 -173 128 -271 128 -71 -183 811 -212 30 -389 293 330 -739 -505 -283 221 162]
[-362 493 -457 -166 -158 18 -75 -229 -310 694 382 -621 -28 31 -106 -189 131 -198 19 -219 466 -244 -578 -312 147 170 -50 43 206 232 -73 183 24 149 390]
[-86 -420 -318 568 -347 420 132 393 150 388 -195 20 101 412 263 -589 443 -759 311 -425 -164 59 575 203 70 276 -219 -521 290 -383 -151 341 406 -299 315]
[-613 56 438 -36 -55 461 -324 -301 242 158 475 104 539 -447 -80 -276 -310 -6 47 -58 -175 215 1136 -216 -286 -453 -312 88 -121 181 56 -327 -1 532 -414]
[256 -692 -169 40 -10 392 -9 37 247 -34 -125 160 -91 38 459 -168 -350 157 -498 239 453 169 152 326 355 144 25 818 672 -276 -199 -205 577 138 124]
[-166 -91 220 143 73 122 468 -471 59 -18 -159 -147 124 -89 -131 72 -388 74 368 98 198 -105 -230 -19 -248 175 206 -192 -336 241 967 -161 -766 0 333]
[-308 6 -222 -591 -387 -228 301 -400 181 480 -173 124 25 195 -254 319 751 116 -623 207 79 387 19 383 375 -256 -284 -192 -29 95 -661 -231 -166 93 -427]
[171 187 370 129 -624 45 415 -619 -49 21 -95 176 -28 -301 -188 242 -291 300 372 -305 36 541 -125 -186 -33 -229 -471 356 -492 -766 61 84 247 -183 412]
[-236 -741 -267 38 222 -325 -142 -157 -359 568 -675 -59 -284 235 309 220 283 160 210 -100 -459 25 -410 403 -163 -81 -67 15 13 162 233 121 701 -195 428]
[-6 137 882 -278 -3 186 -203 -538 -197 -328 52 -542 539 -688 425 -3 53 -396 462 627 -205 -398 83 -143 -12 -241 282 45 -203 -461 339 421 221 222 -118]
[3 -38 428 141 -169 -104 212 836 332 466 -226 166 289 87 -294 286 -153 65 -187 -148 892 -25 1 -98 -259 -116 260 433 -671 537 71 -145 85 -36 462]
[547 532 25 114 -91 544 471 657 -518 424 623 223 170 -63 -100 349 -33 -171 -215 109 307 400 -499 97 -314 295 303 -59 -64 247 220 -46 -486 -198 -83]]
[phase 2 initial]
[[-373 -96 149 -17 507 106 -545 -168 26 -338 -38 374 21 562 -580 -125 -390 104 -41 300 -93 -488 -173 -101 59 -24 335 262 -77 122 -19 42 319 -32 -73]
[438 -71 45 -40 302 -611 126 327 -42 145 -75 -164 67 210 383 386 -155 347 -381 -12 288 313 -314 282 -137 210 202 -64 57 538 674 -365 -99 -147 129]
[-261 809 -159 288 501 287 -239 -491 163 137 626 127 576 -34 -193 -332 164 -350 352 40 -140 -119 121 -275 123 -37 376 -329 -47 -72 175 99 -85 -161 -161]
[93 434 -132 545 -111 -109 -291 -537 -242 -174 -221 -509 433 17 -34 -275 179 -237 527 -78 -447 -107 57 -200 -205 -131 -171 -88 109 -340 454 563 -145 -534 309]
[18 185 101 -73 291 -11 504 -282 -336 528 83 351 -74 30 -81 776 278 145 153 106 295 38 -512 54 278 -39 611 -431 -215 217 457 -237 -174 483 -523]
[-78 215 68 425 -206 100 -325 -240 123 -405 258 -125 443 -116 216 -225 -608 -450 -11 -238 -218 -46 3 -210 -738 42 -539 -213 -547 218 -17 151 -420 -366 313]
[-120 341 -205 -250 -282 47 37 -99 -171 481 -106 -95 -77 -482 149 -207 505 526 -137 186 93 -68 773 33 186 -355 -496 475 -112 -530 38 231 268 269 457]
[-27 1005 -122 -18 -298 -61 6 -203 -694 35 -114 13 122 -45 -105 -29 379 585 258 -341 -190 -209 215 -268 236 -600 15 -364 -272 -476 -250 496 -162 -515 273]
[-123 289 268 359 140 64 -468 599 -15 -87 415 -190 463 352 151 -754 -55 23 388 -48 359 -54 -458 -497 -145 276 373 -268 219 -106 -90 489 190 -879 66]
[-53 -441 612 214 -125 -271 -381 632 -111 32 -73 50 17 554 -120 -65 383 501 514 -329 -131 478 -177 -10 327 79 175 -185 360 -91 -77 -172 249 -871 376]
[680 149 -82 -224 479 -167 258 216 -621 -11 170 260 241 361 339 -95 162 -64 175 -156 -142 -524 -438 337 -189 -75 489 -383 75 2 504 366 260 -285 -160]
[-38 243 -76 -191 -112 68 92 -510 -383 -62 612 -222 326 -155 34 -149 223 -411 128 160 -403 -853 39 -611 -242 -265 266 -546 -764 -147 94 748 165 -144 -41]
[-262 -59 501 -157 458 -24 -158 66 -166 496 324 227 246 755 -445 429 617 284 255 115 189 -19 -379 -291 253 341 176 -85 -118 726 627 262 627 177 -76]
[-796 -93 -36 -324 -526 483 -29 -327 135 167 11 246 -342 157 110 -138 497 338 215 458 342 93 -130 250 468 -514 -188 29 383 -486 -302 -367 162 435 213]
[613 -64 674 372 -266 53 -83 393 -594 -11 -571 -526 -275 66 -394 527 264 121 217 75 -162 247 17 258 -134 336 0 -365 224 232 319 6 -359 -351 -479]
[-618 -52 225 48 -363 793 122 575 135 315 -138 569 -243 -336 517 -130 185 -515 -111 288 151 -431 381 480 -650 25 -629 208 -561 -393 -282 -373 -43 43 38]
[-198 72 78 -470 408 466 80 -282 199 -338 631 -379 -47 80 -227 -330 -202 -334 570 -190 285 -128 -352 -93 93 -125 459 301 501 56 -65 -277 222 629 -431]
[203 31 -514 -469 186 -152 -108 532 453 451 816 244 212 554 568 226 517 583 -521 -219 -600 -92 237 144 188 33 -120 -736 211 555 -58 -355 -64 -190 15]
[6 -176 -477 -4 -152 -93 -397 -356 398 -21 396 221 23 101 -53 73 80 -220 95 -309 -821 -259 444 -233 -782 -204 -195 476 -765 -445 -92 -214 93 279 457]
[-359 226 -167 204 196 200 -163 -86 178 609 551 443 180 220 -292 -18 343 -190 -57 -398 -521 164 -444 -653 -149 365 182 134 0 49 -633 335 91 -477 -338]
[-134 -488 -41 164 -687 354 537 109 371 -90 311 314 170 -67 -22 -22 303 -130 65 189 -560 -78 751 408 315 5 309 -929 -74 7 -164 -508 -240 -213 -361]
[-130 276 -548 -102 -260 213 178 312 254 496 51 19 -324 -3 -19 245 -480 -127 -400 229 -25 -389 868 65 -167 75 -91 192 -375 622 -169 248 -295 322 -414]
[-187 376 70 -157 630 -80 333 -39 -288 -76 -141 639 170 651 456 -33 289 -317 -7 621 44 -189 -49 327 458 80 466 125 75 503 841 32 429 665 -226]
[-450 -279 66 1 -55 -668 470 -152 151 -8 -427 137 -166 467 54 214 387 -80 -173 128 -271 128 -71 -183 811 -212 30 -389 293 330 -739 -505 -283 221 162]
[-362 493 -457 -166 -158 18 -75 -229 -310 694 382 -621 -28 31 -106 -189 131 -198 19 -219 466 -244 -578 -312 147 170 -50 43 206 232 -73 183 24 149 390]
[-86 -420 -318 568 -347 420 132 393 150 388 -195 20 101 412 263 -589 443 -759 311 -425 -164 59 575 203 70 276 -219 -521 290 -383 -151 341 406 -299 315]
[-613 56 438 -36 -55 461 -324 -301 242 158 475 104 539 -447 -80 -276 -310 -6 47 -58 -175 215 1136 -216 -286 -453 -312 88 -121 181 56 -327 -1 532 -414]
[256 -692 -169 40 -10 392 -9 37 247 -34 -125 160 -91 38 459 -168 -350 157 -498 239 453 169 152 326 355 144 25 818 672 -276 -199 -205 577 138 124]
[-166 -91 220 143 73 122 468 -471 59 -18 -159 -147 124 -89 -131 72 -388 74 368 98 198 -105 -230 -19 -248 175 206 -192 -336 241 967 -161 -766 0 333]
[-308 6 -222 -591 -387 -228 301 -400 181 480 -173 124 25 195 -254 319 751 116 -623 207 79 387 19 383 375 -256 -284 -192 -29 95 -661 -231 -166 93 -427]
[171 187 370 129 -624 45 415 -619 -49 21 -95 176 -28 -301 -188 242 -291 300 372 -305 36 541 -125 -186 -33 -229 -471 356 -492 -766 61 84 247 -183 412]
[-236 -741 -267 38 222 -325 -142 -157 -359 568 -675 -59 -284 235 309 220 283 160 210 -100 -459 25 -410 403 -163 -81 -67 15 13 162 233 121 701 -195 428]
[-6 137 882 -278 -3 186 -203 -538 -197 -328 52 -542 539 -688 425 -3 53 -396 462 627 -205 -398 83 -143 -12 -241 282 45 -203 -461 339 421 221 222 -118]
[3 -38 428 141 -169 -104 212 836 332 466 -226 166 289 87 -294 286 -153 65 -187 -148 892 -25 1 -98 -259 -116 260 433 -671 537 71 -145 85 -36 462]
[547 532 25 114 -91 544 471 657 -518 424 623 223 170 -63 -100 349 -33 -171 -215 109 307 400 -499 97 -314 295 303 -59 -64 247 220 -46 -486 -198 -83]]
