[phase 0]
score=0.9914647198871641
squared_norm=3459467
coefficients=[0 5 0 -3 -1 2 4 5 -3 -2 -1 1 0 -2 -1 0 2 -2 1 1 -1 0 0 -1 0 1 -1 0 0 0 1 1 0 1 -1]
vector=[84 -639 9 -229 253 295 11 282 421 396 295 6 -10 432 -472 -94 -353 -165 -265 52 -269 341 -487 -42 -334 -719 106 471 345 169 2 98 -181 226 408]

[phase 1]
score=2.106903666609307
squared_norm=2546417
coefficients=[-1 -1 1 0 -1 1 0 0 0 0 -1 0 0 0 -1 1 -1 1 1 0 -1 0 0 0 0 0 -1 1 0 0 -1 0 0 0 0]
vector=[-373 -96 149 -17 507 106 -545 -168 26 -338 -38 374 21 562 -580 -125 -390 104 -41 300 -93 -488 -173 -101 59 -24 335 262 -77 122 -19 42 319 -32 -73]

[phase 2]
score=0
squared_norm=2546417
coefficients=[1 0 0 0 0 0 0 0 0 0 0 0 0 0 0 0 0 0 0 0 0 0 0 0 0 0 0 0 0 0 0 0 0 0 0]
vector=[-373 -96 149 -17 507 106 -545 -168 26 -338 -38 374 21 562 -580 -125 -390 104 -41 300 -93 -488 -173 -101 59 -24 335 262 -77 122 -19 42 319 -32 -73]

