[phase 0 initial]
[[-86 359 -84 44 131 -369 74 -407 -375 90 -181 297 123 443 -146 -94 -69 -135 670 678 337 296 33 188 -90 -269 -416 -348 -401 -147 -81 -219 -231 -216 -81 409 444 -375 -453 -1]
[34 -791 505 -13 -27 189 463 314 -233 -162 -388 26 40 -796 -199 -315 338 302 -489 -472 -30 246 141 -126 326 197 -28 112 -179 30 78 -270 608 248 309 -68 177 490 -41 12]
[-97 -35 612 51 -250 -21 802 -41 -254 -2 -151 251 -140 -426 -1 329 35 -73 -20 -624 169 -543 -471 -272 237 5 -11 524 13 -371 46 -278 517 246 199 93 474 141 51 13]
[-89 -570 -144 -74 40 181 392 787 78 270 347 -90 121 -253 365 -442 300 246 -356 -89 -134 474 -188 -291 711 156 503 -176 465 388 157 -337 722 -34 99 156 -103 388 -139 86]
[-149 210 -485 168 -321 -591 254 274 145 103 -219 211 -38 470 176 -31 467 -416 85 67 -277 -463 -65 101 66 -6 242 -141 9 -604 -199 336 44 -136 -37 341 -140 270 -587 87]
[432 -173 154 -80 276 216 218 -151 -359 107 284 -514 -322 -618 -221 22 -83 241 -406 44 -251 317 -82 -228 74 350 27 651 782 -19 302 146 380 -245 -272 -206 513 -158 404 -10]
[-508 120 -469 -438 285 323 93 479 234 438 489 -496 -142 593 -36 17 -338 488 -183 -213 -101 -279 -645 -159 131 -485 85 -79 -11 -216 -199 -146 -307 -155 -497 106 -333 74 -173 26]
[-133 -26 -247 -435 -260 219 83 31 -584 -112 -147 -271 -104 -278 -213 275 11 244 -139 -138 600 190 589 -115 34 -321 -110 -93 -583 -210 58 -819 -104 -475 -436 229 -2 -52 -305 5]
[-647 262 -279 -730 -87 60 265 337 29 -345 90 -357 193 -51 34 219 -237 -429 -632 -12 137 -191 314 -96 387 -151 449 478 479 -3 -16 73 609 -169 -530 408 125 78 68 71]
[-748 764 -494 -366 -21 -378 891 205 749 -191 56 -239 -99 709 314 304 -216 190 -64 14 139 167 -83 -475 182 -354 465 629 -32 -322 -164 27 -268 -174 -347 421 -318 -114 -350 71]
[792 345 -33 330 -192 -596 433 -1053 112 -278 -399 528 51 580 230 406 338 -434 -57 199 39 2 -61 -281 134 -173 -714 214 -129 -602 167 447 -229 -27 463 129 -80 -190 -403 0]
[-23 -304 -187 9 374 -100 29 936 -140 -347 -170 -46 -51 -430 -68 -613 -378 261 -146 -377 -1140 -521 -28 104 -333 -157 244 253 53 -21 -128 441 328 15 -270 395 185 574 31 20]
[-612 -10 322 -29 18 16 234 1 -229 254 248 407 -10 -113 282 -154 -598 -113 -80 -153 -353 -170 -524 751 27 -224 495 21 585 186 -298 -334 355 431 510 -172 853 -247 -210 -44]
[388 -7 339 -110 -587 -15 392 65 -162 -799 -836 312 -230 -28 273 61 -601 152 -588 -184 137 -515 551 96 -11 -623 129 -93 -27 234 -98 -170 428 61 322 -145 -60 -105 -185 6]
[-259 413 -126 424 139 -441 124 -390 -173 146 -91 739 -21 54 299 405 -102 -42 292 -47 -670 -334 -309 278 -143 60 676 378 -404 -8 -247 -208 -160 248 242 606 -265 232 -61 -9]
[-794 581 -785 -363 299 -162 171 -560 -276 268 -10 -225 38 203 -485 353 301 -751 -85 295 -405 -529 34 457 -209 324 114 53 593 -387 -37 -288 -22 -95 -601 298 77 -78 -80 42]
[5 214 -275 703 122 37 133 -300 -595 -267 -613 485 185 -542 330 -177 214 40 643 -114 247 129 253 -372 24 532 -49 339 -202 -8 642 -956 135 -425 131 420 280 343 -83 -7]
[482 450 -21 -190 90 -492 730 53 -389 487 118 247 -735 74 82 -82 -260 312 636 257 134 -132 -481 -574 -236 -13 182 265 101 332 -165 -222 -438 -99 -554 76 39 -612 -434 -111]
[-743 -314 333 518 -40 139 500 -98 -228 396 -224 77 -97 10 -333 -496 -33 370 645 321 422 -24 -576 177 519 222 -363 -547 -235 -298 -303 -217 155 -338 586 268 268 -65 -59 173]
[497 558 -349 85 203 -472 -829 -36 131 -183 178 34 86 151 222 -449 -147 -959 -113 -296 -626 -512 -269 -110 103 286 -434 848 301 -342 358 947 335 164 309 104 177 56 -291 -45]
[88 -103 60 76 -242 -299 396 273 295 130 -558 -419 -378 269 138 566 624 202 94 65 583 -256 -121 -625 -118 291 267 318 138 -648 -241 -526 -361 -132 -269 82 -455 321 278 -5]
[-294 -1 359 208 -435 586 -533 103 279 -323 -539 -108 -119 -899 -804 10 670 -2 -169 50 152 -601 440 117 140 411 443 -570 -515 143 377 -385 548 320 217 -153 -117 356 309 7]
[-7 39 52 -157 -32 -232 -162 210 -489 -164 233 54 -177 796 -46 24 -489 -235 -486 58 96 -196 129 654 -221 -852 -104 -53 -56 40 261 -173 420 -91 144 536 92 44 -189 104]
[150 38 457 91 643 -227 -565 -97 -740 -224 -122 -56 7 -682 -193 172 224 -221 342 122 -208 43 -82 241 -26 172 -208 195 -216 457 -347 659 625 232 -359 371 390 347 483 124]
[-37 246 257 -269 60 -80 -661 -382 -264 463 314 252 18 465 -425 -243 -622 115 834 -58 -107 151 55 -160 -185 350 -524 129 -582 56 -220 447 -123 27 -250 -333 340 -26 -234 -146]
[-25 -880 382 351 319 431 -738 -170 382 233 146 -334 -431 602 -241 -165 -76 274 158 102 171 -217 -278 207 -257 -220 -277 -394 -265 -121 -520 262 -138 -387 69 -267 -997 531 541 93]
[-415 717 109 -529 528 305 503 -136 -518 402 437 57 -296 669 204 778 -165 286 118 210 723 -34 -131 -352 498 -290 -59 283 309 113 182 183 -243 36 -818 45 335 -20 -132 52]
[-297 91 52 66 -488 -231 -261 33 611 -117 -184 -92 -827 276 738 259 -129 0 -20 41 473 -528 277 -132 211 770 844 458 -9 157 187 -272 -405 315 377 -298 -330 84 72 -108]
[699 -10 -16 433 -131 -557 -56 -295 450 -303 180 186 148 121 204 128 182 -27 891 54 -398 -81 303 46 -28 230 -121 350 -841 126 -257 1006 -490 -183 -111 -266 -619 -23 -206 206]
[74 -454 -88 -289 155 247 28 -95 313 -542 35 304 243 -886 72 -292 440 -260 49 -683 -283 -436 3 301 -70 322 -452 -45 -248 617 460 358 255 177 247 -40 -220 772 127 -36]
[-18 -509 -102 209 214 313 -437 480 176 -351 -145 -165 -307 6 -43 45 861 -528 -244 -618 610 -212 -175 -132 424 410 -495 -548 -290 -540 494 -534 207 173 303 78 134 541 64 74]
[126 -39 -38 -7 -198 -568 41 174 -129 -609 242 -5 -149 -657 24 119 460 25 -327 -396 -596 -319 -347 368 104 504 348 306 -391 -263 -233 493 274 126 599 -243 246 389 94 39]
[472 299 589 202 308 61 -639 233 -375 113 43 -221 -128 395 11 270 -331 -342 -43 441 270 -306 -203 95 -124 -110 -261 -204 -116 107 -82 -293 36 256 456 -602 267 -277 133 349]
[-213 573 29 -567 -24 567 219 385 669 -147 77 -526 -408 666 235 287 -23 222 428 112 493 211 -125 -539 198 -289 337 379 57 -160 -82 17 231 -583 -414 -364 50 192 287 420]
[385 224 382 523 -451 -372 147 955 -45 282 -65 -288 -246 144 410 -297 405 430 19 323 -471 60 -214 146 -88 -274 603 -169 -319 -123 29 -669 42 -57 156 513 -168 302 -91 265]
[784 -242 587 -113 -621 226 140 -74 23 192 -372 186 -52 70 220 1192 -173 176 335 77 473 166 -264 -620 -31 -479 -386 56 -265 -314 97 -547 119 -172 0 -159 -166 -272 355 97]
[84 -389 -22 50 217 -286 -600 -598 -437 -258 168 53 -43 -167 -105 395 27 47 751 534 -11 91 333 597 -163 340 -767 -556 233 124 -324 -97 -27 -59 -48 -213 231 -503 816 381]
[652 -978 244 65 -182 264 -293 -614 220 110 -35 -227 -124 -940 -332 -276 -360 117 -483 -11 319 286 122 260 -184 -199 -306 -426 -285 -200 396 -309 -91 -31 667 -356 59 -59 300 141]
[-100 -222 -198 145 -532 753 537 155 385 -223 -615 113 66 -613 -350 -59 -264 589 -733 12 50 79 -85 279 70 -309 78 -555 -445 -42 -515 -488 -43 -159 381 -437 -453 180 -183 -251]
[182 -30 448 -74 -307 434 -942 -2 -618 -136 149 135 -219 -188 262 -325 -514 247 311 -127 -226 -268 219 0 -365 221 202 38 97 158 147 216 -296 122 106 -417 -378 139 -26 -38]]
