[phase 0 initial]
[[-165 94 -171 -146 -430 -22 -331 -160 -760 452 40 -262 42 -371 -84 444 -6 -117 400 -42 503 160 -152 40 -337 356 -250 -73 -692 -62 -227 521 150 -97 1]
[-241 710 183 -63 161 349 223 -116 1030 -120 -92 799 340 -127 -277 129 256 -157 -170 148 68 -320 -463 -15 163 100 244 -300 337 -192 -393 135 -69 44 -2]
[383 241 182 205 625 -5 -480 -548 -211 -700 -66 -162 -334 221 395 -169 -729 335 250 516 -173 58 175 562 360 -270 -38 -142 133 -139 210 -424 -56 -21 41]
[225 -591 18 81 -49 29 161 40 362 230 -220 -525 372 262 -251 -950 216 -361 222 182 67 -412 468 50 19 226 368 6 451 771 246 -672 -364 281 -3]
[224 679 -110 -13 465 570 144 53 203 -531 -224 -356 -70 54 -502 -87 516 232 408 871 -286 -350 239 60 288 -50 480 -543 269 -288 265 -426 -418 430 -1]
[-97 -308 -355 -35 -114 403 640 453 326 -233 -289 -69 -366 247 -619 922 455 -163 105 -429 -396 221 78 -215 459 298 335 373 138 -125 206 -249 73 -148 -41]
[-244 353 -198 193 405 -92 358 27 522 53 23 973 229 173 386 -231 -180 401 -1104 246 174 -300 -338 -134 -10 -195 426 321 -710 -330 -350 376 232 -189 2]
[-72 -345 180 527 -312 147 543 319 466 772 -224 -40 30 759 -356 -274 136 -64 -341 -84 50 -363 325 196 53 345 977 -221 117 13 686 -427 -195 275 -3]
[221 -129 -91 -295 255 131 -230 -556 -147 -15 114 -1123 713 312 492 -543 -449 279 158 674 24 244 99 -73 -570 64 -476 -39 -15 184 269 -499 -155 125 7]
[191 513 -259 263 -7 -296 -199 263 -693 13 -101 -242 -644 36 814 256 -856 130 -143 -165 -521 -30 239 -103 248 46 0 -271 -722 -336 -334 -189 19 -313 42]
[-338 -304 372 100 -132 -63 39 51 59 527 65 1187 303 198 -684 622 288 -449 519 -482 352 32 -183 -267 217 7 53 -33 765 -24 525 44 -227 41 -4]
[-133 -374 157 108 205 299 -186 -719 -25 185 266 685 -44 -341 -427 289 -659 -47 432 219 740 -288 -449 236 -118 125 493 -242 -255 382 -182 429 328 -663 65]
[-242 -258 -26 -346 -32 512 425 8 727 -156 229 181 311 -183 -808 88 -304 -178 132 -16 234 -233 30 370 169 440 382 -232 -773 152 -50 -31 106 -136 10]
[-104 83 433 78 86 245 473 113 -237 38 686 -458 -588 349 503 -629 -659 949 -559 -58 -755 14 20 103 246 -518 -358 -565 -207 -462 341 -261 72 -158 11]
[-12 -204 -335 -335 373 22 421 -791 235 145 477 5 335 -252 -121 -472 493 477 -137 957 252 49 -17 -461 -302 108 237 -48 -145 517 388 -319 -125 316 81]
[-148 -126 -484 283 -229 349 -297 -246 -154 559 -44 80 936 -181 -100 354 -225 -199 107 126 484 -258 -389 -315 -320 133 480 -326 213 -449 -69 574 -368 -347 7]
[-380 661 214 -495 294 612 -124 215 -248 88 105 -246 223 149 121 286 74 -48 554 389 -506 141 -396 -646 -56 -397 -387 161 -478 -223 167 283 -212 -331 -49]
[51 304 -172 -490 -196 212 382 -143 -125 -63 656 219 -123 -209 -312 75 278 390 -974 336 -304 142 161 -169 -2 -402 -313 -349 -303 -689 -356 21 -178 217 -161]
[221 -430 -605 -103 103 407 45 193 -530 -143 -680 -658 423 -89 281 210 -284 -334 482 -129 1 -39 410 190 -533 780 -23 484 -570 586 25 -238 487 7 168]
[-44 295 408 407 -484 123 44 214 49 -428 -68 508 116 -54 -299 -439 -191 -390 -245 -289 -275 -309 363 686 201 -72 -150 -346 424 -179 -386 -265 -225 130 480]
[309 330 83 141 337 -67 -23 -772 172 -719 330 775 197 -193 160 171 -153 583 -746 168 27 -619 -290 403 25 -268 615 -335 -354 -327 -10 430 279 219 -185]
[-119 -250 -105 152 -317 -329 -211 151 -251 324 19 -707 -547 122 -131 -259 173 -133 -391 -782 42 506 386 189 -197 -534 -40 222 382 -752 -133 330 -94 -94 79]
[239 548 -139 -139 -230 -162 217 181 604 -522 -11 -69 238 -205 -337 160 794 -658 -228 -301 -586 -365 553 -78 628 43 252 320 101 -192 -746 219 -575 -169 333]
[-676 -1012 -500 -112 45 333 -177 26 -230 416 -208 -321 538 -14 -141 -495 20 -495 454 -326 206 40 126 523 -133 153 -672 724 67 366 504 -61 6 -144 -365]
[-107 105 -383 -148 159 0 -241 -550 376 -258 -115 3 261 523 142 -640 -47 -263 -852 -69 549 -457 -18 420 33 181 -1 367 130 -106 -225 -28 43 -165 -185]
[153 -22 418 94 166 84 -569 -433 215 186 180 -108 -193 215 924 -36 -245 253 -1147 370 32 255 190 -35 -219 -149 465 -211 324 -109 279 -50 -30 108 -241]
[-53 -363 74 310 179 -319 195 687 -232 -51 -325 122 258 1167 486 32 -329 199 -615 -395 -55 -388 266 -199 -56 254 58 346 -188 420 500 -479 -197 470 352]
[28 -99 -85 -90 107 -541 -32 -27 485 188 132 -166 92 -350 26 -78 36 -524 -333 -301 -407 273 67 39 -40 -308 143 49 681 259 352 -614 150 279 33]
[20 -904 -191 196 167 254 401 -170 207 269 271 344 -149 609 -206 -97 -97 436 -101 40 -144 310 62 586 -434 533 46 308 268 52 710 -599 -173 -110 299]
[111 -189 313 298 -165 228 88 350 157 -348 -248 -8 -12 193 373 -149 -662 -312 -539 -61 247 -168 -41 916 -1 540 143 -85 -305 -217 77 -634 -42 463 413]
[355 -18 692 366 130 -201 -320 -477 -66 56 -187 167 394 30 -270 378 -29 -864 186 -801 407 42 163 372 -26 412 -279 57 297 404 157 -629 -26 272 -17]
[-223 105 688 -255 -413 -33 233 -437 183 -8 -383 274 118 -492 85 -617 542 157 70 -226 -156 -240 -226 94 -47 450 43 128 358 373 -215 103 -57 282 57]
[-260 -1190 -179 -6 -30 555 256 242 117 287 -83 -229 217 -462 -174 -271 -102 -519 418 -239 -318 55 -31 -2 557 124 55 -330 200 195 -112 -348 431 -68 -131]
[484 -482 -267 -63 580 -242 -501 -234 -353 -615 289 76 701 353 224 -645 -679 -245 -140 640 358 11 216 16 6 -299 -210 541 -86 314 377 105 -137 437 -554]
[182 -306 -162 110 384 385 -96 363 -444 -477 -242 -154 -69 238 361 223 61 78 -198 54 -69 829 -173 146 -516 -225 23 282 150 251 143 469 713 -384 -301]]
[phase 0 refreshed accepted=1]
[[-658 -44 3 -381 -71 364 -232 153 -222 -330 -206 240 281 -35 -104 124 -184 -267 342 33 -106 -431 30 442 516 80 372 166 -203 376 210 -68 424 -12 109]
[-242 -258 -26 -346 -32 512 425 8 727 -156 229 181 311 -183 -808 88 -304 -178 132 -16 234 -233 30 370 169 440 382 -232 -773 152 -50 -31 106 -136 10]
[-241 710 183 -63 161 349 223 -116 1030 -120 -92 799 340 -127 -277 129 256 -157 -170 148 68 -320 -463 -15 163 100 244 -300 337 -192 -393 135 -69 44 -2]
[-165 94 -171 -146 -430 -22 -331 -160 -760 452 40 -262 42 -371 -84 444 -6 -117 400 -42 503 160 -152 40 -337 356 -250 -73 -692 -62 -227 521 150 -97 1]
[-76 572 398 349 329 627 -66 -233 -595 -315 -354 443 -497 -182 320 184 187 445 256 -58 -93 -108 -378 686 52 -102 -331 -54 511 -269 71 452 614 99 160]
[383 241 182 205 625 -5 -480 -548 -211 -700 -66 -162 -334 221 395 -169 -729 335 250 516 -173 58 175 562 360 -270 -38 -142 133 -139 210 -424 -56 -21 41]
[61 471 56 218 -286 -156 -372 -244 -95 718 -501 -169 443 -53 196 -465 770 -457 320 304 404 -339 -177 -295 -324 242 -20 -135 869 365 -324 15 -389 364 -14]
[121 27 -344 24 81 376 -171 -255 -645 -481 -315 -493 -658 97 -308 1197 -280 55 755 45 -66 439 101 387 482 384 47 158 -421 -326 189 -152 167 -266 1]
[102 -211 -524 298 437 313 348 -188 239 -198 -512 -45 -57 532 -173 16 -244 95 -127 473 175 -273 231 303 491 415 841 485 -680 115 85 -448 35 -174 0]
[-237 -251 9 381 -742 125 212 159 -294 1224 -184 -302 72 388 -440 170 130 -181 59 -126 553 -203 173 236 -284 701 727 -294 -575 -49 459 94 -45 178 -2]
[-638 -324 425 -215 -335 -392 -500 76 -722 -67 566 99 -482 181 -108 -215 -156 224 30 14 -175 -72 83 267 886 -800 151 -18 30 -18 578 35 6 -63 -57]
[-73 108 296 -5 389 785 515 -81 229 -82 -214 -256 508 280 501 -634 473 506 -236 142 -399 -82 -302 11 -541 -124 -519 122 1055 116 357 -144 365 342 125]
[175 632 -58 281 105 82 185 187 699 123 -413 32 68 171 286 -565 -384 -388 -91 165 -386 -762 244 -68 430 372 612 -565 66 243 -481 -726 -414 12 37]
[-207 384 157 167 417 192 -55 -587 -500 313 -38 555 71 267 198 -182 19 202 494 321 126 -203 -434 -352 577 -199 -461 -27 630 -19 -59 -223 -314 -202 -4]
[6 -167 -46 -325 -214 452 67 -129 3 -377 424 -526 -656 -824 -189 573 -248 144 145 -201 -183 174 -419 -15 -367 1 -66 -321 -202 166 -586 584 593 -678 28]
[119 533 33 -55 272 -184 -69 384 -544 -160 403 -137 -124 -178 334 -463 324 695 -399 496 -355 -57 133 -362 -376 -760 -179 -407 -98 -541 223 263 -152 371 3]
[-122 74 -79 -58 -245 -627 266 -353 625 368 -17 649 156 -292 99 -677 822 -287 -433 -3 239 -71 122 -47 303 381 64 267 85 617 -128 -263 -219 631 47]
[-89 -265 -593 353 -156 -634 -84 -363 -161 365 211 717 338 -237 611 54 131 149 -778 -165 85 243 -120 -437 138 -168 182 308 202 -349 177 327 -304 56 58]
[500 578 331 321 256 119 -312 -50 -488 415 -49 -312 -691 -16 -207 30 188 -203 926 338 -27 134 -34 -363 40 -229 -203 -175 -368 -213 -83 275 -751 -281 -126]
[111 -193 -325 -555 -675 219 212 -263 -523 619 476 -568 291 -318 -647 -431 488 -88 -352 476 266 -110 477 -79 -320 180 -195 -416 -544 20 -337 -130 -392 401 -163]
[-332 378 227 481 134 -96 -78 -474 47 -450 -27 819 202 -359 143 -36 -192 58 370 150 214 10 -283 344 -118 212 32 -51 131 256 112 67 192 -52 725]
[-23 -500 233 88 -14 575 405 382 62 -193 578 55 -68 -478 -424 93 -3 4 -35 -512 65 355 162 -554 -110 145 -468 -236 -209 -38 -194 177 -362 -516 233]
[-359 -215 -131 420 -328 -628 -327 -229 -217 -42 119 -508 -234 299 -382 -224 -246 -447 570 -94 -127 -493 244 233 337 73 218 -133 -351 423 274 -663 -548 -280 -222]
[659 633 -208 -126 91 62 -253 -159 -457 114 -665 -446 -536 284 470 -344 -303 -475 522 -24 -61 -36 306 536 -31 441 78 201 -110 91 100 -28 262 112 413]
[534 -151 -380 -291 1052 -573 -190 279 204 -544 42 161 233 -276 153 14 -306 -93 466 105 53 214 1047 97 154 97 -84 204 69 -13 191 -215 -118 39 348]
[-711 -103 513 582 385 328 284 -343 -145 225 -332 -109 -375 679 -344 -111 93 406 95 -154 194 93 330 589 437 4 -149 68 234 -207 78 -872 15 147 -140]
[180 -467 68 -266 -106 -69 101 582 -278 -431 402 114 133 -235 -210 -226 -166 -102 -539 -277 105 122 226 565 178 18 -50 107 -22 214 869 -123 616 296 441]
[309 330 83 141 337 -67 -23 -772 172 -719 330 775 197 -193 160 171 -153 583 -746 168 27 -619 -290 403 25 -268 615 -335 -354 -327 -10 430 279 219 -185]
[-239 -393 -9 -214 -205 -463 77 508 -240 -231 110 -36 -147 635 -393 512 484 -44 -29 -471 68 -17 -75 -710 565 9 -443 389 162 405 14 -214 -630 224 144]
[-471 105 60 161 608 -112 -317 -303 -391 256 -122 390 78 425 345 -140 491 895 102 462 146 -243 -41 -1 326 63 610 -27 487 -98 78 -565 -298 384 129]
[318 -652 -224 313 -99 -393 114 693 -218 -85 257 -153 -360 286 149 327 -425 -94 -789 299 95 49 69 -481 -257 -135 741 -75 -258 -384 303 -612 -513 60 270]
[93 -157 -49 -377 -403 26 -51 259 -343 -202 -403 -393 606 -36 -270 151 -323 -104 -321 153 315 -139 -158 -22 -76 620 713 366 -522 -52 226 30 174 -243 280]
[-283 156 337 269 -264 180 -299 101 94 -749 -444 -7 -551 -119 65 420 677 -532 370 158 -170 -52 -708 257 271 412 -251 -237 809 388 -156 -171 902 -25 48]
[632 148 -339 379 316 242 371 199 -481 -43 335 380 -76 -162 259 -72 -739 84 -487 -148 257 13 -98 -35 -401 275 -493 -40 -1000 -376 -356 829 234 120 -492]
[-716 282 486 75 495 -313 53 -68 -122 -48 258 11 123 306 186 177 -216 -399 621 209 -152 5 -158 117 283 -51 506 -600 316 431 53 -891 -98 -170 229]]
[phase 1 initial]
[[-658 -44 3 -381 -71 364 -232 153 -222 -330 -206 240 281 -35 -104 124 -184 -267 342 33 -106 -431 30 442 516 80 372 166 -203 376 210 -68 424 -12 109]
[-242 -258 -26 -346 -32 512 425 8 727 -156 229 181 311 -183 -808 88 -304 -178 132 -16 234 -233 30 370 169 440 382 -232 -773 152 -50 -31 106 -136 10]
[-241 710 183 -63 161 349 223 -116 1030 -120 -92 799 340 -127 -277 129 256 -157 -170 148 68 -320 -463 -15 163 100 244 -300 337 -192 -393 135 -69 44 -2]
[-165 94 -171 -146 -430 -22 -331 -160 -760 452 40 -262 42 -371 -84 444 -6 -117 400 -42 503 160 -152 40 -337 356 -250 -73 -692 -62 -227 521 150 -97 1]
[-76 572 398 349 329 627 -66 -233 -595 -315 -354 443 -497 -182 320 184 187 445 256 -58 -93 -108 -378 686 52 -102 -331 -54 511 -269 71 452 614 99 160]
[383 241 182 205 625 -5 -480 -548 -211 -700 -66 -162 -334 221 395 -169 -729 335 250 516 -173 58 175 562 360 -270 -38 -142 133 -139 210 -424 -56 -21 41]
[61 471 56 218 -286 -156 -372 -244 -95 718 -501 -169 443 -53 196 -465 770 -457 320 304 404 -339 -177 -295 -324 242 -20 -135 869 365 -324 15 -389 364 -14]
[121 27 -344 24 81 376 -171 -255 -645 -481 -315 -493 -658 97 -308 1197 -280 55 755 45 -66 439 101 387 482 384 47 158 -421 -326 189 -152 167 -266 1]
[102 -211 -524 298 437 313 348 -188 239 -198 -512 -45 -57 532 -173 16 -244 95 -127 473 175 -273 231 303 491 415 841 485 -680 115 85 -448 35 -174 0]
[-237 -251 9 381 -742 125 212 159 -294 1224 -184 -302 72 388 -440 170 130 -181 59 -126 553 -203 173 236 -284 701 727 -294 -575 -49 459 94 -45 178 -2]
[-638 -324 425 -215 -335 -392 -500 76 -722 -67 566 99 -482 181 -108 -215 -156 224 30 14 -175 -72 83 267 886 -800 151 -18 30 -18 578 35 6 -63 -57]
[-73 108 296 -5 389 785 515 -81 229 -82 -214 -256 508 280 501 -634 473 506 -236 142 -399 -82 -302 11 -541 -124 -519 122 1055 116 357 -144 365 342 125]
[175 632 -58 281 105 82 185 187 699 123 -413 32 68 171 286 -565 -384 -388 -91 165 -386 -762 244 -68 430 372 612 -565 66 243 -481 -726 -414 12 37]
[-207 384 157 167 417 192 -55 -587 -500 313 -38 555 71 267 198 -182 19 202 494 321 126 -203 -434 -352 577 -199 -461 -27 630 -19 -59 -223 -314 -202 -4]
[6 -167 -46 -325 -214 452 67 -129 3 -377 424 -526 -656 -824 -189 573 -248 144 145 -201 -183 174 -419 -15 -367 1 -66 -321 -202 166 -586 584 593 -678 28]
[119 533 33 -55 272 -184 -69 384 -544 -160 403 -137 -124 -178 334 -463 324 695 -399 496 -355 -57 133 -362 -376 -760 -179 -407 -98 -541 223 263 -152 371 3]
[-122 74 -79 -58 -245 -627 266 -353 625 368 -17 649 156 -292 99 -677 822 -287 -433 -3 239 -71 122 -47 303 381 64 267 85 617 -128 -263 -219 631 47]
[-89 -265 -593 353 -156 -634 -84 -363 -161 365 211 717 338 -237 611 54 131 149 -778 -165 85 243 -120 -437 138 -168 182 308 202 -349 177 327 -304 56 58]
[500 578 331 321 256 119 -312 -50 -488 415 -49 -312 -691 -16 -207 30 188 -203 926 338 -27 134 -34 -363 40 -229 -203 -175 -368 -213 -83 275 -751 -281 -126]
[111 -193 -325 -555 -675 219 212 -263 -523 619 476 -568 291 -318 -647 -431 488 -88 -352 476 266 -110 477 -79 -320 180 -195 -416 -544 20 -337 -130 -392 401 -163]
[-332 378 227 481 134 -96 -78 -474 47 -450 -27 819 202 -359 143 -36 -192 58 370 150 214 10 -283 344 -118 212 32 -51 131 256 112 67 192 -52 725]
[-23 -500 233 88 -14 575 405 382 62 -193 578 55 -68 -478 -424 93 -3 4 -35 -512 65 355 162 -554 -110 145 -468 -236 -209 -38 -194 177 -362 -516 233]
[-359 -215 -131 420 -328 -628 -327 -229 -217 -42 119 -508 -234 299 -382 -224 -246 -447 570 -94 -127 -493 244 233 337 73 218 -133 -351 423 274 -663 -548 -280 -222]
[659 633 -208 -126 91 62 -253 -159 -457 114 -665 -446 -536 284 470 -344 -303 -475 522 -24 -61 -36 306 536 -31 441 78 201 -110 91 100 -28 262 112 413]
[534 -151 -380 -291 1052 -573 -190 279 204 -544 42 161 233 -276 153 14 -306 -93 466 105 53 214 1047 97 154 97 -84 204 69 -13 191 -215 -118 39 348]
[-711 -103 513 582 385 328 284 -343 -145 225 -332 -109 -375 679 -344 -111 93 406 95 -154 194 93 330 589 437 4 -149 68 234 -207 78 -872 15 147 -140]
[180 -467 68 -266 -106 -69 101 582 -278 -431 402 114 133 -235 -210 -226 -166 -102 -539 -277 105 122 226 565 178 18 -50 107 -22 214 869 -123 616 296 441]
[309 330 83 141 337 -67 -23 -772 172 -719 330 775 197 -193 160 171 -153 583 -746 168 27 -619 -290 403 25 -268 615 -335 -354 -327 -10 430 279 219 -185]
[-239 -393 -9 -214 -205 -463 77 508 -240 -231 110 -36 -147 635 -393 512 484 -44 -29 -471 68 -17 -75 -710 565 9 -443 389 162 405 14 -214 -630 224 144]
[-471 105 60 161 608 -112 -317 -303 -391 256 -122 390 78 425 345 -140 491 895 102 462 146 -243 -41 -1 326 63 610 -27 487 -98 78 -565 -298 384 129]
[318 -652 -224 313 -99 -393 114 693 -218 -85 257 -153 -360 286 149 327 -425 -94 -789 299 95 49 69 -481 -257 -135 741 -75 -258 -384 303 -612 -513 60 270]
[93 -157 -49 -377 -403 26 -51 259 -343 -202 -403 -393 606 -36 -270 151 -323 -104 -321 153 315 -139 -158 -22 -76 620 713 366 -522 -52 226 30 174 -243 280]
[-283 156 337 269 -264 180 -299 101 94 -749 -444 -7 -551 -119 65 420 677 -532 370 158 -170 -52 -708 257 271 412 -251 -237 809 388 -156 -171 902 -25 48]
[632 148 -339 379 316 242 371 199 -481 -43 335 380 -76 -162 259 -72 -739 84 -487 -148 257 13 -98 -35 -401 275 -493 -40 -1000 -376 -356 829 234 120 -492]
[-716 282 486 75 495 -313 53 -68 -122 -48 258 11 123 306 186 177 -216 -399 621 209 -152 5 -158 117 283 -51 506 -600 316 431 53 -891 -98 -170 229]]
