[phase 0 initial]
[[133 327 -271 20 238 -108 -255 450 227 -326 88 -133 -100 842 -30 412 182 -259 -3 101 48 156 -409 -432 -60 -475 748 -120 251 -132 15 -234 330 260 149 -388 -148 -19 93 22]
[-430 -114 -180 314 23 -90 -9 337 165 498 -279 -185 -29 156 372 -433 442 -653 36 361 -237 -77 -70 -578 -347 -307 769 412 -22 -278 -140 -268 -384 209 -53 308 300 -91 341 2]
[-165 803 400 -50 -137 454 192 -88 119 -129 -24 335 -215 -789 -648 237 12 245 -294 205 307 -175 -258 591 -202 272 -157 68 -197 340 12 45 352 -344 -20 -210 -703 161 -192 50]
[250 551 289 -214 -34 252 619 -154 -201 148 5 70 91 -331 84 -93 322 -158 -388 36 418 -517 -99 514 458 -225 -121 100 -432 297 457 30 -410 -609 151 203 -530 -31 -94 323]
[7 -500 547 172 -220 -165 56 278 243 463 -194 -2 584 -505 -68 -232 -125 21 120 30 -456 -382 259 -30 -251 508 -6 2 36 118 -612 344 -862 937 -176 248 106 -43 108 -72]
[505 8 262 -557 804 -240 -19 -606 -509 -559 146 417 437 54 132 -415 -291 -261 -137 180 134 -253 371 -409 377 -154 -324 -73 -307 -128 341 -216 -11 -305 -464 187 -30 -14 -33 -9]
[-105 -836 217 -34 444 51 -126 -563 -92 -122 -140 -27 534 -692 300 -396 95 -85 -51 298 513 354 187 -588 -42 -86 -230 -245 66 139 360 -47 307 -141 -184 -98 -563 239 -194 -209]
[-217 -300 -350 19 -510 94 -71 -87 256 -37 -485 -426 350 -49 48 701 251 -248 -497 141 503 229 -17 7 301 -229 -54 279 512 -128 291 549 157 -332 595 112 -353 -125 -44 9]
[-566 112 -359 120 -350 766 -65 -769 386 717 -404 -276 -26 -780 395 -264 63 -402 -405 242 -116 283 -470 615 92 -211 -375 11 252 -147 536 -88 16 -239 398 304 -499 273 -194 50]
[146 268 232 -287 166 -9 104 73 513 -516 -133 264 381 -154 -569 731 -216 850 -280 482 356 152 409 -868 -331 401 699 -234 73 101 202 448 213 421 13 -292 -615 248 -30 -67]
[-186 41 -866 251 -315 -65 544 -281 260 1030 -40 361 -269 699 393 -232 -325 -60 -197 -627 -23 -136 158 -307 371 -168 0 366 213 -627 413 75 -418 -302 96 363 430 151 399 138]
[-157 147 -69 98 -54 -64 409 -312 208 175 -456 243 154 442 86 -517 306 -800 98 31 188 28 -287 -103 -234 -229 -160 -435 516 366 -81 -78 1 -339 -8 -391 -845 -258 -84 -66]
[-436 166 -138 142 436 -373 235 -1014 -50 164 16 149 369 90 469 243 -2 -332 -70 424 138 205 167 -764 -606 115 131 -511 241 -230 281 -98 -64 -15 10 140 -168 -186 403 -116]
[-340 543 -345 369 92 450 601 -7 154 307 239 -34 -279 -551 -60 405 290 249 17 413 -622 -363 -135 -322 -18 190 561 327 -161 -419 -440 -202 -267 353 220 -222 438 -204 159 52]
[487 101 131 23 -388 204 -690 51 -61 476 -211 -85 380 -118 -736 -383 -567 253 -310 -380 -11 -382 -6 461 -50 368 -42 -169 -125 -332 136 155 -553 352 -310 155 274 116 -2 59]
[-198 -48 13 82 -234 796 246 269 561 482 -504 -790 32 -1414 86 -518 277 405 -261 371 130 -223 -69 156 394 -175 33 -260 203 -225 63 -51 -998 687 29 264 -100 108 -170 33]
[428 389 333 -287 5 315 -226 178 339 -281 -119 -53 62 216 -45 419 15 -58 11 79 866 -140 -511 294 -140 -917 259 102 190 15 -193 -139 307 -364 -151 58 -694 346 348 36]
[-643 728 -1012 759 193 -205 587 535 -162 405 259 -167 -519 -330 -227 39 220 -113 18 -259 254 -66 -473 456 -193 0 99 405 -71 -127 235 -258 22 -485 33 -146 145 -216 398 92]
[227 -504 -105 61 -48 -82 388 1072 262 283 203 -515 -6 37 710 -527 200 -187 -64 -189 858 103 -297 -116 -141 -521 807 625 -84 59 86 -479 319 -339 -416 40 -287 269 405 21]
[215 -345 -294 245 510 -243 645 88 376 172 68 197 171 -890 438 230 289 422 -216 622 481 -137 374 -319 65 -99 -189 -75 -372 59 90 199 -494 398 49 -28 -15 -141 139 47]
[106 27 127 48 479 127 -326 53 232 -203 95 604 284 -644 -866 -669 -221 -32 -116 184 -223 -825 -416 538 -433 -125 162 323 -686 -51 -368 -64 -216 356 -418 274 265 -113 -197 161]
[349 280 5 560 152 -115 509 379 -503 133 -274 59 -161 -79 -202 153 329 -453 213 314 -135 -518 119 274 -249 -100 -14 223 -871 727 -296 -182 -64 -564 390 -44 -99 -155 525 52]
[431 -664 299 -287 -74 323 -525 -335 52 -897 537 562 384 -302 -363 -139 -231 -25 651 218 -528 61 112 -7 71 6 -709 -141 217 -170 -434 280 216 65 -155 -254 -41 -49 -740 -45]
[393 -219 828 -177 -410 -217 -695 265 -92 -395 459 355 -194 -226 -455 -384 -258 -207 81 -30 -176 -361 -175 -4 -247 165 355 409 -111 -85 -486 -527 -36 470 -746 771 246 -22 72 -161]
[-187 87 -160 -125 166 -50 532 -491 -157 -148 301 18 -451 -158 144 -564 10 176 -357 29 61 39 44 32 -392 302 -554 -28 -544 572 -158 -400 276 -606 230 -97 163 -901 -46 -259]
[975 381 -164 -379 449 -456 -634 -224 -314 -641 -348 -343 172 377 398 172 -372 -108 -545 144 124 411 -517 368 357 -523 -111 -283 -346 -525 344 -797 481 -100 -44 480 417 149 269 257]
[-430 -31 -105 498 236 310 220 -456 -214 441 55 -286 -432 14 530 46 446 -406 -63 470 -135 79 -281 898 450 -473 -114 -451 -225 896 -168 -146 325 -290 450 -368 -549 -53 -393 217]
[-352 -721 428 111 280 303 93 114 -37 512 604 138 -100 -241 -29 -135 154 437 -359 -596 295 -261 221 -176 -61 168 283 192 -76 295 -317 252 741 -333 -115 -189 -486 176 -460 12]
[333 -784 -68 249 248 -1069 -176 571 -549 314 -22 -61 506 -27 -279 352 -22 -504 -557 -295 176 -393 32 -175 123 -57 -34 344 -319 27 63 188 -254 176 -313 337 -162 154 108 -277]
[124 -318 -335 176 309 377 93 154 36 -136 126 125 -51 475 202 -464 6 -239 -31 -27 -95 174 -656 -300 348 -663 97 -733 -197 -277 314 7 418 -319 650 -99 -590 229 -795 57]
[-107 -467 -136 277 44 -324 -99 -71 -115 193 -99 -534 435 393 -89 -210 461 -399 198 -390 426 301 62 -667 -131 241 24 -402 427 -219 114 -415 -576 -172 139 439 -241 -331 341 76]
[87 77 265 315 -808 -312 -381 178 -340 -84 -213 4 288 276 149 -92 37 -869 -496 586 -96 -150 49 -111 -107 343 -105 45 -91 70 247 176 262 -343 50 48 434 -166 319 482]
[469 -863 413 228 -40 78 22 -164 71 -407 230 114 514 427 45 -428 -224 -263 201 -158 -623 -178 -290 132 537 -165 -221 -360 -31 -59 -106 -354 99 617 77 -116 -297 207 -920 -273]
[-521 110 -230 -142 196 95 -208 -14 -271 198 188 -33 62 3 567 -402 -394 -609 459 -333 -108 66 -6 648 420 -395 -329 603 -319 -596 -368 -13 -273 -33 -558 821 122 689 96 -28]
[419 -273 142 -336 320 -124 160 319 346 68 595 408 93 523 445 -490 -6 162 -617 -540 147 -650 568 106 329 297 -211 51 -479 352 49 -71 -48 369 29 156 531 275 186 -120]
[-246 544 535 -578 381 -75 -336 50 -340 -218 -196 210 -427 -312 -461 -454 92 -222 308 185 -288 42 -410 432 -582 217 -233 235 108 7 -442 -66 109 276 -529 469 -160 287 -199 399]
[279 -316 241 453 171 -324 -683 224 -202 -584 526 -222 -305 323 256 -382 -42 -238 157 -86 -134 -214 -52 -418 -932 -248 621 162 -52 -11 -796 -631 -26 325 -205 75 835 -99 341 -18]
[-1 117 -142 65 97 215 -815 237 -416 -929 186 57 644 92 -713 462 -151 247 -517 -398 -748 255 -28 -16 102 28 -125 144 1 -174 75 411 245 -68 92 -137 119 121 -320 301]
[1 -790 -34 604 -237 146 -575 349 -357 -376 -230 -212 -427 459 -46 -358 205 12 368 -286 -559 -52 -237 -176 500 -125 402 -433 51 141 -571 244 141 788 116 -632 115 -206 -63 309]
[-61 -378 439 -91 -862 533 -275 725 248 66 479 55 -251 -286 185 -4 -350 988 -69 -58 338 -173 256 329 -146 -139 0 -156 -94 525 -345 -139 292 452 -216 113 -190 596 -91 -278]]
