[phase 0]
score=3.163480716517207
squared_norm=3399596
coefficients=[-4 7 -3 -4 3 -2 3 2 -6 5 -1 -3 -9 5 -2 -1 -5 2 3 1 3 -3 2 -3 1 3 0 3 0 2 -1 1 1 -2 0 1 -2]
vector=[-582 -170 179 158 -333 312 -380 -63 -328 -164 629 115 -29 461 60 418 -425 -169 92 -393 -57 100 -227 -29 131 470 -81 197 239 508 -426 157 -147 50 -485 -262 -336]

[phase 1]
score=7.83190341959452
squared_norm=2226232
coefficients=[-2 0 0 0 -1 0 1 0 1 0 -1 0 0 0 0 1 -1 0 0 0 0 0 0 0 1 0 0 0 0 0 1 -1 0 0 0 0 0]
vector=[220 -114 -189 -85 -99 98 457 -181 51 -173 -269 20 -151 -304 0 308 -91 359 169 309 -385 60 248 174 -25 32 -121 -195 -240 473 -355 363 44 32 -222 -56 -626]

[phase 2]
score=0
squared_norm=2226232
coefficients=[1 0 0 0 0 0 0 0 0 0 0 0 0 0 0 0 0 0 0 0 0 0 0 0 0 0 0 0 0 0 0 0 0 0 0 0 0]
vector=[220 -114 -189 -85 -99 98 457 -181 51 -173 -269 20 -151 -304 0 308 -91 359 169 309 -385 60 248 174 -25 32 -121 -195 -240 473 -355 363 44 32 -222 -56 -626]

