phase	depth	k	node	parent	z_k	nodes_at_depth	parent_rho	rho	bound_r2	remaining	center	delta	legal_lo	legal_hi	offset	P	Ptheta	N	Q	M
0	1	36	5	0	-2	7	0	0.30697255758872344	0.90893173217773438	0.90893173217773438	0	3.441484771437223	-3	3	-0.58114451547166535	0.10255240572577412	0.10255240572577412	809978	5.3641466963972237e-06	3.1634807165172067
0	2	35	17	5	1	39	0.30697255758872344	0.30988493035867948	0.90893173217773438	0.60195917458901094	0.80601706664462081	2.7888397532052651	-1	3	0.069556858952699238	0.36469035702190283	0.36469035702190283	405802	7.7956262327864496e-06	3.1634807165172067
0	3	34	55	17	0	179	0.30988493035867948	0.32678932150113571	0.90893173217773438	0.5990468018190549	0.4604278280276688	2.740893586813081	-2	3	-0.16798456906275663	0.29469275694111552	0.29469275694111552	180944	1.7483203181742456e-05	3.1634807165172067
0	4	33	231	55	-2	699	0.32678932150113571	0.39508411915793107	0.90893173217773438	0.58214241067659867	-1.1255666421970065	2.5529806630545266	-3	1	-0.34251468115578015	0.22494408655870024	0.22494408655870024	52912	5.9787585359033992e-05	3.1634807165172067
0	5	32	826	231	1	2445	0.39508411915793107	0.39739261313178165	0.90893173217773438	0.51384761301980331	0.83902384742262681	2.4016755810181669	-1	3	0.067026601698273069	0.39911426005767869	0.39911426005767869	29192	0.00010836807058499612	3.1634807165172067
0	6	31	2259	826	1	7239	0.39739261313178165	0.39740135125974235	0.90893173217773438	0.51153911904595273	0.99101129730279436	2.1748396484341748	-1	3	0.0041330415801814485	0.45667046989009485	0.45667046989009485	17291	0.00018295533610070017	3.1634807165172067
0	7	30	6812	2259	-1	19029	0.39740135125974235	0.43641574903172964	0.90893173217773438	0.51153038091799208	-0.42048427672322619	2.09840100767186	-2	1	-0.27617015106170606	0.33057957395047582	0.33057957395047582	7520	0.00042067562719643706	3.1634807165172067
0	8	29	13707	6812	2	44223	0.43641574903172964	0.4657561098318318	0.90893173217773438	0.47251598314600474	1.5275178136734318	1.8960988110103456	0	3	0.24918647888123707	0.37563332915306091	0.37563332915306091	3756	0.00084224726211853214	3.1634807165172067
0	9	28	35851	13707	0	98069	0.4657561098318318	0.48646788629529691	0.90893173217773438	0.44317562234590258	0.40164819470133628	1.8579117261693987	-1	2	-0.21618260385785157	0.40388834476470947	0.40388834476470947	2011	0.0015730883722114405	3.1634807165172067
0	10	27	89298	35851	3	199899	0.48646788629529691	0.49965730408972686	0.90893173217773438	0.42246384588243746	2.6900347839681626	1.7542638821698648	1	4	0.17669246866579652	0.44787380766680551	0.44787380766680551	1199	0.0026384326242845763	3.1634807165172067
0	11	26	193903	89298	0	376361	0.49965730408972686	0.51094583856123865	0.90893173217773438	0.40927442808800751	0.27650047682820483	1.664885642081829	-1	1	-0.1660777592402439	0.51918390711732976	0.51918390711732976	757	0.0041789705634309206	3.1634807165172067
0	12	25	372246	193903	3	625425	0.51094583856123865	0.51407400728940722	0.90893173217773438	0.39798589361649572	3.134830354500961	1.5208151521511903	2	4	-0.088656635430179417	0.5895630209082815	0.5895630209082815	545	0.0058045517734260678	3.1634807165172067
0	13	24	612803	372246	1	920507	0.51407400728940722	0.51612987931210264	0.90893173217773438	0.39485772488832721	1.1108262783639835	1.5359073924776838	0	2	-0.072156875412391588	0.59512174129486084	0.59512174129486084	389	0.0081323411735660846	3.1634807165172067
0	14	23	953181	612803	-3	1003490	0.51612987931210264	0.53438262352668375	0.90893173217773438	0.39280185286563174	-2.6771465305438258	1.4977114077361924	-4	-2	-0.21556453919528526	0.51901395675581563	0.51901395675581563	242	0.013072234365773582	3.1634807165172067
0	15	22	1326468	953181	2	834361	0.53438262352668375	0.53498612944305779	0.90893173217773438	0.37454910865105062	2.0557939422854741	1.3899547652861663	1	3	-0.040140833125592537	0.64015183925176145	0.64015183925176145	192	0.016476462065193785	3.1634807165172067
0	16	21	2128733	1326468	-3	676680	0.53498612944305779	0.53505757345843541	0.90893173217773438	0.37394560273467659	-3.0193366723316899	1.3989526834967094	-4	-2	0.013822249000843577	0.64999020099639893	0.64999020099639893	145	0.02181710838977384	3.1634807165172067
0	17	20	2842778	2128733	3	525163	0.53505757345843541	0.54791060303023464	0.90893173217773438	0.37387415871929902	3.2406746033143614	1.2980464557633071	2	4	-0.18541293514247492	0.58492078140141912	0.58492078140141912	107	0.029565240341282308	3.1634807165172067
0	18	19	3509290	2842778	1	393585	0.54791060303023464	0.60904232200182873	0.90893173217773438	0.36102112914749973	0.50876538355553735	1.1937735971412209	0	1	0.41149730369380139	0.50685817003250122	0.50685817003250122	55	0.057517831209403757	3.1634807165172067
0	19	18	3800534	3509290	3	315563	0.60904232200182873	0.6091411182498484	0.90893173217773438	0.29988941017590565	3.0210091379093367	1.157493527121163	2	4	-0.018150544618240023	0.70395921611846657	0.70395921611846657	45	0.070299571478160156	3.1634807165172067
0	20	17	5233955	3800534	2	230230	0.6091411182498484	0.61581809284856304	0.90893173217773438	0.29979061392788592	1.8403795287029954	1.0695663783927412	1	2	0.14923849002889322	0.76384392557578262	0.76384392557578262	37	0.085499478824789366	3.1634807165172067
0	21	16	6017751	5233955	-5	181695	0.61581809284856304	0.61584190792334548	0.90893173217773438	0.29311363932917134	-5.0103456463814728	1.1477562570898228	-6	-4	0.0090138008985500093	0.709771135158207	0.709771135158207	32	0.098858772391162711	3.1634807165172067
0	22	15	6519875	6017751	-1	126804	0.61584190792334548	0.61618400241006621	0.90893173217773438	0.2930898242543889	-0.96497145710825594	1.025296334505216	-1	0	-0.034164311051251374	0.84156729455210588	0.84156729455210588	30	0.10544935721724022	3.1634807165172067
0	23	14	6776673	6519875	-2	83235	0.61618400241006621	0.62585201994772555	0.90893173217773438	0.29274772976766816	-1.8248039217200536	0.96405638097886115	-2	-1	-0.18172804177911242	0.77565418518104878	0.77565418518104878	26	0.1216723352506618	3.1634807165172067
0	24	13	6779873	6776673	5	52120	0.62585201994772555	0.63463623264001812	0.90893173217773438	0.28307971223000888	4.8396671944874754	0.91017592381103185	4	5	0.17615584121494779	0.81649130582809448	0.81649130582809448	22	0.1437945780235094	3.1634807165172067
0	25	12	6783125	6779873	-9	29771	0.63463623264001812	0.65533487690477854	0.90893173217773438	0.27429549953771626	-9.225768695208675	0.82186808050377658	-10	-9	0.27470186586427148	0.79161256551742554	0.79161256551742554	17	0.18608710097160039	3.1634807165172067
0	26	11	6784273	6783125	-3	18286	0.65533487690477854	0.67931070377904867	0.90893173217773438	0.25359685527295578	-2.7358570430614391	0.85906133018112485	-3	-2	-0.30747857883775198	0.7499241828918457	0.7499241828918457	13	0.24334467050132361	3.1634807165172067
0	27	10	6784744	6784273	-1	9890	0.67931070377904867	0.73263716739830287	0.90893173217773438	0.22962102839868567	-1.3544822163998496	0.73557826686952643	-2	-1	0.48190958374620668	0.68811273574829102	0.68811273574829102	11	0.28758915604701879	3.1634807165172067
0	28	9	6784931	6784744	5	5416	0.73263716739830287	0.7376693921168066	0.90893173217773438	0.17629456477943148	4.891401427117045	0.64278179239606503	5	5	0.16895091641929927	1	1	10	0.31634807165172069	3.1634807165172067
0	29	8	6785001	6784931	-6	2683	0.7376693921168066	0.74061159684127054	0.90893173217773438	0.17126234006092783	-5.9226563958938012	0.59009087428798057	-6	-6	-0.13107066636053943	1	1	9	0.35149785739080075	3.1634807165172067
0	30	7	6785092	6785001	2	1263	0.74061159684127054	0.75042922182004557	0.90893173217773438	0.16832013533646384	2.1363345397213442	0.56450879529663212	2	2	-0.24151003643743871	1	1	8	0.39543508956465084	3.1634807165172067
0	31	6	6785114	6785092	3	580	0.75042922182004557	0.75169730556722381	0.90893173217773438	0.15850251035768884	3.0493829359152511	0.55210414842505195	3	3	-0.089444964425864665	1	1	7	0.45192581664531523	3.1634807165172067
0	32	5	6785162	6785114	-2	223	0.75169730556722381	0.75170769323286546	0.90893173217773438	0.1572344266105106	-1.9959886848198805	0.49351644246834603	-2	-2	-0.0081280274271242018	1	1	6	0.52724678608620112	3.1634807165172067
0	33	4	6785232	6785162	3	86	0.75170769323286546	0.76499477415440797	0.90893173217773438	0.15722403894486889	2.8655808339290036	0.46238728289441866	3	3	0.29070688369621395	1	1	5	0.63269614330344137	3.1634807165172067
0	34	3	6785254	6785232	-4	49	0.76499477415440797	0.79728834830464745	0.90893173217773438	0.14393695802332634	-3.7872851833962922	0.44908220322562098	-4	-4	-0.47366565647857362	1	1	4	0.79087017912930169	3.1634807165172067
0	35	2	6785275	6785254	-3	17	0.79728834830464745	0.80665284640491408	0.90893173217773438	0.11164338387308687	-2.8949733468450312	0.36263838249369978	-3	-3	-0.28961813813735965	1	1	3	1.0544935721724022	3.1634807165172067
0	36	1	6785312	6785275	7	8	0.80665284640491408	0.8084832981948159	0.90893173217773438	0.10227888577282028	7.0472073114026941	0.35287680559953372	7	7	-0.13377844804078057	1	1	2	1.5817403582586034	3.1634807165172067
0	37	0	6785322	6785312	-4	3	0.8084832981948159	0.81052684783935547	0.90893173217773438	0.10044843398291851	-4.0460974542497556	0.32318852377645613	-4	-4	0.14263332655227665	1	1	1	3.1634807165172067	3.1634807165172067
1	1	36	1	0	0	7	0	0	0.61815619468688965	0.61815619468688965	0	3.1492036125101119	-3	3	0	0.31377305645426939	0.31377305645426939	2967407	2.6393088038123924e-06	7.8319034195945196
1	2	35	3	1	0	37	0	0	0.61815619468688965	0.61815619468688965	0	2.84163622622517	-2	2	0	0.37500123768066013	0.37500123768066013	1382120	5.6665871411994033e-06	7.8319034195945196
1	3	34	16	3	0	151	0	0	0.61815619468688965	0.61815619468688965	0	2.6244053185486766	-2	2	0	0.39117412904224647	0.39117412904224647	682481	1.1475635833956578e-05	7.8319034195945196
1	4	33	51	16	0	531	0	0	0.61815619468688965	0.61815619468688965	0	2.5776916107589121	-2	2	0	0.3950244843218399	0.3950244843218399	337869	2.3180295971499365e-05	7.8319034195945196
1	5	32	150	51	0	1737	0	0	0.61815619468688965	0.61815619468688965	0	2.7119301524882826	-2	2	0	0.38433162926795017	0.38433162926795017	152413	5.1386059060542866e-05	7.8319034195945196
1	6	31	398	150	-1	4819	0	0.098261070877898787	0.61815619468688965	0.61815619468688965	0	2.5081780706919106	-2	2	-0.39869577510664467	0.19987074732973059	0.19987074732973059	35975	0.00021770405613883307	7.8319034195945196
1	7	30	2376	398	1	12693	0.098261070877898787	0.13443056316617893	0.61815619468688965	0.51989512380899083	0.38616294245226723	2.3272324780822253	-1	2	0.26376267232810796	0.30969171367362947	0.30969171367362947	12311	0.00063617118183693607	7.8319034195945196
1	8	29	5656	2376	0	29215	0.13443056316617893	0.15004103911457473	0.61815619468688965	0.48372563152071069	0.37249527501584412	2.0735391812211179	-1	2	-0.17964226496867047	0.38261166075998226	0.38261166075998226	5505	0.0014226890862115385	7.8319034195945196
1	9	28	16220	5656	0	58355	0.15004103911457473	0.16102940535251312	0.61815619468688965	0.46811515557231492	0.28509706113868893	1.860812130614673	-1	2	-0.1532110933974373	0.42433188313987591	0.42433188313987591	2985	0.002623753239395149	7.8319034195945196
1	10	27	41022	16220	0	107281	0.16102940535251312	0.16515956114693386	0.61815619468688965	0.45712678933437656	0.16923215655231463	1.7804017331706974	-1	1	-0.095052792523927163	0.5192692845633835	0.5192692845633835	1871	0.0041859451734871829	7.8319034195945196
1	11	26	95300	41022	0	181415	0.16515956114693386	0.19116355854760145	0.61815619468688965	0.45299663353995578	-0.40975157883867025	1.7102045831182058	-2	1	0.23959214171416421	0.39559274617140927	0.39559274617140927	942	0.008314122526108832	7.8319034195945196
1	12	25	193235	95300	0	310387	0.19116355854760145	0.19220246665988902	0.61815619468688965	0.42699263613928823	-0.086464805781284237	1.7529155523059667	-1	1	0.049326281387337502	0.5421326986342675	0.5421326986342675	631	0.012411891314729825	7.8319034195945196
1	13	24	447358	193235	1	449805	0.19220246665988902	0.20230862277759049	0.61815619468688965	0.42595372802700066	0.76246466986677164	1.5421138033641526	0	2	0.15403229619956724	0.5237958604074755	0.5237958604074755	417	0.018781542972648727	7.8319034195945196
1	14	23	1031588	447358	0	624708	0.20230862277759049	0.26524031852389407	0.61815619468688965	0.41584757190929916	-0.59152318815773208	1.5205620311061996	-2	0	0.38901615064490502	0.38000456481323747	0.38000456481323747	179	0.043753650388796202	7.8319034195945196
1	15	22	2028355	1031588	0	821024	0.26524031852389407	0.28877470892863166	0.61815619468688965	0.35291587616299558	0.36664642985698803	1.4198144166487421	-1	1	-0.25823546060505687	0.48516675801452364	0.48516675801452364	100	0.0783190341959452	7.8319034195945196
1	16	21	3432847	2028355	0	909376	0.28877470892863166	0.30591274761243181	0.61815619468688965	0.32938148575825799	-0.29652754228926687	1.2999722172495192	-1	1	0.22810298432120324	0.52559601477390505	0.52559601477390505	66	0.11866520332718969	7.8319034195945196
1	17	20	4281658	3432847	0	880282	0.30591274761243181	0.30820305212153981	0.61815619468688965	0.31224344707445784	0.10532844787736417	1.2298318518208737	-1	1	-0.085644592568826519	0.6088069768072214	0.6088069768072214	51	0.15356673371753959	7.8319034195945196
1	18	19	5920501	4281658	0	783705	0.30820305212153981	0.34879292672626366	0.61815619468688965	0.30995314256534984	0.42911149377886776	1.185794179994029	0	1	-0.36187687628980308	0.54682181576286049	0.54682181576286049	32	0.24474698186232874	7.8319034195945196
1	19	18	7119549	5920501	0	681927	0.34879292672626366	0.36266848715646749	0.61815619468688965	0.26936326796062598	0.24975009090080505	1.1003974480706391	0	1	-0.2269635315300845	0.66703308782351045	0.66703308782351045	25	0.3132761367837808	7.8319034195945196
1	20	17	7387880	7119549	0	524726	0.36266848715646749	0.36318549205552164	0.61815619468688965	0.25548770753042216	0.043360090025498177	0.96389083470608916	0	1	-0.044984440627780835	0.86932295560836792	0.86932295560836792	23	0.34051753998237044	7.8319034195945196
1	21	16	7429932	7387880	-1	382573	0.36318549205552164	0.36635811618367498	0.61815619468688965	0.25497070263136801	-0.89861480308580544	0.90888801780669715	-1	0	-0.11154861207088471	0.85249394178390503	0.85249394178390503	21	0.3729477818854533	7.8319034195945196
1	22	15	7446853	7429932	1	265660	0.36635811618367498	0.37501008039468248	0.61815619468688965	0.25179807850321467	1.1605293508922634	0.86601078035751899	1	2	-0.18536645793946274	0.82749462127685547	0.82749462127685547	18	0.43510574553302889	7.8319034195945196
1	23	14	7451675	7446853	0	168193	0.37501008039468248	0.39509179265705707	0.61815619468688965	0.24314611429220717	0.22633353225011268	0.78755736631483975	0	1	-0.28738672499398848	0.80058437585830688	0.80058437585830688	15	0.52212689463963469	7.8319034195945196
1	24	13	7453586	7451675	0	105537	0.39509179265705707	0.4102303641437039	0.61815619468688965	0.2230644020298326	-0.19730182481257211	0.75736248350974822	0	0	0.26051174848038611	1	1	14	0.55942167282818001	7.8319034195945196
1	25	12	7454067	7453586	0	64687	0.4102303641437039	0.41301370373960899	0.61815619468688965	0.20792583054318575	-0.084008128598167128	0.72609330741298372	0	0	0.11569880584284933	1	1	13	0.60245410919957842	7.8319034195945196
1	26	11	7454219	7454067	0	39485	0.41301370373960899	0.41308890111983715	0.61815619468688965	0.20514249094728065	-0.013909598253711315	0.7265090750803862	0	0	0.019145801106713302	1	1	12	0.6526586182995433	7.8319034195945196
1	27	10	7454428	7454219	-1	22434	0.41308890111983715	0.41309430833806915	0.61815619468688965	0.20506729356705253	-1.0035203178750698	0.68555630889132768	-1	-1	0.0051349799125367437	1	1	11	0.71199121996313819	7.8319034195945196
1	28	9	7454548	7454428	0	12326	0.41309430833806915	0.41610988242196262	0.61815619468688965	0.2050618863488205	0.081288079588172274	0.67032333245236542	0	0	-0.12126697021090008	1	1	10	0.78319034195945192	7.8319034195945196
1	29	8	7454604	7454548	1	6406	0.41610988242196262	0.42588225581420958	0.61815619468688965	0.20204631226492706	1.1413358658352128	0.64265489754724725	1	1	-0.21992498053719722	1	1	9	0.87021149106605777	7.8319034195945196
1	30	7	7454680	7454604	0	3060	0.42588225581420958	0.45107763449754101	0.61815619468688965	0.19227393887268004	0.21301886283261146	0.58846119382203421	0	0	-0.36199305080605509	1	1	8	0.97898792744931495	7.8319034195945196
1	31	6	7454740	7454680	1	1344	0.45107763449754101	0.45793510275286631	0.61815619468688965	0.16707856018934866	0.89209169173559422	0.53263946676551321	1	1	0.20259164969446558	1	1	7	1.11884334565636	7.8319034195945196
1	32	5	7454776	7454740	0	610	0.45793510275286631	0.46934938069628657	0.61815619468688965	0.16022109193402334	0.13218172367011269	0.49523009939314483	0	0	-0.2669097129437169	1	1	6	1.3053172365990866	7.8319034195945196
1	33	4	7454796	7454776	-1	272	0.46934938069628657	0.49421057962621268	0.61815619468688965	0.14880681399060308	-1.1911339373211081	0.4676147278884708	-1	-1	0.40874233834374585	1	1	5	1.5663806839189038	7.8319034195945196
1	34	3	7454836	7454796	0	105	0.49421057962621268	0.49644371911188395	0.61815619468688965	0.12394561506067699	0.057642596355943362	0.42943871273862355	0	0	-0.13422775973862269	1	1	4	1.9579758548986299	7.8319034195945196
1	35	2	7454872	7454836	0	39	0.49644371911188395	0.49761585623266896	0.61815619468688965	0.12171247557500567	-0.03942833803657609	0.40177860750675226	0	0	0.098134488247768298	1	1	3	2.6106344731981732	7.8319034195945196
1	36	1	7454916	7454872	0	14	0.49761585623266896	0.52969827648144152	0.61815619468688965	0.12054033845422067	-0.19977839154022325	0.3872408402522185	0	0	0.51590217449715059	1	1	2	3.9159517097972598	7.8319034195945196
1	37	0	7454932	7454916	-2	6	0.52969827648144152	0.53077507019042969	0.61815619468688965	0.088457918205448099	-2.0364487427329601	0.33035786800536759	-2	-2	0.11033108717231406	1	1	1	7.8319034195945196	7.8319034195945196
2	1	36	1	0	0	5	0	0	0.53077507019042969	0.53077507019042969	0	2.9181451242539671	-2	2	0	0.39751127362251282	0.39751127362251282	203339	0	0
2	2	35	3	1	0	19	0	0	0.53077507019042969	0.53077507019042969	0	2.6331440957077197	-2	2	0	0.42130547761917114	0.42130547761917114	120972	0	0
2	3	34	14	3	0	71	0	0	0.53077507019042969	0.53077507019042969	0	2.431851517623778	-2	2	0	0.44153553247451782	0.44153553247451782	76511	0	0
2	4	33	31	14	0	207	0	0	0.53077507019042969	0.53077507019042969	0	2.3885652156263428	-2	2	0	0.44633194804191589	0.44633194804191589	48320	0	0
2	5	32	74	31	0	559	0	0	0.53077507019042969	0.53077507019042969	0	2.4098504820740798	-2	2	0	0.44395202398300171	0.44395202398300171	29605	0	0
2	6	31	167	74	0	1349	0	0	0.53077507019042969	0.53077507019042969	0	2.4296075992673263	-2	2	0	0.44178000092506409	0.44178000092506409	17632	0	0
2	7	30	370	167	0	2719	0	0	0.53077507019042969	0.53077507019042969	0	2.1770410116096568	-2	2	0	0.47246295213699341	0.47246295213699341	11613	0	0
2	8	29	845	370	0	4565	0	0	0.53077507019042969	0.53077507019042969	0	1.9447167133254932	-1	1	0	0.58304357528686523	0.58304357528686523	8368	0	0
2	9	28	1353	845	0	7573	0	0	0.53077507019042969	0.53077507019042969	0	2.0474358118472775	-2	2	0	0.49103567004203796	0.49103567004203796	5571	0	0
2	10	27	3305	1353	0	11345	0	0	0.53077507019042969	0.53077507019042969	0	1.9676748868512652	-1	1	0	0.58012360334396362	0.58012360334396362	3746	0	0
2	11	26	5057	3305	0	16361	0	0	0.53077507019042969	0.53077507019042969	0	1.9702601542202938	-1	1	0	0.57979875802993774	0.57979875802993774	2521	0	0
2	12	25	9246	5057	0	22655	0	0	0.53077507019042969	0.53077507019042969	0	1.9511504899532943	-1	1	0	0.58221894502639771	0.58221894502639771	1630	0	0
2	13	24	13047	9246	0	31101	0	0	0.53077507019042969	0.53077507019042969	0	2.0107083339778318	-2	2	0	0.49670764803886414	0.49670764803886414	1015	0	0
2	14	23	25459	13047	0	37445	0	0	0.53077507019042969	0.53077507019042969	0	1.8185633606814759	-1	1	0	0.60027766227722168	0.60027766227722168	708	0	0
2	15	22	33675	25459	0	40661	0	0	0.53077507019042969	0.53077507019042969	0	1.7030726286692044	-1	1	0	0.61803138256072998	0.61803138256072998	489	0	0
2	16	21	42214	33675	0	40587	0	0	0.53077507019042969	0.53077507019042969	0	1.6200907615641986	-1	1	0	0.63212674856185913	0.63212674856185913	342	0	0
2	17	20	53315	42214	0	38977	0	0	0.53077507019042969	0.53077507019042969	0	1.5934508776824616	-1	1	0	0.63691294193267822	0.63691294193267822	245	0	0
2	18	19	78716	53315	0	33789	0	0	0.53077507019042969	0.53077507019042969	0	1.487187908968344	-1	1	0	0.65738731622695923	0.65738731622695923	184	0	0
2	19	18	112417	78716	0	25993	0	0	0.53077507019042969	0.53077507019042969	0	1.34547601820256	-1	1	0	0.68854278326034546	0.68854278326034546	151	0	0
2	20	17	149942	112417	0	18703	0	0	0.53077507019042969	0.53077507019042969	0	1.3052293036206704	-1	1	0	0.69828629493713379	0.69828629493713379	124	0	0
2	21	16	218563	149942	0	13507	0	0	0.53077507019042969	0.53077507019042969	0	1.3488052376557782	-1	1	0	0.68775546550750732	0.68775546550750732	83	0	0
2	22	15	274252	218563	0	9187	0	0	0.53077507019042969	0.53077507019042969	0	1.3114211243845271	-1	1	0	0.69675987958908081	0.69675987958908081	66	0	0
2	23	14	350321	274252	0	6105	0	0	0.53077507019042969	0.53077507019042969	0	1.2863945516780353	-1	1	0	0.70299184322357178	0.70299184322357178	51	0	0
2	24	13	361924	350321	0	3629	0	0	0.53077507019042969	0.53077507019042969	0	1.1640236365114265	-1	1	0	0.73595142364501953	0.73595142364501953	38	0	0
2	25	12	368339	361924	0	2107	0	0	0.53077507019042969	0.53077507019042969	0	1.1687133955765843	-1	1	0	0.73460942506790161	0.73460942506790161	31	0	0
2	26	11	370062	368339	0	1101	0	0	0.53077507019042969	0.53077507019042969	0	1.102942908147803	-1	1	0	0.75402271747589111	0.75402271747589111	22	0	0
2	27	10	370985	370062	0	523	0	0	0.53077507019042969	0.53077507019042969	0	1.0823719531282552	-1	1	0	0.76035857200622559	0.76035857200622559	17	0	0
2	28	9	371146	370985	0	291	0	0	0.53077507019042969	0.53077507019042969	0	1.0537761705729307	-1	1	0	0.76937562227249146	0.76937562227249146	14	0	0
2	29	8	371263	371146	0	105	0	0	0.53077507019042969	0.53077507019042969	0	1.0062218629611033	-1	1	0	0.78490555286407471	0.78490555286407471	11	0	0
2	30	7	371284	371263	0	43	0	0	0.53077507019042969	0.53077507019042969	0	0.90315465962724206	0	0	0	1	1	10	0	0
2	31	6	371285	371284	0	15	0	0	0.53077507019042969	0.53077507019042969	0	0.94832250284130826	0	0	0	1	1	9	0	0
2	32	5	371300	371285	0	11	0	0	0.53077507019042969	0.53077507019042969	0	0.8571231669133168	0	0	0	1	1	8	0	0
2	33	4	371303	371300	0	5	0	0	0.53077507019042969	0.53077507019042969	0	0.89430842146163647	0	0	0	1	1	7	0	0
2	34	3	371304	371303	0	5	0	0	0.53077507019042969	0.53077507019042969	0	0.90146905722517257	0	0	0	1	1	6	0	0
2	35	2	371311	371304	0	5	0	0	0.53077507019042969	0.53077507019042969	0	0.83837319330262405	0	0	0	1	1	5	0	0
2	36	1	371316	371311	0	3	0	0	0.53077507019042969	0.53077507019042969	0	0.81005131995983104	0	0	0	1	1	4	0	0
2	37	0	371323	371316	1	3	0	0.53077507019042969	0.53077507019042969	0.53077507019042969	0	1.000000000002	-1	1	0.99999999999800004	0.10650698095560074	0.10650698095560074	1	0	0
