[phase 0 initial]
[[-184 -131 -378 -306 -203 599 -387 105 97 105 -491 440 124 -119 -688 -502 -177 -301 -20 -38 -48 185 80 -607 -12 432 -84 55 168 -18 110]
[141 83 315 286 465 14 514 43 -22 -278 761 296 -61 -248 462 -82 -59 653 385 -111 315 -46 554 -122 513 -100 588 50 86 225 -2]
[-215 -316 409 99 451 11 430 216 221 694 -28 421 357 -630 -400 -472 -210 146 480 133 9 -23 344 20 -119 -164 -296 152 -499 171 124]
[-127 230 124 -398 232 267 17 276 -548 -469 510 -37 1 511 107 439 -578 409 -7 158 -148 133 888 -47 -167 89 165 -295 470 -279 -124]
[-695 606 -267 -98 -724 128 -389 -63 -73 -265 -175 -323 19 153 -626 -169 -31 260 -120 48 -280 216 -358 -94 41 338 729 -818 176 -309 1]
[71 251 -207 -334 -61 204 -367 -84 -402 23 -447 86 -82 550 10 505 -120 123 -58 -592 736 286 -458 111 454 -234 -204 787 340 -178 -124]
[-718 529 497 -524 -68 58 114 197 -542 627 84 -491 296 81 126 475 -128 580 -189 247 521 -140 -675 325 -538 -547 -537 -752 -288 -265 -109]
[346 -63 59 174 280 -711 -463 168 122 -161 -196 179 -83 208 -35 242 -477 69 -11 141 -244 459 247 442 -205 466 -674 46 -572 -85 -114]
[-362 -150 24 -277 -904 -399 -243 -8 24 273 -236 -390 582 -119 -422 -645 -13 -509 -438 258 -414 -552 -325 -403 -14 339 263 -339 176 438 125]
[450 -273 262 -658 483 318 -366 72 -270 -495 232 -74 243 -424 833 63 -513 268 -273 -25 -57 -212 811 -192 267 668 49 -252 -198 218 -25]
[389 -449 31 -492 34 -238 154 -180 432 480 120 -219 360 -14 325 243 -176 -438 36 -474 -206 -576 230 487 200 -680 -587 230 -644 -135 172]
[-115 -107 329 -576 -440 -470 -730 -423 74 -350 272 -553 201 -226 430 110 325 18 -429 88 -628 -274 -221 -15 38 195 -196 -582 431 -397 -17]
[49 -376 -256 -170 126 -426 -24 -339 797 -286 130 353 -247 197 130 -281 581 -761 -82 76 162 -316 -35 -629 -135 -263 366 -104 703 244 318]
[680 169 -510 189 -135 267 430 151 -45 -153 520 -654 -16 -62 427 -363 527 67 -358 -368 -496 -178 450 438 191 -182 511 -363 -201 241 -14]
[145 -105 219 -293 562 206 219 -318 -440 294 -283 150 110 -351 207 -893 23 265 242 -97 377 -41 -97 65 -69 -276 10 391 390 106 10]
[461 10 -56 315 363 171 398 -67 61 342 -78 691 218 -63 -316 -9 -444 170 718 307 158 -237 364 -76 687 -351 -315 348 -46 168 -78]
[-356 576 -189 215 -429 821 267 -572 -233 -106 -307 -633 -646 51 -299 -391 177 -344 -486 -230 -211 204 -239 -31 -390 400 159 -151 111 -136 -107]
[237 283 -180 367 -336 75 -128 -165 -219 -226 -443 -191 -83 740 -178 -376 -47 -329 -871 602 -296 151 -16 389 -67 25 2 128 221 454 -495]
[397 144 -623 -383 343 190 -131 165 -317 -20 659 237 -501 -22 309 321 261 487 143 -449 131 -253 61 190 953 -185 266 -92 65 -9 -15]
[74 355 473 175 -1065 -363 -71 34 416 -332 -251 18 -193 662 -214 227 -113 -471 -451 -338 167 -67 -47 120 472 -52 39 569 231 -222 -15]
[17 -10 -580 458 -182 183 -646 -190 604 143 -2 -320 -182 280 -502 -16 280 -432 -341 -45 -930 -430 -377 -301 341 258 -41 -210 -31 26 -101]
[-95 267 -34 -395 325 312 463 401 -283 96 -167 284 117 202 103 -107 -252 149 156 -1 29 726 215 386 -21 -135 -177 630 -117 250 -152]
[-124 -233 -472 227 443 160 -312 101 -186 -109 321 -84 -277 -320 -62 -90 -586 -445 -38 127 7 -320 118 -137 -425 396 -479 -483 -722 68 261]
[190 46 -273 -257 324 -74 208 -272 322 294 -116 623 -132 -216 -488 -106 517 -563 298 -408 170 156 6 -368 258 -534 -737 238 54 -123 -244]
[-192 -31 -478 -408 278 126 255 81 -562 121 -350 -381 122 291 480 282 -425 -96 529 -240 -5 49 502 845 300 9 273 564 330 -58 -121]
[-1 101 118 272 -13 -401 -418 -152 318 -207 444 274 -43 -127 -148 -266 113 842 -534 -242 510 691 -460 -260 462 467 829 175 462 -67 -113]
[-148 -390 68 -127 -42 231 110 390 14 -196 -142 -287 -348 129 159 42 272 15 -450 -407 -83 -240 336 -471 -326 -72 53 -283 182 132 -308]
[253 508 -442 324 -309 335 447 17 -195 -412 -90 33 -593 51 173 730 83 210 499 -413 -129 -587 -763 558 351 -619 498 295 38 -36 60]
[-92 661 -508 329 -486 -318 -317 -64 -219 109 -7 -135 -150 636 400 599 -19 -20 -777 -52 -109 -313 -99 691 489 -354 -387 203 165 -25 -67]
[-436 243 291 172 751 132 -13 382 -105 494 -87 41 112 130 -477 26 -605 -258 -329 -139 -167 647 460 36 -222 0 282 -10 -82 293 200]
[210 197 320 -104 436 -555 -744 -36 -21 -243 -33 -220 119 248 513 475 1 161 191 444 -276 160 578 309 187 6 -92 831 461 341 -374]]
[phase 0 refreshed]
[[166 -12 -134 -423 16 -148 -89 -102 -120 816 99 -121 224 332 -30 -89 750 -472 221 92 267 -12 472 205 187 -66 53 -192 -163 -127 332]
[283 300 -121 -26 396 -304 134 -14 -72 420 -534 -332 363 -161 -215 -273 228 153 21 484 -87 -189 -36 569 65 -336 123 -538 -88 447 -62]
[361 4 -142 -270 450 -292 74 365 250 95 -533 102 -184 -441 -380 -944 -323 85 -272 -199 314 -45 -31 -202 64 114 -7 -308 144 210 40]
[-262 165 -357 -62 -257 587 -327 -274 -225 430 -492 6 671 161 -523 169 374 -233 273 645 -449 41 75 164 -11 -18 46 -175 -64 219 8]
[145 -105 219 -293 562 206 219 -318 -440 294 -283 150 110 -351 207 -893 23 265 242 -97 377 -41 -97 65 -69 -276 10 391 390 106 10]
[-113 368 -281 -7 -569 -302 -178 101 235 -75 -522 66 -373 177 -881 -265 -790 10 -60 -179 12 -16 -623 -212 226 105 -220 -345 108 -585 -83]
[-121 248 -42 224 208 601 187 -231 -247 152 269 302 610 -87 -61 87 315 420 658 534 -134 -5 629 42 502 -118 634 -125 22 444 6]
[15 -470 193 381 -8 3 -151 257 48 22 -536 -237 66 -324 -128 725 177 -497 -179 130 -285 48 68 98 93 479 33 714 -250 347 -76]
[-504 -58 -7 -335 -101 442 -271 215 14 -515 348 45 -155 -304 90 -575 208 182 -353 -456 109 376 270 -653 -186 683 819 -243 300 39 186]
[-510 282 -145 -303 123 147 -293 651 201 328 -378 70 373 -194 -722 78 83 339 -152 -334 390 491 217 -18 283 225 432 -233 -337 373 114]
[47 214 166 -346 -175 271 132 116 179 -143 578 672 -193 73 272 -213 -140 468 -195 -586 -2 -317 -113 361 287 -819 -445 402 16 80 -77]
[279 182 158 599 -431 -30 99 -448 157 -332 -709 33 362 589 -225 142 -495 -463 95 623 18 39 -41 -286 -147 -2 -285 288 388 6 -187]
[120 372 532 -218 -333 -742 191 185 563 314 -342 -123 253 -239 -251 330 162 11 441 -456 376 -407 -67 300 604 -413 160 -97 -78 -229 418]
[-115 -507 24 -827 -67 204 -117 35 446 -35 468 -174 205 -318 415 -332 32 -256 -317 -930 -97 -200 500 -166 14 3 232 -13 -344 -96 358]
[17 313 241 353 -114 -9 -104 -562 -532 178 -214 -350 187 271 96 -85 -125 -583 46 375 150 -572 -31 819 -21 -382 -300 247 -333 189 154]
[-124 548 -320 -355 -400 104 -170 -438 -52 356 520 145 269 385 -82 511 -240 60 593 -572 217 18 257 -297 349 287 -596 -197 -460 -115 346]
[-142 129 11 -208 192 -118 482 -628 -157 458 -692 85 80 454 -150 -45 -491 116 282 -58 181 351 -177 -53 -53 232 170 543 -83 446 -265]
[-73 529 -26 240 546 -71 294 24 542 -67 -130 -539 464 -15 117 49 193 219 469 41 -517 186 -33 -67 131 11 521 -256 63 332 69]
[449 47 837 211 -287 147 344 -401 333 391 86 161 -44 664 697 43 753 -152 358 25 -387 -329 -230 -94 -401 -267 -326 675 356 -364 1]
[-30 -412 189 -36 172 -443 691 -135 -127 84 -57 274 305 -780 -313 -503 -460 404 312 315 -1 135 239 269 424 -518 77 193 204 94 -252]
[96 125 -105 -79 -80 4 290 309 -259 -380 -1033 -244 -355 -216 -309 -573 -512 -342 -263 312 -612 454 -323 206 -106 571 146 451 290 125 -301]
[558 243 -70 202 -117 685 -225 340 266 194 -98 214 162 -156 -289 144 35 -451 648 -324 -309 -135 253 85 258 217 147 -485 -121 233 331]
[-209 -263 -496 -21 -189 200 -571 13 -114 39 -399 -98 -42 -818 359 272 381 -493 -285 -200 -514 -535 82 -273 233 654 70 296 411 -37 472]
[-135 -26 786 -356 36 -438 -46 -186 106 72 52 973 -486 -199 -135 -487 -236 91 350 76 435 -469 -75 -174 711 -97 8 444 547 -188 118]
[347 156 66 409 -771 -267 -408 38 -162 273 -517 148 538 175 -676 42 744 -503 63 21 10 -277 -33 215 136 -328 21 -57 -312 -142 -205]
[-59 -62 90 142 -654 -282 -8 222 804 -373 -261 224 79 383 160 273 -645 -756 -218 -292 -377 -572 -647 -41 -124 32 147 605 202 -366 -331]
[-558 296 -125 75 153 504 86 -334 134 -712 132 355 36 -572 -203 79 526 159 17 -273 -389 400 -201 -455 -114 -235 159 -43 285 280 -492]
[-52 58 215 228 -146 -355 301 156 -530 -410 243 87 -418 128 297 318 27 -588 -386 -86 401 107 -195 -668 -281 530 -185 377 -89 429 -455]
[345 -580 -189 -117 323 -11 -123 364 150 -38 -555 -94 -103 -175 -334 205 177 -344 433 345 -220 -423 -92 362 -501 61 -225 -258 202 357 -222]
[-67 469 296 598 16 118 -382 -405 -25 -500 538 -64 297 -363 605 -372 -308 427 -94 -236 -234 394 333 37 -353 -483 591 174 293 430 3]
[165 140 496 -29 27 409 471 -314 -237 -383 764 45 -10 31 139 208 358 -601 372 -69 -212 -371 380 -114 -200 -713 120 491 75 -93 609]]
[phase 1 initial]
[[166 -12 -134 -423 16 -148 -89 -102 -120 816 99 -121 224 332 -30 -89 750 -472 221 92 267 -12 472 205 187 -66 53 -192 -163 -127 332]
[283 300 -121 -26 396 -304 134 -14 -72 420 -534 -332 363 -161 -215 -273 228 153 21 484 -87 -189 -36 569 65 -336 123 -538 -88 447 -62]
[361 4 -142 -270 450 -292 74 365 250 95 -533 102 -184 -441 -380 -944 -323 85 -272 -199 314 -45 -31 -202 64 114 -7 -308 144 210 40]
[-262 165 -357 -62 -257 587 -327 -274 -225 430 -492 6 671 161 -523 169 374 -233 273 645 -449 41 75 164 -11 -18 46 -175 -64 219 8]
[145 -105 219 -293 562 206 219 -318 -440 294 -283 150 110 -351 207 -893 23 265 242 -97 377 -41 -97 65 -69 -276 10 391 390 106 10]
[-113 368 -281 -7 -569 -302 -178 101 235 -75 -522 66 -373 177 -881 -265 -790 10 -60 -179 12 -16 -623 -212 226 105 -220 -345 108 -585 -83]
[-121 248 -42 224 208 601 187 -231 -247 152 269 302 610 -87 -61 87 315 420 658 534 -134 -5 629 42 502 -118 634 -125 22 444 6]
[15 -470 193 381 -8 3 -151 257 48 22 -536 -237 66 -324 -128 725 177 -497 -179 130 -285 48 68 98 93 479 33 714 -250 347 -76]
[-504 -58 -7 -335 -101 442 -271 215 14 -515 348 45 -155 -304 90 -575 208 182 -353 -456 109 376 270 -653 -186 683 819 -243 300 39 186]
[-510 282 -145 -303 123 147 -293 651 201 328 -378 70 373 -194 -722 78 83 339 -152 -334 390 491 217 -18 283 225 432 -233 -337 373 114]
[47 214 166 -346 -175 271 132 116 179 -143 578 672 -193 73 272 -213 -140 468 -195 -586 -2 -317 -113 361 287 -819 -445 402 16 80 -77]
[279 182 158 599 -431 -30 99 -448 157 -332 -709 33 362 589 -225 142 -495 -463 95 623 18 39 -41 -286 -147 -2 -285 288 388 6 -187]
[120 372 532 -218 -333 -742 191 185 563 314 -342 -123 253 -239 -251 330 162 11 441 -456 376 -407 -67 300 604 -413 160 -97 -78 -229 418]
[-115 -507 24 -827 -67 204 -117 35 446 -35 468 -174 205 -318 415 -332 32 -256 -317 -930 -97 -200 500 -166 14 3 232 -13 -344 -96 358]
[17 313 241 353 -114 -9 -104 -562 -532 178 -214 -350 187 271 96 -85 -125 -583 46 375 150 -572 -31 819 -21 -382 -300 247 -333 189 154]
[-124 548 -320 -355 -400 104 -170 -438 -52 356 520 145 269 385 -82 511 -240 60 593 -572 217 18 257 -297 349 287 -596 -197 -460 -115 346]
[-142 129 11 -208 192 -118 482 -628 -157 458 -692 85 80 454 -150 -45 -491 116 282 -58 181 351 -177 -53 -53 232 170 543 -83 446 -265]
[-73 529 -26 240 546 -71 294 24 542 -67 -130 -539 464 -15 117 49 193 219 469 41 -517 186 -33 -67 131 11 521 -256 63 332 69]
[449 47 837 211 -287 147 344 -401 333 391 86 161 -44 664 697 43 753 -152 358 25 -387 -329 -230 -94 -401 -267 -326 675 356 -364 1]
[-30 -412 189 -36 172 -443 691 -135 -127 84 -57 274 305 -780 -313 -503 -460 404 312 315 -1 135 239 269 424 -518 77 193 204 94 -252]
[96 125 -105 -79 -80 4 290 309 -259 -380 -1033 -244 -355 -216 -309 -573 -512 -342 -263 312 -612 454 -323 206 -106 571 146 451 290 125 -301]
[558 243 -70 202 -117 685 -225 340 266 194 -98 214 162 -156 -289 144 35 -451 648 -324 -309 -135 253 85 258 217 147 -485 -121 233 331]
[-209 -263 -496 -21 -189 200 -571 13 -114 39 -399 -98 -42 -818 359 272 381 -493 -285 -200 -514 -535 82 -273 233 654 70 296 411 -37 472]
[-135 -26 786 -356 36 -438 -46 -186 106 72 52 973 -486 -199 -135 -487 -236 91 350 76 435 -469 -75 -174 711 -97 8 444 547 -188 118]
[347 156 66 409 -771 -267 -408 38 -162 273 -517 148 538 175 -676 42 744 -503 63 21 10 -277 -33 215 136 -328 21 -57 -312 -142 -205]
[-59 -62 90 142 -654 -282 -8 222 804 -373 -261 224 79 383 160 273 -645 -756 -218 -292 -377 -572 -647 -41 -124 32 147 605 202 -366 -331]
[-558 296 -125 75 153 504 86 -334 134 -712 132 355 36 -572 -203 79 526 159 17 -273 -389 400 -201 -455 -114 -235 159 -43 285 280 -492]
[-52 58 215 228 -146 -355 301 156 -530 -410 243 87 -418 128 297 318 27 -588 -386 -86 401 107 -195 -668 -281 530 -185 377 -89 429 -455]
[345 -580 -189 -117 323 -11 -123 364 150 -38 -555 -94 -103 -175 -334 205 177 -344 433 345 -220 -423 -92 362 -501 61 -225 -258 202 357 -222]
[-67 469 296 598 16 118 -382 -405 -25 -500 538 -64 297 -363 605 -372 -308 427 -94 -236 -234 394 333 37 -353 -483 591 174 293 430 3]
[165 140 496 -29 27 409 471 -314 -237 -383 764 45 -10 31 139 208 358 -601 372 -69 -212 -371 380 -114 -200 -713 120 491 75 -93 609]]
[phase 1 refreshed]
[[148 390 -68 127 42 -231 -110 -390 -14 196 142 287 348 -129 -159 -42 -272 -15 450 407 83 240 -336 471 326 72 -53 283 -182 -132 308]
[283 300 -121 -26 396 -304 134 -14 -72 420 -534 -332 363 -161 -215 -273 228 153 21 484 -87 -189 -36 569 65 -336 123 -538 -88 447 -62]
[166 -12 -134 -423 16 -148 -89 -102 -120 816 99 -121 224 332 -30 -89 750 -472 221 92 267 -12 472 205 187 -66 53 -192 -163 -127 332]
[361 4 -142 -270 450 -292 74 365 250 95 -533 102 -184 -441 -380 -944 -323 85 -272 -199 314 -45 -31 -202 64 114 -7 -308 144 210 40]
[-262 165 -357 -62 -257 587 -327 -274 -225 430 -492 6 671 161 -523 169 374 -233 273 645 -449 41 75 164 -11 -18 46 -175 -64 219 8]
[145 -105 219 -293 562 206 219 -318 -440 294 -283 150 110 -351 207 -893 23 265 242 -97 377 -41 -97 65 -69 -276 10 391 390 106 10]
[-329 259 80 -30 -457 196 -33 -582 -455 124 -272 114 -79 267 -294 -214 -444 190 454 -77 75 -12 -689 55 93 -285 -203 354 354 -689 -113]
[-198 357 123 396 -200 -69 506 155 -95 -224 96 -359 -235 338 -95 366 -26 746 168 -14 -157 -446 262 -34 414 -517 551 -808 144 9 -495]
[15 -470 193 381 -8 3 -151 257 48 22 -536 -237 66 -324 -128 725 177 -497 -179 130 -285 48 68 98 93 479 33 714 -250 347 -76]
[-356 332 -75 -208 -59 211 -381 -175 0 -319 490 332 193 -433 -69 -617 -64 167 97 -49 192 616 -66 -182 140 755 766 40 118 -93 494]
[-510 282 -145 -303 123 147 -293 651 201 328 -378 70 373 -194 -722 78 83 339 -152 -334 390 491 217 -18 283 225 432 -233 -337 373 114]
[47 214 166 -346 -175 271 132 116 179 -143 578 672 -193 73 272 -213 -140 468 -195 -586 -2 -317 -113 361 287 -819 -445 402 16 80 -77]
[279 182 158 599 -431 -30 99 -448 157 -332 -709 33 362 589 -225 142 -495 -463 95 623 18 39 -41 -286 -147 -2 -285 288 388 6 -187]
[120 372 532 -218 -333 -742 191 185 563 314 -342 -123 253 -239 -251 330 162 11 441 -456 376 -407 -67 300 604 -413 160 -97 -78 -229 418]
[-115 -507 24 -827 -67 204 -117 35 446 -35 468 -174 205 -318 415 -332 32 -256 -317 -930 -97 -200 500 -166 14 3 232 -13 -344 -96 358]
[17 313 241 353 -114 -9 -104 -562 -532 178 -214 -350 187 271 96 -85 -125 -583 46 375 150 -572 -31 819 -21 -382 -300 247 -333 189 154]
[-124 548 -320 -355 -400 104 -170 -438 -52 356 520 145 269 385 -82 511 -240 60 593 -572 217 18 257 -297 349 287 -596 -197 -460 -115 346]
[-142 129 11 -208 192 -118 482 -628 -157 458 -692 85 80 454 -150 -45 -491 116 282 -58 181 351 -177 -53 -53 232 170 543 -83 446 -265]
[-73 529 -26 240 546 -71 294 24 542 -67 -130 -539 464 -15 117 49 193 219 469 41 -517 186 -33 -67 131 11 521 -256 63 332 69]
[225 -411 335 -36 226 -151 174 -15 -260 542 266 -363 -185 220 306 -495 209 350 -460 -6 337 64 515 -30 -310 419 677 -508 -388 -165 -194]
[-1105 -318 217 424 -197 128 227 115 -540 -196 5 -393 -624 -96 -163 321 -54 -185 172 -226 -513 94 -430 -14 -302 -190 -430 652 162 -282 -382]
[-345 580 189 117 -323 11 123 -364 -150 38 555 94 103 175 334 -205 -177 344 -433 -345 220 423 92 -362 501 -61 225 258 -202 -357 222]
[-466 -293 -295 -24 187 124 -281 731 166 250 -242 237 -51 -473 -244 -243 156 -36 -217 -30 -211 -383 423 420 -317 226 -89 -146 168 542 21]
[-52 58 215 228 -146 -355 301 156 -530 -410 243 87 -418 128 297 318 27 -588 -386 -86 401 107 -195 -668 -281 530 -185 377 -89 429 -455]
[252 -141 -328 19 156 118 172 233 -142 283 234 855 -567 -257 54 237 -329 -653 52 -308 227 426 -30 -80 331 -49 -102 300 -341 40 396]
[137 -248 1 -557 -284 -352 -558 -190 -68 -67 506 302 -366 -483 484 347 -4 -635 -377 -220 -401 152 -251 -95 369 146 -298 -282 90 -357 379]
[-630 -13 -445 220 151 -217 -504 247 -253 -239 -208 29 -184 195 -83 426 45 -58 -143 417 -863 644 -170 11 -192 -396 -676 -72 -174 -730 -128]
[262 113 -239 -502 -64 -144 201 207 -379 436 -934 -365 -131 116 -339 -662 238 -814 -42 404 -345 442 149 411 81 505 199 259 127 -2 31]
[139 182 114 16 187 228 133 151 620 -193 -17 -160 -318 -295 -278 -386 212 95 -885 322 -320 -57 251 88 204 -359 -96 -708 303 -21 -369]
[839 399 -530 303 178 158 -33 -40 15 280 709 -89 -7 -34 312 47 -80 569 453 564 -157 -104 -83 -236 -125 -122 -14 -8 314 -248 -178]
[424 -232 -419 38 27 454 -99 350 169 -463 234 651 -387 -139 -402 147 -349 124 -269 120 -586 -34 7 -251 -374 365 295 211 536 -138 58]]
[phase 2 initial]
[[148 390 -68 127 42 -231 -110 -390 -14 196 142 287 348 -129 -159 -42 -272 -15 450 407 83 240 -336 471 326 72 -53 283 -182 -132 308]
[283 300 -121 -26 396 -304 134 -14 -72 420 -534 -332 363 -161 -215 -273 228 153 21 484 -87 -189 -36 569 65 -336 123 -538 -88 447 -62]
[166 -12 -134 -423 16 -148 -89 -102 -120 816 99 -121 224 332 -30 -89 750 -472 221 92 267 -12 472 205 187 -66 53 -192 -163 -127 332]
[361 4 -142 -270 450 -292 74 365 250 95 -533 102 -184 -441 -380 -944 -323 85 -272 -199 314 -45 -31 -202 64 114 -7 -308 144 210 40]
[-262 165 -357 -62 -257 587 -327 -274 -225 430 -492 6 671 161 -523 169 374 -233 273 645 -449 41 75 164 -11 -18 46 -175 -64 219 8]
[145 -105 219 -293 562 206 219 -318 -440 294 -283 150 110 -351 207 -893 23 265 242 -97 377 -41 -97 65 -69 -276 10 391 390 106 10]
[-329 259 80 -30 -457 196 -33 -582 -455 124 -272 114 -79 267 -294 -214 -444 190 454 -77 75 -12 -689 55 93 -285 -203 354 354 -689 -113]
[-198 357 123 396 -200 -69 506 155 -95 -224 96 -359 -235 338 -95 366 -26 746 168 -14 -157 -446 262 -34 414 -517 551 -808 144 9 -495]
[15 -470 193 381 -8 3 -151 257 48 22 -536 -237 66 -324 -128 725 177 -497 -179 130 -285 48 68 98 93 479 33 714 -250 347 -76]
[-356 332 -75 -208 -59 211 -381 -175 0 -319 490 332 193 -433 -69 -617 -64 167 97 -49 192 616 -66 -182 140 755 766 40 118 -93 494]
[-510 282 -145 -303 123 147 -293 651 201 328 -378 70 373 -194 -722 78 83 339 -152 -334 390 491 217 -18 283 225 432 -233 -337 373 114]
[47 214 166 -346 -175 271 132 116 179 -143 578 672 -193 73 272 -213 -140 468 -195 -586 -2 -317 -113 361 287 -819 -445 402 16 80 -77]
[279 182 158 599 -431 -30 99 -448 157 -332 -709 33 362 589 -225 142 -495 -463 95 623 18 39 -41 -286 -147 -2 -285 288 388 6 -187]
[120 372 532 -218 -333 -742 191 185 563 314 -342 -123 253 -239 -251 330 162 11 441 -456 376 -407 -67 300 604 -413 160 -97 -78 -229 418]
[-115 -507 24 -827 -67 204 -117 35 446 -35 468 -174 205 -318 415 -332 32 -256 -317 -930 -97 -200 500 -166 14 3 232 -13 -344 -96 358]
[17 313 241 353 -114 -9 -104 -562 -532 178 -214 -350 187 271 96 -85 -125 -583 46 375 150 -572 -31 819 -21 -382 -300 247 -333 189 154]
[-124 548 -320 -355 -400 104 -170 -438 -52 356 520 145 269 385 -82 511 -240 60 593 -572 217 18 257 -297 349 287 -596 -197 -460 -115 346]
[-142 129 11 -208 192 -118 482 -628 -157 458 -692 85 80 454 -150 -45 -491 116 282 -58 181 351 -177 -53 -53 232 170 543 -83 446 -265]
[-73 529 -26 240 546 -71 294 24 542 -67 -130 -539 464 -15 117 49 193 219 469 41 -517 186 -33 -67 131 11 521 -256 63 332 69]
[225 -411 335 -36 226 -151 174 -15 -260 542 266 -363 -185 220 306 -495 209 350 -460 -6 337 64 515 -30 -310 419 677 -508 -388 -165 -194]
[-1105 -318 217 424 -197 128 227 115 -540 -196 5 -393 -624 -96 -163 321 -54 -185 172 -226 -513 94 -430 -14 -302 -190 -430 652 162 -282 -382]
[-345 580 189 117 -323 11 123 -364 -150 38 555 94 103 175 334 -205 -177 344 -433 -345 220 423 92 -362 501 -61 225 258 -202 -357 222]
[-466 -293 -295 -24 187 124 -281 731 166 250 -242 237 -51 -473 -244 -243 156 -36 -217 -30 -211 -383 423 420 -317 226 -89 -146 168 542 21]
[-52 58 215 228 -146 -355 301 156 -530 -410 243 87 -418 128 297 318 27 -588 -386 -86 401 107 -195 -668 -281 530 -185 377 -89 429 -455]
[252 -141 -328 19 156 118 172 233 -142 283 234 855 -567 -257 54 237 -329 -653 52 -308 227 426 -30 -80 331 -49 -102 300 -341 40 396]
[137 -248 1 -557 -284 -352 -558 -190 -68 -67 506 302 -366 -483 484 347 -4 -635 -377 -220 -401 152 -251 -95 369 146 -298 -282 90 -357 379]
[-630 -13 -445 220 151 -217 -504 247 -253 -239 -208 29 -184 195 -83 426 45 -58 -143 417 -863 644 -170 11 -192 -396 -676 -72 -174 -730 -128]
[262 113 -239 -502 -64 -144 201 207 -379 436 -934 -365 -131 116 -339 -662 238 -814 -42 404 -345 442 149 411 81 505 199 259 127 -2 31]
[139 182 114 16 187 228 133 151 620 -193 -17 -160 -318 -295 -278 -386 212 95 -885 322 -320 -57 251 88 204 -359 -96 -708 303 -21 -369]
[839 399 -530 303 178 158 -33 -40 15 280 709 -89 -7 -34 312 47 -80 569 453 564 -157 -104 -83 -236 -125 -122 -14 -8 314 -248 -178]
[424 -232 -419 38 27 454 -99 350 169 -463 234 651 -387 -139 -402 147 -349 124 -269 120 -586 -34 7 -251 -374 365 295 211 536 -138 58]]
