[phase 0]
score=6.169794667887164
squared_norm=1901371
coefficients=[0 0 0 0 0 0 0 0 0 0 0 0 0 0 0 0 0 0 0 0 0 0 0 0 0 0 -1 0 0 0 0]
vector=[148 390 -68 127 42 -231 -110 -390 -14 196 142 287 348 -129 -159 -42 -272 -15 450 407 83 240 -336 471 326 72 -53 283 -182 -132 308]

[phase 1]
score=4.547950918352769
squared_norm=1901371
coefficients=[0 -1 2 2 0 -2 -1 1 1 -2 0 -1 1 -2 0 1 0 0 -1 0 0 0 -1 0 0 1 0 -1 -1 0 0]
vector=[148 390 -68 127 42 -231 -110 -390 -14 196 142 287 348 -129 -159 -42 -272 -15 450 407 83 240 -336 471 326 72 -53 283 -182 -132 308]

[phase 2]
score=0
squared_norm=1901371
coefficients=[1 0 0 0 0 0 0 0 0 0 0 0 0 0 0 0 0 0 0 0 0 0 0 0 0 0 0 0 0 0 0]
vector=[148 390 -68 127 42 -231 -110 -390 -14 196 142 287 348 -129 -159 -42 -272 -15 450 407 83 240 -336 471 326 72 -53 283 -182 -132 308]

