[phase 0 initial]
[[-189 652 -373 -54 195 -207 -199 -242 392 -15 35 -121 -55 -226 88 -319 -189 -642 -9 -109 -279 44 178 355 2 -346 -228 -234 -669 -219 237 252 -192 23]
[332 199 -57 50 240 313 -17 -726 252 348 137 -23 410 -531 -160 401 -374 -257 -13 194 -278 252 -348 379 -42 407 -193 148 84 55 18 -360 -413 47]
[-200 284 -129 -553 321 70 -342 360 -36 -390 98 -74 -261 -102 -209 160 136 -298 183 -557 205 -701 160 -130 -53 -928 114 411 -476 -144 334 242 98 174]
[741 464 -32 -383 296 583 -469 -142 -103 -77 188 119 38 -310 266 92 547 -368 219 -84 189 109 -497 -93 -419 -196 13 -38 282 348 349 -363 -621 17]
[-775 668 -257 248 -36 -144 -93 281 73 54 225 294 -103 87 68 358 14 -258 469 -415 461 -710 296 273 601 -220 59 421 -322 -102 -404 327 249 180]
[-336 67 3 90 -362 -54 -160 304 430 -184 -171 0 -180 111 -176 1 -358 241 160 -272 514 -398 -149 682 237 -660 273 384 -239 178 -561 -409 384 167]
[447 514 -499 -678 447 -136 -550 -199 119 -93 -665 -231 -222 -115 -294 -366 121 89 -175 90 154 38 -184 121 -82 139 -23 81 -205 -119 680 401 -431 18]
[-545 -526 -10 90 399 -124 48 88 -107 445 907 -258 174 413 -208 773 -201 7 618 -195 122 -531 -97 -304 608 -262 -118 335 277 151 -33 -141 321 -9]
[-185 146 18 250 -323 -114 92 596 -228 -410 -130 228 139 209 319 -10 495 -162 123 2 -122 -325 182 -400 -118 583 -645 -554 -133 -173 -524 -286 78 -36]
[-145 -633 290 158 -194 110 298 -20 -209 -397 -198 -371 251 -25 -211 -355 180 -97 -329 -547 -2 -642 197 -584 -228 40 -254 506 -154 -146 -455 -55 111 48]
[228 -688 -33 -371 423 1028 -210 -837 -488 -160 -397 -374 77 -132 -22 357 323 151 -54 42 131 78 373 -605 -472 219 221 336 392 -286 -17 89 -186 93]
[393 136 -209 -19 531 -150 -699 -479 253 -370 228 -258 -231 541 -32 -65 -6 -236 -106 467 3 739 -112 345 -268 63 -511 -610 -394 -15 -330 -4 -168 -190]
[-272 -200 -103 -326 -378 264 22 405 -285 327 -413 -360 -80 370 28 395 -533 18 166 447 1 -155 -383 -64 269 -388 -61 -411 535 57 -465 -589 678 -7]
[-308 -172 -188 -105 307 336 -210 687 -107 -159 237 151 -227 241 -351 430 83 608 742 -30 1058 -73 614 -360 292 52 253 189 414 -191 381 119 -40 -49]
[373 -487 112 -593 -168 215 -328 -257 254 -98 110 -185 416 -503 -218 484 166 57 209 53 -444 -25 -315 456 -24 -497 649 -200 186 -139 554 -377 64 -56]
[48 298 -536 -568 572 -553 -551 -62 -204 -302 -98 -90 39 158 -55 155 4 -86 -237 266 193 223 -429 -16 -360 -639 -300 -90 -955 369 153 -388 122 -32]
[-391 -648 385 174 252 374 -145 10 -401 18 257 -2 -183 386 30 742 115 101 528 -299 -286 -203 -60 -240 117 -747 -5 401 559 176 -676 843 519 25]
[-40 -41 -606 -789 439 -368 -416 -22 -131 -418 -352 -770 482 66 -187 -281 -96 -202 -248 162 20 -308 -255 31 76 -702 -725 494 109 5 131 128 -32 102]
[346 579 -221 -364 450 -85 109 -121 -271 -485 -341 -9 191 285 -190 -406 305 -311 -557 403 -309 -128 -241 -486 -147 -138 -903 -70 -115 315 84 381 -848 -163]
[-121 -645 239 78 -209 -166 -350 100 -517 1 -182 -242 -479 274 -92 -81 38 584 -177 -50 67 195 -758 208 649 -40 342 165 45 -169 225 611 618 -20]
[111 142 453 145 240 -536 94 -367 -118 93 204 35 -521 946 308 -596 37 -629 150 -228 -423 -267 211 -363 -188 -35 123 -140 -59 321 233 272 202 -242]
[18 -6 -62 -482 404 299 123 4 -206 339 -225 132 -6 -53 288 197 140 -18 225 -611 109 -562 120 -396 113 -232 552 -81 359 -298 -419 727 225 110]
[94 -13 391 45 -349 -330 514 -161 -347 -20 -284 -100 157 288 -446 -657 244 62 -112 218 -400 -482 750 2 -180 90 132 193 25 -391 -125 341 48 62]
[246 164 283 350 345 -260 375 -4 308 150 143 305 175 32 -669 752 -578 -132 -406 43 -171 165 -36 57 -84 -282 275 266 71 141 442 338 372 -482]
[395 -138 189 -735 409 68 142 177 -185 179 285 236 132 309 -183 120 -126 122 103 -84 458 421 27 -4 5 270 498 349 419 420 790 -112 -30 316]
[320 294 95 422 129 17 280 414 413 46 819 386 395 336 -368 662 -291 93 646 -454 77 -256 -91 94 -97 106 -105 -359 112 79 5 -315 -233 350]
[404 -37 14 -136 148 666 277 -271 -432 14 -444 70 -266 -462 -377 -20 -324 -195 383 -60 452 -918 130 -300 -119 565 280 220 344 -230 407 116 -366 325]
[24 -173 -549 187 265 667 26 194 -448 210 -802 -99 -16 9 182 -211 -4 -608 192 -332 109 -108 109 -68 -362 -96 -223 281 50 -294 -343 248 91 79]
[604 -569 -348 66 -44 -273 68 -341 -140 -154 -35 168 -73 410 -182 128 310 228 470 252 -209 657 228 -465 -425 198 -435 -331 229 857 88 -204 -644 -178]
[31 714 322 424 152 601 28 52 -22 -293 450 112 -82 -90 149 165 803 -332 273 -258 -418 -633 -321 -96 116 -208 -131 451 -748 -203 -379 -182 2 52]
[310 -279 86 -217 757 133 65 -87 -100 251 123 -55 -19 -341 -653 497 221 390 177 456 -312 175 -267 -259 136 49 417 203 756 696 1129 6 -401 343]
[154 75 -32 27 467 112 -120 18 -39 -34 25 276 146 7 -502 676 -202 107 71 238 105 -279 -722 112 505 222 -335 330 -201 -261 -718 -48 224 916]
[-448 336 -256 -102 -206 -314 109 532 199 -91 129 -214 -220 -218 -140 -221 628 -600 -156 -677 -194 -560 157 -563 -206 79 25 266 -225 -852 303 101 -305 292]
[86 -416 -210 206 -10 102 468 -495 151 -97 534 494 139 613 -168 -157 238 291 -91 80 -481 458 338 -272 -438 503 -118 -10 432 160 -80 192 -114 36]]
[phase 0 refreshed]
[[-2 -27 17 -240 -33 -134 -157 -301 193 89 283 -243 -435 -351 -29 -287 -316 -342 34 -178 52 -399 142 -622 126 -173 318 176 281 11 -30 465 -326 -390]
[-189 652 -373 -54 195 -207 -199 -242 392 -15 35 -121 -55 -226 88 -319 -189 -642 -9 -109 -279 44 178 355 2 -346 -228 -234 -669 -219 237 252 -192 23]
[332 199 -57 50 240 313 -17 -726 252 348 137 -23 410 -531 -160 401 -374 -257 -13 194 -278 252 -348 379 -42 407 -193 148 84 55 18 -360 -413 47]
[-200 284 -129 -553 321 70 -342 360 -36 -390 98 -74 -261 -102 -209 160 136 -298 183 -557 205 -701 160 -130 -53 -928 114 411 -476 -144 334 242 98 174]
[-185 146 18 250 -323 -114 92 596 -228 -410 -130 228 139 209 319 -10 495 -162 123 2 -122 -325 182 -400 -118 583 -645 -554 -133 -173 -524 -286 78 -36]
[-210 -8 -207 485 -86 46 -234 -773 413 231 -155 -464 -271 -518 -136 -110 -369 40 -226 82 -336 -96 -209 404 113 -853 147 205 -286 -247 -266 398 -48 -280]
[145 633 -290 -158 194 -110 -298 20 209 397 198 371 -251 25 211 355 -180 97 329 547 2 642 -197 584 228 -40 254 -506 154 146 455 55 -111 -48]
[-128 48 227 -635 -309 -234 -83 776 210 -326 267 221 -344 278 -69 -176 -305 -141 420 -532 902 -701 202 -344 250 20 444 355 328 436 -325 -342 106 57]
[-439 601 -260 158 326 -90 67 -23 -357 238 396 294 77 -24 244 357 372 -499 309 -143 -53 -312 445 -409 364 440 -214 37 -83 -280 157 736 -135 13]
[-126 -130 169 276 -172 280 3 -111 -227 32 110 -89 -102 176 173 -456 484 -6 66 -685 843 -469 2 -253 167 -438 542 884 331 362 -338 313 -24 60]
[-141 -222 90 -423 -115 -28 162 -421 361 113 359 -73 902 -256 -247 128 -91 -520 260 -545 -11 -211 223 626 409 175 610 431 -64 -42 388 -207 104 337]
[-280 -3 -174 173 -264 -155 -73 63 -158 -103 80 -328 405 163 -387 -32 61 -443 101 265 172 57 470 -170 576 578 -178 -474 207 -688 -216 607 175 -402]
[17 -199 258 -221 -445 -214 -6 -22 -479 -319 -94 -432 426 46 -333 17 303 -707 -449 -153 -402 -615 -162 -295 229 -56 -89 -18 -14 -422 -500 478 505 -202]
[167 168 384 347 -421 434 -355 92 -28 -492 305 -172 73 -142 -238 -454 162 -407 630 85 -145 38 38 734 -96 -375 -317 -483 -333 -560 -39 -571 -148 36]
[447 514 -499 -678 447 -136 -550 -199 119 -93 -665 -231 -222 -115 -294 -366 121 89 -175 90 154 38 -184 121 -82 139 -23 81 -205 -119 680 401 -431 18]
[78 -88 72 -153 -2 199 -560 -40 -731 -109 -527 -163 199 -152 -316 -18 272 231 669 232 -292 58 -683 384 -100 -757 -248 108 -64 25 114 47 132 63]
[145 122 198 -4 280 473 -490 -57 421 -458 424 -242 -531 281 -186 -60 126 -448 314 -356 15 -185 477 231 39 -226 -97 -109 85 -528 -149 626 -192 16]
[-529 655 -647 -7 182 -901 -459 -442 98 231 312 35 -238 -4 193 66 -434 -388 83 230 501 -185 -151 -235 420 -104 -37 96 -520 422 -615 162 -53 -416]
[-111 -142 -453 -145 -240 536 -94 367 118 -93 -204 -35 521 -946 -308 596 -37 629 -150 228 423 267 -211 363 188 35 -123 140 59 -321 -233 -272 -202 242]
[-230 -495 -323 -85 285 -643 -143 255 -204 394 7 -392 -197 931 -133 -154 158 651 273 258 349 -44 -93 -432 621 398 -62 -143 464 121 295 378 205 -212]
[-26 300 -200 -378 292 -33 275 30 493 61 175 37 -70 48 -67 -310 -159 -165 67 -146 333 -122 924 -187 -489 -950 496 241 4 287 281 35 -283 9]
[193 140 111 -111 380 5 -47 -317 -116 -488 -16 -118 192 424 112 -453 -270 -576 188 203 101 97 503 -130 -388 -155 -401 275 476 158 116 -101 -173 -151]
[-118 -63 -452 -49 227 52 378 118 -356 -19 -104 156 538 228 44 359 91 307 282 -359 192 -201 331 -766 -564 -202 178 -296 -334 47 356 -240 -6 403]
[-176 -448 -76 -554 597 -240 -404 -88 -103 160 -52 153 -336 -88 706 -99 706 312 174 -107 86 -53 37 -137 295 -109 423 -73 93 -30 -218 523 203 -339]
[-272 -200 -103 -326 -378 264 22 405 -285 327 -413 -360 -80 370 28 395 -533 18 166 447 1 -155 -383 -64 269 -388 -61 -411 535 57 -465 -589 678 -7]
[309 -622 -221 -59 249 274 4 -253 -125 -102 -287 113 299 -238 325 175 322 -159 -155 662 503 436 -243 227 -90 693 -6 -329 238 427 210 -623 14 -163]
[352 -666 -228 66 465 45 -319 -102 -183 168 226 -352 336 147 -420 182 79 -730 215 -437 -117 -145 -409 390 70 -506 99 466 15 -196 -113 493 263 -186]
[-156 87 -88 340 172 10 102 -668 467 -602 -535 205 309 211 -157 -52 -315 -290 -237 48 -53 12 98 -160 308 905 -407 -47 -74 149 -114 228 -521 -479]
[484 -94 27 -416 -245 -194 166 94 256 -111 350 303 -473 -244 117 -250 259 -585 243 -348 45 -240 421 -106 164 -152 81 -187 92 311 -357 -239 -403 -340]
[199 -153 565 -98 212 329 149 535 -211 -248 298 117 -474 282 -271 549 387 735 106 340 -582 -135 -335 -177 107 -414 393 207 -361 -228 228 -101 553 -42]
[-170 631 295 -322 609 -484 -90 -86 95 93 94 267 148 -577 -380 -46 62 -368 704 22 -912 -85 491 -572 19 -126 351 -391 -11 31 527 16 -280 -309]
[154 75 -32 27 467 112 -120 18 -39 -34 25 276 146 7 -502 676 -202 107 71 238 105 -279 -722 112 505 222 -335 330 -201 -261 -718 -48 224 916]
[-637 -183 356 76 -230 -405 262 286 -39 -235 86 -32 -38 -254 331 -450 518 -227 39 -171 81 -177 -526 -93 -177 -549 -94 -469 -309 -85 -603 -504 285 271]
[-34 27 -487 -793 301 364 -40 146 510 -145 -30 579 55 -334 -295 46 -60 162 255 -173 58 -209 -9 120 -83 27 -132 237 343 -49 -417 -236 -25 -127]]
[phase 1 initial]
[[-2 -27 17 -240 -33 -134 -157 -301 193 89 283 -243 -435 -351 -29 -287 -316 -342 34 -178 52 -399 142 -622 126 -173 318 176 281 11 -30 465 -326 -390]
[-189 652 -373 -54 195 -207 -199 -242 392 -15 35 -121 -55 -226 88 -319 -189 -642 -9 -109 -279 44 178 355 2 -346 -228 -234 -669 -219 237 252 -192 23]
[332 199 -57 50 240 313 -17 -726 252 348 137 -23 410 -531 -160 401 -374 -257 -13 194 -278 252 -348 379 -42 407 -193 148 84 55 18 -360 -413 47]
[-200 284 -129 -553 321 70 -342 360 -36 -390 98 -74 -261 -102 -209 160 136 -298 183 -557 205 -701 160 -130 -53 -928 114 411 -476 -144 334 242 98 174]
[-185 146 18 250 -323 -114 92 596 -228 -410 -130 228 139 209 319 -10 495 -162 123 2 -122 -325 182 -400 -118 583 -645 -554 -133 -173 -524 -286 78 -36]
[-210 -8 -207 485 -86 46 -234 -773 413 231 -155 -464 -271 -518 -136 -110 -369 40 -226 82 -336 -96 -209 404 113 -853 147 205 -286 -247 -266 398 -48 -280]
[145 633 -290 -158 194 -110 -298 20 209 397 198 371 -251 25 211 355 -180 97 329 547 2 642 -197 584 228 -40 254 -506 154 146 455 55 -111 -48]
[-128 48 227 -635 -309 -234 -83 776 210 -326 267 221 -344 278 -69 -176 -305 -141 420 -532 902 -701 202 -344 250 20 444 355 328 436 -325 -342 106 57]
[-439 601 -260 158 326 -90 67 -23 -357 238 396 294 77 -24 244 357 372 -499 309 -143 -53 -312 445 -409 364 440 -214 37 -83 -280 157 736 -135 13]
[-126 -130 169 276 -172 280 3 -111 -227 32 110 -89 -102 176 173 -456 484 -6 66 -685 843 -469 2 -253 167 -438 542 884 331 362 -338 313 -24 60]
[-141 -222 90 -423 -115 -28 162 -421 361 113 359 -73 902 -256 -247 128 -91 -520 260 -545 -11 -211 223 626 409 175 610 431 -64 -42 388 -207 104 337]
[-280 -3 -174 173 -264 -155 -73 63 -158 -103 80 -328 405 163 -387 -32 61 -443 101 265 172 57 470 -170 576 578 -178 -474 207 -688 -216 607 175 -402]
[17 -199 258 -221 -445 -214 -6 -22 -479 -319 -94 -432 426 46 -333 17 303 -707 -449 -153 -402 -615 -162 -295 229 -56 -89 -18 -14 -422 -500 478 505 -202]
[167 168 384 347 -421 434 -355 92 -28 -492 305 -172 73 -142 -238 -454 162 -407 630 85 -145 38 38 734 -96 -375 -317 -483 -333 -560 -39 -571 -148 36]
[447 514 -499 -678 447 -136 -550 -199 119 -93 -665 -231 -222 -115 -294 -366 121 89 -175 90 154 38 -184 121 -82 139 -23 81 -205 -119 680 401 -431 18]
[78 -88 72 -153 -2 199 -560 -40 -731 -109 -527 -163 199 -152 -316 -18 272 231 669 232 -292 58 -683 384 -100 -757 -248 108 -64 25 114 47 132 63]
[145 122 198 -4 280 473 -490 -57 421 -458 424 -242 -531 281 -186 -60 126 -448 314 -356 15 -185 477 231 39 -226 -97 -109 85 -528 -149 626 -192 16]
[-529 655 -647 -7 182 -901 -459 -442 98 231 312 35 -238 -4 193 66 -434 -388 83 230 501 -185 -151 -235 420 -104 -37 96 -520 422 -615 162 -53 -416]
[-111 -142 -453 -145 -240 536 -94 367 118 -93 -204 -35 521 -946 -308 596 -37 629 -150 228 423 267 -211 363 188 35 -123 140 59 -321 -233 -272 -202 242]
[-230 -495 -323 -85 285 -643 -143 255 -204 394 7 -392 -197 931 -133 -154 158 651 273 258 349 -44 -93 -432 621 398 -62 -143 464 121 295 378 205 -212]
[-26 300 -200 -378 292 -33 275 30 493 61 175 37 -70 48 -67 -310 -159 -165 67 -146 333 -122 924 -187 -489 -950 496 241 4 287 281 35 -283 9]
[193 140 111 -111 380 5 -47 -317 -116 -488 -16 -118 192 424 112 -453 -270 -576 188 203 101 97 503 -130 -388 -155 -401 275 476 158 116 -101 -173 -151]
[-118 -63 -452 -49 227 52 378 118 -356 -19 -104 156 538 228 44 359 91 307 282 -359 192 -201 331 -766 -564 -202 178 -296 -334 47 356 -240 -6 403]
[-176 -448 -76 -554 597 -240 -404 -88 -103 160 -52 153 -336 -88 706 -99 706 312 174 -107 86 -53 37 -137 295 -109 423 -73 93 -30 -218 523 203 -339]
[-272 -200 -103 -326 -378 264 22 405 -285 327 -413 -360 -80 370 28 395 -533 18 166 447 1 -155 -383 -64 269 -388 -61 -411 535 57 -465 -589 678 -7]
[309 -622 -221 -59 249 274 4 -253 -125 -102 -287 113 299 -238 325 175 322 -159 -155 662 503 436 -243 227 -90 693 -6 -329 238 427 210 -623 14 -163]
[352 -666 -228 66 465 45 -319 -102 -183 168 226 -352 336 147 -420 182 79 -730 215 -437 -117 -145 -409 390 70 -506 99 466 15 -196 -113 493 263 -186]
[-156 87 -88 340 172 10 102 -668 467 -602 -535 205 309 211 -157 -52 -315 -290 -237 48 -53 12 98 -160 308 905 -407 -47 -74 149 -114 228 -521 -479]
[484 -94 27 -416 -245 -194 166 94 256 -111 350 303 -473 -244 117 -250 259 -585 243 -348 45 -240 421 -106 164 -152 81 -187 92 311 -357 -239 -403 -340]
[199 -153 565 -98 212 329 149 535 -211 -248 298 117 -474 282 -271 549 387 735 106 340 -582 -135 -335 -177 107 -414 393 207 -361 -228 228 -101 553 -42]
[-170 631 295 -322 609 -484 -90 -86 95 93 94 267 148 -577 -380 -46 62 -368 704 22 -912 -85 491 -572 19 -126 351 -391 -11 31 527 16 -280 -309]
[154 75 -32 27 467 112 -120 18 -39 -34 25 276 146 7 -502 676 -202 107 71 238 105 -279 -722 112 505 222 -335 330 -201 -261 -718 -48 224 916]
[-637 -183 356 76 -230 -405 262 286 -39 -235 86 -32 -38 -254 331 -450 518 -227 39 -171 81 -177 -526 -93 -177 -549 -94 -469 -309 -85 -603 -504 285 271]
[-34 27 -487 -793 301 364 -40 146 510 -145 -30 579 55 -334 -295 46 -60 162 255 -173 58 -209 -9 120 -83 27 -132 237 343 -49 -417 -236 -25 -127]]
