[phase 0]
score=2.496981628301207
squared_norm=2323962
coefficients=[-3 1 1 -1 2 -3 0 -2 -3 2 -2 1 1 1 1 0 0 0 0 -1 1 0 -1 -1 -1 0 0 0 0 0 0 0 0 0]
vector=[-2 -27 17 -240 -33 -134 -157 -301 193 89 283 -243 -435 -351 -29 -287 -316 -342 34 -178 52 -399 142 -622 126 -173 318 176 281 11 -30 465 -326 -390]

[phase 1]
score=0
squared_norm=2323962
coefficients=[1 0 0 0 0 0 0 0 0 0 0 0 0 0 0 0 0 0 0 0 0 0 0 0 0 0 0 0 0 0 0 0 0 0]
vector=[-2 -27 17 -240 -33 -134 -157 -301 193 89 283 -243 -435 -351 -29 -287 -316 -342 34 -178 52 -399 142 -622 126 -173 318 176 281 11 -30 465 -326 -390]

