phase	depth	k	node	parent	z_k	nodes_at_depth	parent_rho	rho	bound_r2	remaining	center	delta	legal_lo	legal_hi	offset	P	Ptheta	N	Q	M
0	1	33	1	0	0	5	0	0	0.57865715026855469	0.57865715026855469	0	2.1440310095106878	-2	2	0	0.46191372779140283	0.46191372779140283	454180	1.3243747832001696e-05	2.496981628301207
0	2	32	3	1	0	19	0	0	0.57865715026855469	0.57865715026855469	0	2.5505082282313105	-2	2	0	0.41650733351707458	0.41650733351707458	262795	2.2888736050299779e-05	2.496981628301207
0	3	31	12	3	0	71	0	0	0.57865715026855469	0.57865715026855469	0	2.5670746579643535	-2	2	0	0.41496368624324076	0.41496368624324076	147840	4.0686183646770361e-05	2.496981628301207
0	4	30	27	12	0	205	0	0	0.57865715026855469	0.57865715026855469	0	2.3387590431320997	-2	2	0	0.43819404301336473	0.43819404301336473	88681	6.7827893126357728e-05	2.496981628301207
0	5	29	64	27	0	533	0	0	0.57865715026855469	0.57865715026855469	0	2.3854163498643608	-2	2	0	0.43308193136873741	0.43308193136873741	50338	4.9604307447677839e-05	2.496981628301207
0	6	28	153	64	0	1283	0	0	0.57865715026855469	0.57865715026855469	0	2.3429233926778297	-2	2	0	0.43772946483703062	0.43772946483703062	28753	8.6842473074155986e-05	2.496981628301207
0	7	27	344	153	0	2951	0	0	0.57865715026855469	0.57865715026855469	0	2.3730311652959144	-2	2	0	0.43441929765910958	0.43441929765910958	15918	0.00015686528636142774	2.496981628301207
0	8	26	789	344	0	5823	0	0	0.57865715026855469	0.57865715026855469	0	2.1784365347735153	-2	2	0	0.45741946868358457	0.45741946868358457	9271	0.00026933250224368534	2.496981628301207
0	9	25	1718	789	0	10967	0	0	0.57865715026855469	0.57865715026855469	0	2.2113204374720796	-2	2	0	0.45325183193010343	0.45325183193010343	4982	0.00050120064799301627	2.496981628301207
0	10	24	4086	1718	-1	18703	0	0.13392744325568343	0.57865715026855469	0.57865715026855469	0	2.0786236916283616	-2	2	-0.48108756001747272	0.1888380916589783	0.1888380916589783	1103	0.0022638092731651922	2.496981628301207
0	11	23	19975	4086	-1	30109	0.13392744325568343	0.19697590388493114	0.57865715026855469	0.44472970701287129	-0.31570652558519408	1.8174113039307398	-2	1	-0.37652097405512991	0.29934253842618258	0.29934253842618258	406	0.0061502010549290814	2.496981628301207
0	12	22	45131	19975	-1	42331	0.19697590388493114	0.23265334507371985	0.57865715026855469	0.38168124638362355	-0.53192167039706184	1.5309890928511938	-2	0	-0.30573590092090458	0.44968128211076547	0.44968128211076547	206	0.012121270040297122	2.496981628301207
0	13	21	96247	45131	0	56119	0.23265334507371985	0.23292481378055066	0.57865715026855469	0.34600380519483487	-0.039942088988280625	1.4259730751162183	-1	1	0.028010408951813694	0.63271743059158325	0.63271743059158325	156	0.016006292489110303	2.496981628301207
0	14	20	139305	96247	1	66865	0.23292481378055066	0.23337193718629809	0.57865715026855469	0.345732336488004	1.048126814898704	1.3382690021479573	0	2	-0.035961988823965306	0.64859330654144287	0.64859330654144287	122	0.020467062527059075	2.496981628301207
0	15	19	176771	139305	-1	68457	0.23337193718629809	0.25708033360660842	0.57865715026855469	0.34528521308225663	-0.68451616420543104	1.203968189370477	-1	0	-0.26203668716490508	0.63730661161820257	0.63730661161820257	81	0.030826933682730949	2.496981628301207
0	16	18	210609	176771	0	69435	0.25708033360660842	0.25845025391209048	0.57865715026855469	0.32157681666194626	-0.079438639587265381	1.2171007008073951	-1	1	0.065268748538693397	0.66437870264053345	0.66437870264053345	63	0.03963462902065408	2.496981628301207
0	17	17	304957	210609	0	64841	0.25845025391209048	0.26941518777150553	0.57865715026855469	0.32020689635646421	0.21461556033494636	1.1597744553749141	0	1	-0.18504939416480656	0.71087549495293878	0.71087549495293878	52	0.048018877467330905	2.496981628301207
0	18	16	415535	304957	0	58123	0.26941518777150553	0.2721859273253649	0.57865715026855469	0.30924196249704916	0.10856204515780149	1.1469100921895152	-1	1	-0.094656107655788871	0.67012492805347057	0.67012492805347057	42	0.05945194353098112	2.496981628301207
0	19	15	531559	415535	0	45961	0.2721859273253649	0.29931964385857635	0.57865715026855469	0.30647122294318979	0.30314006072551153	1.0187873461099139	0	1	-0.29754988799478732	0.66904431581497192	0.66904431581497192	32	0.078030675884412717	2.496981628301207
0	20	14	580937	531559	1	38901	0.29931964385857635	0.30428125612205131	0.57865715026855469	0.27933750640997834	0.85885435227082341	1.0590603427966461	0	1	0.13327441508805363	0.78247244331944654	0.78247244331944654	26	0.096037754934661809	2.496981628301207
0	21	13	624037	580937	1	30852	0.30428125612205131	0.31826940046044122	0.57865715026855469	0.27437589414650337	0.77093446420454159	1.0145014591152652	0	1	0.22579123345492649	0.73262184858322144	0.73262184858322144	22	0.11349916492278213	2.496981628301207
0	22	12	652836	624037	1	20891	0.31826940046044122	0.33084529789187722	0.57865715026855469	0.26038774980811347	0.80874843132548979	0.87025351674502494	0	1	0.21976534997507499	0.79168488954558636	0.79168488954558636	20	0.12484908141506035	2.496981628301207
0	23	11	661068	652836	1	13329	0.33084529789187722	0.33374566587882137	0.57865715026855469	0.24781185237667744	1.0881203516233524	0.81453679416038272	1	1	-0.10818461763189727	1	1	19	0.13142008570006353	2.496981628301207
0	24	10	662344	661068	-2	7685	0.33374566587882137	0.33548000400078137	0.57865715026855469	0.24491148438973329	-1.9381112214775016	0.73544398676614098	-2	-2	-0.084151586845699455	1	1	18	0.13872120157228929	2.496981628301207
0	25	9	663369	662344	2	4643	0.33548000400078137	0.4057769154666408	0.57865715026855469	0.24317714626777331	1.5636704525983631	0.81153616839917952	1	2	0.53765878144695889	0.57781904935836792	0.57781904935836792	12	0.2080818023584339	2.496981628301207
0	26	8	663760	663369	-3	2636	0.4057769154666408	0.46526701057750675	0.57865715026855469	0.17288023480191392	-2.6217011511780912	0.64488958030353649	-3	-2	-0.58661026689848406	0.68023782968521118	0.68023782968521118	9	0.27744240314457858	2.496981628301207
0	27	7	664192	663760	-2	1518	0.46526701057750675	0.47436655926086785	0.57865715026855469	0.11339013969104793	-2.1424650588052607	0.50290514697757738	-2	-2	0.28328415340639312	1	1	8	0.31212270353765087	2.496981628301207
0	28	6	664306	664192	0	746	0.47436655926086785	0.47448155497022271	0.57865715026855469	0.10429059100768685	-0.014860667223705028	0.44752783778377769	0	0	0.033206129248399816	1	1	7	0.35671166118588671	2.496981628301207
0	29	5	664432	664306	-3	379	0.47448155497022271	0.50090820761700283	0.57865715026855469	0.10417559529833199	-2.7737715832665137	0.44916827410273308	-3	-3	-0.50366072088551772	1	1	6	0.41616360471686781	2.496981628301207
0	30	4	664515	664432	2	128	0.50090820761700283	0.50423220803927749	0.57865715026855469	0.077748942651551869	2.0758914726727302	0.36703686859462509	2	2	-0.206767982092145	1	1	5	0.49939632566024139	2.496981628301207
0	31	3	664540	664515	-1	54	0.50423220803927749	0.50423856506631648	0.57865715026855469	0.074424942229277202	-1.0031500178831634	0.34083582992133177	-1	-1	0.009242038561176202	1	1	4	0.62424540707530174	2.496981628301207
0	32	2	664555	664540	1	22	0.50423856506631648	0.53304576815033877	0.57865715026855469	0.074418585202238263	0.78055274796290497	0.3527120559062682	1	1	0.62217111199457331	1	1	3	0.83232720943373562	2.496981628301207
0	33	1	664572	664555	1	8	0.53304576815033877	0.53910124614467902	0.57865715026855469	0.045611382118215922	1.095510008041559	0.2621267136898201	1	1	-0.3643657935397529	1	1	2	1.2484908141506035	2.496981628301207
0	34	0	664598	664572	-3	5	0.53910124614467902	0.55407571792602539	0.57865715026855469	0.039555904123875642	-3.1527553163467328	0.24827113853400931	-3	-3	0.61527617446281535	1	1	1	2.496981628301207	2.496981628301207
1	1	33	1	0	0	5	0	0	2.2163028717041016	2.2163028717041016	0	2.0979974660144629	-2	2	0	0.483531653881073	0.483531653881073	148866	0	0
1	2	32	3	1	0	17	0	0	2.2163028717041016	2.2163028717041016	0	2.4957473917784081	-2	2	0	0.4347585141658783	0.4347585141658783	92643	0	0
1	3	31	12	3	0	53	0	0	2.2163028717041016	2.2163028717041016	0	2.5119581310105628	-2	2	0	0.43309405446052551	0.43309405446052551	56270	0	0
1	4	30	25	12	0	145	0	0	2.2163028717041016	2.2163028717041016	0	2.2885445799729212	-2	2	0	0.45810040831565857	0.45810040831565857	36767	0	0
1	5	29	56	25	0	369	0	0	2.2163028717041016	2.2163028717041016	0	2.3342001282654259	-2	2	0	0.45260545611381531	0.45260545611381531	23060	0	0
1	6	28	129	56	0	839	0	0	2.2163028717041016	2.2163028717041016	0	2.29261951860757	-2	2	0	0.45760124921798706	0.45760124921798706	14481	0	0
1	7	27	274	129	0	1689	0	0	2.2163028717041016	2.2163028717041016	0	2.1806281808880938	-2	2	0	0.4719788134098053	0.4719788134098053	9450	0	0
1	8	26	573	274	0	2957	0	0	2.2163028717041016	2.2163028717041016	0	2.0416456904200091	-2	2	0	0.49191722273826599	0.49191722273826599	6397	0	0
1	9	25	1252	573	0	5063	0	0	2.2163028717041016	2.2163028717041016	0	2.1074390137532411	-2	2	0	0.482168048620224	0.482168048620224	4146	0	0
1	10	24	2673	1252	0	7765	0	0	2.2163028717041016	2.2163028717041016	0	1.9928958559871057	-1	1	0	0.57698714733123779	0.57698714733123779	2793	0	0
1	11	23	3863	2673	0	10581	0	0	2.2163028717041016	2.2163028717041016	0	1.8377575568605835	-1	1	0	0.59751838445663452	0.59751838445663452	1948	0	0
1	12	22	6716	3863	0	13905	0	0	2.2163028717041016	2.2163028717041016	0	1.87743818635285	-1	1	0	0.59197455644607544	0.59197455644607544	1301	0	0
1	13	21	9273	6716	0	18031	0	0	2.2163028717041016	2.2163028717041016	0	1.9208840922086476	-1	1	0	0.58614224195480347	0.58614224195480347	862	0	0
1	14	20	13120	9273	0	20311	0	0	2.2163028717041016	2.2163028717041016	0	1.7196650575654584	-1	1	0	0.61535298824310303	0.61535298824310303	629	0	0
1	15	19	17981	13120	0	21307	0	0	2.2163028717041016	2.2163028717041016	0	1.6332313130017075	-1	1	0	0.6298140287399292	0.6298140287399292	466	0	0
1	16	18	23396	17981	0	20739	0	0	2.2163028717041016	2.2163028717041016	0	1.5797498628357123	-1	1	0	0.63942652940750122	0.63942652940750122	349	0	0
1	17	17	33045	23396	0	18689	0	0	2.2163028717041016	2.2163028717041016	0	1.5035308621310319	-1	1	0	0.65408742427825928	0.65408742427825928	262	0	0
1	18	16	48744	33045	0	15583	0	0	2.2163028717041016	2.2163028717041016	0	1.4334984974477136	-1	1	0	0.66864013671875	0.66864013671875	195	0	0
1	19	15	69885	48744	0	12289	0	0	2.2163028717041016	2.2163028717041016	0	1.407175941888174	-1	1	0	0.674396812915802	0.674396812915802	154	0	0
1	20	14	102054	69885	0	9477	0	0	2.2163028717041016	2.2163028717041016	0	1.3626342541964989	-1	1	0	0.68451470136642456	0.68451470136642456	115	0	0
1	21	13	121819	102054	0	6449	0	0	2.2163028717041016	2.2163028717041016	0	1.2336823763790785	-1	1	0	0.71667253971099854	0.71667253971099854	96	0	0
1	22	12	162250	121819	0	4593	0	0	2.2163028717041016	2.2163028717041016	0	1.3278703976527759	-1	1	0	0.69275349378585815	0.69275349378585815	69	0	0
1	23	11	185079	162250	0	2943	0	0	2.2163028717041016	2.2163028717041016	0	1.2361510720184321	-1	1	0	0.71601462364196777	0.71601462364196777	56	0	0
1	24	10	192872	185079	0	1807	0	0	2.2163028717041016	2.2163028717041016	0	1.1986807000012125	-1	1	0	0.72618532180786133	0.72618532180786133	45	0	0
1	25	9	196359	192872	0	1179	0	0	2.2163028717041016	2.2163028717041016	0	1.2829408112610821	-1	1	0	0.70386499166488647	0.70386499166488647	30	0	0
1	26	8	197502	196359	0	627	0	0	2.2163028717041016	2.2163028717041016	0	1.1308072100777986	-1	1	0	0.74564158916473389	0.74564158916473389	23	0	0
1	27	7	197865	197502	0	345	0	0	2.2163028717041016	2.2163028717041016	0	1.0675418864496404	-1	1	0	0.76500457525253296	0.76500457525253296	18	0	0
1	28	6	197980	197865	0	181	0	0	2.2163028717041016	2.2163028717041016	0	1.1145584134998956	-1	1	0	0.75050085783004761	0.75050085783004761	13	0	0
1	29	5	198039	197980	0	87	0	0	2.2163028717041016	2.2163028717041016	0	1.0861162567023914	-1	1	0	0.75919592380523682	0.75919592380523682	10	0	0
1	30	4	198048	198039	0	43	0	0	2.2163028717041016	2.2163028717041016	0	1.0118531527611303	-1	1	0	0.7830321192741394	0.7830321192741394	7	0	0
1	31	3	198069	198048	0	15	0	0	2.2163028717041016	2.2163028717041016	0	0.98952866490112856	0	0	0	1	1	6	0	0
1	32	2	198076	198069	0	7	0	0	2.2163028717041016	2.2163028717041016	0	0.91878129149339582	0	0	0	1	1	5	0	0
1	33	1	198077	198076	0	3	0	0	2.2163028717041016	2.2163028717041016	0	0.94200786335169961	0	0	0	1	1	4	0	0
1	34	0	198094	198077	1	3	0	2.2163028717041016	2.2163028717041016	2.2163028717041016	0	1.000000000002	-1	1	0.99999999999800004	0.10650698095560074	0.10650698095560074	1	0	0
