[phase 0 initial]
[[-624 319 428 -229 -467 148 341 -187 243 227 -176 -126 -357 -367 -99 160 -60 386 -376 -294 -285 178 92 7 326 96 11 510 212 216 83 -106 110 213 275 107]
[226 64 -126 326 -138 304 304 348 397 -551 -455 136 543 -54 320 -143 39 -767 477 296 -66 -687 -233 -47 -298 226 212 197 75 -81 85 -389 -126 -85 -333 -107]
[-384 -307 143 227 106 -376 678 -411 478 -110 -422 323 -520 -740 264 280 60 112 -215 -135 276 -58 -305 -190 247 298 364 718 24 177 -20 19 -514 -83 -219 -84]
[-35 -627 -56 208 904 -372 96 333 -265 -259 401 120 -474 -322 -401 151 -99 65 293 39 -540 423 -455 340 364 -62 -3 57 -239 -243 -366 56 151 -413 -136 7]
[-481 361 -729 -484 42 103 44 645 -98 -286 -13 144 -159 -271 -201 -202 120 -517 29 -451 -612 -412 -391 -202 172 48 -179 552 446 125 22 -368 -89 27 -324 91]
[-271 276 304 218 -672 202 427 -500 589 -288 -308 -89 -276 181 -427 103 110 133 245 214 610 -256 -892 -533 -14 -130 -29 460 -264 82 265 -183 -162 2 265 -91]
[140 -120 64 -363 -130 -20 407 -595 901 551 -242 155 268 42 674 218 -85 240 -478 419 -208 61 540 341 414 122 -256 -5 567 797 347 168 -136 9 211 -20]
[239 536 -99 -625 -236 237 -686 360 -473 -307 -328 134 -24 612 -549 -432 -25 -165 518 -485 71 -68 -350 205 -617 136 438 64 -472 61 196 -479 -67 121 -152 139]
[363 171 -201 19 634 -187 -744 -460 -922 -87 258 306 -9 -198 309 -591 398 116 76 -575 -218 159 439 295 -256 98 343 -107 -195 154 -387 -461 -133 175 114 95]
[96 -16 117 275 -382 252 -12 -971 -165 -29 -121 13 -51 -479 359 -299 221 -63 153 -34 362 -35 -159 351 -482 719 1056 309 291 192 85 -170 -512 186 -198 151]
[-520 348 -1 195 23 238 -258 42 -979 135 272 -144 -253 -290 -805 -252 -175 -105 -85 302 -185 252 -8 163 -286 32 -256 -325 -120 -7 249 117 208 -132 220 339]
[-26 -234 440 -452 -289 47 522 -232 -72 42 143 -198 -235 758 -549 282 6 294 -12 -228 631 146 189 -499 -94 91 -281 -267 60 -249 -214 187 354 394 -48 -45]
[105 128 367 609 347 496 448 -382 -151 -50 347 12 344 -30 601 -170 -72 -839 -134 681 424 -497 532 264 -213 623 115 -317 233 7 55 -319 203 -192 -365 67]
[102 288 -561 646 672 240 -275 330 -47 -507 162 231 -276 -603 -551 78 23 252 244 24 -17 -315 -530 -450 -32 -428 -479 -333 -494 -159 -262 242 -74 -143 223 234]
[338 -553 -67 9 -208 -184 235 -376 108 173 106 -148 -99 713 -99 107 194 237 5 740 116 151 -170 -340 -73 43 -253 -606 -235 168 664 -69 263 -535 -171 -444]
[190 83 363 348 211 258 -578 169 32 66 72 38 385 783 535 21 292 -531 -300 601 -544 -46 56 77 77 -469 -292 -546 -54 307 -29 -157 299 -361 -122 -372]
[-336 21 225 144 114 184 419 -437 -18 -550 37 643 243 560 -447 -37 13 -402 1 530 -511 93 -197 66 213 32 -12 357 369 46 123 244 284 -136 261 145]
[-485 328 -270 -328 -385 252 -100 3 -236 -84 298 286 172 -8 28 -235 748 227 -413 -292 -536 -54 -60 195 -77 140 539 29 189 -200 121 -318 114 26 -564 327]
[-157 -843 -40 -88 129 -547 325 13 -18 80 134 170 216 -546 -114 0 288 -344 -176 -243 -678 264 36 275 107 486 511 180 -15 -517 92 90 358 381 -273 -259]
[-431 -989 -204 -535 17 -411 327 -304 171 119 226 -154 -490 122 -470 33 -482 -435 506 295 -13 32 -821 325 -194 -5 -470 372 21 207 76 331 93 190 -82 -35]
[27 -203 -405 -323 37 -579 -96 -184 -460 185 319 36 -104 23 -429 295 -201 -179 184 193 -36 326 -585 319 539 -40 -55 -168 200 -245 320 689 -189 -464 -319 -377]
[-377 -398 -145 -684 364 -239 -215 259 122 241 385 293 -278 -534 -130 214 -455 287 -365 -903 -457 194 348 -417 101 -13 -230 -124 156 392 -367 -143 357 398 -23 261]
[-5 -74 426 446 -134 -501 -133 -152 224 -377 274 434 305 -344 -150 483 201 93 80 443 -12 -8 -514 -222 -408 -84 158 102 -544 -552 -23 9 536 -62 -18 78]
[-158 34 -376 -136 29 974 -38 -203 56 -120 434 -221 -41 306 187 119 111 -252 -245 -357 -316 228 105 277 776 21 -687 236 1060 253 -183 204 -59 550 -1 -81]
[-150 375 310 147 -491 134 -440 442 239 -190 353 117 -161 -172 -549 -16 123 92 68 -327 -304 560 -985 138 14 -122 217 329 -435 -292 -361 -754 -302 544 57 267]
[315 -77 -315 158 502 -535 509 601 -498 105 -41 199 95 -278 588 37 209 -537 -242 -262 -115 -396 -526 -482 83 201 252 93 -440 -649 -453 -469 -51 -439 -746 -282]
[256 -377 383 49 -48 -199 593 -177 24 76 -107 179 110 53 -116 262 35 432 120 266 183 247 -286 -62 625 -703 -491 -144 254 252 -492 -500 480 -183 83 -3]
[5 705 33 359 -433 558 652 -396 173 -180 -481 507 490 -270 -2 97 532 -93 -127 -149 685 -208 377 -215 -225 -83 -606 224 344 -421 -114 -249 370 379 658 395]
[197 -195 260 -45 338 -5 311 346 -678 -476 -228 973 215 -260 8 -33 -27 -769 191 -155 -256 157 49 -191 283 470 598 473 -564 -71 -257 -198 -8 253 -459 -149]
[-282 -465 -178 -546 29 -133 -36 -142 115 -24 -3 115 -556 -237 212 -87 -320 -66 -643 -832 -380 488 -317 475 489 629 243 606 625 296 470 316 46 -612 -647 -532]
[137 290 199 410 86 1 108 515 228 -514 73 102 -44 -604 841 94 145 -529 -354 -324 402 -610 141 238 135 -126 842 216 626 -487 -130 802 -135 -128 -241 -198]
[146 3 61 -343 -25 397 84 107 4 -6 19 38 -340 19 227 128 -298 -148 -86 -86 -708 460 439 -315 420 -298 -703 95 265 189 -201 -592 938 -310 -90 329]
[387 -623 -269 -342 3 -333 -254 -148 35 -297 372 -248 -340 766 -431 357 107 -9 338 -111 -190 549 -719 678 243 -48 33 -938 -355 -211 -29 -332 174 -305 -186 1]
[-456 -441 568 614 -76 -109 295 696 121 -111 -210 -49 -249 66 -214 -42 -187 45 366 -56 436 442 -207 -596 242 631 74 -219 -172 -104 -294 57 -261 -426 -117 -65]
[-403 72 -92 213 22 -90 -193 134 -15 -204 284 -506 -316 395 -670 -123 -53 -301 -274 -924 -720 94 -318 -505 -155 -931 -346 112 -213 4 -313 322 464 310 605 -68]
[360 -221 -56 -36 -310 -569 530 298 678 -138 197 -399 738 -194 297 -155 -41 -50 742 640 -180 210 -234 598 35 -59 342 -372 428 137 -380 -198 216 116 146 -127]]
[phase 0 refreshed]
[[95 -371 -446 -130 -270 -70 85 237 -239 147 -58 -569 -290 240 198 1 209 73 148 186 -314 -194 22 188 -212 -17 -377 -70 -120 -455 251 460 246 72 -282 -436]
[-624 319 428 -229 -467 148 341 -187 243 227 -176 -126 -357 -367 -99 160 -60 386 -376 -294 -285 178 92 7 326 96 11 510 212 216 83 -106 110 213 275 107]
[226 64 -126 326 -138 304 304 348 397 -551 -455 136 543 -54 320 -143 39 -767 477 296 -66 -687 -233 -47 -298 226 212 197 75 -81 85 -389 -126 -85 -333 -107]
[-520 348 -1 195 23 238 -258 42 -979 135 272 -144 -253 -290 -805 -252 -175 -105 -85 302 -185 252 -8 163 -286 32 -256 -325 -120 -7 249 117 208 -132 220 339]
[-384 -307 143 227 106 -376 678 -411 478 -110 -422 323 -520 -740 264 280 60 112 -215 -135 276 -58 -305 -190 247 298 364 718 24 177 -20 19 -514 -83 -219 -84]
[27 -203 -405 -323 37 -579 -96 -184 -460 185 319 36 -104 23 -429 295 -201 -179 184 193 -36 326 -585 319 539 -40 -55 -168 200 -245 320 689 -189 -464 -319 -377]
[21 -389 -610 -99 199 217 -418 -4 -161 235 551 -205 -469 267 -164 -239 186 245 -280 -107 706 86 -122 -385 -649 65 143 -278 158 138 -162 224 -247 246 -201 524]
[-35 -627 -56 208 904 -372 96 333 -265 -259 401 120 -474 -322 -401 151 -99 65 293 39 -540 423 -455 340 364 -62 -3 57 -239 -243 -366 56 151 -413 -136 7]
[-24 45 313 381 259 156 -39 643 -503 -561 83 365 385 -171 -323 -198 -61 -590 191 -77 -323 31 19 -376 -233 390 632 -284 -131 -121 -31 -1009 299 -490 -423 103]
[481 -361 729 484 -42 -103 -44 -645 98 286 13 -144 159 271 201 202 -120 517 -29 451 612 412 391 202 -172 -48 179 -552 -446 -125 -22 368 89 -27 324 -91]
[102 288 -561 646 672 240 -275 330 -47 -507 162 231 -276 -603 -551 78 23 252 244 24 -17 -315 -530 -450 -32 -428 -479 -333 -494 -159 -262 242 -74 -143 223 234]
[211 488 -184 -250 161 509 -133 -32 -85 -74 130 -310 -893 196 85 32 211 579 8 -486 130 -461 7 98 -164 152 -248 -18 -596 -242 -11 70 336 288 -188 -121]
[96 -16 117 275 -382 252 -12 -971 -165 -29 -121 13 -51 -479 359 -299 221 -63 153 -34 362 -35 -159 351 -482 719 1056 309 291 192 85 -170 -512 186 -198 151]
[-75 -251 -282 430 -19 -27 366 68 -555 -655 -256 90 269 -420 -457 -245 404 -225 549 -105 -399 -252 -28 -604 -402 -86 -323 -52 134 -332 -433 -137 41 338 137 -31]
[-646 -381 291 -688 -490 -187 -112 -342 -464 368 363 -45 -174 327 -712 -173 -483 -323 -73 -117 270 327 -114 -344 -493 221 -47 -166 54 410 326 -345 367 198 -36 168]
[-386 -103 261 -33 268 -763 49 -501 -865 -41 -65 278 -374 402 -368 -399 209 -319 0 110 423 269 -169 -173 -121 -89 -166 260 -564 157 201 -474 -125 -294 80 -233]
[244 -91 -365 61 360 70 -192 -366 -321 459 206 137 372 119 -32 -194 -200 -251 -187 1015 -108 135 440 497 -198 58 -523 -840 235 574 513 391 -38 -336 156 212]
[237 218 59 635 92 154 -309 -909 -338 42 700 -240 259 111 167 -336 473 302 18 259 45 29 202 -253 100 -466 -488 -429 -11 -2 -298 -184 286 139 750 -51]
[-232 -478 -178 -486 227 132 111 -699 -65 95 399 -248 -919 640 66 151 601 -162 -28 4 -380 45 -779 443 270 -63 -331 389 635 253 -471 557 -96 323 -405 -271]
[-216 -128 -85 421 -319 117 -780 -92 -601 -210 75 146 275 59 98 -271 -175 -124 -48 34 -553 -125 290 -143 -754 -197 100 -174 -429 -447 218 518 607 317 253 -63]
[-157 -843 -40 -88 129 -547 325 13 -18 80 134 170 216 -546 -114 0 288 -344 -176 -243 -678 264 36 275 107 486 511 180 -15 -517 92 90 358 381 -273 -259]
[-484 -324 485 108 61 -479 546 -82 505 121 10 452 -138 2 134 546 467 919 -810 58 -10 335 185 -144 480 -329 26 -114 -524 -340 -6 239 201 -270 -261 1]
[44 11 -374 428 333 -248 -278 540 -267 -70 261 -243 -298 -354 -85 120 44 -440 -14 572 180 -40 -331 -47 -569 128 -147 521 191 -347 -99 403 1 -2 54 303]
[-51 -61 69 563 -409 617 -586 -338 -677 -288 -192 173 217 95 -577 10 46 70 -166 -242 465 761 33 -535 -145 36 109 -457 181 197 221 68 -441 210 127 5]
[184 159 -648 -304 -49 -173 259 245 410 -103 164 574 -59 134 -138 -136 -398 -517 103 -43 -162 -728 -523 -450 -36 128 -33 -396 -248 -157 82 33 -311 136 -513 -182]
[299 -55 342 467 258 401 709 138 718 243 59 -129 108 -233 527 102 -74 -67 -180 151 322 -272 -730 -27 -120 129 398 370 -166 -210 -867 -281 -121 124 49 575]
[-128 -312 275 -203 -181 -244 479 -94 -425 214 -145 300 -244 632 510 279 -13 2 -555 280 171 112 69 458 511 -234 95 401 329 -284 49 319 602 -266 -634 -243]
[-35 -788 -617 6 -23 -356 457 22 256 -101 -190 355 40 -493 437 46 328 -467 338 -115 -345 -50 -351 305 -186 -64 -496 637 99 -453 62 -382 572 -26 32 -160]
[221 -240 -53 -426 79 -161 350 -297 -175 85 -311 608 -170 -89 331 165 34 -179 0 -78 67 126 30 185 516 80 -34 757 -433 50 -226 811 -307 743 -36 -252]
[301 -71 553 -174 472 132 14 -650 -59 -307 -131 398 148 606 -226 -236 -502 -198 -231 -365 603 281 346 379 12 162 -659 -206 34 291 -39 468 279 -140 200 -266]
[465 -684 253 194 89 -404 21 405 646 -457 -280 117 -29 351 459 -209 266 -202 79 340 278 0 -275 402 -333 -511 695 201 207 107 86 560 -234 -289 230 -101]
[292 -460 2 284 209 376 121 -380 -58 -79 377 279 -25 34 -119 -326 422 -607 -325 281 91 810 -17 -196 -11 283 558 191 372 -127 -155 -595 446 -153 -259 769]
[-482 45 -71 -128 -772 -99 70 -850 -201 -13 -179 -189 -639 58 -571 234 91 -67 -255 17 441 320 -577 311 -160 344 144 -602 -212 202 566 -252 -283 -107 -49 249]
[157 -251 -72 578 161 -148 -106 -59 99 -188 -490 28 -100 -15 738 -578 311 -16 728 -258 475 -117 -20 28 -79 565 -3 155 -161 90 -565 216 -819 154 87 -180]
[-71 585 -110 130 -717 209 492 -478 168 -524 94 120 506 261 -620 -5 -313 22 134 -292 -55 -35 -338 -223 -166 -158 686 -305 310 239 444 -102 -142 -741 -104 398]
[-546 451 -297 129 -238 -226 482 524 425 -280 145 -173 -249 -585 273 100 -126 158 -65 384 -494 -62 -317 675 215 78 460 350 221 -342 -18 757 374 103 -73 -26]]
[phase 1 initial]
[[95 -371 -446 -130 -270 -70 85 237 -239 147 -58 -569 -290 240 198 1 209 73 148 186 -314 -194 22 188 -212 -17 -377 -70 -120 -455 251 460 246 72 -282 -436]
[-624 319 428 -229 -467 148 341 -187 243 227 -176 -126 -357 -367 -99 160 -60 386 -376 -294 -285 178 92 7 326 96 11 510 212 216 83 -106 110 213 275 107]
[226 64 -126 326 -138 304 304 348 397 -551 -455 136 543 -54 320 -143 39 -767 477 296 -66 -687 -233 -47 -298 226 212 197 75 -81 85 -389 -126 -85 -333 -107]
[-520 348 -1 195 23 238 -258 42 -979 135 272 -144 -253 -290 -805 -252 -175 -105 -85 302 -185 252 -8 163 -286 32 -256 -325 -120 -7 249 117 208 -132 220 339]
[-384 -307 143 227 106 -376 678 -411 478 -110 -422 323 -520 -740 264 280 60 112 -215 -135 276 -58 -305 -190 247 298 364 718 24 177 -20 19 -514 -83 -219 -84]
[27 -203 -405 -323 37 -579 -96 -184 -460 185 319 36 -104 23 -429 295 -201 -179 184 193 -36 326 -585 319 539 -40 -55 -168 200 -245 320 689 -189 -464 -319 -377]
[21 -389 -610 -99 199 217 -418 -4 -161 235 551 -205 -469 267 -164 -239 186 245 -280 -107 706 86 -122 -385 -649 65 143 -278 158 138 -162 224 -247 246 -201 524]
[-35 -627 -56 208 904 -372 96 333 -265 -259 401 120 -474 -322 -401 151 -99 65 293 39 -540 423 -455 340 364 -62 -3 57 -239 -243 -366 56 151 -413 -136 7]
[-24 45 313 381 259 156 -39 643 -503 -561 83 365 385 -171 -323 -198 -61 -590 191 -77 -323 31 19 -376 -233 390 632 -284 -131 -121 -31 -1009 299 -490 -423 103]
[481 -361 729 484 -42 -103 -44 -645 98 286 13 -144 159 271 201 202 -120 517 -29 451 612 412 391 202 -172 -48 179 -552 -446 -125 -22 368 89 -27 324 -91]
[102 288 -561 646 672 240 -275 330 -47 -507 162 231 -276 -603 -551 78 23 252 244 24 -17 -315 -530 -450 -32 -428 -479 -333 -494 -159 -262 242 -74 -143 223 234]
[211 488 -184 -250 161 509 -133 -32 -85 -74 130 -310 -893 196 85 32 211 579 8 -486 130 -461 7 98 -164 152 -248 -18 -596 -242 -11 70 336 288 -188 -121]
[96 -16 117 275 -382 252 -12 -971 -165 -29 -121 13 -51 -479 359 -299 221 -63 153 -34 362 -35 -159 351 -482 719 1056 309 291 192 85 -170 -512 186 -198 151]
[-75 -251 -282 430 -19 -27 366 68 -555 -655 -256 90 269 -420 -457 -245 404 -225 549 -105 -399 -252 -28 -604 -402 -86 -323 -52 134 -332 -433 -137 41 338 137 -31]
[-646 -381 291 -688 -490 -187 -112 -342 -464 368 363 -45 -174 327 -712 -173 -483 -323 -73 -117 270 327 -114 -344 -493 221 -47 -166 54 410 326 -345 367 198 -36 168]
[-386 -103 261 -33 268 -763 49 -501 -865 -41 -65 278 -374 402 -368 -399 209 -319 0 110 423 269 -169 -173 -121 -89 -166 260 -564 157 201 -474 -125 -294 80 -233]
[244 -91 -365 61 360 70 -192 -366 -321 459 206 137 372 119 -32 -194 -200 -251 -187 1015 -108 135 440 497 -198 58 -523 -840 235 574 513 391 -38 -336 156 212]
[237 218 59 635 92 154 -309 -909 -338 42 700 -240 259 111 167 -336 473 302 18 259 45 29 202 -253 100 -466 -488 -429 -11 -2 -298 -184 286 139 750 -51]
[-232 -478 -178 -486 227 132 111 -699 -65 95 399 -248 -919 640 66 151 601 -162 -28 4 -380 45 -779 443 270 -63 -331 389 635 253 -471 557 -96 323 -405 -271]
[-216 -128 -85 421 -319 117 -780 -92 -601 -210 75 146 275 59 98 -271 -175 -124 -48 34 -553 -125 290 -143 -754 -197 100 -174 -429 -447 218 518 607 317 253 -63]
[-157 -843 -40 -88 129 -547 325 13 -18 80 134 170 216 -546 -114 0 288 -344 -176 -243 -678 264 36 275 107 486 511 180 -15 -517 92 90 358 381 -273 -259]
[-484 -324 485 108 61 -479 546 -82 505 121 10 452 -138 2 134 546 467 919 -810 58 -10 335 185 -144 480 -329 26 -114 -524 -340 -6 239 201 -270 -261 1]
[44 11 -374 428 333 -248 -278 540 -267 -70 261 -243 -298 -354 -85 120 44 -440 -14 572 180 -40 -331 -47 -569 128 -147 521 191 -347 -99 403 1 -2 54 303]
[-51 -61 69 563 -409 617 -586 -338 -677 -288 -192 173 217 95 -577 10 46 70 -166 -242 465 761 33 -535 -145 36 109 -457 181 197 221 68 -441 210 127 5]
[184 159 -648 -304 -49 -173 259 245 410 -103 164 574 -59 134 -138 -136 -398 -517 103 -43 -162 -728 -523 -450 -36 128 -33 -396 -248 -157 82 33 -311 136 -513 -182]
[299 -55 342 467 258 401 709 138 718 243 59 -129 108 -233 527 102 -74 -67 -180 151 322 -272 -730 -27 -120 129 398 370 -166 -210 -867 -281 -121 124 49 575]
[-128 -312 275 -203 -181 -244 479 -94 -425 214 -145 300 -244 632 510 279 -13 2 -555 280 171 112 69 458 511 -234 95 401 329 -284 49 319 602 -266 -634 -243]
[-35 -788 -617 6 -23 -356 457 22 256 -101 -190 355 40 -493 437 46 328 -467 338 -115 -345 -50 -351 305 -186 -64 -496 637 99 -453 62 -382 572 -26 32 -160]
[221 -240 -53 -426 79 -161 350 -297 -175 85 -311 608 -170 -89 331 165 34 -179 0 -78 67 126 30 185 516 80 -34 757 -433 50 -226 811 -307 743 -36 -252]
[301 -71 553 -174 472 132 14 -650 -59 -307 -131 398 148 606 -226 -236 -502 -198 -231 -365 603 281 346 379 12 162 -659 -206 34 291 -39 468 279 -140 200 -266]
[465 -684 253 194 89 -404 21 405 646 -457 -280 117 -29 351 459 -209 266 -202 79 340 278 0 -275 402 -333 -511 695 201 207 107 86 560 -234 -289 230 -101]
[292 -460 2 284 209 376 121 -380 -58 -79 377 279 -25 34 -119 -326 422 -607 -325 281 91 810 -17 -196 -11 283 558 191 372 -127 -155 -595 446 -153 -259 769]
[-482 45 -71 -128 -772 -99 70 -850 -201 -13 -179 -189 -639 58 -571 234 91 -67 -255 17 441 320 -577 311 -160 344 144 -602 -212 202 566 -252 -283 -107 -49 249]
[157 -251 -72 578 161 -148 -106 -59 99 -188 -490 28 -100 -15 738 -578 311 -16 728 -258 475 -117 -20 28 -79 565 -3 155 -161 90 -565 216 -819 154 87 -180]
[-71 585 -110 130 -717 209 492 -478 168 -524 94 120 506 261 -620 -5 -313 22 134 -292 -55 -35 -338 -223 -166 -158 686 -305 310 239 444 -102 -142 -741 -104 398]
[-546 451 -297 129 -238 -226 482 524 425 -280 145 -173 -249 -585 273 100 -126 158 -65 384 -494 -62 -317 675 215 78 460 350 221 -342 -18 757 374 103 -73 -26]]
