[phase 0]
score=2.214971547667816
squared_norm=2391614
coefficients=[2 0 0 -1 0 -2 -1 0 0 0 -1 0 0 1 1 0 0 0 0 1 0 -1 0 0 0 0 0 0 0 0 0 0 0 0 0 0]
vector=[95 -371 -446 -130 -270 -70 85 237 -239 147 -58 -569 -290 240 198 1 209 73 148 186 -314 -194 22 188 -212 -17 -377 -70 -120 -455 251 460 246 72 -282 -436]

[phase 1]
score=0
squared_norm=2391614
coefficients=[1 0 0 0 0 0 0 0 0 0 0 0 0 0 0 0 0 0 0 0 0 0 0 0 0 0 0 0 0 0 0 0 0 0 0 0]
vector=[95 -371 -446 -130 -270 -70 85 237 -239 147 -58 -569 -290 240 198 1 209 73 148 186 -314 -194 22 188 -212 -17 -377 -70 -120 -455 251 460 246 72 -282 -436]

