[phase 0]
squared_norm=3104878
coefficients=[9 0 -4 -3 -3 -3 -3 3 -1 4 1 2 6 -2 -4 -4 -1 1 0 3 4 -2 0 2 3 2 -1 1 0 1 1 1 -1 1 -1 0 0 -1 0]
vector=[43 -124 -382 -336 -124 -21 244 -314 294 -538 193 -628 -615 223 36 -276 169 324 -204 89 34 -20 -66 482 -62 58 86 188 266 260 -457 25 -101 -463 -18 -189 177 -228 423]

[phase 1]
squared_norm=2641814
coefficients=[1 2 2 0 2 3 2 0 -1 0 1 1 -1 0 1 -1 1 1 1 0 0 0 -1 0 -1 0 0 0 0 -1 0 0 0 0 0 0 0 0 0]
vector=[-253 -99 -90 188 -109 -106 -83 254 207 49 -17 -90 -36 419 -351 321 -546 137 -320 39 34 -105 23 -173 182 -204 -451 252 -43 -334 -119 51 316 660 34 205 98 -489 -459]

[phase 2]
squared_norm=2641814
coefficients=[1 0 0 0 0 0 0 0 0 0 0 0 0 0 0 0 0 0 0 0 0 0 0 0 0 0 0 0 0 0 0 0 0 0 0 0 0 0 0]
vector=[-253 -99 -90 188 -109 -106 -83 254 207 49 -17 -90 -36 419 -351 321 -546 137 -320 39 34 -105 23 -173 182 -204 -451 252 -43 -334 -119 51 316 660 34 205 98 -489 -459]

