[phase 0 initial]
[[-147 286 49 290 109 -792 492 223 80 159 -97 -1 497 -587 272 405 -650 -157 -188 277 -153 -301 35 -419 -90 412 -21 11 -469 -201 409 106 -260 371 -641 -22 143 -23]
[392 397 -26 -18 -358 20 396 193 312 185 132 -331 -6 -35 -447 479 196 -231 438 -436 501 -138 138 393 -745 225 -367 794 227 -493 6 143 -232 -408 -325 128 38 0]
[330 -227 101 211 -50 490 396 190 473 681 376 160 48 521 -875 49 -118 342 316 -95 365 257 346 -342 -513 -244 27 398 -414 -529 -148 359 31 -246 71 278 285 24]
[-384 51 240 -395 -441 -169 1120 74 190 -439 -509 -111 341 -432 198 616 -256 -191 -534 -400 -123 -647 145 97 -784 95 380 414 326 -153 39 117 -538 -236 -370 338 -204 91]
[-211 27 -135 327 -746 -229 -788 22 205 142 60 -229 273 -252 -161 -43 255 430 290 183 -810 -133 305 191 454 23 162 -351 64 -43 -364 -397 324 819 228 -575 55 1]
[706 -122 -25 137 781 292 -128 -287 -415 45 -176 -9 14 -31 84 -111 499 260 71 -11 -353 424 -499 65 572 292 -603 186 350 509 189 212 249 -797 -410 352 -191 0]
[-177 -355 241 489 215 -414 -597 616 50 -309 276 -642 117 -45 154 19 -359 -106 414 557 495 56 -247 166 -270 369 -263 168 -180 -67 189 -474 6 651 159 -18 5 -115]
[-117 -51 193 -249 -490 -168 725 -434 -64 -111 23 269 138 295 -483 -331 6 547 -1 165 -537 225 -294 -439 420 74 -4 4 -626 108 -432 -243 97 -339 -113 -221 411 0]
[26 88 -177 -65 -93 352 612 -16 69 284 196 56 -271 126 -394 -195 -339 268 924 166 446 359 -497 -16 361 -420 -21 -232 -363 -660 -438 85 -327 -185 -210 -252 178 25]
[54 -536 -457 26 -361 -36 -114 -147 121 -711 138 290 188 -150 -533 389 -332 571 390 201 -303 112 -334 -51 103 -493 118 34 16 -136 -487 -471 -270 -196 -118 -107 369 4]
[1019 743 39 28 130 -630 46 -403 20 125 3 298 554 -31 -342 479 -254 -265 611 -199 -107 144 -160 -223 -507 173 -880 245 -9 184 -49 408 -182 -104 -379 -39 332 -179]
[19 596 57 -330 268 -351 626 -189 -91 -75 -206 -240 511 -152 818 -155 -116 -118 -93 -350 -825 322 -894 52 -11 380 350 -851 -33 107 54 175 -227 -69 -89 -72 -508 -2]
[190 -125 78 -438 18 -59 357 -239 -194 126 22 -293 486 503 144 -202 -244 -141 -104 535 -717 428 -122 -96 370 393 392 -408 376 79 -195 -452 -29 -330 281 -65 77 8]
[-80 672 169 612 427 -4 -694 528 -174 534 195 428 349 -186 -211 -152 360 414 186 29 -551 37 -56 -110 -42 -39 160 -728 -291 -549 123 387 119 112 -384 -341 -129 2]
[-930 -126 247 -41 -569 -548 -438 200 -341 -761 -343 -24 707 -660 -145 446 -227 525 359 -133 31 -130 -211 241 -57 -444 308 -375 661 0 70 138 -304 385 40 -128 87 1]
[-67 491 -171 686 45 187 -144 266 471 1015 391 -113 -290 -57 -357 518 -391 -308 461 213 293 -401 736 145 -304 603 -71 219 -1011 -448 202 -219 22 391 158 94 111 187]
[362 -350 -362 83 219 324 4 -574 -120 674 -154 -118 -111 708 -226 -11 -52 369 -495 -358 -59 765 351 98 48 459 502 -113 -240 98 53 418 -105 -834 224 237 -62 203]
[-349 -157 600 100 -535 -38 -129 354 -189 -577 -295 16 -350 431 -384 -435 307 -148 -95 -214 660 392 109 842 -424 72 -486 773 149 320 -180 379 247 -478 131 -406 100 -2]
[-373 197 -83 -150 149 -410 -623 447 -403 791 175 -303 0 -367 -319 101 87 -362 -85 -171 430 28 685 -70 201 639 436 -314 -827 -208 707 -36 -98 548 1 -175 118 182]
[-429 -116 -668 -126 257 41 159 -103 684 -78 393 127 291 -24 399 307 0 -54 -661 -421 201 -99 177 79 -450 124 298 388 411 295 895 58 176 -437 -160 225 306 -115]
[-64 8 24 -285 -199 -78 -358 905 -289 -457 725 -434 -429 -1 -144 -128 391 -334 336 -149 -11 -176 -445 -286 -686 28 -245 625 -338 -593 104 -649 -8 -131 -304 -2 -340 -227]
[572 495 273 -85 -243 32 676 450 322 -112 -32 102 819 81 -7 17 -126 -539 -155 27 -266 -100 455 100 -587 492 135 659 86 -231 286 3 127 -144 261 400 -435 251]
[2 292 -219 -69 515 143 164 115 137 9 191 -80 189 -71 85 713 179 -421 -226 -39 -632 -563 112 35 -297 -388 893 -467 354 -66 143 27 -545 -379 -200 38 15 46]
[-597 61 -571 -222 -311 730 -116 -213 213 21 449 694 -313 74 349 -342 -193 408 109 -339 141 162 -202 -267 457 -473 301 -80 -685 314 -420 -270 493 -165 352 -230 -216 235]
[-267 -62 -19 -614 -938 32 52 113 -135 396 240 5 195 434 -393 -228 342 214 -94 411 67 211 428 -202 750 216 224 335 -17 344 20 10 135 24 -155 -370 352 380]
[588 -85 -51 678 -219 -330 -296 176 -103 -624 -203 -460 -82 -414 -217 -211 58 -283 617 -151 -16 160 -237 59 -68 -57 -407 457 -170 38 -83 -180 -220 161 -443 221 237 -232]
[305 337 307 292 -363 85 363 408 84 -190 144 367 -105 548 48 -209 166 27 82 294 -250 185 -22 -411 -739 -186 376 202 -475 416 -425 -156 74 -83 362 -20 90 -24]
[-529 -1288 485 -28 -376 523 -71 -6 593 88 40 -315 -183 -301 -338 -266 10 449 376 -261 -331 147 -117 125 34 -560 21 545 309 41 88 587 581 528 -93 152 205 -9]
[-415 129 1 -683 -328 -968 81 -486 -362 -558 171 548 -69 -73 382 119 -237 308 -306 -307 -378 -277 -249 -268 -478 -278 338 -813 -591 156 150 265 -365 83 -48 -314 616 -58]
[-185 -154 -254 -401 -412 190 -501 -222 376 182 119 -116 -503 280 -832 -158 241 36 -189 -547 478 -247 605 -386 -336 -433 552 454 143 -602 -211 741 -200 -221 302 -256 66 -72]
[-219 134 207 48 -419 450 -28 372 -134 153 72 419 -237 527 -348 -238 -547 -399 215 556 -329 -81 -83 44 861 -214 594 -282 -1090 -463 7 -371 -131 422 131 -583 -53 304]
[-7 -129 546 -192 -255 -107 461 -919 26 36 -469 272 -110 64 631 -256 490 448 258 -91 120 -297 -448 -157 480 -463 -203 -340 95 906 216 343 -217 206 -170 358 73 -229]
[-221 -230 -131 443 -108 525 -328 -113 -670 168 225 -309 -583 242 210 -625 562 636 225 364 -389 531 -301 -20 653 428 -512 -601 535 96 -84 -97 158 106 -24 -237 54 -156]
[36 746 284 -649 -321 36 35 -181 -978 67 -285 351 -269 82 -543 -240 -148 -592 55 -344 260 140 56 493 -131 -2 -663 17 153 470 67 125 -458 -564 -130 137 -149 -115]
[-66 262 27 396 -70 -383 359 287 586 753 143 -171 30 308 -135 -212 272 -63 352 -80 262 -435 139 -300 57 313 -244 39 -373 -15 440 232 357 81 -317 185 386 92]
[50 -210 282 -360 452 212 -99 432 -306 -697 172 611 -243 -140 574 419 37 92 -549 -45 -618 41 -92 -94 447 176 -17 318 -591 618 556 -451 240 -305 -139 336 -399 267]
[768 554 358 397 82 -114 606 -193 -21 -528 46 -104 -3 292 -144 -40 632 -162 199 -74 -29 -36 -698 461 -222 236 -673 99 -93 382 -156 143 377 -815 239 128 -635 -471]
[-253 580 -188 -177 300 299 -294 -74 292 -80 164 230 57 -310 -25 181 969 -31 -399 -138 -187 441 -743 295 282 -206 -55 -248 752 -77 331 516 496 -1032 -177 -255 -43 717]]
[phase 0 refreshed accepted=1]
[[-112 157 -15 171 -302 -162 -79 -57 250 8 3 -102 333 -372 622 -227 -139 -50 -119 -255 -270 -226 218 -142 -92 -126 -154 229 558 -211 -353 -365 636 137 99 -309 -227 -348]
[-147 286 49 290 109 -792 492 223 80 159 -97 -1 497 -587 272 405 -650 -157 -188 277 -153 -301 35 -419 -90 412 -21 11 -469 -201 409 106 -260 371 -641 -22 143 -23]
[330 -227 101 211 -50 490 396 190 473 681 376 160 48 521 -875 49 -118 342 316 -95 365 257 346 -342 -513 -244 27 398 -414 -529 -148 359 31 -246 71 278 285 24]
[392 397 -26 -18 -358 20 396 193 312 185 132 -331 -6 -35 -447 479 196 -231 438 -436 501 -138 138 393 -745 225 -367 794 227 -493 6 143 -232 -408 -325 128 38 0]
[-99 -130 -120 156 -444 -67 -709 79 -45 134 57 -127 -60 120 -783 184 394 480 409 438 -540 93 87 333 546 149 316 -580 -494 168 -11 -32 -312 682 129 -266 282 349]
[-776 -346 266 -377 -83 -189 724 -119 -122 -624 -641 220 347 -397 645 137 -452 40 -972 36 -624 -509 7 -296 -39 -130 747 -380 99 340 33 -26 -306 172 -45 210 -242 91]
[250 -432 321 -185 14 -489 1032 147 82 -175 -112 272 835 -9 -246 -64 -377 493 -333 -31 -81 357 -355 -906 -299 -435 77 190 128 -282 59 684 -251 -266 -728 162 317 -186]
[706 -122 -25 137 781 292 -128 -287 -415 45 -176 -9 14 -31 84 -111 499 260 71 -11 -353 424 -499 65 572 292 -603 186 350 509 189 212 249 -797 -410 352 -191 0]
[-930 -126 247 -41 -569 -548 -438 200 -341 -761 -343 -24 707 -660 -145 446 -227 525 359 -133 31 -130 -211 241 -57 -444 308 -375 661 0 70 138 -304 385 40 -128 87 1]
[-117 -51 193 -249 -490 -168 725 -434 -64 -111 23 269 138 295 -483 -331 6 547 -1 165 -537 225 -294 -439 420 74 -4 4 -626 108 -432 -243 97 -339 -113 -221 411 0]
[54 -536 -457 26 -361 -36 -114 -147 121 -711 138 290 188 -150 -533 389 -332 571 390 201 -303 112 -334 -51 103 -493 118 34 16 -136 -487 -471 -270 -196 -118 -107 369 4]
[-220 -209 -420 -280 232 -379 -28 221 -237 -54 256 114 248 -637 -69 306 -639 -271 -104 -408 667 47 264 -454 -242 -3 238 300 -317 -512 231 -475 -56 -330 -246 -16 205 -163]
[-47 337 -46 -196 -629 -553 -668 -39 -740 249 -119 -417 -384 -66 -32 -44 115 -287 81 -77 -402 -241 443 -191 52 490 -230 213 -356 -116 -80 -224 -138 248 -350 -520 -225 -112]
[976 54 -218 116 487 -283 386 135 357 483 89 -390 85 -242 379 690 11 -181 -94 376 -186 192 -700 -1 268 424 -182 -334 -89 225 -299 146 -485 194 -796 53 72 309]
[-6 -345 268 165 995 154 -1 -150 -517 -580 -695 161 118 -48 258 -155 -753 -174 221 615 -615 -229 -97 -68 -7 249 -79 -268 -444 481 607 106 -486 351 68 493 -448 -48]
[-482 153 -269 -407 -180 -591 -227 221 315 -260 227 -68 731 -870 161 740 199 150 -178 -226 -60 -417 -244 173 -230 223 182 -109 394 128 -309 -689 -186 86 -898 -691 557 -33]
[-227 -198 -373 -381 322 481 -256 -650 -265 -235 -124 -258 -269 252 258 437 -333 -98 333 -254 -369 -174 -103 271 -444 547 -234 405 -22 779 156 -418 -286 -631 0 306 -254 -81]
[640 -233 -65 -86 245 218 -64 117 175 95 -269 -97 504 90 -784 211 573 369 -159 -428 289 456 216 744 -400 197 493 -112 428 -364 -208 290 -463 -545 -290 -117 196 226]
[317 483 141 111 -99 -490 332 194 -150 -563 -626 -141 703 -420 163 322 -286 -302 345 35 76 -340 97 331 -121 -481 438 -95 514 -178 -11 737 -862 261 -475 -379 -310 127]
[143 139 -370 184 397 520 -113 418 133 395 173 -213 -409 -169 89 136 -345 -279 925 1 983 134 -203 423 -59 -494 -17 -236 263 -768 -6 328 -424 154 -97 -31 -233 25]
[39 159 328 342 -735 -144 421 163 207 -126 39 -576 414 -20 -324 304 420 462 285 103 118 -15 -138 459 355 66 344 359 59 -16 -846 -225 -48 -383 -153 -433 89 361]
[219 -184 -138 -252 -127 -4 158 710 169 124 336 15 434 -78 -235 -98 -50 115 185 495 -345 567 -459 -39 235 437 46 -270 -117 -406 487 -113 -29 411 -31 366 -44 288]
[-473 34 261 162 -770 319 17 261 -73 154 163 -213 658 174 -211 -649 -392 280 907 -384 107 765 -92 -354 86 -332 503 -42 -248 38 -289 66 241 1 419 183 101 32]
[416 -18 -140 -615 356 -614 660 42 -515 -238 -389 -180 27 -178 356 -234 190 -62 -142 -106 -276 323 -135 -191 -193 166 300 -70 98 17 679 211 -228 -1 28 -254 -396 -347]
[-362 -459 403 -97 522 370 147 -94 17 141 525 -22 324 4 -40 21 -706 49 -142 -228 -25 -401 -30 -832 79 -329 -15 245 -630 -459 -689 -556 471 -455 148 160 -356 -45]
[201 188 483 -417 -430 684 194 -24 39 248 -80 240 -18 -149 380 350 347 184 248 -293 127 -500 418 665 -268 -298 71 -46 655 111 -545 323 264 -241 538 329 -178 502]
[-63 373 -186 -91 -190 -201 -107 -522 138 452 402 -2 276 -762 263 451 -286 10 266 149 -593 -99 -318 -22 731 617 319 -121 -251 -261 -27 -520 341 -8 -332 -30 177 458]
[30 50 172 -83 -702 349 590 149 645 637 219 229 511 126 -216 636 -112 115 -41 99 -318 -326 229 -176 -474 57 -97 -179 104 320 -194 305 414 254 405 411 -429 -165]
[207 -46 -448 52 341 -351 -823 -653 -54 -700 -23 239 -728 343 -186 -292 17 140 45 651 -77 40 -754 -348 762 -385 -158 -262 31 298 -47 772 -491 -53 -140 -410 237 -44]
[-355 -387 369 -693 -170 -385 626 481 -94 -462 19 337 411 -291 28 230 287 -277 18 -257 470 146 -422 227 -248 -345 488 -4 164 242 897 161 -600 -570 -516 340 349 -60]
[417 -109 186 292 258 420 -19 24 632 542 -14 -450 97 -203 -2 388 -82 -416 232 -234 -400 -310 -213 494 333 396 -140 201 -404 -57 -281 -812 303 344 -221 -401 61 -90]
[132 449 280 610 -224 561 190 -373 -517 -68 -143 -222 -198 401 438 -510 486 -18 -115 -104 -310 -136 613 119 -169 483 -423 328 738 271 -285 19 314 -449 268 -203 -337 -193]
[481 -439 -287 -417 -140 188 -716 113 -813 -649 376 307 -579 19 135 -163 475 -728 70 -276 908 155 75 383 381 -203 -413 48 160 141 373 61 -640 -253 -376 -173 -215 146]
[-267 -356 625 -336 -95 41 35 176 -787 255 113 250 145 213 -346 -470 -21 349 -775 -36 257 735 -378 -239 371 -189 -309 -137 225 735 -283 -53 240 -727 -98 338 118 -67]
[-472 -161 533 -745 -451 -133 -292 -160 -750 -169 151 119 393 -31 140 -562 -160 314 283 -227 188 -249 -288 -117 2 -17 -327 -508 822 491 -313 -127 104 312 -130 -370 -237 123]
[-603 489 139 427 -281 371 -215 72 -606 -339 -245 12 -659 304 -420 242 -122 460 34 3 128 145 192 512 335 202 -148 -433 -47 -126 130 368 -8 -274 62 -6 -193 -192]
[564 284 261 176 -453 -16 -395 246 -185 111 -452 -288 34 -270 196 213 394 -228 113 261 -389 20 -455 2 558 -118 -633 -334 306 -108 146 111 45 137 -286 3 186 498]
[-121 277 51 118 -109 248 -193 13 562 366 -231 -257 739 -482 -252 220 -269 291 597 -821 -81 -691 249 -52 -353 239 244 -66 -158 -446 119 -107 -170 117 100 152 417 -336]]
[phase 1 initial]
[[-112 157 -15 171 -302 -162 -79 -57 250 8 3 -102 333 -372 622 -227 -139 -50 -119 -255 -270 -226 218 -142 -92 -126 -154 229 558 -211 -353 -365 636 137 99 -309 -227 -348]
[-147 286 49 290 109 -792 492 223 80 159 -97 -1 497 -587 272 405 -650 -157 -188 277 -153 -301 35 -419 -90 412 -21 11 -469 -201 409 106 -260 371 -641 -22 143 -23]
[330 -227 101 211 -50 490 396 190 473 681 376 160 48 521 -875 49 -118 342 316 -95 365 257 346 -342 -513 -244 27 398 -414 -529 -148 359 31 -246 71 278 285 24]
[392 397 -26 -18 -358 20 396 193 312 185 132 -331 -6 -35 -447 479 196 -231 438 -436 501 -138 138 393 -745 225 -367 794 227 -493 6 143 -232 -408 -325 128 38 0]
[-99 -130 -120 156 -444 -67 -709 79 -45 134 57 -127 -60 120 -783 184 394 480 409 438 -540 93 87 333 546 149 316 -580 -494 168 -11 -32 -312 682 129 -266 282 349]
[-776 -346 266 -377 -83 -189 724 -119 -122 -624 -641 220 347 -397 645 137 -452 40 -972 36 -624 -509 7 -296 -39 -130 747 -380 99 340 33 -26 -306 172 -45 210 -242 91]
[250 -432 321 -185 14 -489 1032 147 82 -175 -112 272 835 -9 -246 -64 -377 493 -333 -31 -81 357 -355 -906 -299 -435 77 190 128 -282 59 684 -251 -266 -728 162 317 -186]
[706 -122 -25 137 781 292 -128 -287 -415 45 -176 -9 14 -31 84 -111 499 260 71 -11 -353 424 -499 65 572 292 -603 186 350 509 189 212 249 -797 -410 352 -191 0]
[-930 -126 247 -41 -569 -548 -438 200 -341 -761 -343 -24 707 -660 -145 446 -227 525 359 -133 31 -130 -211 241 -57 -444 308 -375 661 0 70 138 -304 385 40 -128 87 1]
[-117 -51 193 -249 -490 -168 725 -434 -64 -111 23 269 138 295 -483 -331 6 547 -1 165 -537 225 -294 -439 420 74 -4 4 -626 108 -432 -243 97 -339 -113 -221 411 0]
[54 -536 -457 26 -361 -36 -114 -147 121 -711 138 290 188 -150 -533 389 -332 571 390 201 -303 112 -334 -51 103 -493 118 34 16 -136 -487 -471 -270 -196 -118 -107 369 4]
[-220 -209 -420 -280 232 -379 -28 221 -237 -54 256 114 248 -637 -69 306 -639 -271 -104 -408 667 47 264 -454 -242 -3 238 300 -317 -512 231 -475 -56 -330 -246 -16 205 -163]
[-47 337 -46 -196 -629 -553 -668 -39 -740 249 -119 -417 -384 -66 -32 -44 115 -287 81 -77 -402 -241 443 -191 52 490 -230 213 -356 -116 -80 -224 -138 248 -350 -520 -225 -112]
[976 54 -218 116 487 -283 386 135 357 483 89 -390 85 -242 379 690 11 -181 -94 376 -186 192 -700 -1 268 424 -182 -334 -89 225 -299 146 -485 194 -796 53 72 309]
[-6 -345 268 165 995 154 -1 -150 -517 -580 -695 161 118 -48 258 -155 -753 -174 221 615 -615 -229 -97 -68 -7 249 -79 -268 -444 481 607 106 -486 351 68 493 -448 -48]
[-482 153 -269 -407 -180 -591 -227 221 315 -260 227 -68 731 -870 161 740 199 150 -178 -226 -60 -417 -244 173 -230 223 182 -109 394 128 -309 -689 -186 86 -898 -691 557 -33]
[-227 -198 -373 -381 322 481 -256 -650 -265 -235 -124 -258 -269 252 258 437 -333 -98 333 -254 -369 -174 -103 271 -444 547 -234 405 -22 779 156 -418 -286 -631 0 306 -254 -81]
[640 -233 -65 -86 245 218 -64 117 175 95 -269 -97 504 90 -784 211 573 369 -159 -428 289 456 216 744 -400 197 493 -112 428 -364 -208 290 -463 -545 -290 -117 196 226]
[317 483 141 111 -99 -490 332 194 -150 -563 -626 -141 703 -420 163 322 -286 -302 345 35 76 -340 97 331 -121 -481 438 -95 514 -178 -11 737 -862 261 -475 -379 -310 127]
[143 139 -370 184 397 520 -113 418 133 395 173 -213 -409 -169 89 136 -345 -279 925 1 983 134 -203 423 -59 -494 -17 -236 263 -768 -6 328 -424 154 -97 -31 -233 25]
[39 159 328 342 -735 -144 421 163 207 -126 39 -576 414 -20 -324 304 420 462 285 103 118 -15 -138 459 355 66 344 359 59 -16 -846 -225 -48 -383 -153 -433 89 361]
[219 -184 -138 -252 -127 -4 158 710 169 124 336 15 434 -78 -235 -98 -50 115 185 495 -345 567 -459 -39 235 437 46 -270 -117 -406 487 -113 -29 411 -31 366 -44 288]
[-473 34 261 162 -770 319 17 261 -73 154 163 -213 658 174 -211 -649 -392 280 907 -384 107 765 -92 -354 86 -332 503 -42 -248 38 -289 66 241 1 419 183 101 32]
[416 -18 -140 -615 356 -614 660 42 -515 -238 -389 -180 27 -178 356 -234 190 -62 -142 -106 -276 323 -135 -191 -193 166 300 -70 98 17 679 211 -228 -1 28 -254 -396 -347]
[-362 -459 403 -97 522 370 147 -94 17 141 525 -22 324 4 -40 21 -706 49 -142 -228 -25 -401 -30 -832 79 -329 -15 245 -630 -459 -689 -556 471 -455 148 160 -356 -45]
[201 188 483 -417 -430 684 194 -24 39 248 -80 240 -18 -149 380 350 347 184 248 -293 127 -500 418 665 -268 -298 71 -46 655 111 -545 323 264 -241 538 329 -178 502]
[-63 373 -186 -91 -190 -201 -107 -522 138 452 402 -2 276 -762 263 451 -286 10 266 149 -593 -99 -318 -22 731 617 319 -121 -251 -261 -27 -520 341 -8 -332 -30 177 458]
[30 50 172 -83 -702 349 590 149 645 637 219 229 511 126 -216 636 -112 115 -41 99 -318 -326 229 -176 -474 57 -97 -179 104 320 -194 305 414 254 405 411 -429 -165]
[207 -46 -448 52 341 -351 -823 -653 -54 -700 -23 239 -728 343 -186 -292 17 140 45 651 -77 40 -754 -348 762 -385 -158 -262 31 298 -47 772 -491 -53 -140 -410 237 -44]
[-355 -387 369 -693 -170 -385 626 481 -94 -462 19 337 411 -291 28 230 287 -277 18 -257 470 146 -422 227 -248 -345 488 -4 164 242 897 161 -600 -570 -516 340 349 -60]
[417 -109 186 292 258 420 -19 24 632 542 -14 -450 97 -203 -2 388 -82 -416 232 -234 -400 -310 -213 494 333 396 -140 201 -404 -57 -281 -812 303 344 -221 -401 61 -90]
[132 449 280 610 -224 561 190 -373 -517 -68 -143 -222 -198 401 438 -510 486 -18 -115 -104 -310 -136 613 119 -169 483 -423 328 738 271 -285 19 314 -449 268 -203 -337 -193]
[481 -439 -287 -417 -140 188 -716 113 -813 -649 376 307 -579 19 135 -163 475 -728 70 -276 908 155 75 383 381 -203 -413 48 160 141 373 61 -640 -253 -376 -173 -215 146]
[-267 -356 625 -336 -95 41 35 176 -787 255 113 250 145 213 -346 -470 -21 349 -775 -36 257 735 -378 -239 371 -189 -309 -137 225 735 -283 -53 240 -727 -98 338 118 -67]
[-472 -161 533 -745 -451 -133 -292 -160 -750 -169 151 119 393 -31 140 -562 -160 314 283 -227 188 -249 -288 -117 2 -17 -327 -508 822 491 -313 -127 104 312 -130 -370 -237 123]
[-603 489 139 427 -281 371 -215 72 -606 -339 -245 12 -659 304 -420 242 -122 460 34 3 128 145 192 512 335 202 -148 -433 -47 -126 130 368 -8 -274 62 -6 -193 -192]
[564 284 261 176 -453 -16 -395 246 -185 111 -452 -288 34 -270 196 213 394 -228 113 261 -389 20 -455 2 558 -118 -633 -334 306 -108 146 111 45 137 -286 3 186 498]
[-121 277 51 118 -109 248 -193 13 562 366 -231 -257 739 -482 -252 220 -269 291 597 -821 -81 -691 249 -52 -353 239 244 -66 -158 -446 119 -107 -170 117 100 152 417 -336]]
