[phase 0]
squared_norm=2662327
coefficients=[1 1 0 0 1 0 0 0 0 -1 0 -1 1 0 0 -1 0 0 0 0 0 0 0 1 -1 0 0 0 0 0 0 0 0 0 0 0 0 0]
vector=[-112 157 -15 171 -302 -162 -79 -57 250 8 3 -102 333 -372 622 -227 -139 -50 -119 -255 -270 -226 218 -142 -92 -126 -154 229 558 -211 -353 -365 636 137 99 -309 -227 -348]

[phase 1]
squared_norm=2662327
coefficients=[1 0 0 0 0 0 0 0 0 0 0 0 0 0 0 0 0 0 0 0 0 0 0 0 0 0 0 0 0 0 0 0 0 0 0 0 0 0]
vector=[-112 157 -15 171 -302 -162 -79 -57 250 8 3 -102 333 -372 622 -227 -139 -50 -119 -255 -270 -226 218 -142 -92 -126 -154 229 558 -211 -353 -365 636 137 99 -309 -227 -348]

