[phase 0 initial]
[[109 42 276 -30 133 142 97 -141 223 1 -277 151 -248 453 1006 -124 -118 -726 339 139 -332 372 -275 -239 -340 59 -74 404 67 -153 -64 -449 36 -88 -439 -76 163 -36]
[510 -573 35 -160 -207 346 103 197 332 122 -534 -325 -81 524 245 -17 -267 -489 283 -183 319 -152 11 323 337 -102 63 293 158 -252 -504 -354 470 -190 -471 -142 -342 -52]
[116 555 288 -47 -432 125 380 -85 93 -97 137 -65 445 -505 -146 94 -84 -67 122 109 378 596 -277 652 24 -396 360 251 519 625 489 -493 -350 -223 394 136 181 51]
[-47 -426 68 -64 -112 218 -406 -289 102 816 -377 -365 -972 104 -146 -211 -94 -134 400 -276 -50 115 -537 202 -182 -173 -175 185 -566 -516 -758 -51 -427 251 -551 53 -353 -52]
[-356 205 346 34 -29 -820 -12 -118 -372 265 253 -1 -178 -826 -296 215 313 348 180 -416 382 -339 -520 829 -486 -507 120 -270 -507 110 8 183 -110 739 331 -97 187 32]
[75 476 107 48 291 -337 460 630 -455 -365 -84 534 -186 184 115 317 -76 170 -261 275 -146 -16 -161 -470 -471 -149 -564 -11 -331 -22 670 98 495 436 402 -675 45 -1]
[177 -95 307 -404 229 -431 213 -294 558 -833 276 -121 31 39 99 36 29 -702 244 432 -9 153 -159 353 64 97 768 -572 348 171 332 -436 797 418 59 207 168 0]
[-422 377 105 594 488 411 -49 468 -454 182 732 480 582 -133 452 151 -144 105 -305 -233 306 -855 70 -45 87 228 -307 -186 -439 330 41 460 438 384 -25 -723 181 33]
[-133 240 41 335 -214 -527 278 -366 125 -383 -311 -500 -272 -368 -345 -96 206 -601 462 -476 -159 528 -532 573 -78 -56 776 337 -182 268 -481 -301 -427 -33 362 874 112 -1]
[-733 125 104 687 -359 -698 -68 -132 -519 -198 37 266 433 -5 228 -425 408 -19 -477 -487 -435 -501 -184 -233 83 347 157 -182 -304 -72 -203 217 -558 -201 320 -12 61 46]
[676 -78 189 -94 -374 286 353 67 480 -328 373 -745 -139 -51 -550 0 -321 317 23 539 625 -12 102 283 -34 -624 -37 -413 646 159 -59 -428 -265 -32 219 -506 -487 -17]
[-229 -273 -339 -77 237 67 482 -209 240 -277 -70 -202 28 254 -197 17 319 409 -197 132 -323 301 475 -44 60 -154 678 -111 -16 71 519 -82 830 -127 599 280 -313 -126]
[-188 -80 572 373 41 354 563 325 -141 -663 -138 -453 96 -313 -576 -238 58 146 -232 419 512 133 -116 797 111 47 312 -275 -174 419 18 -560 656 301 815 -538 -476 -17]
[-292 896 -184 797 -116 177 376 31 -339 159 275 100 -452 -777 34 249 368 99 123 -678 298 284 -383 657 -424 -761 386 -186 -159 357 166 240 -614 129 319 477 -118 -77]
[-230 -125 -130 -280 626 587 -242 460 -33 -422 -387 -70 -447 418 81 62 208 356 89 -17 331 -367 532 -402 275 63 -359 -21 250 -182 -486 98 1034 -333 77 -332 -391 -115]
[82 -9 288 -543 -682 -167 -322 -74 640 -301 -73 160 477 -186 40 -279 -460 -745 338 -320 313 437 -262 -376 420 -206 618 -85 402 73 -17 -328 -340 -519 -368 323 -123 94]
[165 -182 -305 320 -139 -230 260 48 -176 -49 -44 -89 -313 572 182 24 156 244 -411 -620 -503 -43 66 -767 247 231 -705 495 23 -407 49 471 -330 -220 583 -616 184 153]
[282 285 -6 144 -23 -55 -352 -384 400 105 812 362 337 113 741 -32 -496 -687 -219 120 -107 468 598 -535 1 639 -146 248 315 712 278 196 -373 119 -493 -275 405 131]
[96 732 334 534 -13 -111 376 -211 177 -312 6 257 370 -151 273 -80 -699 -660 -377 76 -88 101 167 -654 -106 186 217 -310 205 800 40 -538 -324 -101 277 -143 97 -32]
[9 20 12 -59 -458 -220 244 247 114 334 -941 158 231 -13 -148 229 287 135 -294 -150 -526 -186 -336 275 241 533 -495 108 -19 -249 -66 -261 136 -109 487 -57 165 -67]
[242 -310 58 -85 173 -950 -241 378 332 -847 -137 52 555 227 -535 70 161 436 147 118 -309 -176 321 -376 -214 592 -120 -545 -576 -134 39 99 87 -40 264 66 77 282]
[432 -42 144 351 125 202 71 30 494 -244 47 -393 -248 394 187 29 202 -233 380 27 -138 765 434 -113 119 461 663 -82 -271 375 10 430 99 18 -282 833 -576 -46]
[385 -66 189 139 -440 7 444 -511 57 163 323 75 -347 -404 131 128 64 227 178 -498 -24 356 357 360 -451 -143 -267 489 -104 208 -160 -108 -667 -124 -274 -121 266 343]
[203 -255 -122 29 -31 -743 -410 138 -197 -477 -246 92 1100 523 316 -223 25 -696 2 -206 78 -16 443 -377 -233 333 -78 365 -51 -289 162 -284 -188 96 -423 -42 -19 41]
[-206 -159 -74 -88 644 -34 97 120 225 -566 713 -207 137 -314 -249 266 61 236 127 550 54 174 169 46 -338 -71 -684 -762 433 -410 562 -176 171 296 129 -98 -39 -19]
[92 326 -7 -214 -556 7 -43 -24 493 -539 -436 -253 -510 90 135 -362 183 -400 419 -301 330 448 -416 60 534 342 91 -154 -47 343 -428 -42 -731 -373 311 266 -294 -49]
[-309 373 -43 820 -174 211 -11 214 -255 -347 413 -216 486 -544 101 -140 -264 -113 216 -203 223 -270 220 -100 240 40 149 318 470 653 -352 -331 17 -1012 -357 -285 -200 21]
[222 -79 -429 733 31 -515 483 -126 -111 168 -558 95 525 446 -699 370 77 297 -169 -266 155 -401 380 228 -111 -439 -349 297 -111 274 -94 68 -379 137 148 170 -242 -12]
[400 327 -50 -104 20 87 -567 36 -81 49 28 -33 452 136 229 266 -324 -285 279 222 5 138 778 -624 -159 415 229 -380 746 366 95 88 -6 42 -20 459 452 -82]
[597 410 169 -547 228 1200 -342 112 308 490 -532 -151 -265 -284 65 9 -670 -457 288 -504 167 989 -395 264 152 -149 -166 175 -215 497 365 -525 368 -91 -80 -233 -507 11]
[434 -289 96 -161 39 -61 126 9 -169 178 461 -369 -107 173 -963 -9 -293 344 44 131 -106 -195 156 -143 429 127 286 -606 167 -444 -469 165 -259 493 -579 509 335 269]
[233 -391 293 -124 -177 618 384 -539 856 137 406 -701 530 108 265 -498 -791 -448 58 199 414 -42 -604 478 -121 -532 782 5 55 64 -29 -145 -329 259 -95 197 -623 -545]
[-429 426 -101 648 121 848 98 801 -448 -109 -278 -193 -2 585 321 212 159 260 -269 253 -307 -774 40 -182 522 235 -94 -339 -629 -132 -57 84 47 -419 338 -451 -789 -400]
[112 148 263 446 188 442 50 84 520 411 -16 -444 -151 -73 120 -169 -146 -299 -20 -130 -169 271 -410 149 -251 104 -147 773 116 884 -804 -239 -338 -222 -243 -191 247 402]
[-69 249 -369 125 476 791 115 -195 -81 255 -138 -336 -116 -324 315 -441 -6 43 488 17 -329 275 -235 -14 172 571 15 876 -152 -6 -249 -101 -82 -525 323 464 40 228]
[-226 550 441 15 774 -326 11 -283 477 -270 522 94 -686 658 266 190 393 -57 305 242 -80 182 78 -335 -978 -377 -245 -470 -149 -52 -46 346 794 470 -32 -391 144 -5]
[216 244 -875 627 -17 -710 -202 -13 -16 -296 -240 89 131 -10 278 293 493 46 -51 389 -13 75 314 -52 -385 214 298 -319 267 307 -7 -245 35 128 -216 414 93 384]
[-325 -15 -10 104 -113 408 -249 -403 -308 518 535 80 -311 -355 -512 -703 96 779 -532 -89 -49 -273 -44 388 504 -5 147 138 87 -341 530 -189 201 -110 -140 41 195 154]]
