[phase 0 initial]
[[-38 -399 -364 219 26 595 33 -108 -559 -16 616 -61 -447 67 -447 -83 135 -180 -289 -304 215 -141 -69 -52 467 166 576 429 135 -160 20 125 -215 423 285 -7]
[-387 79 -264 106 375 387 198 451 131 7 -416 437 -510 -130 -485 -278 -162 271 -564 -111 -641 -65 134 63 493 -98 31 -302 -258 -418 265 222 -87 -115 426 -34]
[154 -40 339 -120 -289 233 -276 159 -124 309 -206 -609 -12 -472 238 308 -141 469 225 246 650 617 114 116 -313 -226 -585 160 -201 172 -617 -194 -291 342 114 7]
[543 183 -606 165 89 99 29 108 788 -93 24 749 78 9 -451 -19 37 282 -45 -763 10 -509 -16 6 180 -189 109 55 -501 -222 -47 -112 200 -343 -132 -19]
[-381 -126 -739 433 460 -45 -331 23 381 -17 25 182 -352 57 -168 95 -395 52 -379 -974 -312 -97 57 -362 101 -106 -11 35 59 -84 12 -665 135 -422 94 -5]
[107 -129 -289 175 -118 587 -58 -21 651 -28 -188 204 310 -710 -542 -453 463 708 -368 299 276 38 334 668 103 -444 17 -225 -406 -404 -27 -152 -271 133 45 -46]
[-584 489 -59 -368 477 -665 -198 -51 368 -213 -162 97 -312 -80 581 271 -168 -244 344 -124 -339 260 435 -440 126 352 201 -266 160 263 -436 122 424 -366 -33 53]
[68 -15 -119 679 -97 222 -831 30 209 41 24 -875 -68 -325 38 33 165 -68 237 346 111 -42 218 -101 6 137 381 667 495 199 -356 -444 164 330 -190 40]
[-291 200 -73 -52 -143 339 711 -137 -56 328 -272 268 -177 -444 -648 -253 -346 195 -159 -338 20 153 -119 139 -554 -55 -763 -174 -162 -288 172 257 -333 -279 245 57]
[864 -179 -20 340 -406 567 -37 528 -316 15 208 -164 -69 183 131 489 -338 -441 -19 -17 274 -374 255 -166 655 147 76 386 -166 -557 156 280 -348 200 -235 -50]
[156 240 446 -487 435 -566 210 -415 588 -327 278 520 -113 49 100 483 101 57 -15 -565 106 -422 -351 295 -250 -326 -181 -57 -119 -120 -420 -236 209 -52 -107 -96]
[-458 -405 342 205 13 336 591 356 -764 557 -176 435 227 23 38 -520 85 608 -585 87 -338 400 -336 60 -33 198 221 135 -244 -44 550 750 -599 253 494 131]
[72 151 -83 742 -152 30 -6 -441 392 -361 843 74 -119 -359 -336 67 462 15 88 -706 174 -222 -263 522 -400 214 342 -134 701 360 -293 -692 433 -156 -275 34]
[360 -160 50 9 -607 124 193 439 -901 617 581 82 116 555 812 -371 -173 -169 213 166 -225 -42 -381 341 477 355 403 83 -120 -193 274 96 -271 355 15 158]
[-714 -296 259 387 207 -38 430 160 -296 1 868 -125 -402 55 41 552 -245 -104 -54 -156 337 500 -171 -512 -600 299 -192 -138 69 395 -371 513 -230 -220 279 74]
[782 341 69 15 -264 -547 80 568 542 -585 -126 -51 94 564 -259 328 -244 -312 232 429 -153 -415 259 -591 -243 -785 -320 287 102 127 -330 257 187 -219 -272 -39]
[232 -72 -298 -705 -114 475 265 63 -91 -78 -293 644 342 518 -300 527 -15 -875 168 30 95 -169 -373 -189 207 -104 210 -352 -209 -135 322 744 -35 -337 -10 -275]
[-659 -191 -467 394 -260 -321 253 -729 327 61 581 1 -108 351 -345 -818 372 -15 -222 -577 -194 426 197 -172 -2 322 188 53 426 36 -67 -10 338 151 106 86]
[-605 -2 49 223 134 824 -557 402 2 361 -364 -117 -669 406 -294 -7 310 289 -119 59 168 693 -68 -388 88 -296 198 -472 -422 170 152 378 257 -30 636 -229]
[24 -701 -179 58 104 -663 123 286 -562 -119 59 238 269 690 553 -146 -194 139 136 4 -68 358 -74 -93 -106 -102 -50 519 77 -23 -65 -83 245 -361 -146 81]
[-384 -304 -207 188 371 403 -264 -358 -19 140 -9 189 60 -27 89 309 -492 -489 -247 158 -475 346 -10 191 328 171 -373 124 -27 -504 -138 40 399 -103 43 -176]
[-153 78 632 83 -144 -223 530 285 -43 418 -174 -347 330 -69 227 -749 -330 461 129 830 -497 -246 -765 115 133 172 -221 -477 -738 227 353 174 4 -221 303 449]
[166 -332 -52 -720 54 -376 187 136 -248 80 379 7 331 719 248 345 -185 -622 413 435 -338 252 -323 -614 -222 -436 -222 -366 -91 455 -6 130 -326 315 -452 -418]
[-291 176 -435 537 157 198 -236 367 301 49 -384 121 291 -328 115 263 -93 -245 -85 -560 -137 502 384 -280 -259 -42 -423 62 482 -219 -4 423 531 -222 -69 179]
[9 174 1015 -2 60 -503 -89 -390 -176 -121 19 24 -102 -70 85 -59 469 -229 578 223 -143 -197 116 49 18 -151 91 -322 432 294 -169 -6 893 516 -258 305]
[751 278 227 266 423 51 583 -72 -137 -555 -130 209 -406 -25 -190 -46 661 44 134 138 -246 -453 -545 282 -126 84 -200 -156 -122 -29 679 24 336 -543 -586 125]
[118 170 -591 344 -174 -89 301 299 -77 -223 863 134 388 741 -46 140 -103 -283 319 -477 240 -384 -615 780 -287 -401 -128 432 323 95 -301 -444 283 246 -121 -72]
[-316 291 -153 265 -203 98 172 -31 -96 -23 -1 -59 52 -548 50 117 -199 1159 -2 -318 -290 56 177 -110 -248 -627 -332 -379 -13 653 -408 -895 -214 -78 -11 -163]
[4 -298 314 -271 -45 170 395 -84 -963 318 573 -295 -109 -460 -293 484 -374 22 -454 -12 385 -323 -84 -109 -292 591 -329 -321 -243 -58 -277 -310 -203 205 35 -224]
[62 -98 -275 431 130 86 301 317 -202 53 120 -331 -462 390 -675 -302 -286 -94 -55 -520 113 -557 310 -702 704 -343 151 407 238 181 -127 -106 616 -45 -279 42]
[-498 96 -811 -49 476 688 -110 78 -87 462 -23 220 -372 -506 -735 -266 -657 283 -474 -231 89 257 -310 128 -145 -765 96 459 -62 139 7 -650 -224 689 173 -53]
[155 -161 277 2 -313 -273 9 274 -433 -133 339 239 -189 312 208 324 -234 -625 -193 -192 -639 -550 -496 -273 -44 -9 270 292 359 120 23 -234 -615 303 -684 179]
[164 -325 -193 -116 -195 -163 26 -915 125 207 -257 13 972 93 -103 268 95 0 182 -492 132 -26 -231 -206 -201 44 -350 80 -105 105 583 -308 217 -794 -941 341]
[-9 -18 697 198 -594 234 -149 246 -328 196 -202 -7 424 -196 -363 600 173 -523 -537 493 443 78 331 52 129 -555 91 894 127 -443 203 424 -431 724 160 -19]
[135 -184 629 382 -757 352 -232 506 -31 249 133 -354 120 365 177 349 193 151 127 -355 -60 851 -425 -737 -497 -117 40 454 32 412 -114 -488 -87 -329 32 40]
[-454 -401 466 234 135 36 285 290 -350 -262 -107 226 -237 769 -598 244 -62 -463 -825 -485 -1056 -76 -242 246 -289 480 396 27 360 362 239 -17 291 350 437 127]]
[phase 0 refreshed]
[[-567 9 278 43 74 -62 113 -558 192 -5 -92 412 -270 -351 481 -195 -383 72 -167 565 305 -65 361 -260 -125 119 450 79 -17 -296 -52 -15 250 50 141 -347]
[-38 -399 -364 219 26 595 33 -108 -559 -16 616 -61 -447 67 -447 -83 135 -180 -289 -304 215 -141 -69 -52 467 166 576 429 135 -160 20 125 -215 423 285 -7]
[-387 79 -264 106 375 387 198 451 131 7 -416 437 -510 -130 -485 -278 -162 271 -564 -111 -641 -65 134 63 493 -98 31 -302 -258 -418 265 222 -87 -115 426 -34]
[543 183 -606 165 89 99 29 108 788 -93 24 749 78 9 -451 -19 37 282 -45 -763 10 -509 -16 6 180 -189 109 55 -501 -222 -47 -112 200 -343 -132 -19]
[-381 -126 -739 433 460 -45 -331 23 381 -17 25 182 -352 57 -168 95 -395 52 -379 -974 -312 -97 57 -362 101 -106 -11 35 59 -84 12 -665 135 -422 94 -5]
[-590 -272 -22 130 82 255 189 -288 -13 -244 -6 64 244 -247 -329 -742 567 -43 -548 816 -384 -70 236 546 236 -29 493 -440 296 -354 637 154 -180 134 63 -34]
[154 -40 339 -120 -289 233 -276 159 -124 309 -206 -609 -12 -472 238 308 -141 469 225 246 650 617 114 116 -313 -226 -585 160 -201 172 -617 -194 -291 342 114 7]
[-584 489 -59 -368 477 -665 -198 -51 368 -213 -162 97 -312 -80 581 271 -168 -244 344 -124 -339 260 435 -440 126 352 201 -266 160 263 -436 122 424 -366 -33 53]
[-291 200 -73 -52 -143 339 711 -137 -56 328 -272 268 -177 -444 -648 -253 -346 195 -159 -338 20 153 -119 139 -554 -55 -763 -174 -162 -288 172 257 -333 -279 245 57]
[68 -15 -119 679 -97 222 -831 30 209 41 24 -875 -68 -325 38 33 165 -68 237 346 111 -42 218 -101 6 137 381 667 495 199 -356 -444 164 330 -190 40]
[864 -179 -20 340 -406 567 -37 528 -316 15 208 -164 -69 183 131 489 -338 -441 -19 -17 274 -374 255 -166 655 147 76 386 -166 -557 156 280 -348 200 -235 -50]
[-163 304 63 298 713 43 -423 66 928 -279 -114 82 -691 -406 -347 238 104 260 -342 -330 -424 -529 1 257 249 -287 231 308 118 -339 -511 -458 286 163 129 -90]
[-206 138 -190 15 -200 214 335 -267 310 124 54 -115 -213 -370 -502 -36 -171 -24 -142 69 -508 -193 245 110 244 -465 -114 467 223 -667 -208 51 -176 -241 -395 446]
[72 151 -83 742 -152 30 -6 -441 392 -361 843 74 -119 -359 -336 67 462 15 88 -706 174 -222 -263 522 -400 214 342 -134 701 360 -293 -692 433 -156 -275 34]
[-574 -448 -104 373 299 202 -625 -293 58 351 103 -885 99 -13 264 214 -209 -528 168 562 239 -41 -93 -228 -198 517 -246 -82 -89 -124 379 -299 -5 -167 -224 -65]
[-164 325 193 116 195 163 -26 915 -125 -207 257 -13 -972 -93 103 -268 -95 0 -182 492 -132 26 231 206 201 -44 350 -80 105 -105 -583 308 -217 794 941 -341]
[360 -160 50 9 -607 124 193 439 -901 617 581 82 116 555 812 -371 -173 -169 213 166 -225 -42 -381 341 477 355 403 83 -120 -193 274 96 -271 355 15 158]
[119 -30 481 298 -88 163 324 130 -307 155 402 -504 512 -360 -85 234 611 -279 -14 -249 -214 35 -157 530 -182 403 -53 474 535 -187 90 676 -826 285 -330 482]
[30 176 -214 -304 -196 357 -10 323 -313 249 -43 -433 -578 -301 69 542 -30 73 -20 -1213 262 121 96 83 432 -405 -455 -161 328 -481 1 -328 6 15 -256 578]
[-279 -531 287 236 -390 145 623 329 -156 -284 316 244 66 51 492 98 175 -463 -442 385 390 -34 115 -32 432 576 557 -475 583 -352 295 636 227 674 90 -227]
[-291 176 -435 537 157 198 -236 367 301 49 -384 121 291 -328 115 263 -93 -245 -85 -560 -137 502 384 -280 -259 -42 -423 62 482 -219 -4 423 531 -222 -69 179]
[136 -23 -325 -531 338 -596 432 196 394 -261 125 269 774 -717 86 -261 663 531 96 -164 550 -316 121 312 -254 130 -46 -244 -209 93 -2 319 -141 222 -193 424]
[33 367 -375 101 441 -394 -218 -49 681 -446 -301 -74 224 -391 -91 -400 -201 -113 -74 -650 196 -242 -96 -227 -226 -449 -383 -39 115 94 -279 -244 749 117 598 71]
[24 -701 -179 58 104 -663 123 286 -562 -119 59 238 269 690 553 -146 -194 139 136 4 -68 358 -74 -93 -106 -102 -50 519 77 -23 -65 -83 245 -361 -146 81]
[-200 -220 460 -249 -76 91 161 -410 4 -190 4 -304 63 -433 293 -844 332 -214 245 757 244 393 88 457 -164 -615 319 -197 274 -367 -166 -167 -247 693 116 -546]
[-556 -475 522 -112 283 -200 -283 -224 -159 -508 -562 -141 -292 -116 506 166 -405 -649 -158 -79 443 15 1 -549 -105 110 -149 -367 -250 -269 291 -213 -294 -304 -176 -179]
[249 544 -229 -244 682 -332 -704 405 -73 12 -876 463 -388 -265 577 119 299 8 265 -12 200 -71 305 -162 -439 -287 -241 -18 -81 297 -249 -222 307 318 414 200]
[642 228 -690 -111 55 11 332 394 74 -520 630 249 -35 409 -315 -342 392 370 -421 -296 115 -88 -211 441 151 -31 -119 325 -160 -179 -2 437 264 137 264 -86]
[265 208 -97 37 60 452 368 36 -336 -426 410 20 102 207 -234 488 657 -330 705 -402 604 -290 397 -204 -228 9 8 207 -127 -233 -42 1007 -365 -77 -168 -407]
[-228 -107 -526 -188 -295 164 244 -13 -18 204 157 123 109 -632 -111 337 -26 227 469 -142 672 2 -451 -368 -464 -75 445 450 427 569 -667 10 452 -5 -170 371]
[-4 188 -273 549 -253 577 224 245 -178 -279 339 131 149 -45 -674 -393 -153 -88 -320 804 651 -223 -107 575 -73 -170 287 -242 -25 141 717 18 378 -75 2 259]
[-554 -32 -263 17 235 432 377 -198 -352 477 189 512 -355 570 459 50 -84 -235 -331 327 121 220 192 -171 291 -252 267 -43 -350 -133 23 213 -66 -853 -187 -32]
[3 347 -85 -402 0 65 43 127 -456 -322 -6 -351 -241 -209 -396 119 -174 -690 -579 44 -908 344 257 158 713 360 321 121 249 -712 28 209 -101 577 7 217]
[138 639 40 -302 74 -525 114 770 -489 -79 -118 -106 -200 -105 -102 283 142 -40 -30 -35 -546 80 121 54 -115 393 -1180 -254 -367 -137 394 375 30 -379 317 -177]
[667 5 -416 -483 -577 376 194 780 292 -495 12 350 -60 -240 -650 -321 318 572 -71 4 -496 377 216 -18 810 -261 281 -26 -492 90 -494 -545 -52 -137 214 105]
[381 -26 227 9 215 313 11 -4 26 -210 413 -404 -357 72 236 275 77 545 76 -635 25 -449 24 -27 84 -272 310 528 -166 754 -221 -348 251 39 -235 252]]
[phase 1 initial]
[[-567 9 278 43 74 -62 113 -558 192 -5 -92 412 -270 -351 481 -195 -383 72 -167 565 305 -65 361 -260 -125 119 450 79 -17 -296 -52 -15 250 50 141 -347]
[-38 -399 -364 219 26 595 33 -108 -559 -16 616 -61 -447 67 -447 -83 135 -180 -289 -304 215 -141 -69 -52 467 166 576 429 135 -160 20 125 -215 423 285 -7]
[-387 79 -264 106 375 387 198 451 131 7 -416 437 -510 -130 -485 -278 -162 271 -564 -111 -641 -65 134 63 493 -98 31 -302 -258 -418 265 222 -87 -115 426 -34]
[543 183 -606 165 89 99 29 108 788 -93 24 749 78 9 -451 -19 37 282 -45 -763 10 -509 -16 6 180 -189 109 55 -501 -222 -47 -112 200 -343 -132 -19]
[-381 -126 -739 433 460 -45 -331 23 381 -17 25 182 -352 57 -168 95 -395 52 -379 -974 -312 -97 57 -362 101 -106 -11 35 59 -84 12 -665 135 -422 94 -5]
[-590 -272 -22 130 82 255 189 -288 -13 -244 -6 64 244 -247 -329 -742 567 -43 -548 816 -384 -70 236 546 236 -29 493 -440 296 -354 637 154 -180 134 63 -34]
[154 -40 339 -120 -289 233 -276 159 -124 309 -206 -609 -12 -472 238 308 -141 469 225 246 650 617 114 116 -313 -226 -585 160 -201 172 -617 -194 -291 342 114 7]
[-584 489 -59 -368 477 -665 -198 -51 368 -213 -162 97 -312 -80 581 271 -168 -244 344 -124 -339 260 435 -440 126 352 201 -266 160 263 -436 122 424 -366 -33 53]
[-291 200 -73 -52 -143 339 711 -137 -56 328 -272 268 -177 -444 -648 -253 -346 195 -159 -338 20 153 -119 139 -554 -55 -763 -174 -162 -288 172 257 -333 -279 245 57]
[68 -15 -119 679 -97 222 -831 30 209 41 24 -875 -68 -325 38 33 165 -68 237 346 111 -42 218 -101 6 137 381 667 495 199 -356 -444 164 330 -190 40]
[864 -179 -20 340 -406 567 -37 528 -316 15 208 -164 -69 183 131 489 -338 -441 -19 -17 274 -374 255 -166 655 147 76 386 -166 -557 156 280 -348 200 -235 -50]
[-163 304 63 298 713 43 -423 66 928 -279 -114 82 -691 -406 -347 238 104 260 -342 -330 -424 -529 1 257 249 -287 231 308 118 -339 -511 -458 286 163 129 -90]
[-206 138 -190 15 -200 214 335 -267 310 124 54 -115 -213 -370 -502 -36 -171 -24 -142 69 -508 -193 245 110 244 -465 -114 467 223 -667 -208 51 -176 -241 -395 446]
[72 151 -83 742 -152 30 -6 -441 392 -361 843 74 -119 -359 -336 67 462 15 88 -706 174 -222 -263 522 -400 214 342 -134 701 360 -293 -692 433 -156 -275 34]
[-574 -448 -104 373 299 202 -625 -293 58 351 103 -885 99 -13 264 214 -209 -528 168 562 239 -41 -93 -228 -198 517 -246 -82 -89 -124 379 -299 -5 -167 -224 -65]
[-164 325 193 116 195 163 -26 915 -125 -207 257 -13 -972 -93 103 -268 -95 0 -182 492 -132 26 231 206 201 -44 350 -80 105 -105 -583 308 -217 794 941 -341]
[360 -160 50 9 -607 124 193 439 -901 617 581 82 116 555 812 -371 -173 -169 213 166 -225 -42 -381 341 477 355 403 83 -120 -193 274 96 -271 355 15 158]
[119 -30 481 298 -88 163 324 130 -307 155 402 -504 512 -360 -85 234 611 -279 -14 -249 -214 35 -157 530 -182 403 -53 474 535 -187 90 676 -826 285 -330 482]
[30 176 -214 -304 -196 357 -10 323 -313 249 -43 -433 -578 -301 69 542 -30 73 -20 -1213 262 121 96 83 432 -405 -455 -161 328 -481 1 -328 6 15 -256 578]
[-279 -531 287 236 -390 145 623 329 -156 -284 316 244 66 51 492 98 175 -463 -442 385 390 -34 115 -32 432 576 557 -475 583 -352 295 636 227 674 90 -227]
[-291 176 -435 537 157 198 -236 367 301 49 -384 121 291 -328 115 263 -93 -245 -85 -560 -137 502 384 -280 -259 -42 -423 62 482 -219 -4 423 531 -222 -69 179]
[136 -23 -325 -531 338 -596 432 196 394 -261 125 269 774 -717 86 -261 663 531 96 -164 550 -316 121 312 -254 130 -46 -244 -209 93 -2 319 -141 222 -193 424]
[33 367 -375 101 441 -394 -218 -49 681 -446 -301 -74 224 -391 -91 -400 -201 -113 -74 -650 196 -242 -96 -227 -226 -449 -383 -39 115 94 -279 -244 749 117 598 71]
[24 -701 -179 58 104 -663 123 286 -562 -119 59 238 269 690 553 -146 -194 139 136 4 -68 358 -74 -93 -106 -102 -50 519 77 -23 -65 -83 245 -361 -146 81]
[-200 -220 460 -249 -76 91 161 -410 4 -190 4 -304 63 -433 293 -844 332 -214 245 757 244 393 88 457 -164 -615 319 -197 274 -367 -166 -167 -247 693 116 -546]
[-556 -475 522 -112 283 -200 -283 -224 -159 -508 -562 -141 -292 -116 506 166 -405 -649 -158 -79 443 15 1 -549 -105 110 -149 -367 -250 -269 291 -213 -294 -304 -176 -179]
[249 544 -229 -244 682 -332 -704 405 -73 12 -876 463 -388 -265 577 119 299 8 265 -12 200 -71 305 -162 -439 -287 -241 -18 -81 297 -249 -222 307 318 414 200]
[642 228 -690 -111 55 11 332 394 74 -520 630 249 -35 409 -315 -342 392 370 -421 -296 115 -88 -211 441 151 -31 -119 325 -160 -179 -2 437 264 137 264 -86]
[265 208 -97 37 60 452 368 36 -336 -426 410 20 102 207 -234 488 657 -330 705 -402 604 -290 397 -204 -228 9 8 207 -127 -233 -42 1007 -365 -77 -168 -407]
[-228 -107 -526 -188 -295 164 244 -13 -18 204 157 123 109 -632 -111 337 -26 227 469 -142 672 2 -451 -368 -464 -75 445 450 427 569 -667 10 452 -5 -170 371]
[-4 188 -273 549 -253 577 224 245 -178 -279 339 131 149 -45 -674 -393 -153 -88 -320 804 651 -223 -107 575 -73 -170 287 -242 -25 141 717 18 378 -75 2 259]
[-554 -32 -263 17 235 432 377 -198 -352 477 189 512 -355 570 459 50 -84 -235 -331 327 121 220 192 -171 291 -252 267 -43 -350 -133 23 213 -66 -853 -187 -32]
[3 347 -85 -402 0 65 43 127 -456 -322 -6 -351 -241 -209 -396 119 -174 -690 -579 44 -908 344 257 158 713 360 321 121 249 -712 28 209 -101 577 7 217]
[138 639 40 -302 74 -525 114 770 -489 -79 -118 -106 -200 -105 -102 283 142 -40 -30 -35 -546 80 121 54 -115 393 -1180 -254 -367 -137 394 375 30 -379 317 -177]
[667 5 -416 -483 -577 376 194 780 292 -495 12 350 -60 -240 -650 -321 318 572 -71 4 -496 377 216 -18 810 -261 281 -26 -492 90 -494 -545 -52 -137 214 105]
[381 -26 227 9 215 313 11 -4 26 -210 413 -404 -357 72 236 275 77 545 76 -635 25 -449 24 -27 84 -272 310 528 -166 754 -221 -348 251 39 -235 252]]
[phase 1 refreshed]
[[384 304 207 -188 -371 -403 264 358 19 -140 9 -189 -60 27 -89 -309 492 489 247 -158 475 -346 10 -191 -328 -171 373 -124 27 504 138 -40 -399 103 -43 176]
[-567 9 278 43 74 -62 113 -558 192 -5 -92 412 -270 -351 481 -195 -383 72 -167 565 305 -65 361 -260 -125 119 450 79 -17 -296 -52 -15 250 50 141 -347]
[-38 -399 -364 219 26 595 33 -108 -559 -16 616 -61 -447 67 -447 -83 135 -180 -289 -304 215 -141 -69 -52 467 166 576 429 135 -160 20 125 -215 423 285 -7]
[-387 79 -264 106 375 387 198 451 131 7 -416 437 -510 -130 -485 -278 -162 271 -564 -111 -641 -65 134 63 493 -98 31 -302 -258 -418 265 222 -87 -115 426 -34]
[-381 -126 -739 433 460 -45 -331 23 381 -17 25 182 -352 57 -168 95 -395 52 -379 -974 -312 -97 57 -362 101 -106 -11 35 59 -84 12 -665 135 -422 94 -5]
[543 183 -606 165 89 99 29 108 788 -93 24 749 78 9 -451 -19 37 282 -45 -763 10 -509 -16 6 180 -189 109 55 -501 -222 -47 -112 200 -343 -132 -19]
[-590 -272 -22 130 82 255 189 -288 -13 -244 -6 64 244 -247 -329 -742 567 -43 -548 816 -384 -70 236 546 236 -29 493 -440 296 -354 637 154 -180 134 63 -34]
[154 -40 339 -120 -289 233 -276 159 -124 309 -206 -609 -12 -472 238 308 -141 469 225 246 650 617 114 116 -313 -226 -585 160 -201 172 -617 -194 -291 342 114 7]
[-584 489 -59 -368 477 -665 -198 -51 368 -213 -162 97 -312 -80 581 271 -168 -244 344 -124 -339 260 435 -440 126 352 201 -266 160 263 -436 122 424 -366 -33 53]
[-291 200 -73 -52 -143 339 711 -137 -56 328 -272 268 -177 -444 -648 -253 -346 195 -159 -338 20 153 -119 139 -554 -55 -763 -174 -162 -288 172 257 -333 -279 245 57]
[68 -15 -119 679 -97 222 -831 30 209 41 24 -875 -68 -325 38 33 165 -68 237 346 111 -42 218 -101 6 137 381 667 495 199 -356 -444 164 330 -190 40]
[864 -179 -20 340 -406 567 -37 528 -316 15 208 -164 -69 183 131 489 -338 -441 -19 -17 274 -374 255 -166 655 147 76 386 -166 -557 156 280 -348 200 -235 -50]
[-163 304 63 298 713 43 -423 66 928 -279 -114 82 -691 -406 -347 238 104 260 -342 -330 -424 -529 1 257 249 -287 231 308 118 -339 -511 -458 286 163 129 -90]
[-206 138 -190 15 -200 214 335 -267 310 124 54 -115 -213 -370 -502 -36 -171 -24 -142 69 -508 -193 245 110 244 -465 -114 467 223 -667 -208 51 -176 -241 -395 446]
[723 203 160 145 -514 212 244 797 -586 -135 378 352 -163 421 186 173 208 93 388 -102 -8 191 -170 68 554 495 454 -467 -126 589 -73 464 351 18 46 38]
[13 -258 -123 497 -427 -70 262 544 444 40 -47 -653 -105 -49 -435 -12 -60 69 -202 -282 -174 -316 -405 236 -98 309 -439 -517 375 150 159 -749 -373 52 -118 40]
[-574 -448 -104 373 299 202 -625 -293 58 351 103 -885 99 -13 264 214 -209 -528 168 562 239 -41 -93 -228 -198 517 -246 -82 -89 -124 379 -299 -5 -167 -224 -65]
[-553 -80 329 -234 -66 -677 471 89 173 -55 114 344 -109 115 690 351 -54 21 125 -414 500 410 -376 -412 -459 458 -12 -421 453 559 -498 202 755 340 262 -143]
[-164 325 193 116 195 163 -26 915 -125 -207 257 -13 -972 -93 103 -268 -95 0 -182 492 -132 26 231 206 201 -44 350 -80 105 -105 -583 308 -217 794 941 -341]
[96 -192 -374 518 -72 2 -243 18 230 -73 138 -578 680 -221 -260 99 -246 -428 215 368 -17 498 387 -53 -549 467 -615 85 -67 347 -290 75 -762 -341 -63 -169]
[119 -30 481 298 -88 163 324 130 -307 155 402 -504 512 -360 -85 234 611 -279 -14 -249 -214 35 -157 530 -182 403 -53 474 535 -187 90 676 -826 285 -330 482]
[77 -38 -587 177 471 -303 280 -87 -495 -137 464 734 169 -98 -275 -846 190 704 -144 -419 -176 -621 -279 108 -149 125 565 -71 -334 441 690 -349 35 -439 49 296]
[-522 -242 -548 292 1 68 -49 -399 367 -106 439 -647 405 -560 45 -143 -345 -297 -35 -268 403 272 -59 61 -101 -302 -804 -731 40 -155 -58 -511 506 -434 60 452]
[24 -701 -179 58 104 -663 123 286 -562 -119 59 238 269 690 553 -146 -194 139 136 4 -68 358 -74 -93 -106 -102 -50 519 77 -23 -65 -83 245 -361 -146 81]
[-581 -346 -279 184 384 46 -170 -387 385 -207 29 -122 -289 -376 125 -749 -63 -162 -134 -217 -68 296 145 95 -63 -721 308 -162 333 -451 -154 -832 -112 271 210 -551]
[101 -410 -86 135 173 256 -797 -187 22 -569 -39 -758 -38 -254 -798 -292 1048 -298 310 -374 512 -141 -539 92 -83 64 402 284 3 485 -208 -244 -182 278 -213 237]
[573 -434 249 732 -265 -151 -101 140 261 -172 -430 -263 301 -308 77 622 158 -115 -180 663 -296 -373 -25 386 -123 150 -552 -265 328 234 26 -985 -355 -117 -677 328]
[-124 -201 -541 -286 146 136 527 -178 -458 -213 -67 -50 349 363 -452 -333 288 359 -758 -136 -404 330 -292 292 263 104 -547 48 -22 -270 893 463 194 -429 -119 240]
[-211 -870 -419 590 -327 446 59 -133 -133 -55 518 -325 246 718 174 526 -84 -353 266 328 -56 -176 33 -339 456 -28 88 418 85 -405 -206 -56 132 -7 -485 -471]
[659 191 467 -394 260 321 -253 729 -327 -61 -581 -1 108 -351 345 818 -372 15 222 577 194 -426 -197 172 2 -322 -188 -53 -426 -36 67 10 -338 -151 -106 -86]
[-71 306 87 -46 248 -37 -31 65 -794 -15 147 -144 264 -24 77 66 -605 -410 -3 369 315 451 -90 345 -128 606 79 607 -24 608 -78 299 -355 271 368 150]
[17 -64 -156 405 244 -84 8 -113 256 310 -191 184 -71 793 462 368 -330 -742 -255 -68 -94 -199 -394 -95 -97 179 -155 558 331 180 -442 -451 290 -238 -150 -515]
[-114 383 86 133 -149 19 6 -188 503 10 -255 405 331 -313 -181 -385 -150 94 -271 751 -512 175 -282 402 -124 637 235 -843 -613 -311 495 -280 834 -122 -179 -172]
[138 639 40 -302 74 -525 114 770 -489 -79 -118 -106 -200 -105 -102 283 142 -40 -30 -35 -546 80 121 54 -115 393 -1180 -254 -367 -137 394 375 30 -379 317 -177]
[246 131 799 -339 -427 255 705 739 181 -302 -165 283 -269 -253 -135 -56 164 172 -84 536 226 -261 -165 -485 -187 -64 78 6 -279 -358 263 205 159 115 232 -84]
[381 -26 227 9 215 313 11 -4 26 -210 413 -404 -357 72 236 275 77 545 76 -635 25 -449 24 -27 84 -272 310 528 -166 754 -221 -348 251 39 -235 252]]
[phase 2 initial]
[[384 304 207 -188 -371 -403 264 358 19 -140 9 -189 -60 27 -89 -309 492 489 247 -158 475 -346 10 -191 -328 -171 373 -124 27 504 138 -40 -399 103 -43 176]
[-567 9 278 43 74 -62 113 -558 192 -5 -92 412 -270 -351 481 -195 -383 72 -167 565 305 -65 361 -260 -125 119 450 79 -17 -296 -52 -15 250 50 141 -347]
[-38 -399 -364 219 26 595 33 -108 -559 -16 616 -61 -447 67 -447 -83 135 -180 -289 -304 215 -141 -69 -52 467 166 576 429 135 -160 20 125 -215 423 285 -7]
[-387 79 -264 106 375 387 198 451 131 7 -416 437 -510 -130 -485 -278 -162 271 -564 -111 -641 -65 134 63 493 -98 31 -302 -258 -418 265 222 -87 -115 426 -34]
[-381 -126 -739 433 460 -45 -331 23 381 -17 25 182 -352 57 -168 95 -395 52 -379 -974 -312 -97 57 -362 101 -106 -11 35 59 -84 12 -665 135 -422 94 -5]
[543 183 -606 165 89 99 29 108 788 -93 24 749 78 9 -451 -19 37 282 -45 -763 10 -509 -16 6 180 -189 109 55 -501 -222 -47 -112 200 -343 -132 -19]
[-590 -272 -22 130 82 255 189 -288 -13 -244 -6 64 244 -247 -329 -742 567 -43 -548 816 -384 -70 236 546 236 -29 493 -440 296 -354 637 154 -180 134 63 -34]
[154 -40 339 -120 -289 233 -276 159 -124 309 -206 -609 -12 -472 238 308 -141 469 225 246 650 617 114 116 -313 -226 -585 160 -201 172 -617 -194 -291 342 114 7]
[-584 489 -59 -368 477 -665 -198 -51 368 -213 -162 97 -312 -80 581 271 -168 -244 344 -124 -339 260 435 -440 126 352 201 -266 160 263 -436 122 424 -366 -33 53]
[-291 200 -73 -52 -143 339 711 -137 -56 328 -272 268 -177 -444 -648 -253 -346 195 -159 -338 20 153 -119 139 -554 -55 -763 -174 -162 -288 172 257 -333 -279 245 57]
[68 -15 -119 679 -97 222 -831 30 209 41 24 -875 -68 -325 38 33 165 -68 237 346 111 -42 218 -101 6 137 381 667 495 199 -356 -444 164 330 -190 40]
[864 -179 -20 340 -406 567 -37 528 -316 15 208 -164 -69 183 131 489 -338 -441 -19 -17 274 -374 255 -166 655 147 76 386 -166 -557 156 280 -348 200 -235 -50]
[-163 304 63 298 713 43 -423 66 928 -279 -114 82 -691 -406 -347 238 104 260 -342 -330 -424 -529 1 257 249 -287 231 308 118 -339 -511 -458 286 163 129 -90]
[-206 138 -190 15 -200 214 335 -267 310 124 54 -115 -213 -370 -502 -36 -171 -24 -142 69 -508 -193 245 110 244 -465 -114 467 223 -667 -208 51 -176 -241 -395 446]
[723 203 160 145 -514 212 244 797 -586 -135 378 352 -163 421 186 173 208 93 388 -102 -8 191 -170 68 554 495 454 -467 -126 589 -73 464 351 18 46 38]
[13 -258 -123 497 -427 -70 262 544 444 40 -47 -653 -105 -49 -435 -12 -60 69 -202 -282 -174 -316 -405 236 -98 309 -439 -517 375 150 159 -749 -373 52 -118 40]
[-574 -448 -104 373 299 202 -625 -293 58 351 103 -885 99 -13 264 214 -209 -528 168 562 239 -41 -93 -228 -198 517 -246 -82 -89 -124 379 -299 -5 -167 -224 -65]
[-553 -80 329 -234 -66 -677 471 89 173 -55 114 344 -109 115 690 351 -54 21 125 -414 500 410 -376 -412 -459 458 -12 -421 453 559 -498 202 755 340 262 -143]
[-164 325 193 116 195 163 -26 915 -125 -207 257 -13 -972 -93 103 -268 -95 0 -182 492 -132 26 231 206 201 -44 350 -80 105 -105 -583 308 -217 794 941 -341]
[96 -192 -374 518 -72 2 -243 18 230 -73 138 -578 680 -221 -260 99 -246 -428 215 368 -17 498 387 -53 -549 467 -615 85 -67 347 -290 75 -762 -341 -63 -169]
[119 -30 481 298 -88 163 324 130 -307 155 402 -504 512 -360 -85 234 611 -279 -14 -249 -214 35 -157 530 -182 403 -53 474 535 -187 90 676 -826 285 -330 482]
[77 -38 -587 177 471 -303 280 -87 -495 -137 464 734 169 -98 -275 -846 190 704 -144 -419 -176 -621 -279 108 -149 125 565 -71 -334 441 690 -349 35 -439 49 296]
[-522 -242 -548 292 1 68 -49 -399 367 -106 439 -647 405 -560 45 -143 -345 -297 -35 -268 403 272 -59 61 -101 -302 -804 -731 40 -155 -58 -511 506 -434 60 452]
[24 -701 -179 58 104 -663 123 286 -562 -119 59 238 269 690 553 -146 -194 139 136 4 -68 358 -74 -93 -106 -102 -50 519 77 -23 -65 -83 245 -361 -146 81]
[-581 -346 -279 184 384 46 -170 -387 385 -207 29 -122 -289 -376 125 -749 -63 -162 -134 -217 -68 296 145 95 -63 -721 308 -162 333 -451 -154 -832 -112 271 210 -551]
[101 -410 -86 135 173 256 -797 -187 22 -569 -39 -758 -38 -254 -798 -292 1048 -298 310 -374 512 -141 -539 92 -83 64 402 284 3 485 -208 -244 -182 278 -213 237]
[573 -434 249 732 -265 -151 -101 140 261 -172 -430 -263 301 -308 77 622 158 -115 -180 663 -296 -373 -25 386 -123 150 -552 -265 328 234 26 -985 -355 -117 -677 328]
[-124 -201 -541 -286 146 136 527 -178 -458 -213 -67 -50 349 363 -452 -333 288 359 -758 -136 -404 330 -292 292 263 104 -547 48 -22 -270 893 463 194 -429 -119 240]
[-211 -870 -419 590 -327 446 59 -133 -133 -55 518 -325 246 718 174 526 -84 -353 266 328 -56 -176 33 -339 456 -28 88 418 85 -405 -206 -56 132 -7 -485 -471]
[659 191 467 -394 260 321 -253 729 -327 -61 -581 -1 108 -351 345 818 -372 15 222 577 194 -426 -197 172 2 -322 -188 -53 -426 -36 67 10 -338 -151 -106 -86]
[-71 306 87 -46 248 -37 -31 65 -794 -15 147 -144 264 -24 77 66 -605 -410 -3 369 315 451 -90 345 -128 606 79 607 -24 608 -78 299 -355 271 368 150]
[17 -64 -156 405 244 -84 8 -113 256 310 -191 184 -71 793 462 368 -330 -742 -255 -68 -94 -199 -394 -95 -97 179 -155 558 331 180 -442 -451 290 -238 -150 -515]
[-114 383 86 133 -149 19 6 -188 503 10 -255 405 331 -313 -181 -385 -150 94 -271 751 -512 175 -282 402 -124 637 235 -843 -613 -311 495 -280 834 -122 -179 -172]
[138 639 40 -302 74 -525 114 770 -489 -79 -118 -106 -200 -105 -102 283 142 -40 -30 -35 -546 80 121 54 -115 393 -1180 -254 -367 -137 394 375 30 -379 317 -177]
[246 131 799 -339 -427 255 705 739 181 -302 -165 283 -269 -253 -135 -56 164 172 -84 536 226 -261 -165 -485 -187 -64 78 6 -279 -358 263 205 159 115 232 -84]
[381 -26 227 9 215 313 11 -4 26 -210 413 -404 -357 72 236 275 77 545 76 -635 25 -449 24 -27 84 -272 310 528 -166 754 -221 -348 251 39 -235 252]]
