[phase 0 initial]
[[427 -310 -449 129 39 -43 703 -148 316 298 -130 -422 261 -548 -158 539 23 -86 5 164 72 77 -377 424 225 -64 -657 -38 347 18 -336 435 285 -268 306 7]
[-549 -41 201 80 -311 900 -409 404 118 540 228 609 174 29 171 -131 -17 480 -78 230 -119 596 352 18 -69 -79 99 -68 319 -368 -186 -431 114 285 237 9]
[47 -319 219 350 244 520 100 197 -428 123 -230 363 -181 150 349 290 36 106 361 561 168 70 91 670 362 43 -230 267 61 -1031 -237 -20 369 83 377 59]
[164 -164 -348 -335 -490 251 304 -515 116 409 -139 362 549 237 157 193 -137 149 312 198 461 566 -247 267 147 60 217 36 510 -310 -946 96 -213 365 -82 0]
[-49 -303 -380 593 -86 -118 12 919 -272 -237 -436 -89 -569 -90 -36 141 203 -114 -187 152 29 -453 453 -67 185 67 551 -328 -472 -489 -78 64 -33 81 184 8]
[142 346 -279 -93 -438 -318 -156 -12 -514 -199 -449 -125 -455 35 254 -342 95 -669 -253 -180 425 -622 244 -583 -47 -398 199 191 225 483 -360 49 -278 629 -358 -47]
[256 401 803 274 13 592 278 -100 -67 681 -137 400 344 40 222 -439 211 103 -55 82 -201 58 -152 -241 439 -567 -148 738 315 -216 -139 -116 -20 332 -132 4]
[-63 -12 -238 -131 -647 -197 -313 -33 97 -119 220 -174 -450 237 265 267 214 354 329 -326 50 637 -503 20 -325 313 577 -336 -147 0 126 -244 -580 18 309 -63]
[-103 -89 38 -182 459 333 -468 132 -42 519 60 508 417 397 -133 -813 -201 44 -244 -47 193 264 148 62 273 -2 -17 268 -665 -252 -179 -158 -13 10 129 41]
[-187 -106 -94 688 -8 398 333 851 145 61 338 -431 393 -338 -391 324 -160 -49 -370 419 -438 6 757 -943 -106 -427 307 257 246 215 28 -239 -244 19 -87 -17]
[89 322 395 708 346 308 393 2 64 572 530 -290 -133 -134 322 368 -284 344 48 944 90 -45 497 -7 592 -166 -281 405 591 -236 -202 -59 292 102 -183 5]
[-508 -294 204 -21 414 138 199 -527 573 -235 839 -359 -82 383 -206 385 61 16 -125 429 77 31 464 -123 -609 -224 -789 -37 -348 485 211 -37 211 -397 -2 -12]
[382 -294 -210 -320 342 -344 -408 -239 -711 -150 23 532 228 19 406 277 284 -315 349 -147 54 436 -450 -139 -181 559 19 69 327 -106 -41 -43 15 255 628 36]
[-327 -111 462 -107 -200 -236 365 -337 593 -945 -443 204 -16 114 -400 -4 -16 -143 -512 -615 -129 -654 319 -38 1 -473 527 -269 -467 -418 253 -312 -485 -22 -289 -47]
[409 -209 259 94 828 106 599 2 -192 -600 96 -136 -81 -367 85 395 -140 83 714 22 -501 143 -468 -280 -506 580 -720 4 -139 80 431 343 -66 -155 58 48]
[-723 -308 1069 148 156 480 349 -36 26 -457 255 -9 -293 -269 -126 93 -265 94 -85 -287 -269 416 -279 -206 -124 -620 -298 63 122 -351 159 -199 -80 -27 -239 34]
[314 -35 863 11 -88 -251 59 393 44 -98 -662 -311 -253 -474 -314 -539 -66 -393 495 -537 -243 -516 -534 -357 -419 -328 -611 -195 -80 349 131 317 404 -201 -432 14]
[297 91 -365 321 141 147 240 -131 -604 362 197 157 350 -109 -374 510 339 -8 309 494 -240 254 301 -79 -61 248 342 282 -76 -374 -224 619 -4 -379 398 -35]
[105 -306 28 -376 399 550 72 236 199 21 246 156 457 -5 29 -26 -50 473 -661 -102 -209 741 441 -131 -148 137 -473 492 -373 167 367 -467 -489 346 17 -133]
[-253 281 -625 -453 -227 -357 56 -527 -150 473 -428 -322 -504 -143 596 91 330 -657 203 -212 564 -100 -944 583 358 -319 -21 214 372 -86 -268 360 24 -159 -310 43]
[-422 -77 -333 336 -524 468 152 13 -239 -410 346 -122 127 -132 -257 292 1054 -161 355 432 -193 -97 275 -163 -215 -408 -410 483 294 472 97 121 68 61 630 -53]
[-315 279 -78 2 -468 374 248 -671 -119 312 438 -199 2 513 48 231 -234 -116 73 -6 -100 405 169 -132 -217 -364 -52 -165 728 1033 -157 584 288 111 84 -80]
[-172 109 389 59 414 22 -37 425 394 269 -630 524 164 392 482 -13 -620 258 153 -188 -222 -430 437 -77 393 187 633 167 390 -902 -387 -275 -135 307 -53 232]
[-137 745 628 -407 200 35 -47 -15 -575 -327 287 13 -51 -703 -183 -247 -177 119 -16 235 51 3 151 -378 369 -313 209 706 178 516 401 149 -6 -328 -592 -8]
[731 -180 92 73 447 137 450 -179 269 1111 409 311 424 -45 -14 -106 -232 -45 167 213 238 287 569 -583 -336 -17 -885 191 -349 838 220 292 -185 -494 34 -73]
[-457 283 202 521 -174 -20 3 340 -100 797 -79 944 -229 526 -58 22 413 -96 -83 158 -252 267 200 -87 332 412 780 -355 161 -737 235 461 263 -142 22 36]
[-4 -152 -700 62 -250 15 -255 -94 -70 418 882 388 10 1 40 53 -220 350 548 300 466 273 264 -464 -77 -416 -351 -427 702 410 -979 -58 -224 483 352 26]
[-203 -79 -294 427 -235 138 -582 142 -428 -781 25 -643 -812 -37 -63 166 479 -287 -167 -90 325 -772 484 -245 93 -806 -290 119 -653 -681 184 -221 -359 -31 -50 -125]
[444 229 353 -73 161 -76 118 -428 34 -455 -23 481 -100 595 83 -504 695 8 -177 -154 -727 155 56 53 -725 121 12 -407 -450 296 540 -128 285 -46 -184 10]
[317 11 19 -105 176 -412 693 -153 400 164 619 122 849 -153 -248 189 30 252 167 51 -242 -441 -489 -252 103 138 -173 31 377 725 398 -472 427 -394 340 -141]
[-418 -84 222 -236 -159 -132 280 242 26 -280 254 749 148 545 53 263 257 300 -50 -354 -122 584 121 -781 -156 -44 217 406 -445 588 -122 -185 -204 409 -158 -5]
[247 -545 220 100 -200 117 223 615 325 469 207 84 141 -389 -574 -54 35 85 -175 237 -543 -120 52 -971 359 145 -177 -332 462 0 -67 -84 183 359 -254 -132]
[-412 -657 15 211 429 274 -388 601 -111 -202 -546 -80 59 212 -254 -180 -380 94 -190 491 -181 -240 431 404 111 -46 643 634 -514 -257 223 -359 118 -441 162 -209]
[-134 601 500 399 112 275 -655 -82 10 -60 736 -237 -27 62 -372 -536 -274 -89 157 -240 91 325 -50 -50 327 2 180 551 451 21 355 -194 -89 -278 175 -451]
[-96 -299 659 -556 1060 -124 -430 48 -61 -260 -114 46 -475 364 -189 -474 160 245 308 242 213 -408 -463 -70 -6 25 -209 -593 -1096 124 187 -285 297 -137 -503 351]
[-32 -106 -725 -275 -399 -287 -276 -460 326 -26 -173 -10 -350 -370 -539 -107 152 495 793 -102 -18 161 -411 461 -351 -70 122 -292 28 146 -167 351 96 -357 -390 346]]
[phase 0 refreshed]
[[-132 8 431 349 131 -392 30 -36 224 18 -29 -272 -47 -405 558 -354 73 -251 256 -370 -14 -481 86 -160 -93 -269 -40 433 -159 -129 -198 89 126 -106 -352 -231]
[-549 -41 201 80 -311 900 -409 404 118 540 228 609 174 29 171 -131 -17 480 -78 230 -119 596 352 18 -69 -79 99 -68 319 -368 -186 -431 114 285 237 9]
[256 401 803 274 13 592 278 -100 -67 681 -137 400 344 40 222 -439 211 103 -55 82 -201 58 -152 -241 439 -567 -148 738 315 -216 -139 -116 -20 332 -132 4]
[427 -310 -449 129 39 -43 703 -148 316 298 -130 -422 261 -548 -158 539 23 -86 5 164 72 77 -377 424 225 -64 -657 -38 347 18 -336 435 285 -268 306 7]
[164 -164 -348 -335 -490 251 304 -515 116 409 -139 362 549 237 157 193 -137 149 312 198 461 566 -247 267 147 60 217 36 510 -310 -946 96 -213 365 -82 0]
[-49 -303 -380 593 -86 -118 12 919 -272 -237 -436 -89 -569 -90 -36 141 203 -114 -187 152 29 -453 453 -67 185 67 551 -328 -472 -489 -78 64 -33 81 184 8]
[47 -319 219 350 244 520 100 197 -428 123 -230 363 -181 150 349 290 36 106 361 561 168 70 91 670 362 43 -230 267 61 -1031 -237 -20 369 83 377 59]
[142 346 -279 -93 -438 -318 -156 -12 -514 -199 -449 -125 -455 35 254 -342 95 -669 -253 -180 425 -622 244 -583 -47 -398 199 191 225 483 -360 49 -278 629 -358 -47]
[-63 -12 -238 -131 -647 -197 -313 -33 97 -119 220 -174 -450 237 265 267 214 354 329 -326 50 637 -503 20 -325 313 577 -336 -147 0 126 -244 -580 18 309 -63]
[-103 -89 38 -182 459 333 -468 132 -42 519 60 508 417 397 -133 -813 -201 44 -244 -47 193 264 148 62 273 -2 -17 268 -665 -252 -179 -158 -13 10 129 41]
[31 229 753 236 594 179 127 -127 -445 -417 446 -166 346 421 -19 65 -333 -223 251 434 -252 -144 420 -648 -85 -308 84 958 113 23 391 -327 -241 4 -437 18]
[89 322 395 708 346 308 393 2 64 572 530 -290 -133 -134 322 368 -284 344 48 944 90 -45 497 -7 592 -166 -281 405 591 -236 -202 -59 292 102 -183 5]
[-393 -761 -524 237 -162 271 515 -123 417 -63 264 -86 -102 530 -85 719 127 51 0 779 567 144 670 77 -277 -97 -21 -329 -310 -314 -813 123 -35 49 100 -4]
[382 -294 -210 -320 342 -344 -408 -239 -711 -150 23 532 228 19 406 277 284 -315 349 -147 54 436 -450 -139 -181 559 19 69 327 -106 -41 -43 15 255 628 36]
[-327 -111 462 -107 -200 -236 365 -337 593 -945 -443 204 -16 114 -400 -4 -16 -143 -512 -615 -129 -654 319 -38 1 -473 527 -269 -467 -418 253 -312 -485 -22 -289 -47]
[297 91 -365 321 141 147 240 -131 -604 362 197 157 350 -109 -374 510 339 -8 309 494 -240 254 301 -79 -61 248 342 282 -76 -374 -224 619 -4 -379 398 -35]
[719 -529 861 108 251 -430 331 -230 361 77 -402 47 54 -389 -12 95 -46 -195 470 -564 87 199 -900 -35 166 -161 -443 -96 -94 -645 -248 -64 -82 -106 468 -7]
[83 -851 293 -252 596 -117 -605 502 369 463 627 -52 491 -302 -118 466 -282 592 -175 234 -31 1037 330 470 -42 587 -677 -162 64 -173 323 -528 586 -304 462 -83]
[409 -209 259 94 828 106 599 2 -192 -600 96 -136 -81 -367 85 395 -140 83 714 22 -501 143 -468 -280 -506 580 -720 4 -139 80 431 343 -66 -155 58 48]
[-235 352 -142 157 -106 -85 402 107 453 993 -322 -249 -93 -378 179 -155 613 -105 -147 -359 -201 57 -978 188 667 -464 413 166 -71 -243 112 279 -120 -458 -277 43]
[-723 -308 1069 148 156 480 349 -36 26 -457 255 -9 -293 -269 -126 93 -265 94 -85 -287 -269 416 -279 -206 -124 -620 -298 63 122 -351 159 -199 -80 -27 -239 34]
[-422 -77 -333 336 -524 468 152 13 -239 -410 346 -122 127 -132 -257 292 1054 -161 355 432 -193 -97 275 -163 -215 -408 -410 483 294 472 97 121 68 61 630 -53]
[-315 279 -78 2 -468 374 248 -671 -119 312 438 -199 2 513 48 231 -234 -116 73 -6 -100 405 169 -132 -217 -364 -52 -165 728 1033 -157 584 288 111 84 -80]
[-106 -201 47 -199 47 -683 -106 -268 -11 -288 83 -622 355 508 473 -2 -552 197 439 -633 -117 7 -206 479 -220 220 174 762 185 135 -389 316 107 -304 -54 -30]
[-287 406 283 690 -395 -35 -567 727 -122 274 309 -117 -99 -67 0 -610 -945 -267 41 -128 -44 -24 1103 -415 -212 110 105 371 280 -65 38 66 121 -16 -157 -302]
[9 -142 -281 -669 643 636 98 185 336 -21 -151 746 655 -97 287 50 -607 79 -73 254 83 276 -380 97 -112 252 83 -106 -90 -92 47 -189 160 -433 157 253]
[-213 37 -534 -329 -294 -320 -133 247 366 -467 372 389 551 361 37 -52 -265 504 -34 31 -58 76 -126 358 16 88 398 -114 466 -7 -529 191 428 43 -152 -69]
[25 116 97 393 -368 279 -285 46 353 -243 271 465 -4 -56 525 116 157 -185 -2 -330 96 -65 245 -1050 -470 -308 122 22 -216 -563 44 -44 -374 -255 160 -221]
[444 229 353 -73 161 -76 118 -428 34 -455 -23 481 -100 595 83 -504 695 8 -177 -154 -727 155 56 53 -725 121 12 -407 -450 296 540 -128 285 -46 -184 10]
[-645 -899 -23 -2 29 -391 132 -119 483 514 413 283 250 248 821 -283 -305 -173 -350 -243 847 201 603 71 115 -410 87 151 -256 277 -297 -217 -54 -200 -630 -194]
[340 482 358 243 900 -302 254 39 -67 426 452 -600 -329 -149 239 105 -108 -64 525 -157 -320 -247 -613 -393 440 102 -231 403 -101 9 207 -225 329 21 833 -312]
[172 157 -572 -26 -484 -247 -546 256 -222 -453 -165 -166 459 -284 -273 -38 -269 -223 146 -394 34 -411 509 2 -4 -400 466 378 -718 -61 -69 -968 -370 288 -252 -276]
[-134 601 500 399 112 275 -655 -82 10 -60 736 -237 -27 62 -372 -536 -274 -89 157 -240 91 325 -50 -50 327 2 180 551 451 21 355 -194 -89 -278 175 -451]
[-756 -453 67 -468 30 127 -353 -418 277 -406 526 -102 -320 33 215 -312 -139 -283 -225 -35 -15 -676 544 237 -5 -128 -776 429 -69 -211 254 -309 357 33 -377 -367]
[-412 -657 15 211 429 274 -388 601 -111 -202 -546 -80 59 212 -254 -180 -380 94 -190 491 -181 -240 431 404 111 -46 643 634 -514 -257 223 -359 118 -441 162 -209]
[236 0 -288 -425 -48 -425 -378 47 114 -573 265 -435 -80 -94 -728 475 -384 -416 -333 -405 -54 37 340 -318 -700 -26 -139 -285 -74 851 557 -98 130 544 283 293]]
[phase 1 initial]
[[-132 8 431 349 131 -392 30 -36 224 18 -29 -272 -47 -405 558 -354 73 -251 256 -370 -14 -481 86 -160 -93 -269 -40 433 -159 -129 -198 89 126 -106 -352 -231]
[-549 -41 201 80 -311 900 -409 404 118 540 228 609 174 29 171 -131 -17 480 -78 230 -119 596 352 18 -69 -79 99 -68 319 -368 -186 -431 114 285 237 9]
[256 401 803 274 13 592 278 -100 -67 681 -137 400 344 40 222 -439 211 103 -55 82 -201 58 -152 -241 439 -567 -148 738 315 -216 -139 -116 -20 332 -132 4]
[427 -310 -449 129 39 -43 703 -148 316 298 -130 -422 261 -548 -158 539 23 -86 5 164 72 77 -377 424 225 -64 -657 -38 347 18 -336 435 285 -268 306 7]
[164 -164 -348 -335 -490 251 304 -515 116 409 -139 362 549 237 157 193 -137 149 312 198 461 566 -247 267 147 60 217 36 510 -310 -946 96 -213 365 -82 0]
[-49 -303 -380 593 -86 -118 12 919 -272 -237 -436 -89 -569 -90 -36 141 203 -114 -187 152 29 -453 453 -67 185 67 551 -328 -472 -489 -78 64 -33 81 184 8]
[47 -319 219 350 244 520 100 197 -428 123 -230 363 -181 150 349 290 36 106 361 561 168 70 91 670 362 43 -230 267 61 -1031 -237 -20 369 83 377 59]
[142 346 -279 -93 -438 -318 -156 -12 -514 -199 -449 -125 -455 35 254 -342 95 -669 -253 -180 425 -622 244 -583 -47 -398 199 191 225 483 -360 49 -278 629 -358 -47]
[-63 -12 -238 -131 -647 -197 -313 -33 97 -119 220 -174 -450 237 265 267 214 354 329 -326 50 637 -503 20 -325 313 577 -336 -147 0 126 -244 -580 18 309 -63]
[-103 -89 38 -182 459 333 -468 132 -42 519 60 508 417 397 -133 -813 -201 44 -244 -47 193 264 148 62 273 -2 -17 268 -665 -252 -179 -158 -13 10 129 41]
[31 229 753 236 594 179 127 -127 -445 -417 446 -166 346 421 -19 65 -333 -223 251 434 -252 -144 420 -648 -85 -308 84 958 113 23 391 -327 -241 4 -437 18]
[89 322 395 708 346 308 393 2 64 572 530 -290 -133 -134 322 368 -284 344 48 944 90 -45 497 -7 592 -166 -281 405 591 -236 -202 -59 292 102 -183 5]
[-393 -761 -524 237 -162 271 515 -123 417 -63 264 -86 -102 530 -85 719 127 51 0 779 567 144 670 77 -277 -97 -21 -329 -310 -314 -813 123 -35 49 100 -4]
[382 -294 -210 -320 342 -344 -408 -239 -711 -150 23 532 228 19 406 277 284 -315 349 -147 54 436 -450 -139 -181 559 19 69 327 -106 -41 -43 15 255 628 36]
[-327 -111 462 -107 -200 -236 365 -337 593 -945 -443 204 -16 114 -400 -4 -16 -143 -512 -615 -129 -654 319 -38 1 -473 527 -269 -467 -418 253 -312 -485 -22 -289 -47]
[297 91 -365 321 141 147 240 -131 -604 362 197 157 350 -109 -374 510 339 -8 309 494 -240 254 301 -79 -61 248 342 282 -76 -374 -224 619 -4 -379 398 -35]
[719 -529 861 108 251 -430 331 -230 361 77 -402 47 54 -389 -12 95 -46 -195 470 -564 87 199 -900 -35 166 -161 -443 -96 -94 -645 -248 -64 -82 -106 468 -7]
[83 -851 293 -252 596 -117 -605 502 369 463 627 -52 491 -302 -118 466 -282 592 -175 234 -31 1037 330 470 -42 587 -677 -162 64 -173 323 -528 586 -304 462 -83]
[409 -209 259 94 828 106 599 2 -192 -600 96 -136 -81 -367 85 395 -140 83 714 22 -501 143 -468 -280 -506 580 -720 4 -139 80 431 343 -66 -155 58 48]
[-235 352 -142 157 -106 -85 402 107 453 993 -322 -249 -93 -378 179 -155 613 -105 -147 -359 -201 57 -978 188 667 -464 413 166 -71 -243 112 279 -120 -458 -277 43]
[-723 -308 1069 148 156 480 349 -36 26 -457 255 -9 -293 -269 -126 93 -265 94 -85 -287 -269 416 -279 -206 -124 -620 -298 63 122 -351 159 -199 -80 -27 -239 34]
[-422 -77 -333 336 -524 468 152 13 -239 -410 346 -122 127 -132 -257 292 1054 -161 355 432 -193 -97 275 -163 -215 -408 -410 483 294 472 97 121 68 61 630 -53]
[-315 279 -78 2 -468 374 248 -671 -119 312 438 -199 2 513 48 231 -234 -116 73 -6 -100 405 169 -132 -217 -364 -52 -165 728 1033 -157 584 288 111 84 -80]
[-106 -201 47 -199 47 -683 -106 -268 -11 -288 83 -622 355 508 473 -2 -552 197 439 -633 -117 7 -206 479 -220 220 174 762 185 135 -389 316 107 -304 -54 -30]
[-287 406 283 690 -395 -35 -567 727 -122 274 309 -117 -99 -67 0 -610 -945 -267 41 -128 -44 -24 1103 -415 -212 110 105 371 280 -65 38 66 121 -16 -157 -302]
[9 -142 -281 -669 643 636 98 185 336 -21 -151 746 655 -97 287 50 -607 79 -73 254 83 276 -380 97 -112 252 83 -106 -90 -92 47 -189 160 -433 157 253]
[-213 37 -534 -329 -294 -320 -133 247 366 -467 372 389 551 361 37 -52 -265 504 -34 31 -58 76 -126 358 16 88 398 -114 466 -7 -529 191 428 43 -152 -69]
[25 116 97 393 -368 279 -285 46 353 -243 271 465 -4 -56 525 116 157 -185 -2 -330 96 -65 245 -1050 -470 -308 122 22 -216 -563 44 -44 -374 -255 160 -221]
[444 229 353 -73 161 -76 118 -428 34 -455 -23 481 -100 595 83 -504 695 8 -177 -154 -727 155 56 53 -725 121 12 -407 -450 296 540 -128 285 -46 -184 10]
[-645 -899 -23 -2 29 -391 132 -119 483 514 413 283 250 248 821 -283 -305 -173 -350 -243 847 201 603 71 115 -410 87 151 -256 277 -297 -217 -54 -200 -630 -194]
[340 482 358 243 900 -302 254 39 -67 426 452 -600 -329 -149 239 105 -108 -64 525 -157 -320 -247 -613 -393 440 102 -231 403 -101 9 207 -225 329 21 833 -312]
[172 157 -572 -26 -484 -247 -546 256 -222 -453 -165 -166 459 -284 -273 -38 -269 -223 146 -394 34 -411 509 2 -4 -400 466 378 -718 -61 -69 -968 -370 288 -252 -276]
[-134 601 500 399 112 275 -655 -82 10 -60 736 -237 -27 62 -372 -536 -274 -89 157 -240 91 325 -50 -50 327 2 180 551 451 21 355 -194 -89 -278 175 -451]
[-756 -453 67 -468 30 127 -353 -418 277 -406 526 -102 -320 33 215 -312 -139 -283 -225 -35 -15 -676 544 237 -5 -128 -776 429 -69 -211 254 -309 357 33 -377 -367]
[-412 -657 15 211 429 274 -388 601 -111 -202 -546 -80 59 212 -254 -180 -380 94 -190 491 -181 -240 431 404 111 -46 643 634 -514 -257 223 -359 118 -441 162 -209]
[236 0 -288 -425 -48 -425 -378 47 114 -573 265 -435 -80 -94 -728 475 -384 -416 -333 -405 -54 37 340 -318 -700 -26 -139 -285 -74 851 557 -98 130 544 283 293]]
