[phase 0]
score=5.285972585831727
squared_norm=2325152
coefficients=[-2 0 -2 1 3 -2 1 -1 0 -1 1 1 1 0 0 0 1 0 0 1 0 0 0 0 0 -1 0 0 0 0 0 0 0 0 -1 0]
vector=[-132 8 431 349 131 -392 30 -36 224 18 -29 -272 -47 -405 558 -354 73 -251 256 -370 -14 -481 86 -160 -93 -269 -40 433 -159 -129 -198 89 126 -106 -352 -231]

[phase 1]
score=0
squared_norm=2325152
coefficients=[1 0 0 0 0 0 0 0 0 0 0 0 0 0 0 0 0 0 0 0 0 0 0 0 0 0 0 0 0 0 0 0 0 0 0 0]
vector=[-132 8 431 349 131 -392 30 -36 224 18 -29 -272 -47 -405 558 -354 73 -251 256 -370 -14 -481 86 -160 -93 -269 -40 433 -159 -129 -198 89 126 -106 -352 -231]

