phase	depth	k	node	parent	z_k	nodes_at_depth	parent_rho	rho	bound_r2	remaining	center	delta	legal_lo	legal_hi	offset	P	Ptheta	N	Q	M
0	1	35	1	0	0	7	0	0	0.63017368316650391	0.63017368316650391	0	2.9777023355318346	-2	2	0	0.37616467387232888	0.37616467387232888	1872352	2.8231724514576998e-06	5.2859725858317272
0	2	34	6	1	-1	33	0	0.075034492828014596	0.63017368316650391	0.63017368316650391	0	2.8980085041607397	-2	2	-0.34506454986735763	0.20213607145355991	0.20213607145355991	467743	1.1301019119113974e-05	5.2859725858317272
0	3	33	23	6	0	133	0.075034492828014596	0.088577840452646162	0.63017368316650391	0.55513919033848935	-0.40330945060015222	2.5821194537015515	-2	2	0.15619318076938504	0.32888378674936691	0.32888378674936691	217932	2.4255146494464912e-05	5.2859725858317272
0	4	32	89	23	0	415	0.088577840452646162	0.090945203117646686	0.63017368316650391	0.54159584271385774	-0.15351882893833996	2.322025115318314	-2	2	0.066114198302844318	0.39802030025437696	0.39802030025437696	118025	4.4786889098341263e-05	5.2859725858317272
0	5	31	287	89	0	1121	0.090945203117646686	0.09857454061626833	0.63017368316650391	0.53922848004885726	0.25955498310353292	2.1820885404484129	-1	2	-0.1189479612271806	0.41740118421640582	0.41740118421640582	64135	8.2419468088122352e-05	5.2859725858317272
0	6	30	711	287	0	2769	0.09857454061626833	0.11138042627218872	0.63017368316650391	0.53159914255023555	-0.33413210735629006	2.1528091758009826	-2	1	0.15520748941065415	0.39817938365688516	0.39817938365688516	33252	0.00015896705719450641	5.2859725858317272
0	7	29	1673	711	0	6707	0.11138042627218872	0.11342902785459907	0.63017368316650391	0.51879325689431521	-0.1382301013651841	2.1997383984600045	-2	2	0.062839336469262166	0.41249106563601096	0.41249106563601096	17836	0.00029636536139446778	5.2859725858317272
0	8	28	4199	1673	0	14921	0.11342902785459907	0.12322905475302463	0.63017368316650391	0.51674465531190483	-0.29845975650518453	2.1672556468283251	-2	1	0.13771322129992652	0.40696841450342408	0.40696841450342408	8810	0.00059999688828963986	5.2859725858317272
0	9	27	9922	4199	0	30157	0.12322905475302463	0.12324099677352657	0.63017368316650391	0.50694462841347931	0.0099295924299549337	2.0458452467205612	-2	2	-0.0048535403378490247	0.45906225872924011	0.45906225872924011	5288	0.00099961660095153684	5.2859725858317272
0	10	26	23310	9922	0	53803	0.12324099677352657	0.15261320135758494	0.63017368316650391	0.50693268639297739	0.45835111238916093	1.9041675722043994	-1	2	-0.24070944126967839	0.37475374899437647	0.37475374899437647	2503	0.0021118548085624161	5.2859725858317272
0	11	25	64171	23310	-1	89381	0.15261320135758494	0.1951775591514113	0.63017368316650391	0.47756048180891897	-0.46385945674881496	1.7958489219920815	-2	1	-0.29854434673516989	0.35241707634304348	0.35241707634304348	1095	0.0048273722245038607	5.2859725858317272
0	12	24	136645	64171	0	134309	0.1951775591514113	0.19559417830561693	0.63017368316650391	0.43499612401509263	-0.050267278983659229	1.6242708647565105	-1	1	0.030947596287269886	0.58585320157250165	0.58585320157250165	750	0.007047963447775636	5.2859725858317272
0	13	23	247661	136645	0	196547	0.19559417830561693	0.2036767371523491	0.63017368316650391	0.43457950486088698	0.22412151575838635	1.643401707003781	-1	1	-0.13637658693138421	0.52959293620591752	0.52959293620591752	479	0.011035433373343898	5.2859725858317272
0	14	22	536880	247661	0	278247	0.2036767371523491	0.21460384379789657	0.63017368316650391	0.42649694601415483	-0.26096875697801469	1.6303989575405311	-1	1	0.16006435466058444	0.51815594814710109	0.51815594814710109	293	0.018040862067685078	5.2859725858317272
0	15	21	813785	536880	0	368147	0.21460384379789657	0.2146805466919558	0.63017368316650391	0.41556983936860736	-0.02108493063323523	1.5519878305051467	-1	1	0.01358575770943541	0.60460426225078889	0.60460426225078889	210	0.025171298027770128	5.2859725858317272
0	16	20	1040909	813785	0	429375	0.2146805466919558	0.23165519084221761	0.63017368316650391	0.41549313647454811	-0.28599360278615316	1.4149396165984356	-1	1	0.20212424574957608	0.53457231126088367	0.53457231126088367	138	0.038304149172693674	5.2859725858317272
0	17	19	1514815	1040909	1	457780	0.23165519084221761	0.28941366718509803	0.63017368316650391	0.39851849232428632	0.49739952455306474	1.3201986075293928	0	1	0.38070065562900191	0.49826204776763916	0.49826204776763916	69	0.076608298345387349	5.2859725858317272
0	18	18	1972137	1514815	0	476821	0.28941366718509803	0.29263075781619419	0.63017368316650391	0.34076001598140587	0.12255786908239041	1.2613449369495269	-1	1	-0.097164435748073721	0.62195944786071777	0.62195944786071777	50	0.10571945171663455	5.2859725858317272
0	19	17	2897216	1972137	0	422306	0.29263075781619419	0.29270871083989486	0.63017368316650391	0.33754292535030972	-0.017533659011298046	1.1537735495329735	-1	1	0.015196794048880174	0.68566475255296366	0.68566475255296366	36	0.14683257182865908	5.2859725858317272
0	20	16	3245242	2897216	1	333953	0.29270871083989486	0.34941872531943935	0.63017368316650391	0.33746497232660905	0.55402376463396352	1.0879180660147021	0	1	0.40993549909484595	0.54285573959350586	0.54285573959350586	19	0.27820908346482776	5.2859725858317272
0	21	15	3510293	3245242	0	245397	0.34941872531943935	0.36161899680852899	0.63017368316650391	0.28075495784706456	-0.19977346708124763	0.95833373533107202	-1	0	0.20845918255422016	0.7422301173210144	0.7422301173210144	16	0.33037328661448295	5.2859725858317272
0	22	14	3928332	3510293	0	166270	0.36161899680852899	0.36398097476958352	0.63017368316650391	0.26855468635797491	-0.082777730305612168	0.8826569829974612	0	0	0.093782445389490876	1	1	15	0.35239817238878179	5.2859725858317272
0	23	13	3960082	3928332	0	107215	0.36398097476958352	0.36618531355000522	0.63017368316650391	0.26619270839692039	-0.077358415171697933	0.85009306017583119	0	0	0.090999937295920638	1	1	14	0.37756947041655192	5.2859725858317272
0	24	12	3961688	3960082	1	66663	0.36618531355000522	0.3697547405077965	0.63017368316650391	0.26398836961649869	1.0959345155883558	0.8250267580695313	1	1	-0.11628048987505758	1	1	13	0.40661327583320978	5.2859725858317272
0	25	11	3962353	3961688	1	36843	0.3697547405077965	0.37276382350180881	0.63017368316650391	0.26041894265870741	0.91977201888646132	0.74635434609729978	1	1	0.10749315192314779	1	1	12	0.44049771548597727	5.2859725858317272
0	26	10	3964063	3962353	1	21410	0.37276382350180881	0.37798715407694672	0.63017368316650391	0.2574098596646951	0.88895718654051492	0.77952363877617215	1	1	0.14244957809594957	1	1	11	0.48054296234833882	5.2859725858317272
0	27	9	3964526	3964063	-1	11576	0.37798715407694672	0.38074774277591883	0.63017368316650391	0.25218652908955719	-0.92210837795574041	0.74447623206525071	-1	-1	-0.10462606956326932	1	1	10	0.52859725858317275	5.2859725858317272
0	28	8	3964728	3964526	0	6717	0.38074774277591883	0.3832144935464562	0.63017368316650391	0.24942594039058505	0.077937910243381828	0.78371278152261248	0	0	-0.099447032230305779	1	1	9	0.58733028731463632	5.2859725858317272
0	29	7	3965004	3964728	-1	3409	0.3832144935464562	0.38353337969094342	0.63017368316650391	0.2469591896200477	-0.97398644342325147	0.72392654871697093	-1	-1	-0.03593397233856508	1	1	8	0.66074657322896591	5.2859725858317272
0	30	6	3965035	3965004	1	1631	0.38353337969094342	0.43359397376355746	0.63017368316650391	0.24664030347556046	0.69332476061184678	0.68071094948540478	1	1	0.4505219720940139	1	1	7	0.75513894083310384	5.2859725858317272
0	31	5	3965098	3965035	-2	690	0.43359397376355746	0.47453522597841769	0.63017368316650391	0.19657970940294645	-2.2609348658078847	0.57176938336760763	-2	-2	0.45636383024049032	1	1	6	0.88099543097195454	5.2859725858317272
0	32	4	3965129	3965098	3	320	0.47453522597841769	0.47848055518217725	0.63017368316650391	0.15563845718808625	3.0774454046888415	0.48642119288025476	3	3	-0.15921470080335692	1	1	5	1.0571945171663455	5.2859725858317272
0	33	3	3965179	3965129	1	136	0.47848055518217725	0.49375006425081547	0.63017368316650391	0.15169312798432666	1.1445426959939591	0.45558201083619748	1	1	-0.31727042015697327	1	1	4	1.3214931464579318	5.2859725858317272
0	34	2	3965210	3965179	-2	57	0.49375006425081547	0.49694252507847886	0.63017368316650391	0.13642361891568847	-2.0663600559655189	0.43379919128539707	-2	-2	0.15297413480390867	1	1	3	1.7619908619439091	5.2859725858317272
0	35	1	3965241	3965210	0	14	0.49694252507847886	0.55173955198420721	0.63017368316650391	0.13323115808802502	0.25534334851139301	0.39815204698897361	0	0	-0.64132119988438607	1	1	2	2.6429862929158636	5.2859725858317272
0	36	0	3965284	3965241	-2	4	0.55173955198420721	0.55435943603515625	0.63017368316650391	0.078434131182296682	-1.9448203284368355	0.30191912262548121	-2	-2	-0.18276308927809354	1	1	1	5.2859725858317272	5.2859725858317272
1	1	35	1	0	0	5	0	0	0.55435943603515625	0.55435943603515625	0	2.7928452505049854	-2	2	0	0.40735778212547302	0.40735778212547302	238114	0	0
1	2	34	3	1	0	19	0	0	0.55435943603515625	0.55435943603515625	0	2.6522496245175344	-2	2	0	0.41954651474952698	0.41954651474952698	141151	0	0
1	3	33	12	3	0	69	0	0	0.55435943603515625	0.55435943603515625	0	2.3482244854374366	-2	2	0	0.45095968246459961	0.45095968246459961	93054	0	0
1	4	32	31	12	0	211	0	0	0.55435943603515625	0.55435943603515625	0	2.4681733458926187	-2	2	0	0.43764010071754456	0.43764010071754456	57259	0	0
1	5	31	72	31	0	507	0	0	0.55435943603515625	0.55435943603515625	0	2.3368518436733523	-2	2	0	0.45229277014732361	0.45229277014732361	36344	0	0
1	6	30	161	72	0	1187	0	0	0.55435943603515625	0.55435943603515625	0	2.2947071236182524	-2	2	0	0.45734620094299316	0.45734620094299316	23013	0	0
1	7	29	352	161	0	2331	0	0	0.55435943603515625	0.55435943603515625	0	2.1178672520936677	-2	2	0	0.48067530989646912	0.48067530989646912	15618	0	0
1	8	28	801	352	0	4637	0	0	0.55435943603515625	0.55435943603515625	0	2.3283773951744093	-2	2	0	0.45329448580741882	0.45329448580741882	9267	0	0
1	9	27	1804	801	0	7973	0	0	0.55435943603515625	0.55435943603515625	0	2.1196144517517919	-2	2	0	0.48042654991149902	0.48042654991149902	5992	0	0
1	10	26	3531	1804	0	13011	0	0	0.55435943603515625	0.55435943603515625	0	2.117147301218377	-2	2	0	0.48077791929244995	0.48077791929244995	3817	0	0
1	11	25	7948	3531	0	19067	0	0	0.55435943603515625	0.55435943603515625	0	1.99852864572169	-1	1	0	0.57629668712615967	0.57629668712615967	2506	0	0
1	12	24	11678	7948	0	25889	0	0	0.55435943603515625	0.55435943603515625	0	1.9080408578848442	-1	1	0	0.58784127235412598	0.58784127235412598	1695	0	0
1	13	23	18765	11678	0	33715	0	0	0.55435943603515625	0.55435943603515625	0	1.908005762144428	-1	1	0	0.58784592151641846	0.58784592151641846	1112	0	0
1	14	22	25648	18765	0	39845	0	0	0.55435943603515625	0.55435943603515625	0	1.792832108485056	-1	1	0	0.60405886173248291	0.60405886173248291	751	0	0
1	15	21	33015	25648	0	43025	0	0	0.55435943603515625	0.55435943603515625	0	1.6977602978163453	-1	1	0	0.61889845132827759	0.61889845132827759	538	0	0
1	16	20	45110	33015	0	45403	0	0	0.55435943603515625	0.55435943603515625	0	1.7076212861052582	-1	1	0	0.61729264259338379	0.61729264259338379	369	0	0
1	17	19	59289	45110	0	41725	0	0	0.55435943603515625	0.55435943603515625	0	1.5282679608044105	-1	1	0	0.64919984340667725	0.64919984340667725	282	0	0
1	18	18	79822	59289	0	36515	0	0	0.55435943603515625	0.55435943603515625	0	1.5077578604466157	-1	1	0	0.65324318408966064	0.65324318408966064	213	0	0
1	19	17	115281	79822	0	30599	0	0	0.55435943603515625	0.55435943603515625	0	1.4710931818596664	-1	1	0	0.6606934666633606	0.6606934666633606	160	0	0
1	20	16	167278	115281	0	24441	0	0	0.55435943603515625	0.55435943603515625	0	1.439181017210575	-1	1	0	0.66741842031478882	0.66741842031478882	115	0	0
1	21	15	242223	167278	0	17539	0	0	0.55435943603515625	0.55435943603515625	0	1.3271057517106284	-1	1	0	0.69293820858001709	0.69293820858001709	92	0	0
1	22	14	346358	242223	0	11331	0	0	0.55435943603515625	0.55435943603515625	0	1.2304819139100254	-1	1	0	0.71752792596817017	0.71752792596817017	75	0	0
1	23	13	378803	346358	0	6921	0	0	0.55435943603515625	0.55435943603515625	0	1.2013727410999659	-1	1	0	0.72544127702713013	0.72544127702713013	64	0	0
1	24	12	403170	378803	0	3783	0	0	0.55435943603515625	0.55435943603515625	0	1.0933633350731224	-1	1	0	0.7569575309753418	0.7569575309753418	59	0	0
1	25	11	409345	403170	0	2151	0	0	0.55435943603515625	0.55435943603515625	0	1.151951154090515	-1	1	0	0.73943567276000977	0.73943567276000977	44	0	0
1	26	10	413102	409345	0	1177	0	0	0.55435943603515625	0.55435943603515625	0	1.107811235524083	-1	1	0	0.75254172086715698	0.75254172086715698	39	0	0
1	27	9	414071	413102	0	671	0	0	0.55435943603515625	0.55435943603515625	0	1.1721525511318702	-1	1	0	0.73362940549850464	0.73362940549850464	24	0	0
1	28	8	414164	414071	0	331	0	0	0.55435943603515625	0.55435943603515625	0	1.0850712360489632	-1	1	0	0.75951999425888062	0.75951999425888062	15	0	0
1	29	7	414309	414164	0	173	0	0	0.55435943603515625	0.55435943603515625	0	1.0783529204447495	-1	1	0	0.7616112232208252	0.7616112232208252	12	0	0
1	30	6	414342	414309	0	91	0	0	0.55435943603515625	0.55435943603515625	0	1.0015181718948212	-1	1	0	0.78647738695144653	0.78647738695144653	9	0	0
1	31	5	414367	414342	0	35	0	0	0.55435943603515625	0.55435943603515625	0	0.88796063040706397	0	0	0	1	1	8	0	0
1	32	4	414372	414367	0	15	0	0	0.55435943603515625	0.55435943603515625	0	0.90036385597886603	0	0	0	1	1	7	0	0
1	33	3	414375	414372	0	5	0	0	0.55435943603515625	0.55435943603515625	0	0.85216918030814692	0	0	0	1	1	6	0	0
1	34	2	414378	414375	0	3	0	0	0.55435943603515625	0.55435943603515625	0	0.89570303946817298	0	0	0	1	1	5	0	0
1	35	1	414379	414378	0	1	0	0	0.55435943603515625	0.55435943603515625	0	0.81468702090173051	0	0	0	1	1	4	0	0
1	36	0	414388	414379	1	3	0	0.55435943603515625	0.55435943603515625	0.55435943603515625	0	1.000000000002	-1	1	0.99999999999800004	0.10650698095560074	0.10650698095560074	1	0	0
