[phase 0 initial]
[[80 68 324 -349 84 -179 191 -50 36 -607 -26 578 -549 785 55 60 27 354 65 272 -216 -52 664 -216 234 -28 -134 -198 -135 -67 173 -215 268 -78 -199 175 -58 -25]
[-199 -419 -339 -62 88 -137 272 -511 -101 574 -218 438 105 -482 276 308 -466 -192 500 59 -218 -349 -195 196 -142 -130 394 66 403 -201 414 -160 60 58 821 -66 263 59]
[421 252 -242 -109 1 248 359 336 454 -385 164 -64 118 359 103 -224 536 -228 -406 -59 -150 186 241 -472 -250 478 -578 208 225 153 123 -207 -610 436 191 -547 -110 0]
[-206 98 459 478 -2 -313 -57 397 -277 -114 -33 145 -388 137 -578 6 -267 510 -228 160 -132 100 365 2 55 -892 -472 48 -515 347 365 -109 679 -312 -529 59 116 4]
[-111 -291 178 -62 -237 47 -229 686 146 -658 74 -370 -142 220 -109 -66 23 -555 -667 -39 -456 155 151 -183 -142 -57 -147 322 -155 215 -334 -395 -624 370 -25 -134 537 138]
[117 -304 70 -265 -338 -250 -653 103 172 -808 -161 158 -482 225 -327 -89 -345 -274 -77 285 329 -91 77 -123 28 556 145 40 -96 -419 -219 -101 -572 -454 -538 243 -100 -59]
[-108 -212 -53 -426 293 340 285 5 283 -382 -171 -468 -494 334 781 -351 -334 230 199 -188 -977 175 247 61 82 -76 -92 -42 -92 -16 183 64 -501 511 97 -273 85 224]
[-131 411 305 27 -183 176 490 60 65 -81 378 975 -345 234 187 -17 -354 -572 -404 103 144 196 539 -185 176 -121 494 -135 258 70 179 -270 79 86 -115 16 235 -58]
[-118 658 -18 -257 87 327 162 -414 361 681 87 524 -200 -332 127 458 258 -202 -632 -330 71 -487 -454 386 -140 -154 390 -132 -63 -31 -479 -129 480 -176 691 157 220 -1]
[-337 -466 -10 224 133 -455 -499 -162 262 -603 -71 643 -285 -499 -184 122 164 203 -736 161 339 -540 434 183 -162 -290 165 211 -328 -73 -449 -522 322 -360 -173 -282 153 -56]
[-314 458 414 -64 -39 -572 -33 224 -419 -277 -897 324 -573 380 261 230 -526 -324 339 217 474 57 -53 -75 -119 -74 74 -322 457 122 499 -48 359 -344 -544 220 151 -5]
[-485 97 182 -250 -124 68 164 -130 -419 537 195 777 -479 -191 -816 643 -345 331 -76 -51 -390 290 380 20 209 -557 328 -636 -424 175 -191 -694 82 -187 536 302 526 -38]
[-7 -56 -28 308 -342 208 -442 -6 89 812 -154 -538 -22 6 -329 -210 387 374 191 -14 348 719 -228 -251 -416 -309 -291 -199 -328 46 211 234 -588 -394 67 129 -249 -156]
[-68 614 344 160 11 189 -371 230 -2 113 596 110 155 -205 -165 304 -561 -208 -465 -350 139 -414 -100 71 352 -154 139 -695 -655 493 -694 179 221 139 -8 47 420 137]
[-281 571 433 -1121 -29 -258 -86 56 79 -362 70 372 -258 187 182 -31 225 -460 -149 -187 408 -149 157 -418 45 596 -83 -168 -255 101 -150 42 14 -113 -485 23 -112 216]
[-5 111 -199 448 8 -376 358 -116 -193 55 -61 -301 118 197 287 -530 1013 225 -497 166 380 747 189 -180 -169 152 481 -554 245 -344 -29 -204 348 349 229 -319 -280 -223]
[260 480 -109 21 -118 396 -430 269 426 106 771 283 300 91 -102 215 -573 -68 26 -145 172 -102 -330 761 553 437 -164 111 -466 187 -377 36 -455 -413 67 96 -217 -56]
[-644 -502 603 262 -40 -467 -132 651 -203 -835 -25 -170 -114 550 643 -204 158 394 -74 229 41 -132 254 295 -160 -189 -807 310 -14 183 228 52 331 -146 -292 -105 400 311]
[-15 389 571 -497 -34 667 -76 239 -139 67 360 175 46 -244 -363 280 82 64 -300 -138 -7 -97 -222 -91 -35 380 475 211 567 -409 -296 207 -136 -483 -160 584 -202 109]
[480 -450 -162 400 -184 -419 219 -525 56 -586 17 -274 -298 227 137 -162 772 588 -399 208 38 -562 320 12 71 289 151 -506 -58 24 -133 80 285 113 -123 467 -5 16]
[-18 -301 432 -668 -131 -430 43 -8 -458 -80 0 -347 -565 121 -634 13 336 144 345 130 -245 434 -166 -422 567 -418 -266 -116 -513 -221 -463 -584 97 475 -295 722 89 115]
[-382 226 -166 -339 -89 -837 -326 20 -4 -392 -835 105 10 -133 -611 32 -331 -183 -96 73 -402 -80 291 -51 -30 143 -519 -160 -283 544 -420 -43 -127 144 47 -459 445 58]
[-380 362 -509 221 32 206 8 145 594 -109 791 345 435 -381 -210 -773 -370 -81 -78 -504 75 262 -120 423 -157 126 -793 -53 -78 140 -415 259 -898 110 -558 -578 -268 82]
[3 241 -285 284 -79 -96 -152 514 -82 -4 -734 -771 -164 -59 -819 -579 -407 -214 566 -151 292 474 -329 193 9 348 488 -679 413 157 80 243 -144 28 -1003 494 -550 -139]
[-23 362 278 -541 287 604 -667 -340 362 342 262 -219 -87 -113 857 214 -196 -816 299 -723 -35 71 -373 151 -427 -578 468 -51 -25 -131 -30 980 183 -364 -120 171 210 269]
[173 404 127 427 -262 -305 42 642 -60 -653 45 376 195 409 82 239 -168 -53 -598 182 492 540 49 -337 719 -298 -437 -236 486 530 54 -401 -402 -379 -562 -106 119 -147]
[278 -593 112 317 50 11 -581 -290 -182 -763 272 -271 501 453 -449 -170 -266 254 -101 126 -207 138 -200 -495 280 63 549 191 -206 -19 -584 472 214 -571 -835 226 -212 -327]
[325 -509 -49 -218 21 -529 217 -134 -250 -98 223 -848 333 -41 86 -327 218 -389 5 -302 14 434 -252 -396 42 506 -173 -171 420 178 -778 -55 -513 442 45 502 318 175]
[12 -464 -325 169 -189 196 40 399 181 273 145 -592 114 -18 138 70 -431 -285 282 -560 -507 690 48 56 -9 -474 555 -136 -120 -628 -112 -445 -725 193 312 130 -225 -272]
[47 90 18 487 621 327 125 296 -7 -308 -19 78 -453 395 250 -589 -52 515 -633 247 -131 501 189 -299 42 -657 -507 41 130 -162 463 -83 -217 -452 -995 417 -643 -160]
[-263 -335 137 -77 141 463 -93 430 -166 -317 35 -811 -221 100 -455 -593 -180 -34 -471 -354 -739 -51 -739 547 -196 116 -100 23 -602 -410 -500 -83 49 -528 -196 186 -78 -147]
[545 -90 -344 553 5 -109 22 -437 -312 488 103 -215 786 -292 565 6 700 184 -101 481 -40 -843 -456 -131 476 605 17 -397 645 -303 39 314 120 274 675 -230 148 2]
[-594 57 494 -200 22 -469 -473 275 -216 -397 176 238 409 251 259 138 -143 43 169 -38 424 -20 149 151 -163 167 59 39 -24 126 -186 -206 898 73 -557 24 -409 -242]
[180 93 813 131 291 505 -153 -363 279 246 44 342 196 445 -122 122 154 373 -363 71 22 -258 158 71 -235 -118 72 -377 -470 42 -848 -87 603 135 -87 207 -54 -202]
[-439 -326 -112 84 -283 -8 -217 448 195 0 -801 198 -21 -385 147 248 471 -372 -144 -205 224 563 376 519 245 -651 293 441 318 518 83 -163 -48 -121 234 -363 319 -580]
[-96 -269 400 63 -49 -54 -542 -261 -835 -577 154 -390 -87 -114 -742 265 15 216 -47 -175 -10 95 587 9 87 53 -633 -278 -750 153 -514 -143 179 -15 -382 159 311 391]
[-377 276 -204 -688 407 509 -167 -85 212 -591 -128 -47 -529 153 511 420 -145 165 -2 203 -301 4 627 40 55 -43 251 -754 129 -5 365 -235 -143 227 440 -88 365 -89]
[-391 -135 -142 -467 -328 225 -211 -134 -116 480 -360 -538 -232 -318 7 -74 -444 -29 228 -440 64 -159 -575 803 -528 59 178 507 -222 -102 625 46 457 -618 243 626 240 332]]
[phase 0 refreshed accepted=1]
[[-70 -115 -223 -79 215 484 81 -415 329 -285 -285 290 -254 -14 -307 -51 -227 51 196 106 271 202 -114 491 -567 165 -17 653 245 483 -142 198 -88 -42 27 18 73 50]
[80 68 324 -349 84 -179 191 -50 36 -607 -26 578 -549 785 55 60 27 354 65 272 -216 -52 664 -216 234 -28 -134 -198 -135 -67 173 -215 268 -78 -199 175 -58 -25]
[-199 -419 -339 -62 88 -137 272 -511 -101 574 -218 438 105 -482 276 308 -466 -192 500 59 -218 -349 -195 196 -142 -130 394 66 403 -201 414 -160 60 58 821 -66 263 59]
[421 252 -242 -109 1 248 359 336 454 -385 164 -64 118 359 103 -224 536 -228 -406 -59 -150 186 241 -472 -250 478 -578 208 225 153 123 -207 -610 436 191 -547 -110 0]
[-206 98 459 478 -2 -313 -57 397 -277 -114 -33 145 -388 137 -578 6 -267 510 -228 160 -132 100 365 2 55 -892 -472 48 -515 347 365 -109 679 -312 -529 59 116 4]
[117 -304 70 -265 -338 -250 -653 103 172 -808 -161 158 -482 225 -327 -89 -345 -274 -77 285 329 -91 77 -123 28 556 145 40 -96 -419 -219 -101 -572 -454 -538 243 -100 -59]
[-111 -291 178 -62 -237 47 -229 686 146 -658 74 -370 -142 220 -109 -66 23 -555 -667 -39 -456 155 151 -183 -142 -57 -147 322 -155 215 -334 -395 -624 370 -25 -134 537 138]
[255 57 -268 89 107 157 -28 205 450 -424 -249 -437 -555 50 33 -652 -460 439 90 -35 -258 267 115 -133 -177 151 -716 130 -188 -83 613 257 -648 -111 -555 -559 -488 56]
[-131 411 305 27 -183 176 490 60 65 -81 378 975 -345 234 187 -17 -354 -572 -404 103 144 196 539 -185 176 -121 494 -135 258 70 179 -270 79 86 -115 16 235 -58]
[137 715 -286 -168 194 484 134 -209 811 257 -162 87 -755 -282 160 -194 -202 237 -542 -365 -187 -220 -339 253 -317 -3 -326 -2 -251 -114 134 128 -168 -287 136 -402 -268 55]
[-337 -466 -10 224 133 -455 -499 -162 262 -603 -71 643 -285 -499 -184 122 164 203 -736 161 339 -540 434 183 -162 -290 165 211 -328 -73 -449 -522 322 -360 -173 -282 153 -56]
[-314 458 414 -64 -39 -572 -33 224 -419 -277 -897 324 -573 380 261 230 -526 -324 339 217 474 57 -53 -75 -119 -74 74 -322 457 122 499 -48 359 -344 -544 220 151 -5]
[-485 97 182 -250 -124 68 164 -130 -419 537 195 777 -479 -191 -816 643 -345 331 -76 -51 -390 290 380 20 209 -557 328 -636 -424 175 -191 -694 82 -187 536 302 526 -38]
[-7 -56 -28 308 -342 208 -442 -6 89 812 -154 -538 -22 6 -329 -210 387 374 191 -14 348 719 -228 -251 -416 -309 -291 -199 -328 46 211 234 -588 -394 67 129 -249 -156]
[-68 614 344 160 11 189 -371 230 -2 113 596 110 155 -205 -165 304 -561 -208 -465 -350 139 -414 -100 71 352 -154 139 -695 -655 493 -694 179 221 139 -8 47 420 137]
[60 352 93 650 -232 -639 -92 439 53 -565 287 486 -374 231 -404 -225 -90 -167 -1173 261 348 179 577 -506 -126 10 109 -887 -393 29 -40 -602 126 216 166 -583 309 -82]
[-281 571 433 -1121 -29 -258 -86 56 79 -362 70 372 -258 187 182 -31 225 -460 -149 -187 408 -149 157 -418 45 596 -83 -168 -255 101 -150 42 14 -113 -485 23 -112 216]
[-321 -373 -103 173 -29 256 6 286 -52 528 246 -291 367 -68 178 158 -180 87 307 -60 -602 372 -397 1102 281 -500 -17 880 -95 175 79 -230 -118 -164 397 219 110 4]
[-644 -502 603 262 -40 -467 -132 651 -203 -835 -25 -170 -114 550 643 -204 158 394 -74 229 41 -132 254 295 -160 -189 -807 310 -14 183 228 52 331 -146 -292 -105 400 311]
[349 -6 159 -113 -225 -131 234 502 168 81 60 -653 93 196 266 -84 475 -1048 -278 -463 -7 104 -74 -398 222 -531 329 211 -254 -398 -133 131 -364 -7 -126 445 150 172]
[12 -464 -325 169 -189 196 40 399 181 273 145 -592 114 -18 138 70 -431 -285 282 -560 -507 690 48 56 -9 -474 555 -136 -120 -628 -112 -445 -725 193 312 130 -225 -272]
[-15 389 571 -497 -34 667 -76 239 -139 67 360 175 46 -244 -363 280 82 64 -300 -138 -7 -97 -222 -91 -35 380 475 211 567 -409 -296 207 -136 -483 -160 584 -202 109]
[-390 104 -101 996 103 -239 199 346 -450 627 147 -154 -25 -447 353 -166 -615 94 329 -217 -236 384 -611 -70 -58 -130 -146 -425 43 -354 280 -567 -23 43 142 -691 51 -215]
[50 78 -105 -316 -250 -39 422 -122 434 -207 -42 -524 -396 433 907 -98 -180 -82 -203 -336 -738 -456 -348 246 -531 556 -34 -292 243 123 344 -31 129 687 425 171 -35 82]
[-26 260 659 -60 -218 101 120 38 -28 292 376 886 252 623 -130 522 -151 -260 190 -138 -474 -48 705 -270 -22 -319 161 555 -50 647 697 -170 193 827 747 90 166 75]
[126 -263 -251 -555 -275 -182 547 201 -89 988 118 251 387 -250 -290 -218 273 -585 264 21 -6 276 -164 -279 264 -315 -547 -139 -105 -202 895 -762 -678 -153 737 93 -333 -133]
[480 336 -89 -75 -330 -1 68 -405 103 449 464 147 202 -414 -340 378 265 89 46 183 291 -34 -36 282 642 -99 394 862 289 -166 -110 483 506 129 -335 597 -256 137]
[105 -110 162 574 137 225 -305 69 -665 516 152 -695 11 56 -384 -11 607 471 -734 -398 -305 631 71 -371 -171 -76 -9 34 -1 122 -54 -209 10 229 202 -225 179 -145]
[-382 226 -166 -339 -89 -837 -326 20 -4 -392 -835 105 10 -133 -611 32 -331 -183 -96 73 -402 -80 291 -51 -30 143 -519 -160 -283 544 -420 -43 -127 144 47 -459 445 58]
[556 -376 -95 257 155 -381 578 191 -69 -70 -31 -39 31 170 -256 -116 -361 132 -61 -202 -607 347 486 -77 414 94 76 -122 -302 9 675 361 -33 -62 -299 336 -199 -132]
[180 93 813 131 291 505 -153 -363 279 246 44 342 196 445 -122 122 154 373 -363 71 22 -258 158 71 -235 -118 72 -377 -470 42 -848 -87 603 135 -87 207 -54 -202]
[-295 -523 -35 -625 -69 -366 -381 -159 350 -613 392 -30 143 73 161 246 -49 -187 634 175 -397 -354 467 5 72 451 92 -84 -286 -86 129 53 -831 -381 682 506 474 190]
[355 424 161 819 -59 404 -249 44 233 379 -88 -190 -51 -78 932 -83 425 -189 -839 -360 -19 121 -541 -372 -461 -256 -175 -239 -107 135 -152 286 234 386 -56 -244 -396 -16]
[-414 53 353 -492 -67 -257 -158 -438 -220 106 -247 40 -150 150 -167 252 135 -75 14 -444 14 103 226 9 478 -540 -162 -924 -278 604 -170 -249 312 -170 -100 722 219 472]
[457 647 46 460 -41 571 -527 280 504 130 226 -88 -17 -483 203 -132 126 -609 -329 -356 496 -946 90 -100 -246 615 176 -37 -110 -591 -413 357 -165 -93 -739 -177 -492 -250]
[755 -316 -537 561 -581 387 -336 338 -74 -222 421 -487 832 295 -512 -16 -324 -189 232 -32 467 -78 -85 155 -234 881 -138 116 138 76 308 -65 -336 -31 453 335 183 1]
[-211 -357 -412 -581 648 -54 -399 -526 395 -106 -584 218 -88 -360 294 141 -671 291 86 -64 359 -213 55 -20 -365 424 -131 88 -354 -78 -98 226 -194 -665 431 152 -488 12]
[-229 687 340 -61 441 483 -70 122 -162 -81 350 95 -272 7 -245 -183 -56 -13 -233 -164 -34 -192 -657 246 -81 -483 -437 -56 -36 722 -190 220 105 169 -956 271 254 348]]
[phase 1 initial]
[[-70 -115 -223 -79 215 484 81 -415 329 -285 -285 290 -254 -14 -307 -51 -227 51 196 106 271 202 -114 491 -567 165 -17 653 245 483 -142 198 -88 -42 27 18 73 50]
[80 68 324 -349 84 -179 191 -50 36 -607 -26 578 -549 785 55 60 27 354 65 272 -216 -52 664 -216 234 -28 -134 -198 -135 -67 173 -215 268 -78 -199 175 -58 -25]
[-199 -419 -339 -62 88 -137 272 -511 -101 574 -218 438 105 -482 276 308 -466 -192 500 59 -218 -349 -195 196 -142 -130 394 66 403 -201 414 -160 60 58 821 -66 263 59]
[421 252 -242 -109 1 248 359 336 454 -385 164 -64 118 359 103 -224 536 -228 -406 -59 -150 186 241 -472 -250 478 -578 208 225 153 123 -207 -610 436 191 -547 -110 0]
[-206 98 459 478 -2 -313 -57 397 -277 -114 -33 145 -388 137 -578 6 -267 510 -228 160 -132 100 365 2 55 -892 -472 48 -515 347 365 -109 679 -312 -529 59 116 4]
[117 -304 70 -265 -338 -250 -653 103 172 -808 -161 158 -482 225 -327 -89 -345 -274 -77 285 329 -91 77 -123 28 556 145 40 -96 -419 -219 -101 -572 -454 -538 243 -100 -59]
[-111 -291 178 -62 -237 47 -229 686 146 -658 74 -370 -142 220 -109 -66 23 -555 -667 -39 -456 155 151 -183 -142 -57 -147 322 -155 215 -334 -395 -624 370 -25 -134 537 138]
[255 57 -268 89 107 157 -28 205 450 -424 -249 -437 -555 50 33 -652 -460 439 90 -35 -258 267 115 -133 -177 151 -716 130 -188 -83 613 257 -648 -111 -555 -559 -488 56]
[-131 411 305 27 -183 176 490 60 65 -81 378 975 -345 234 187 -17 -354 -572 -404 103 144 196 539 -185 176 -121 494 -135 258 70 179 -270 79 86 -115 16 235 -58]
[137 715 -286 -168 194 484 134 -209 811 257 -162 87 -755 -282 160 -194 -202 237 -542 -365 -187 -220 -339 253 -317 -3 -326 -2 -251 -114 134 128 -168 -287 136 -402 -268 55]
[-337 -466 -10 224 133 -455 -499 -162 262 -603 -71 643 -285 -499 -184 122 164 203 -736 161 339 -540 434 183 -162 -290 165 211 -328 -73 -449 -522 322 -360 -173 -282 153 -56]
[-314 458 414 -64 -39 -572 -33 224 -419 -277 -897 324 -573 380 261 230 -526 -324 339 217 474 57 -53 -75 -119 -74 74 -322 457 122 499 -48 359 -344 -544 220 151 -5]
[-485 97 182 -250 -124 68 164 -130 -419 537 195 777 -479 -191 -816 643 -345 331 -76 -51 -390 290 380 20 209 -557 328 -636 -424 175 -191 -694 82 -187 536 302 526 -38]
[-7 -56 -28 308 -342 208 -442 -6 89 812 -154 -538 -22 6 -329 -210 387 374 191 -14 348 719 -228 -251 -416 -309 -291 -199 -328 46 211 234 -588 -394 67 129 -249 -156]
[-68 614 344 160 11 189 -371 230 -2 113 596 110 155 -205 -165 304 -561 -208 -465 -350 139 -414 -100 71 352 -154 139 -695 -655 493 -694 179 221 139 -8 47 420 137]
[60 352 93 650 -232 -639 -92 439 53 -565 287 486 -374 231 -404 -225 -90 -167 -1173 261 348 179 577 -506 -126 10 109 -887 -393 29 -40 -602 126 216 166 -583 309 -82]
[-281 571 433 -1121 -29 -258 -86 56 79 -362 70 372 -258 187 182 -31 225 -460 -149 -187 408 -149 157 -418 45 596 -83 -168 -255 101 -150 42 14 -113 -485 23 -112 216]
[-321 -373 -103 173 -29 256 6 286 -52 528 246 -291 367 -68 178 158 -180 87 307 -60 -602 372 -397 1102 281 -500 -17 880 -95 175 79 -230 -118 -164 397 219 110 4]
[-644 -502 603 262 -40 -467 -132 651 -203 -835 -25 -170 -114 550 643 -204 158 394 -74 229 41 -132 254 295 -160 -189 -807 310 -14 183 228 52 331 -146 -292 -105 400 311]
[349 -6 159 -113 -225 -131 234 502 168 81 60 -653 93 196 266 -84 475 -1048 -278 -463 -7 104 -74 -398 222 -531 329 211 -254 -398 -133 131 -364 -7 -126 445 150 172]
[12 -464 -325 169 -189 196 40 399 181 273 145 -592 114 -18 138 70 -431 -285 282 -560 -507 690 48 56 -9 -474 555 -136 -120 -628 -112 -445 -725 193 312 130 -225 -272]
[-15 389 571 -497 -34 667 -76 239 -139 67 360 175 46 -244 -363 280 82 64 -300 -138 -7 -97 -222 -91 -35 380 475 211 567 -409 -296 207 -136 -483 -160 584 -202 109]
[-390 104 -101 996 103 -239 199 346 -450 627 147 -154 -25 -447 353 -166 -615 94 329 -217 -236 384 -611 -70 -58 -130 -146 -425 43 -354 280 -567 -23 43 142 -691 51 -215]
[50 78 -105 -316 -250 -39 422 -122 434 -207 -42 -524 -396 433 907 -98 -180 -82 -203 -336 -738 -456 -348 246 -531 556 -34 -292 243 123 344 -31 129 687 425 171 -35 82]
[-26 260 659 -60 -218 101 120 38 -28 292 376 886 252 623 -130 522 -151 -260 190 -138 -474 -48 705 -270 -22 -319 161 555 -50 647 697 -170 193 827 747 90 166 75]
[126 -263 -251 -555 -275 -182 547 201 -89 988 118 251 387 -250 -290 -218 273 -585 264 21 -6 276 -164 -279 264 -315 -547 -139 -105 -202 895 -762 -678 -153 737 93 -333 -133]
[480 336 -89 -75 -330 -1 68 -405 103 449 464 147 202 -414 -340 378 265 89 46 183 291 -34 -36 282 642 -99 394 862 289 -166 -110 483 506 129 -335 597 -256 137]
[105 -110 162 574 137 225 -305 69 -665 516 152 -695 11 56 -384 -11 607 471 -734 -398 -305 631 71 -371 -171 -76 -9 34 -1 122 -54 -209 10 229 202 -225 179 -145]
[-382 226 -166 -339 -89 -837 -326 20 -4 -392 -835 105 10 -133 -611 32 -331 -183 -96 73 -402 -80 291 -51 -30 143 -519 -160 -283 544 -420 -43 -127 144 47 -459 445 58]
[556 -376 -95 257 155 -381 578 191 -69 -70 -31 -39 31 170 -256 -116 -361 132 -61 -202 -607 347 486 -77 414 94 76 -122 -302 9 675 361 -33 -62 -299 336 -199 -132]
[180 93 813 131 291 505 -153 -363 279 246 44 342 196 445 -122 122 154 373 -363 71 22 -258 158 71 -235 -118 72 -377 -470 42 -848 -87 603 135 -87 207 -54 -202]
[-295 -523 -35 -625 -69 -366 -381 -159 350 -613 392 -30 143 73 161 246 -49 -187 634 175 -397 -354 467 5 72 451 92 -84 -286 -86 129 53 -831 -381 682 506 474 190]
[355 424 161 819 -59 404 -249 44 233 379 -88 -190 -51 -78 932 -83 425 -189 -839 -360 -19 121 -541 -372 -461 -256 -175 -239 -107 135 -152 286 234 386 -56 -244 -396 -16]
[-414 53 353 -492 -67 -257 -158 -438 -220 106 -247 40 -150 150 -167 252 135 -75 14 -444 14 103 226 9 478 -540 -162 -924 -278 604 -170 -249 312 -170 -100 722 219 472]
[457 647 46 460 -41 571 -527 280 504 130 226 -88 -17 -483 203 -132 126 -609 -329 -356 496 -946 90 -100 -246 615 176 -37 -110 -591 -413 357 -165 -93 -739 -177 -492 -250]
[755 -316 -537 561 -581 387 -336 338 -74 -222 421 -487 832 295 -512 -16 -324 -189 232 -32 467 -78 -85 155 -234 881 -138 116 138 76 308 -65 -336 -31 453 335 183 1]
[-211 -357 -412 -581 648 -54 -399 -526 395 -106 -584 218 -88 -360 294 141 -671 291 86 -64 359 -213 55 -20 -365 424 -131 88 -354 -78 -98 226 -194 -665 431 152 -488 12]
[-229 687 340 -61 441 483 -70 122 -162 -81 350 95 -272 7 -245 -183 -56 -13 -233 -164 -34 -192 -657 246 -81 -483 -437 -56 -36 722 -190 220 105 169 -956 271 254 348]]
