phase	depth	k	node	parent	z_k	nodes_at_depth	parent_rho	rho	bound_r2	remaining	center	delta	legal_lo	legal_hi	offset	P	Ptheta	N	Q	M
0	1	31	1	0	0	5	0	0	2.1781253814697266	2.1781253814697266	0	2.0589309925110717	-2	2	0	0.4762644838730169	0.4762644838730169	97523	5.7216588566575172e-05	1.4619263513052059
0	2	30	3	1	0	17	0	0	2.1781253814697266	2.1781253814697266	0	2.4175303920874254	-2	2	0	0.43191254782546384	0.43191254782546384	57872	9.6418533432024298e-05	1.4619263513052059
0	3	29	12	3	0	49	0	0	2.1781253814697266	2.1781253814697266	0	2.2183263410698992	-2	2	0	0.45481237769126892	0.45481237769126892	36145	0.00011647353462129001	1.4619263513052059
0	4	28	27	12	0	149	0	0	2.1781253814697266	2.1781253814697266	0	2.2305558795477172	-2	2	0	0.45328984339967138	0.45328984339967138	22028	0.00019111748269868021	1.4619263513052059
0	5	27	58	27	0	345	0	0	2.1781253814697266	2.1781253814697266	0	2.0427439334201485	-2	2	0	0.47862309217453003	0.47862309217453003	14519	0.00028996045932133945	1.4619263513052059
0	6	26	129	58	0	623	0	0	2.1781253814697266	2.1781253814697266	0	1.8976059865400978	-1	1	0	0.57847486202493725	0.57847486202493725	10024	0.00041998562538772224	1.4619263513052059
0	7	25	209	129	0	1251	0	0	2.1781253814697266	2.1781253814697266	0	2.0700661489467005	-2	2	0	0.47466240747756983	0.47466240747756983	6061	0.00024120216982432039	1.4619263513052059
0	8	24	451	209	0	2269	0	0	2.1781253814697266	2.1781253814697266	0	2.0334415424026795	-2	2	0	0.47999471426010132	0.47999471426010132	3708	0.00039426277003916014	1.4619263513052059
0	9	23	936	451	0	3963	0	0	2.1781253814697266	2.1781253814697266	0	2.0153259360021747	-2	2	0	0.48270033351479968	0.48270033351479968	2191	0.00066724160260392786	1.4619263513052059
0	10	22	2065	936	0	6017	0	0	2.1781253814697266	2.1781253814697266	0	1.8864593022173071	-1	1	0	0.57992889225271027	0.57992889225271027	1310	0.0011159743139734395	1.4619263513052059
0	11	21	3684	2065	-1	8355	0	0.66889107639825418	2.1781253814697266	2.1781253814697266	0	1.8045284640141737	-1	1	-0.55416138894007794	0.20444038510322571	0.20444038510322571	268	0.0054549490720343504	1.4619263513052059
0	12	20	7276	3684	0	10701	0.66889107639825418	0.75751558152534326	2.1781253814697266	1.5092343050714723	0.35421757118910702	1.4617446849814615	-1	1	-0.24232519866737151	0.50942371757555849	0.50942371757555849	161	0.0090802878963056263	1.4619263513052059
0	13	19	13763	7276	0	12525	0.75751558152534326	0.76986983022984223	2.1781253814697266	1.4206097999443832	0.12447569811338784	1.3347926416873173	-1	1	-0.093254708054157046	0.6275352333118801	0.6275352333118801	123	0.011885580091912243	1.4619263513052059
0	14	18	22495	13763	0	14185	0.76986983022984223	0.87056600399466311	2.1781253814697266	1.4082555512398844	-0.34703531283655109	1.2978004506298477	-1	0	0.26740267555626762	0.60869135186461376	0.60869135186461376	77	0.018986056510457219	1.4619263513052059
0	15	17	33013	22495	0	14577	0.87056600399466311	0.88915950295370016	2.1781253814697266	1.3075593774750633	-0.14158851550141757	1.1873484136013164	-1	1	0.1192476562729966	0.65271961688995361	0.65271961688995361	59	0.024778412733986541	1.4619263513052059
0	16	16	58220	33013	0	13765	0.88915950295370016	0.88959290228403376	2.1781253814697266	1.2889658785160265	-0.021151564510361688	1.1535039570112142	-1	1	0.018336794062819201	0.7084446338282635	0.7084446338282635	47	0.031104815985217145	1.4619263513052059
0	17	15	85398	58220	0	12133	0.88959290228403376	0.89015259732943042	2.1781253814697266	1.2885324791856927	0.023051499890176377	1.1060407872270077	-1	1	-0.020841455537973039	0.72157813193765474	0.72157813193765474	41	0.035656740275736731	1.4619263513052059
0	18	14	105072	85398	0	10517	0.89015259732943042	0.89034673167798417	2.1781253814697266	1.2879727841402961	-0.013798229298845128	1.1238944057216009	-1	1	0.012277158092966856	0.71949189901351929	0.71949189901351929	34	0.042997833861917821	1.4619263513052059
0	19	13	123209	105072	0	8191	0.89034673167798417	1.0385415322866214	2.1781253814697266	1.2877786497917423	-0.35676802620451631	1.051695589459599	-1	0	0.33923126594819825	0.62425049019606382	0.62425049019606382	25	0.058477054052208238	1.4619263513052059
0	20	12	129320	123209	0	6083	1.0385415322866214	1.1477973173356113	2.1781253814697266	1.1395838491831052	-0.30028155232855608	0.9697941814372929	-1	0	0.30963431012085563	0.68159480934127592	0.68159480934127592	17	0.085995667723835642	1.4619263513052059
0	21	11	132595	129320	0	4141	1.1477973173356113	1.1689273112968961	2.1781253814697266	1.0303280641341153	0.12587320038712235	0.87896453587726187	0	1	-0.14320623329983725	0.83596653991887782	0.83596653991887782	15	0.097461756753680392	1.4619263513052059
0	22	10	133975	132595	0	2591	1.1689273112968961	1.175381251430565	2.1781253814697266	1.0091980701728305	0.064863950751595068	0.81110884374426018	0	0	-0.079969477896663713	1	1	14	0.1044233108075147	1.4619263513052059
0	23	9	135229	133975	0	1469	1.175381251430565	1.3112398333257225	2.1781253814697266	1.0027441300391615	-0.27627646556016416	0.75057728493755205	-1	0	0.36808530061384731	0.75751038663120229	0.75751038663120229	11	0.13290239557320052	1.4619263513052059
0	24	8	135564	135229	0	913	1.3112398333257225	1.3143687086907165	2.1781253814697266	0.86688554814400398	0.045057597426804361	0.74998880355647546	0	0	-0.060077693444408123	1	1	10	0.14619263513052058	1.4619263513052059
0	25	7	135606	135564	0	430	1.3143687086907165	1.3475823315314905	2.1781253814697266	0.86375667277901014	0.12804349113927443	0.65297279823356702	0	0	-0.19609314734956776	1	1	9	0.16243626125613397	1.4619263513052059
0	26	6	135699	135606	0	246	1.3475823315314905	1.5639222368624497	2.1781253814697266	0.83054304993823613	-0.34258831698594899	0.67125155534909664	-1	0	0.51037247400906161	0.71869933605194092	0.71869933605194092	7	0.2088466216150294	1.4619263513052059
0	27	5	135718	135699	0	114	1.5639222368624497	1.5866484028442565	2.1781253814697266	0.61420314460727687	-0.10109151341918132	0.52554224145519768	0	0	0.19235658990848092	1	1	6	0.24365439188420099	1.4619263513052059
0	28	4	135733	135718	0	72	1.5866484028442565	1.7470758942844682	2.1781253814697266	0.59147697862547	-0.27883569757154891	0.53539942388957551	0	0	0.52079939785116003	1	1	5	0.29238527026104116	1.4619263513052059
0	29	3	135738	135733	0	28	1.7470758942844682	1.9214786916847504	2.1781253814697266	0.43104948718525843	0.27707569740960958	0.43559739920991791	0	0	-0.63608207466841316	1	1	4	0.36548158782630147	1.4619263513052059
0	30	2	135748	135738	0	18	1.9214786916847504	1.9915409786201259	2.1781253814697266	0.25664668978497607	-0.18999063800970623	0.36362847125287445	0	0	0.52248559458256216	1	1	3	0.48730878376840198	1.4619263513052059
0	31	1	135753	135748	0	10	1.9915409786201259	2.0963402424938318	2.1781253814697266	0.18658440284960073	0.22839228846405013	0.30474738560517373	0	0	-0.74944790095739122	1	1	2	0.73096317565260294	1.4619263513052059
0	32	0	135757	135753	0	5	2.0963402424938318	2.1661891937255859	2.1781253814697266	0.081785138975895011	0.17155007913671666	0.1856300048087183	0	0	-0.92415059361491569	1	1	1	1.4619263513052059	1.4619263513052059
1	1	31	1	0	0	5	0	0	0.54453134536743164	0.54453134536743164	0	2.0589309925110717	-2	2	0	0.4892992377281189	0.4892992377281189	41123	2.1380145542529738e-06	0.087921572514545035
1	2	30	3	1	0	15	0	0	0.54453134536743164	0.54453134536743164	0	2.1221377461034421	-2	2	0	0.48006802797317505	0.48006802797317505	29438	2.9866693564285969e-06	0.087921572514545035
1	3	29	12	3	0	41	0	0	0.54453134536743164	0.54453134536743164	0	2.2747196387175426	-2	2	0	0.459806889295578	0.459806889295578	19063	4.6121582392354314e-06	0.087921572514545035
1	4	28	23	12	0	109	0	0	0.54453134536743164	0.54453134536743164	0	2.2091450756897433	-2	2	0	0.46818393468856812	0.46818393468856812	12744	6.8990562236774195e-06	0.087921572514545035
1	5	27	50	23	0	243	0	0	0.54453134536743164	0.54453134536743164	0	2.0255099511685097	-2	2	0	0.49439874291419983	0.49439874291419983	9025	9.7420024946864313e-06	0.087921572514545035
1	6	26	105	50	0	451	0	0	0.54453134536743164	0.54453134536743164	0	1.9798091025871714	-1	1	0	0.57860541343688965	0.57860541343688965	6476	1.357652447723055e-05	0.087921572514545035
1	7	25	165	105	0	777	0	0	0.54453134536743164	0.54453134536743164	0	1.8540445430424748	-1	1	0	0.59521716833114624	0.59521716833114624	4803	1.8305553303049142e-05	0.087921572514545035
1	8	24	250	165	0	1317	0	0	0.54453134536743164	0.54453134536743164	0	1.9583294166592198	-1	1	0	0.58130466938018799	0.58130466938018799	3324	2.6450533247456387e-05	0.087921572514545035
1	9	23	369	250	0	1935	0	0	0.54453134536743164	0.54453134536743164	0	1.8182167237008982	-1	1	0	0.60032796859741211	0.60032796859741211	2421	3.6316221608651402e-05	0.087921572514545035
1	10	22	616	369	0	2759	0	0	0.54453134536743164	0.54453134536743164	0	1.8405856403179912	-1	1	0	0.59711617231369019	0.59711617231369019	1692	5.1963104323017161e-05	0.087921572514545035
1	11	21	1043	616	0	3919	0	0	0.54453134536743164	0.54453134536743164	0	1.9302425308160509	-1	1	0	0.58491712808609009	0.58491712808609009	1119	7.8571557206921395e-05	0.087921572514545035
1	12	20	1580	1043	0	4989	0	0	0.54453134536743164	0.54453134536743164	0	1.7837955458980472	-1	1	0	0.60540974140167236	0.60540974140167236	794	0.00011073245908632876	0.087921572514545035
1	13	19	2375	1580	0	5297	0	0	0.54453134536743164	0.54453134536743164	0	1.5800831644476809	-1	1	0	0.63936495780944824	0.63936495780944824	617	0.00014249849678208272	0.087921572514545035
1	14	18	3766	2375	0	5555	0	0	0.54453134536743164	0.54453134536743164	0	1.6112626710028031	-1	1	0	0.6336982250213623	0.6336982250213623	458	0.00019196849894005465	0.087921572514545035
1	15	17	6045	3766	0	5311	0	0	0.54453134536743164	0.54453134536743164	0	1.5011901354612407	-1	1	0	0.65455657243728638	0.65455657243728638	359	0.00024490688722714492	0.087921572514545035
1	16	16	9774	6045	0	5173	0	0	0.54453134536743164	0.54453134536743164	0	1.5686481067644233	-1	1	0	0.64148974418640137	0.64148974418640137	286	0.00030741808571519243	0.087921572514545035
1	17	15	14381	9774	0	4697	0	0	0.54453134536743164	0.54453134536743164	0	1.5110645533559963	-1	1	0	0.65258538722991943	0.65258538722991943	203	0.00043311119465293122	0.087921572514545035
1	18	14	22876	14381	0	3743	0	0	0.54453134536743164	0.54453134536743164	0	1.3667873375474069	-1	1	0	0.68355077505111694	0.68355077505111694	154	0.0005709193020425002	0.087921572514545035
1	19	13	33633	22876	0	2591	0	0	0.54453134536743164	0.54453134536743164	0	1.2554802898945907	-1	1	0	0.7109224796295166	0.7109224796295166	135	0.00065127090751514844	0.087921572514545035
1	20	12	42764	33633	0	1979	0	0	0.54453134536743164	0.54453134536743164	0	1.3347524370945412	-1	1	0	0.69109809398651123	0.69109809398651123	106	0.00082944879730702866	0.087921572514545035
1	21	11	46605	42764	0	1589	0	0	0.54453134536743164	0.54453134536743164	0	1.3700958316413707	-1	1	0	0.68278598785400391	0.68278598785400391	79	0.0011129312976524688	0.087921572514545035
1	22	10	51800	46605	0	1085	0	0	0.54453134536743164	0.54453134536743164	0	1.2442266249227816	-1	1	0	0.71387457847595215	0.71387457847595215	62	0.0014180898792668555	0.087921572514545035
1	23	9	53227	51800	0	643	0	0	0.54453134536743164	0.54453134536743164	0	1.1829697244394566	-1	1	0	0.73056936264038086	0.73056936264038086	49	0.0017943178064192865	0.087921572514545035
1	24	8	54102	53227	0	363	0	0	0.54453134536743164	0.54453134536743164	0	1.1090421854097425	-1	1	0	0.75216841697692871	0.75216841697692871	40	0.0021980393128636258	0.087921572514545035
1	25	7	54571	54102	0	211	0	0	0.54453134536743164	0.54453134536743164	0	1.1517699463014337	-1	1	0	0.73948830366134644	0.73948830366134644	35	0.0025120449289870012	0.087921572514545035
1	26	6	54871	54571	-1	133	0	0.39255298138271943	0.54453134536743164	0.54453134536743164	0	1.1777749204209031	-1	1	-0.84905866363891369	0.13398267328739166	0.13398267328739166	7	0.012560224644935005	0.087921572514545035
1	27	5	55032	54871	0	61	0.39255298138271943	0.46986538080498064	0.54453134536743164	0.15197836398471221	0.40805060281761024	0.57211104255088652	0	0	-0.71323671886881312	1	1	6	0.014653595419090839	0.087921572514545035
1	28	4	55052	55032	0	35	0.46986538080498064	0.47472386034501446	0.54453134536743164	0.074665964562451018	-0.09610403772298054	0.37674958740781905	0	0	0.25508730715330835	1	1	5	0.017584314502909006	0.087921572514545035
1	29	3	55059	55052	0	19	0.47472386034501446	0.49365202124328195	0.54453134536743164	0.069807485022417196	-0.19805437009423082	0.38034806926396458	0	0	0.52071874711365895	1	1	4	0.021980393128636259	0.087921572514545035
1	30	2	55061	55059	0	11	0.49365202124328195	0.52137574475494186	0.54453134536743164	0.050879324124149708	0.23567961474588708	0.3192764653939294	0	0	-0.73816782723117746	1	1	3	0.029307190838181677	0.087921572514545035
1	31	1	55063	55061	0	5	0.52137574475494186	0.53852184319438423	0.54453134536743164	0.023155600612489741	0.17003294009396239	0.19759612938871912	0	0	-0.8605074432377503	1	1	2	0.043960786257272517	0.087921572514545035
1	32	0	55065	55063	0	4	0.53852184319438423	0.54154729843139648	0.54453134536743164	0.0060095021730473671	-0.074539062055316935	0.10505284204078595	0	0	0.70953874837938913	1	1	1	0.087921572514545035	0.087921572514545035
