[phase 0 initial]
[[416 187 237 67 -595 706 100 -151 454 112 -326 124 185 -357 -277 492 167 -230 -143 314 -238 -19 311 -275 250 5 283 -468 124 -109 234 245 232 3 70 190 7]
[-459 100 -254 448 -139 237 150 -404 174 107 -142 -113 -65 438 -46 218 -497 44 -514 -106 -276 -50 -324 -863 -30 281 103 24 579 196 12 -156 -287 -12 116 311 273]
[-154 226 463 266 547 -311 422 237 -63 -30 184 -324 -72 -324 114 -121 144 512 -4 -60 122 226 343 123 236 534 493 -301 -680 414 95 543 -174 -217 81 -327 -275]
[144 -92 133 -387 85 -443 172 71 144 165 152 99 -239 475 596 145 -76 -16 780 2 333 -269 160 542 -5 -985 -615 314 181 82 -143 -453 -132 192 496 -209 -5]
[-436 301 -100 106 212 21 -203 191 -301 -456 -216 -179 -24 -280 -491 -469 44 -289 -198 -446 484 289 330 312 -24 -131 -409 462 -259 -181 -359 -564 777 -272 -37 -480 -2]
[-602 51 25 -109 -165 138 -84 -367 597 -419 115 -225 154 61 -233 8 -379 -408 -308 472 81 703 75 -529 -3 181 19 301 116 -425 -313 -469 231 199 385 -310 217]
[-107 -773 -421 215 -205 -145 85 -153 -125 -355 -296 -140 -176 250 -417 -369 72 94 -137 -839 -163 -275 -47 699 -105 46 451 -332 -262 43 -293 -383 178 -131 -485 499 -1]
[435 -268 1 319 408 -157 417 205 -107 -422 -813 -260 -198 -528 -354 -151 -185 426 681 -736 54 65 429 447 423 0 14 -299 -722 336 461 -349 193 68 5 -246 5]
[111 -106 -164 70 -455 -249 240 -273 81 -237 503 101 263 578 60 -538 -154 21 79 339 74 -572 41 281 -383 367 424 -312 -51 -265 -558 526 -155 71 219 172 62]
[466 330 403 753 186 257 387 -32 66 97 -852 121 39 -58 -192 170 -724 265 -231 261 -297 -517 -19 -306 -255 350 25 -571 -152 37 55 41 -581 23 -25 460 248]
[10 -180 182 -192 471 -386 -65 23 538 -159 398 340 -12 102 127 408 121 378 590 -437 290 373 68 -236 524 223 -237 27 358 127 296 -392 99 -233 175 -283 25]
[652 489 193 -680 228 -194 -44 353 -126 317 -1 -138 198 224 -151 357 -95 492 30 222 547 -132 -137 548 -304 240 -487 23 -211 171 241 217 -722 217 -133 -370 0]
[245 -230 257 256 -55 222 -221 146 -82 -225 -262 -220 -459 -33 72 -551 -451 150 111 -153 -162 -563 -297 -280 -230 -542 263 -281 458 -274 11 4 387 -448 -97 269 107]
[-103 -87 -113 -35 517 253 48 -137 268 -331 -217 -318 -69 89 -738 -284 -638 659 10 26 -208 -485 -230 470 -69 94 28 4 -323 -144 -75 -510 215 -365 -532 121 81]
[-188 210 -370 -583 282 180 627 317 3 -231 28 -335 156 -363 -426 50 293 373 -669 -323 132 440 3 299 95 -128 -126 288 -454 90 -50 51 531 -181 -535 -334 39]
[-594 40 54 370 642 135 666 -294 45 152 -394 -84 343 168 188 40 205 131 -155 -171 -395 21 -19 488 185 -450 608 -182 -803 312 -612 53 -495 -356 -322 232 -139]
[17 -340 -55 -58 -141 354 -345 -340 870 204 109 -280 -454 361 -482 310 -447 -334 -352 339 -70 -21 -805 -9 341 399 -137 -15 196 -284 -29 -534 -335 5 -42 444 -40]
[-403 212 -51 -123 50 -769 -671 111 -423 297 513 448 78 258 611 34 504 -204 -91 421 -185 348 -298 -388 -35 -497 131 64 334 215 -293 -27 -627 -4 -252 -410 40]
[-35 -213 -634 423 -94 730 -13 -178 268 -699 16 -201 260 -786 19 -12 -488 9 77 429 -268 242 -277 -739 -278 283 155 570 344 -295 172 -74 848 -22 100 123 287]
[467 -571 -420 -448 -144 -199 -427 -400 -352 -24 75 -406 -265 -18 16 119 -335 -56 547 -142 184 -387 -516 316 -263 -209 382 4 47 -51 -72 -126 438 -81 -84 426 -39]
[-571 165 285 496 172 145 -14 -339 -163 234 -183 190 -180 -54 -253 342 -107 -359 79 633 -694 575 -72 -718 67 289 1030 -468 -201 122 390 -120 73 203 -162 92 156]
[40 852 -155 -148 -469 304 52 41 -347 -135 380 191 -79 507 179 457 59 -64 54 193 192 -497 -174 -355 -458 -748 -178 -84 787 -123 -255 239 -230 341 -285 -191 291]
[-120 43 770 -295 -227 210 -388 -234 244 -166 7 -203 361 -302 -355 687 557 154 133 228 891 114 336 18 -189 -208 289 -476 -125 101 -179 419 297 -658 -146 -263 -251]
[-294 -184 35 295 730 33 338 -269 -457 62 235 -713 -191 177 306 -599 -692 391 -93 -71 -630 -396 -506 -194 332 225 433 -544 -375 -321 -368 46 -821 20 290 388 -141]
[49 817 272 775 813 -189 297 228 -625 -171 -235 274 -255 -17 276 -495 -43 -297 26 -449 -175 486 -26 -229 123 -165 -541 337 -791 167 -247 214 189 349 25 -341 176]
[465 -835 -47 149 -417 -496 -650 -266 -587 -39 -643 69 70 -56 -39 -434 -75 -304 302 -644 -420 -332 -778 -199 267 -148 76 -171 -206 -535 20 150 106 65 -22 179 -189]
[-119 172 -79 511 253 -53 -248 -271 -479 215 -333 -159 -631 116 -670 -239 -483 -24 130 -8 -38 -514 -601 -571 27 -571 -461 232 117 -419 515 -974 559 -57 -495 -150 10]
[-657 213 686 212 -416 -306 621 -308 14 -462 -149 332 285 462 10 -295 91 -126 -229 124 -262 641 274 -89 72 167 390 -42 -174 -48 -669 -43 140 -239 268 -260 124]
[390 -75 -94 224 -100 81 38 400 -667 -337 -146 -170 148 40 515 -91 -431 -518 -225 -694 22 -552 -611 -165 -255 -151 -510 417 180 -211 -778 -316 186 -438 173 271 265]
[212 203 706 -151 -346 -44 174 -340 335 161 417 -116 -45 970 108 559 -23 -259 -549 624 181 -42 -412 -506 -136 69 198 -762 154 -128 282 289 -824 -38 287 -250 536]
[33 353 296 684 -37 -167 -92 16 -185 -315 346 128 -38 -521 -137 -668 -79 5 -149 -501 36 -33 237 -806 208 810 -10 -680 -520 -365 381 -63 623 -120 188 -247 343]
[-436 135 -565 272 -93 104 -15 -499 -277 -465 -158 387 91 494 -320 110 69 -255 -357 667 -277 -505 -72 356 -315 -180 -90 -58 -120 -141 -592 -338 280 -42 322 755 167]
[-80 -879 349 -468 336 -174 21 -336 -95 -418 570 611 308 -136 402 -567 464 -29 601 -350 87 -502 162 406 -423 -133 -217 -260 -50 -202 -712 263 -140 50 -192 210 -23]
[-386 -35 13 159 -299 -347 55 -47 -157 -166 -41 -98 12 -524 -8 342 438 -77 134 160 170 684 554 -378 353 676 302 -274 -214 339 -214 116 49 -69 -53 -255 556]
[594 -598 163 -42 53 335 -43 587 -231 -293 -743 -50 -410 -300 -162 -495 428 -370 -137 -98 -588 -100 380 -28 -186 -439 494 -947 -497 -516 -421 -14 162 -45 -333 49 80]
[-122 199 -147 503 -245 516 199 226 -240 246 396 370 -61 -335 -7 446 -78 694 219 118 -487 -626 255 -1029 265 -2 108 -267 387 118 545 448 -241 -199 -78 184 516]
[350 482 -26 -377 -307 -51 77 48 -124 402 -205 206 384 -316 -533 403 471 438 -4 -91 -368 239 242 -25 334 -187 -514 28 46 -97 604 485 66 -311 52 -299 461]]
[phase 0 refreshed accepted=1]
[[-82 -429 106 -260 97 45 -80 -85 32 23 -135 -580 260 -175 234 53 304 -187 -9 -337 -157 -595 367 -158 211 -373 -264 -207 -193 469 198 278 271 21 14 -79 -630]
[416 187 237 67 -595 706 100 -151 454 112 -326 124 185 -357 -277 492 167 -230 -143 314 -238 -19 311 -275 250 5 283 -468 124 -109 234 245 232 3 70 190 7]
[-459 100 -254 448 -139 237 150 -404 174 107 -142 -113 -65 438 -46 218 -497 44 -514 -106 -276 -50 -324 -863 -30 281 103 24 579 196 12 -156 -287 -12 116 311 273]
[-154 226 463 266 547 -311 422 237 -63 -30 184 -324 -72 -324 114 -121 144 512 -4 -60 122 226 343 123 236 534 493 -301 -680 414 95 543 -174 -217 81 -327 -275]
[144 -92 133 -387 85 -443 172 71 144 165 152 99 -239 475 596 145 -76 -16 780 2 333 -269 160 542 -5 -985 -615 314 181 82 -143 -453 -132 192 496 -209 -5]
[-602 51 25 -109 -165 138 -84 -367 597 -419 115 -225 154 61 -233 8 -379 -408 -308 472 81 703 75 -529 -3 181 19 301 116 -425 -313 -469 231 199 385 -310 217]
[-436 301 -100 106 212 21 -203 191 -301 -456 -216 -179 -24 -280 -491 -469 44 -289 -198 -446 484 289 330 312 -24 -131 -409 462 -259 -181 -359 -564 777 -272 -37 -480 -2]
[-107 -773 -421 215 -205 -145 85 -153 -125 -355 -296 -140 -176 250 -417 -369 72 94 -137 -839 -163 -275 -47 699 -105 46 451 -332 -262 43 -293 -383 178 -131 -485 499 -1]
[269 -518 126 104 31 -40 536 -353 791 -385 -482 -306 -20 -187 -96 326 -608 307 571 182 -349 479 174 -394 444 312 442 -460 -347 92 507 -254 -353 539 427 -76 224]
[111 -106 -164 70 -455 -249 240 -273 81 -237 503 101 263 578 60 -538 -154 21 79 339 74 -572 41 281 -383 367 424 -312 -51 -265 -558 526 -155 71 219 172 62]
[466 330 403 753 186 257 387 -32 66 97 -852 121 39 -58 -192 170 -724 265 -231 261 -297 -517 -19 -306 -255 350 25 -571 -152 37 55 41 -581 23 -25 460 248]
[-477 290 590 88 558 94 -378 -108 442 -73 8 -38 461 117 32 313 -70 -259 -529 -223 266 -515 317 -835 33 69 -899 10 476 116 -271 -288 373 -529 122 -136 -364]
[652 489 193 -680 228 -194 -44 353 -126 317 -1 -138 198 224 -151 357 -95 492 30 222 547 -132 -137 548 -304 240 -487 23 -211 171 241 217 -722 217 -133 -370 0]
[245 -230 257 256 -55 222 -221 146 -82 -225 -262 -220 -459 -33 72 -551 -451 150 111 -153 -162 -563 -297 -280 -230 -542 263 -281 458 -274 11 4 387 -448 -97 269 107]
[-103 -87 -113 -35 517 253 48 -137 268 -331 -217 -318 -69 89 -738 -284 -638 659 10 26 -208 -485 -230 470 -69 94 28 4 -323 -144 -75 -510 215 -365 -532 121 81]
[-188 210 -370 -583 282 180 627 317 3 -231 28 -335 156 -363 -426 50 293 373 -669 -323 132 440 3 299 95 -128 -126 288 -454 90 -50 51 531 -181 -535 -334 39]
[-594 40 54 370 642 135 666 -294 45 152 -394 -84 343 168 188 40 205 131 -155 -171 -395 21 -19 488 185 -450 608 -182 -803 312 -612 53 -495 -356 -322 232 -139]
[-403 212 -51 -123 50 -769 -671 111 -423 297 513 448 78 258 611 34 504 -204 -91 421 -185 348 -298 -388 -35 -497 131 64 334 215 -293 -27 -627 -4 -252 -410 40]
[-571 165 285 496 172 145 -14 -339 -163 234 -183 190 -180 -54 -253 342 -107 -359 79 633 -694 575 -72 -718 67 289 1030 -468 -201 122 390 -120 73 203 -162 92 156]
[17 -340 -55 -58 -141 354 -345 -340 870 204 109 -280 -454 361 -482 310 -447 -334 -352 339 -70 -21 -805 -9 341 399 -137 -15 196 -284 -29 -534 -335 5 -42 444 -40]
[-35 -213 -634 423 -94 730 -13 -178 268 -699 16 -201 260 -786 19 -12 -488 9 77 429 -268 242 -277 -739 -278 283 155 570 344 -295 172 -74 848 -22 100 123 287]
[-298 -63 136 610 231 201 -269 -488 233 -81 194 51 256 -136 464 254 349 212 23 425 -430 -234 -264 -414 329 -201 -105 -411 629 299 -127 -168 -104 -377 86 130 -588]
[-440 436 -545 -300 244 -378 151 -501 -696 111 181 -147 651 72 -152 -169 122 611 -545 -855 177 -479 405 -120 152 436 -147 221 -202 436 -484 551 69 -474 -177 10 -189]
[-340 315 184 899 578 158 -12 172 201 399 -232 -504 -176 -235 93 500 -414 205 49 201 -94 -107 -175 -579 73 5 172 3 -241 167 601 13 -178 253 412 -448 -119]
[627 94 30 265 -468 -195 1010 -294 -285 -266 -113 -354 -367 -142 -73 134 -60 529 156 -333 443 27 176 -304 23 268 215 -246 76 474 402 5 291 -132 -49 67 59]
[-55 162 661 321 -251 -444 705 59 -583 -43 -264 557 131 401 243 -303 470 282 79 -348 -343 -62 199 440 75 -14 371 -343 -290 377 -356 426 -91 -438 -117 50 -93]
[-145 479 -297 235 -98 147 -93 -288 249 463 -464 60 113 141 -451 124 248 787 -400 -173 -285 -62 -267 109 362 324 547 -216 336 34 -76 268 53 -574 -633 13 408]
[-490 368 171 -198 520 149 179 165 266 186 -171 -372 340 -45 403 136 361 -212 -454 -340 -406 -121 412 -444 731 -144 -244 -125 107 417 -487 -113 108 -547 -242 -267 170]
[-386 -35 13 159 -299 -347 55 -47 -157 -166 -41 -98 12 -524 -8 342 438 -77 134 160 170 684 554 -378 353 676 302 -274 -214 339 -214 116 49 -69 -53 -255 556]
[192 562 -594 -629 -501 -8 420 56 174 906 -201 -56 -282 251 -533 461 -402 409 79 212 -457 174 -547 -189 90 -429 -285 359 712 13 271 241 35 139 159 205 436]
[362 852 69 -143 299 453 507 295 418 245 226 66 245 -285 -242 -134 342 73 66 834 -17 373 156 405 126 -240 -161 -131 -289 -219 27 749 -477 -506 91 -192 565]
[-260 410 -13 -6 67 137 310 -13 222 -58 135 13 607 14 -443 -87 -212 634 -491 731 -389 637 143 105 -377 397 138 -120 -539 38 -847 25 78 394 -50 -13 -11]
[-423 424 -59 303 287 -3 -119 -193 -364 119 161 -266 -625 -720 613 -331 -321 332 284 80 52 565 -232 -11 -31 334 -129 471 -304 738 503 219 511 -162 578 29 139]
[183 -239 -574 -103 -208 608 69 -237 813 -257 -464 -73 -83 -152 47 -13 -75 -20 -75 323 60 379 -428 -251 -574 706 265 109 5 -548 250 -229 -464 280 -196 72 333]
[367 -66 -61 -40 60 150 30 -309 393 -344 -65 485 -128 -93 268 347 160 -121 146 -398 -150 88 -80 -770 336 -359 21 91 338 -260 109 -477 -339 237 456 44 687]
[-436 135 -565 272 -93 104 -15 -499 -277 -465 -158 387 91 494 -320 110 69 -255 -357 667 -277 -505 -72 356 -315 -180 -90 -58 -120 -141 -592 -338 280 -42 322 755 167]
[65 301 69 -438 208 939 180 129 121 -542 11 -514 -123 -544 -507 583 -308 202 -167 141 81 479 -319 -493 -234 393 -76 133 -5 -486 539 199 193 562 -512 -75 133]]
[phase 1 initial]
[[-82 -429 106 -260 97 45 -80 -85 32 23 -135 -580 260 -175 234 53 304 -187 -9 -337 -157 -595 367 -158 211 -373 -264 -207 -193 469 198 278 271 21 14 -79 -630]
[416 187 237 67 -595 706 100 -151 454 112 -326 124 185 -357 -277 492 167 -230 -143 314 -238 -19 311 -275 250 5 283 -468 124 -109 234 245 232 3 70 190 7]
[-459 100 -254 448 -139 237 150 -404 174 107 -142 -113 -65 438 -46 218 -497 44 -514 -106 -276 -50 -324 -863 -30 281 103 24 579 196 12 -156 -287 -12 116 311 273]
[-154 226 463 266 547 -311 422 237 -63 -30 184 -324 -72 -324 114 -121 144 512 -4 -60 122 226 343 123 236 534 493 -301 -680 414 95 543 -174 -217 81 -327 -275]
[144 -92 133 -387 85 -443 172 71 144 165 152 99 -239 475 596 145 -76 -16 780 2 333 -269 160 542 -5 -985 -615 314 181 82 -143 -453 -132 192 496 -209 -5]
[-602 51 25 -109 -165 138 -84 -367 597 -419 115 -225 154 61 -233 8 -379 -408 -308 472 81 703 75 -529 -3 181 19 301 116 -425 -313 -469 231 199 385 -310 217]
[-436 301 -100 106 212 21 -203 191 -301 -456 -216 -179 -24 -280 -491 -469 44 -289 -198 -446 484 289 330 312 -24 -131 -409 462 -259 -181 -359 -564 777 -272 -37 -480 -2]
[-107 -773 -421 215 -205 -145 85 -153 -125 -355 -296 -140 -176 250 -417 -369 72 94 -137 -839 -163 -275 -47 699 -105 46 451 -332 -262 43 -293 -383 178 -131 -485 499 -1]
[269 -518 126 104 31 -40 536 -353 791 -385 -482 -306 -20 -187 -96 326 -608 307 571 182 -349 479 174 -394 444 312 442 -460 -347 92 507 -254 -353 539 427 -76 224]
[111 -106 -164 70 -455 -249 240 -273 81 -237 503 101 263 578 60 -538 -154 21 79 339 74 -572 41 281 -383 367 424 -312 -51 -265 -558 526 -155 71 219 172 62]
[466 330 403 753 186 257 387 -32 66 97 -852 121 39 -58 -192 170 -724 265 -231 261 -297 -517 -19 -306 -255 350 25 -571 -152 37 55 41 -581 23 -25 460 248]
[-477 290 590 88 558 94 -378 -108 442 -73 8 -38 461 117 32 313 -70 -259 -529 -223 266 -515 317 -835 33 69 -899 10 476 116 -271 -288 373 -529 122 -136 -364]
[652 489 193 -680 228 -194 -44 353 -126 317 -1 -138 198 224 -151 357 -95 492 30 222 547 -132 -137 548 -304 240 -487 23 -211 171 241 217 -722 217 -133 -370 0]
[245 -230 257 256 -55 222 -221 146 -82 -225 -262 -220 -459 -33 72 -551 -451 150 111 -153 -162 -563 -297 -280 -230 -542 263 -281 458 -274 11 4 387 -448 -97 269 107]
[-103 -87 -113 -35 517 253 48 -137 268 -331 -217 -318 -69 89 -738 -284 -638 659 10 26 -208 -485 -230 470 -69 94 28 4 -323 -144 -75 -510 215 -365 -532 121 81]
[-188 210 -370 -583 282 180 627 317 3 -231 28 -335 156 -363 -426 50 293 373 -669 -323 132 440 3 299 95 -128 -126 288 -454 90 -50 51 531 -181 -535 -334 39]
[-594 40 54 370 642 135 666 -294 45 152 -394 -84 343 168 188 40 205 131 -155 -171 -395 21 -19 488 185 -450 608 -182 -803 312 -612 53 -495 -356 -322 232 -139]
[-403 212 -51 -123 50 -769 -671 111 -423 297 513 448 78 258 611 34 504 -204 -91 421 -185 348 -298 -388 -35 -497 131 64 334 215 -293 -27 -627 -4 -252 -410 40]
[-571 165 285 496 172 145 -14 -339 -163 234 -183 190 -180 -54 -253 342 -107 -359 79 633 -694 575 -72 -718 67 289 1030 -468 -201 122 390 -120 73 203 -162 92 156]
[17 -340 -55 -58 -141 354 -345 -340 870 204 109 -280 -454 361 -482 310 -447 -334 -352 339 -70 -21 -805 -9 341 399 -137 -15 196 -284 -29 -534 -335 5 -42 444 -40]
[-35 -213 -634 423 -94 730 -13 -178 268 -699 16 -201 260 -786 19 -12 -488 9 77 429 -268 242 -277 -739 -278 283 155 570 344 -295 172 -74 848 -22 100 123 287]
[-298 -63 136 610 231 201 -269 -488 233 -81 194 51 256 -136 464 254 349 212 23 425 -430 -234 -264 -414 329 -201 -105 -411 629 299 -127 -168 -104 -377 86 130 -588]
[-440 436 -545 -300 244 -378 151 -501 -696 111 181 -147 651 72 -152 -169 122 611 -545 -855 177 -479 405 -120 152 436 -147 221 -202 436 -484 551 69 -474 -177 10 -189]
[-340 315 184 899 578 158 -12 172 201 399 -232 -504 -176 -235 93 500 -414 205 49 201 -94 -107 -175 -579 73 5 172 3 -241 167 601 13 -178 253 412 -448 -119]
[627 94 30 265 -468 -195 1010 -294 -285 -266 -113 -354 -367 -142 -73 134 -60 529 156 -333 443 27 176 -304 23 268 215 -246 76 474 402 5 291 -132 -49 67 59]
[-55 162 661 321 -251 -444 705 59 -583 -43 -264 557 131 401 243 -303 470 282 79 -348 -343 -62 199 440 75 -14 371 -343 -290 377 -356 426 -91 -438 -117 50 -93]
[-145 479 -297 235 -98 147 -93 -288 249 463 -464 60 113 141 -451 124 248 787 -400 -173 -285 -62 -267 109 362 324 547 -216 336 34 -76 268 53 -574 -633 13 408]
[-490 368 171 -198 520 149 179 165 266 186 -171 -372 340 -45 403 136 361 -212 -454 -340 -406 -121 412 -444 731 -144 -244 -125 107 417 -487 -113 108 -547 -242 -267 170]
[-386 -35 13 159 -299 -347 55 -47 -157 -166 -41 -98 12 -524 -8 342 438 -77 134 160 170 684 554 -378 353 676 302 -274 -214 339 -214 116 49 -69 -53 -255 556]
[192 562 -594 -629 -501 -8 420 56 174 906 -201 -56 -282 251 -533 461 -402 409 79 212 -457 174 -547 -189 90 -429 -285 359 712 13 271 241 35 139 159 205 436]
[362 852 69 -143 299 453 507 295 418 245 226 66 245 -285 -242 -134 342 73 66 834 -17 373 156 405 126 -240 -161 -131 -289 -219 27 749 -477 -506 91 -192 565]
[-260 410 -13 -6 67 137 310 -13 222 -58 135 13 607 14 -443 -87 -212 634 -491 731 -389 637 143 105 -377 397 138 -120 -539 38 -847 25 78 394 -50 -13 -11]
[-423 424 -59 303 287 -3 -119 -193 -364 119 161 -266 -625 -720 613 -331 -321 332 284 80 52 565 -232 -11 -31 334 -129 471 -304 738 503 219 511 -162 578 29 139]
[183 -239 -574 -103 -208 608 69 -237 813 -257 -464 -73 -83 -152 47 -13 -75 -20 -75 323 60 379 -428 -251 -574 706 265 109 5 -548 250 -229 -464 280 -196 72 333]
[367 -66 -61 -40 60 150 30 -309 393 -344 -65 485 -128 -93 268 347 160 -121 146 -398 -150 88 -80 -770 336 -359 21 91 338 -260 109 -477 -339 237 456 44 687]
[-436 135 -565 272 -93 104 -15 -499 -277 -465 -158 387 91 494 -320 110 69 -255 -357 667 -277 -505 -72 356 -315 -180 -90 -58 -120 -141 -592 -338 280 -42 322 755 167]
[65 301 69 -438 208 939 180 129 121 -542 11 -514 -123 -544 -507 583 -308 202 -167 141 81 479 -319 -493 -234 393 -76 133 -5 -486 539 199 193 562 -512 -75 133]]
