[phase 0]
squared_norm=2733102
coefficients=[0 1 0 0 -2 0 -1 1 0 -1 -1 -2 -1 2 0 -1 -1 0 -1 -1 0 0 1 0 0 0 0 -1 1 0 0 0 0 0 0 -1 0]
vector=[-82 -429 106 -260 97 45 -80 -85 32 23 -135 -580 260 -175 234 53 304 -187 -9 -337 -157 -595 367 -158 211 -373 -264 -207 -193 469 198 278 271 21 14 -79 -630]

[phase 1]
squared_norm=2733102
coefficients=[1 0 0 0 0 0 0 0 0 0 0 0 0 0 0 0 0 0 0 0 0 0 0 0 0 0 0 0 0 0 0 0 0 0 0 0 0]
vector=[-82 -429 106 -260 97 45 -80 -85 32 23 -135 -580 260 -175 234 53 304 -187 -9 -337 -157 -595 367 -158 211 -373 -264 -207 -193 469 198 278 271 21 14 -79 -630]

