[phase 0 initial]
[[-24 293 -65 -235 -2 619 -123 118 61 86 523 -69 3 -30 -175 -175 -134 -439 -109 -41 -15 16 228 -649 -285 285 -110 406 -70 -133 741 9 -91 -42 -339 13]
[258 -56 534 397 686 -182 299 96 -132 -226 -106 -698 -567 -235 -35 536 35 -119 -60 241 -562 441 -30 820 90 307 -404 97 213 -300 -163 181 248 25 141 -13]
[-790 -31 304 -92 208 12 -419 22 17 334 509 35 171 -177 -98 -272 44 339 240 308 -19 403 396 378 -782 -183 713 -199 -302 -128 -821 84 -161 69 197 0]
[-375 111 506 16 -77 -55 -27 798 -144 104 -17 480 -49 36 335 693 -87 88 -515 573 -230 425 254 617 -35 -486 824 113 -265 -634 -237 117 27 63 334 -13]
[-247 -146 617 88 -97 387 296 531 262 -396 174 18 235 -77 633 259 -604 -382 38 701 -391 70 -21 133 -445 -604 -323 755 16 41 -147 135 410 284 583 56]
[-288 -341 206 -496 -447 821 -261 48 -63 -169 -154 407 -37 -141 -87 615 -472 -712 90 199 -145 -351 -106 -921 -292 -311 422 529 -138 -577 -286 103 398 60 195 69]
[427 686 -680 -236 270 -216 -348 -114 -318 -274 -612 107 -168 24 -517 132 658 -329 1078 -486 26 -22 -83 -726 89 410 -312 231 -387 -294 69 -263 -1 -434 -179 0]
[561 948 201 217 604 -270 -208 622 -540 387 4 -163 348 -22 -317 -224 813 77 196 218 193 22 388 469 -379 420 521 -138 258 200 373 -388 389 -3 -12 0]
[-142 -112 414 -376 -705 148 750 -35 339 0 625 -380 -529 -68 524 -513 -597 -294 -460 73 -187 463 -55 368 211 2 -326 180 -59 -278 741 422 155 -318 296 -347]
[480 292 277 -545 -804 -201 501 795 93 -109 154 195 -150 615 622 -124 230 -16 72 393 197 -478 -413 85 18 -225 -117 38 445 431 205 -81 846 169 -72 0]
[521 -122 299 396 316 -644 230 242 -56 218 -614 -50 -451 446 -337 327 101 464 -486 302 112 -104 -419 -79 69 486 -115 -14 1 45 -449 309 -190 165 -484 278]
[48 -461 256 -316 -517 463 -200 222 219 -103 -382 537 235 114 146 -216 -932 -204 33 -77 -49 253 -415 -585 271 27 -62 158 -528 -27 -161 167 -38 -449 887 -140]
[430 749 -267 -27 -223 -286 -110 -42 -78 405 -330 141 419 216 121 -45 302 75 -279 -371 333 -119 71 793 492 6 154 -1299 -127 252 349 -500 -119 -168 685 -399]
[-898 -192 -99 71 -327 67 22 392 607 581 851 -390 231 556 -394 -696 -394 527 143 18 531 26 37 -258 -500 135 -333 -284 -272 351 -182 -96 -628 348 -453 293]
[394 -795 272 -122 129 304 637 -322 116 -550 -13 -154 -18 -184 -143 -117 -221 -319 -323 120 44 -290 -387 410 189 308 -830 810 478 190 -70 168 251 -252 190 -9]
[247 -134 313 -172 388 217 56 285 19 352 645 292 302 -120 299 -53 -528 -501 -410 347 -317 274 123 672 -421 194 59 31 190 -501 21 197 -254 -43 922 -332]
[459 142 -48 -275 227 308 -54 -395 131 135 468 -427 -611 -53 132 246 -375 -97 -306 -386 -901 -429 -55 257 440 560 -306 -238 520 -102 42 -231 41 301 96 -73]
[98 399 -53 55 -131 -383 314 -370 -21 317 114 -453 202 76 -400 -871 -216 312 -506 -175 528 -637 -479 130 -308 -19 -390 -80 199 118 -330 -108 38 323 395 190]
[-470 706 39 22 -238 -152 8 -136 161 410 692 496 -20 -129 4 -445 718 -111 375 -209 238 333 512 -335 -161 60 129 -398 -165 -10 447 -330 -361 -26 -548 -235]
[-552 252 139 -551 -525 211 -562 -130 96 144 468 244 -494 -243 -357 -107 183 114 739 271 -262 519 -111 -395 73 472 237 -406 -767 -364 -25 -133 -212 -347 238 4]
[-359 -665 257 266 -408 623 -115 -379 370 -120 -392 225 605 -175 276 102 -296 16 -571 360 93 -496 -416 384 -482 117 14 34 42 411 -56 -156 -186 -23 438 210]
[-495 336 177 -455 54 -84 -36 326 -253 -97 152 499 -46 489 547 -182 -461 822 285 167 -161 621 443 -542 -319 -599 56 614 -548 167 -685 199 -379 -6 -60 130]
[-723 271 -27 -60 -59 195 69 263 283 487 -593 557 -56 361 -77 130 -176 481 215 -91 -73 -300 427 -618 -180 -186 2 -84 -418 -335 -553 -202 -412 41 -415 467]
[388 -20 236 35 460 967 200 801 425 192 594 -54 447 271 133 -108 -260 -508 -238 610 -522 191 355 794 -377 36 108 244 381 307 515 115 285 287 -20 255]
[-213 -793 -187 729 -64 -246 871 -47 440 -93 -176 14 40 225 190 -840 -696 -7 -333 -268 -229 -405 -494 624 522 185 -902 180 56 166 180 34 -120 123 251 93]
[-32 80 109 666 364 -342 -249 -705 507 18 -613 -190 -450 -95 -83 156 -174 155 138 -344 -309 599 320 30 -51 431 -243 292 -160 499 -467 92 -320 221 -328 387]
[-69 -454 -638 -162 -609 -234 172 -293 548 -414 -514 298 -184 99 692 -174 121 694 -65 -114 -31 324 94 460 597 -246 143 -389 -242 178 921 -167 -126 8 -86 100]
[861 -431 -53 -166 17 -246 200 -759 120 -27 -51 203 386 -16 -17 -293 -674 551 -13 -228 198 -406 -219 -225 183 25 10 -204 436 439 66 18 168 109 121 252]
[186 -234 -553 -114 -130 245 -54 -570 65 -695 -131 443 -164 224 -455 53 -60 -246 -413 -461 -375 -123 -71 -594 608 -28 44 328 5 -116 283 341 -327 -750 -495 261]
[294 101 324 210 290 -188 383 -184 34 -69 244 -366 -93 -57 105 86 -369 19 159 373 -175 457 113 56 469 238 221 -94 223 173 264 172 -748 -119 172 -136]
[244 -619 -86 -123 -176 -171 130 133 -174 191 11 95 -34 -432 -233 196 -205 -74 -230 -512 -158 -472 -221 -304 283 255 664 -74 -249 -199 -179 -221 182 -111 342 -211]
[54 -150 -184 413 236 140 120 -281 -119 -94 -70 262 -300 93 23 -381 -470 640 -282 -103 -77 79 18 106 155 321 -31 -364 -46 156 -457 89 -708 -245 189 -187]
[351 -357 -164 -431 305 37 384 -41 240 -244 416 -321 -184 -514 275 -49 -295 74 769 -202 -446 -413 -40 -289 396 -149 -1067 523 209 392 838 19 -348 -10 -260 156]
[-211 270 657 -179 173 53 153 289 -142 -127 -300 284 -432 88 28 361 84 -111 100 1075 -855 222 -220 337 -367 -394 -398 251 -370 100 -666 -240 9 -88 253 -168]
[321 476 -235 -138 992 206 -364 -345 139 107 589 -343 264 -95 -67 55 258 -780 704 559 -373 -39 258 -215 -341 -56 -347 412 114 -38 -303 -352 6 12 96 192]
[888 886 131 -110 -272 -149 17 678 -46 103 184 460 -77 61 -48 -279 -48 -14 -466 254 -106 -98 69 -557 412 185 618 -515 -257 -366 338 -362 173 246 -249 257]]
[phase 0 refreshed]
[[-282 257 -179 476 391 -137 213 -283 65 -193 -256 194 163 27 -241 48 297 -8 200 -42 -308 455 -361 -78 -199 39 -6 -129 59 237 297 -388 -253 -622 154 -213]
[-24 293 -65 -235 -2 619 -123 118 61 86 523 -69 3 -30 -175 -175 -134 -439 -109 -41 -15 16 228 -649 -285 285 -110 406 -70 -133 741 9 -91 -42 -339 13]
[-470 706 39 22 -238 -152 8 -136 161 410 692 496 -20 -129 4 -445 718 -111 375 -209 238 333 512 -335 -161 60 129 -398 -165 -10 447 -330 -361 -26 -548 -235]
[521 -122 299 396 316 -644 230 242 -56 218 -614 -50 -451 446 -337 327 101 464 -486 302 112 -104 -419 -79 69 486 -115 -14 1 45 -449 309 -190 165 -484 278]
[258 -56 534 397 686 -182 299 96 -132 -226 -106 -698 -567 -235 -35 536 35 -119 -60 241 -562 441 -30 820 90 307 -404 97 213 -300 -163 181 248 25 141 -13]
[-288 -341 206 -496 -447 821 -261 48 -63 -169 -154 407 -37 -141 -87 615 -472 -712 90 199 -145 -351 -106 -921 -292 -311 422 529 -138 -577 -286 103 398 60 195 69]
[-790 -31 304 -92 208 12 -419 22 17 334 509 35 171 -177 -98 -272 44 339 240 308 -19 403 396 378 -782 -183 713 -199 -302 -128 -821 84 -161 69 197 0]
[151 -106 -235 -33 255 413 -266 -168 -323 312 -111 -536 556 -341 -384 -704 -767 29 -651 -134 133 189 264 267 -115 280 587 305 -294 -199 625 264 -189 -489 763 -99]
[-247 -146 617 88 -97 387 296 531 262 -396 174 18 235 -77 633 259 -604 -382 38 701 -391 70 -21 133 -445 -604 -323 755 16 41 -147 135 410 284 583 56]
[380 0 -589 -453 368 510 -288 653 -164 -509 350 -489 -306 347 152 736 -49 33 -474 -159 -445 -13 -32 589 500 113 -225 146 340 -190 608 -16 138 11 -305 179]
[-256 471 -332 -637 -446 177 -104 77 -148 -37 479 30 -164 183 -156 210 115 -39 -406 -303 191 -684 -333 112 24 -442 46 -209 306 -526 -302 -360 304 410 76 190]
[-89 704 103 -578 -36 703 -517 520 223 189 644 78 60 449 53 482 127 -382 19 198 -87 -206 147 -59 -584 53 -69 -593 -110 67 -62 -332 88 332 -11 -39]
[48 -461 256 -316 -517 463 -200 222 219 -103 -382 537 235 114 146 -216 -932 -204 33 -77 -49 253 -415 -585 271 27 -62 158 -528 -27 -161 167 -38 -449 887 -140]
[-584 -145 441 321 -532 -77 610 260 495 176 251 -151 -567 258 -239 457 -23 -315 417 -18 96 30 -211 -423 204 89 -789 -263 10 -275 -104 -235 -91 380 -523 101]
[-213 361 -85 185 224 74 -353 -108 -401 -59 -63 598 -44 -478 -793 -59 272 -236 274 -660 77 102 -130 -946 312 182 -6 467 -75 -785 -117 -423 -181 -96 -68 201]
[189 153 69 119 -376 -13 95 922 -74 379 -331 -112 368 600 -525 142 37 -8 298 168 613 -722 -305 -439 -104 142 7 -100 220 235 -15 -474 411 378 -128 349]
[-223 -186 -209 -646 97 212 -131 363 206 129 1030 536 -57 538 -387 -307 558 525 -608 121 492 -112 100 143 -275 477 76 248 139 207 -122 34 -571 -58 -1091 226]
[247 -134 313 -172 388 217 56 285 19 352 645 292 302 -120 299 -53 -528 -501 -410 347 -317 274 123 672 -421 194 59 31 190 -501 21 197 -254 -43 922 -332]
[459 142 -48 -275 227 308 -54 -395 131 135 468 -427 -611 -53 132 246 -375 -97 -306 -386 -901 -429 -55 257 440 560 -306 -238 520 -102 42 -231 41 301 96 -73]
[-453 351 -326 275 -361 -135 40 303 235 563 -255 389 456 50 215 192 -317 -86 663 189 -270 -204 728 -393 -52 -235 615 354 -534 -177 296 -391 -474 136 168 -65]
[381 133 -209 146 -426 -545 141 17 -186 187 -627 -129 4 113 -283 -98 -100 648 -464 709 237 -439 -466 -38 288 198 249 178 -357 111 408 134 -139 10 214 379]
[-581 -231 586 1161 -72 -360 207 -195 283 -211 -495 70 -557 -364 540 802 466 130 215 376 -574 268 -242 -63 -167 68 -188 15 111 -80 29 -66 -179 369 -702 357]
[-681 36 121 -157 -263 601 -283 192 -295 114 -237 -54 576 310 -33 12 -182 629 400 -67 262 -122 132 169 -439 85 111 -96 -90 427 -323 -694 -126 -75 292 342]
[272 74 -760 -155 552 569 -366 44 -110 230 -258 264 604 173 626 -138 -247 55 -231 -315 -75 -174 498 -274 -249 -320 -31 -652 303 97 691 167 -245 -80 -120 129]
[371 -508 -110 -314 112 782 -234 200 39 333 -257 404 172 237 -412 423 6 -399 -77 149 -261 -246 42 389 61 44 963 -388 297 -178 -365 74 364 105 -69 255]
[-26 238 -1058 -326 101 -755 -301 -70 207 -403 -319 -193 -15 215 166 -170 202 633 20 301 64 -221 -422 157 -425 -287 126 51 432 575 272 40 398 -404 211 326]
[-129 -339 151 331 469 318 307 -299 -89 -254 5 370 -17 -538 311 -591 -392 -634 -345 -19 -794 -12 93 611 -45 152 34 671 -44 -446 282 223 256 -198 562 -187]
[-157 -168 354 310 388 62 -79 470 -124 -208 -59 -332 -192 412 -1113 459 56 -34 65 256 -343 -1 -10 165 -188 238 360 126 136 -309 -716 132 171 -278 -285 597]
[265 282 -162 -339 -497 120 -493 -45 432 263 -42 297 35 -64 -51 -880 -108 435 -72 -406 604 -188 326 -449 192 373 -362 -257 -593 -133 417 -282 -232 779 0 475]
[134 4 -98 -44 149 649 74 22 -373 -64 25 -287 794 -149 41 -216 -918 -341 -222 -422 708 -602 -338 -145 0 -319 -598 126 -196 263 406 -18 629 199 299 -98]
[350 -208 92 -406 143 -192 50 192 290 -284 31 132 -527 -65 229 116 -417 -379 566 151 -1032 486 -360 184 -206 -412 22 40 -1 -500 -27 99 459 -311 8 -198]
[183 -130 205 161 576 -123 189 205 -63 -595 -330 531 -210 454 84 621 394 -436 377 580 -135 76 -347 286 121 147 99 -440 -8 64 -483 225 -305 -55 -171 -11]
[-310 629 -570 234 -74 -466 666 -636 -132 223 -121 -39 -80 -567 277 44 311 5 -394 185 416 440 35 431 57 -480 75 -833 154 -240 363 -194 -180 -222 -312 88]
[244 -619 -86 -123 -176 -171 130 133 -174 191 11 95 -34 -432 -233 196 -205 -74 -230 -512 -158 -472 -221 -304 283 255 664 -74 -249 -199 -179 -221 182 -111 342 -211]
[703 -290 19 107 -98 449 -163 584 -199 -93 -281 474 98 272 74 136 -37 -375 -218 318 260 -673 209 -765 -14 -224 507 482 -43 124 332 -6 499 6 329 411]
[-20 69 120 533 230 589 284 495 -269 -159 107 -498 -48 12 -200 -30 -499 49 442 4 -138 -98 102 566 72 284 -313 -353 386 46 -186 -513 141 -7 686 -129]]
[phase 1 initial]
[[-282 257 -179 476 391 -137 213 -283 65 -193 -256 194 163 27 -241 48 297 -8 200 -42 -308 455 -361 -78 -199 39 -6 -129 59 237 297 -388 -253 -622 154 -213]
[-24 293 -65 -235 -2 619 -123 118 61 86 523 -69 3 -30 -175 -175 -134 -439 -109 -41 -15 16 228 -649 -285 285 -110 406 -70 -133 741 9 -91 -42 -339 13]
[-470 706 39 22 -238 -152 8 -136 161 410 692 496 -20 -129 4 -445 718 -111 375 -209 238 333 512 -335 -161 60 129 -398 -165 -10 447 -330 -361 -26 -548 -235]
[521 -122 299 396 316 -644 230 242 -56 218 -614 -50 -451 446 -337 327 101 464 -486 302 112 -104 -419 -79 69 486 -115 -14 1 45 -449 309 -190 165 -484 278]
[258 -56 534 397 686 -182 299 96 -132 -226 -106 -698 -567 -235 -35 536 35 -119 -60 241 -562 441 -30 820 90 307 -404 97 213 -300 -163 181 248 25 141 -13]
[-288 -341 206 -496 -447 821 -261 48 -63 -169 -154 407 -37 -141 -87 615 -472 -712 90 199 -145 -351 -106 -921 -292 -311 422 529 -138 -577 -286 103 398 60 195 69]
[-790 -31 304 -92 208 12 -419 22 17 334 509 35 171 -177 -98 -272 44 339 240 308 -19 403 396 378 -782 -183 713 -199 -302 -128 -821 84 -161 69 197 0]
[151 -106 -235 -33 255 413 -266 -168 -323 312 -111 -536 556 -341 -384 -704 -767 29 -651 -134 133 189 264 267 -115 280 587 305 -294 -199 625 264 -189 -489 763 -99]
[-247 -146 617 88 -97 387 296 531 262 -396 174 18 235 -77 633 259 -604 -382 38 701 -391 70 -21 133 -445 -604 -323 755 16 41 -147 135 410 284 583 56]
[380 0 -589 -453 368 510 -288 653 -164 -509 350 -489 -306 347 152 736 -49 33 -474 -159 -445 -13 -32 589 500 113 -225 146 340 -190 608 -16 138 11 -305 179]
[-256 471 -332 -637 -446 177 -104 77 -148 -37 479 30 -164 183 -156 210 115 -39 -406 -303 191 -684 -333 112 24 -442 46 -209 306 -526 -302 -360 304 410 76 190]
[-89 704 103 -578 -36 703 -517 520 223 189 644 78 60 449 53 482 127 -382 19 198 -87 -206 147 -59 -584 53 -69 -593 -110 67 -62 -332 88 332 -11 -39]
[48 -461 256 -316 -517 463 -200 222 219 -103 -382 537 235 114 146 -216 -932 -204 33 -77 -49 253 -415 -585 271 27 -62 158 -528 -27 -161 167 -38 -449 887 -140]
[-584 -145 441 321 -532 -77 610 260 495 176 251 -151 -567 258 -239 457 -23 -315 417 -18 96 30 -211 -423 204 89 -789 -263 10 -275 -104 -235 -91 380 -523 101]
[-213 361 -85 185 224 74 -353 -108 -401 -59 -63 598 -44 -478 -793 -59 272 -236 274 -660 77 102 -130 -946 312 182 -6 467 -75 -785 -117 -423 -181 -96 -68 201]
[189 153 69 119 -376 -13 95 922 -74 379 -331 -112 368 600 -525 142 37 -8 298 168 613 -722 -305 -439 -104 142 7 -100 220 235 -15 -474 411 378 -128 349]
[-223 -186 -209 -646 97 212 -131 363 206 129 1030 536 -57 538 -387 -307 558 525 -608 121 492 -112 100 143 -275 477 76 248 139 207 -122 34 -571 -58 -1091 226]
[247 -134 313 -172 388 217 56 285 19 352 645 292 302 -120 299 -53 -528 -501 -410 347 -317 274 123 672 -421 194 59 31 190 -501 21 197 -254 -43 922 -332]
[459 142 -48 -275 227 308 -54 -395 131 135 468 -427 -611 -53 132 246 -375 -97 -306 -386 -901 -429 -55 257 440 560 -306 -238 520 -102 42 -231 41 301 96 -73]
[-453 351 -326 275 -361 -135 40 303 235 563 -255 389 456 50 215 192 -317 -86 663 189 -270 -204 728 -393 -52 -235 615 354 -534 -177 296 -391 -474 136 168 -65]
[381 133 -209 146 -426 -545 141 17 -186 187 -627 -129 4 113 -283 -98 -100 648 -464 709 237 -439 -466 -38 288 198 249 178 -357 111 408 134 -139 10 214 379]
[-581 -231 586 1161 -72 -360 207 -195 283 -211 -495 70 -557 -364 540 802 466 130 215 376 -574 268 -242 -63 -167 68 -188 15 111 -80 29 -66 -179 369 -702 357]
[-681 36 121 -157 -263 601 -283 192 -295 114 -237 -54 576 310 -33 12 -182 629 400 -67 262 -122 132 169 -439 85 111 -96 -90 427 -323 -694 -126 -75 292 342]
[272 74 -760 -155 552 569 -366 44 -110 230 -258 264 604 173 626 -138 -247 55 -231 -315 -75 -174 498 -274 -249 -320 -31 -652 303 97 691 167 -245 -80 -120 129]
[371 -508 -110 -314 112 782 -234 200 39 333 -257 404 172 237 -412 423 6 -399 -77 149 -261 -246 42 389 61 44 963 -388 297 -178 -365 74 364 105 -69 255]
[-26 238 -1058 -326 101 -755 -301 -70 207 -403 -319 -193 -15 215 166 -170 202 633 20 301 64 -221 -422 157 -425 -287 126 51 432 575 272 40 398 -404 211 326]
[-129 -339 151 331 469 318 307 -299 -89 -254 5 370 -17 -538 311 -591 -392 -634 -345 -19 -794 -12 93 611 -45 152 34 671 -44 -446 282 223 256 -198 562 -187]
[-157 -168 354 310 388 62 -79 470 -124 -208 -59 -332 -192 412 -1113 459 56 -34 65 256 -343 -1 -10 165 -188 238 360 126 136 -309 -716 132 171 -278 -285 597]
[265 282 -162 -339 -497 120 -493 -45 432 263 -42 297 35 -64 -51 -880 -108 435 -72 -406 604 -188 326 -449 192 373 -362 -257 -593 -133 417 -282 -232 779 0 475]
[134 4 -98 -44 149 649 74 22 -373 -64 25 -287 794 -149 41 -216 -918 -341 -222 -422 708 -602 -338 -145 0 -319 -598 126 -196 263 406 -18 629 199 299 -98]
[350 -208 92 -406 143 -192 50 192 290 -284 31 132 -527 -65 229 116 -417 -379 566 151 -1032 486 -360 184 -206 -412 22 40 -1 -500 -27 99 459 -311 8 -198]
[183 -130 205 161 576 -123 189 205 -63 -595 -330 531 -210 454 84 621 394 -436 377 580 -135 76 -347 286 121 147 99 -440 -8 64 -483 225 -305 -55 -171 -11]
[-310 629 -570 234 -74 -466 666 -636 -132 223 -121 -39 -80 -567 277 44 311 5 -394 185 416 440 35 431 57 -480 75 -833 154 -240 363 -194 -180 -222 -312 88]
[244 -619 -86 -123 -176 -171 130 133 -174 191 11 95 -34 -432 -233 196 -205 -74 -230 -512 -158 -472 -221 -304 283 255 664 -74 -249 -199 -179 -221 182 -111 342 -211]
[703 -290 19 107 -98 449 -163 584 -199 -93 -281 474 98 272 74 136 -37 -375 -218 318 260 -673 209 -765 -14 -224 507 482 -43 124 332 -6 499 6 329 411]
[-20 69 120 533 230 589 284 495 -269 -159 107 -498 -48 12 -200 -30 -499 49 442 4 -138 -98 102 566 72 284 -313 -353 386 46 -186 -513 141 -7 686 -129]]
