[phase 0]
score=0.6581849186950934
squared_norm=2378138
coefficients=[4 2 0 1 -1 -3 0 -2 -2 2 -2 1 -1 -1 -1 0 -1 1 0 0 0 -1 1 0 0 0 0 1 0 1 1 0 -1 1 0 -1]
vector=[-282 257 -179 476 391 -137 213 -283 65 -193 -256 194 163 27 -241 48 297 -8 200 -42 -308 455 -361 -78 -199 39 -6 -129 59 237 297 -388 -253 -622 154 -213]

[phase 1]
score=0
squared_norm=2378138
coefficients=[1 0 0 0 0 0 0 0 0 0 0 0 0 0 0 0 0 0 0 0 0 0 0 0 0 0 0 0 0 0 0 0 0 0 0 0]
vector=[-282 257 -179 476 391 -137 213 -283 65 -193 -256 194 163 27 -241 48 297 -8 200 -42 -308 455 -361 -78 -199 39 -6 -129 59 237 297 -388 -253 -622 154 -213]

