[phase 0 initial]
[[134 -231 -84 -203 64 -171 -29 419 -188 17 273 -11 226 201 279 5 528 244 272 204 240 184 424 256 -278 285 -423 256 -198 378 453 327 -366 422 472 77 -41 599 -37]
[-596 30 487 169 -185 239 192 335 253 -218 241 -32 -460 -21 -173 72 199 -326 168 -379 -569 -225 63 -97 -189 56 -35 -102 529 -503 -262 -387 424 -106 698 128 289 -58 395]
[-471 486 130 51 -330 43 -132 41 -472 -4 -531 474 -292 247 -261 181 124 87 255 313 -413 300 -170 149 -92 215 -336 19 52 -707 -416 -513 -45 227 -435 -149 -165 -605 274]
[455 -699 -71 65 -161 -511 -187 184 685 149 -380 -133 -74 -241 84 -13 -1080 -46 282 195 651 265 -116 -321 66 -71 250 -228 40 290 283 306 -333 -201 141 198 -411 -9 -386]
[156 128 76 -40 149 85 -92 108 311 -589 450 -526 -101 -443 -226 237 580 481 -53 -167 -976 -40 628 271 -124 111 56 326 -483 -284 -8 189 200 337 593 -249 -109 599 121]
[183 792 -3 62 -165 -165 521 -136 -803 279 418 -62 81 611 248 -111 212 267 -455 477 294 -227 -817 97 539 179 173 623 -98 -16 224 67 -191 34 -819 219 -204 -148 -30]
[256 -174 -626 -96 334 285 114 -581 558 -703 -151 32 296 -435 348 126 174 -79 -328 -180 -323 -576 -42 125 -23 -154 239 -816 -360 589 -309 -14 340 -656 -391 136 -143 120 -76]
[39 -581 -733 -128 -369 -323 -129 -94 -157 28 -358 30 156 57 685 -45 158 315 652 399 216 533 -153 -92 -352 133 -584 -482 -55 57 -567 -323 -341 200 -173 -547 -159 17 161]
[-527 300 120 -181 -139 -2 320 -92 -356 385 170 -517 -112 241 129 -753 207 390 321 58 326 584 21 314 -501 335 -24 12 14 198 -181 -84 -490 -227 426 -349 219 87 331]
[306 98 -326 576 442 351 -200 309 -114 592 -276 -221 389 -214 -259 243 -862 -169 -346 308 -189 -294 239 -65 1003 -181 362 632 -182 -91 355 -44 97 304 -322 -135 -390 4 -232]
[681 -55 -28 -17 -12 360 273 -220 -405 387 -173 -478 87 83 215 678 -1 177 -684 83 -349 -332 -55 -215 413 -364 509 11 -176 264 -468 -53 336 644 -231 -226 510 11 -237]
[3 657 -257 -209 377 280 -419 -134 381 147 419 -125 594 -750 -448 -374 -114 364 -33 -1 607 235 1330 619 169 371 -288 396 -388 286 -54 -36 -490 100 -51 -432 -61 205 -10]
[-164 76 319 -178 15 461 -373 180 281 -189 248 409 260 82 -312 797 591 -50 -114 135 -22 -466 -36 273 106 -276 -584 -78 -140 689 -386 61 130 505 106 -226 622 -437 -125]
[-410 -723 -20 -165 89 -51 -178 -178 140 -897 124 -355 523 149 103 -114 749 529 -290 -547 -313 -526 180 -173 -75 -291 -18 -99 -57 347 158 245 264 675 611 -277 176 292 122]
[575 -447 -290 -112 -172 -283 -113 -643 262 253 -463 -381 415 -146 -74 -126 -1042 46 -516 202 183 367 1003 -34 224 -141 511 -350 175 221 -636 -198 156 -5 395 117 -315 -608 -349]
[-121 107 -99 -175 35 45 -47 -316 -574 -166 94 -127 45 276 231 -510 659 178 -274 635 -249 -373 -325 145 -558 -153 -467 -214 -187 865 -807 -230 -24 -235 704 -30 249 74 20]
[-243 -418 501 -391 204 -101 97 -629 304 -282 -288 -258 -401 -468 -544 -176 -410 -2 -103 -338 -260 -731 55 -426 12 0 616 -347 71 466 29 121 -36 -281 -52 -566 255 30 -166]
[-130 45 105 468 -45 235 450 486 301 669 252 -536 -247 421 -58 -1010 -685 270 -461 4 272 -205 -226 -158 -71 115 365 543 468 120 -515 -640 209 -89 764 137 527 -281 274]
[-191 -478 -325 -20 132 -145 -276 491 117 -227 -169 534 827 433 -77 -567 -560 -4 431 -512 253 292 516 257 -556 211 -366 -111 253 102 302 -96 641 118 468 591 -441 91 211]
[-13 -212 -596 -30 -129 -91 -294 11 105 445 182 852 122 -499 -117 28 -918 -23 502 493 403 -172 -521 -405 -141 -72 -278 125 -467 -140 -417 -356 -152 -41 -599 -695 -89 191 -110]
[-61 783 205 433 -25 107 -266 54 439 233 -256 -553 -266 -17 -538 -30 -772 430 802 448 -312 296 -136 404 187 404 -267 259 -220 -549 523 338 -347 -349 -446 6 -565 -82 42]
[-88 -207 557 -62 -553 -152 -283 370 248 -234 301 475 -352 41 251 103 219 -394 -232 -164 277 -157 -65 176 632 62 -703 55 563 70 307 -184 0 -90 378 514 -391 -433 -241]
[-348 -94 -251 -280 107 105 -137 28 -567 8 137 156 679 465 152 89 17 -503 362 -594 254 542 87 -384 -271 20 -19 -133 219 -438 -18 105 -99 785 518 206 165 -20 267]
[-286 -20 390 -8 -345 -236 117 -788 -729 10 369 10 564 -126 230 -9 383 29 -103 325 383 -531 189 -142 -163 -279 -277 -22 300 -280 -514 -201 61 192 -260 -173 255 -786 -66]
[241 405 199 -430 370 107 27 -165 384 -210 89 -233 180 -17 -102 -559 -138 -19 -267 -394 -810 -203 93 98 371 369 327 -282 334 285 -680 -262 324 -519 422 -366 -295 172 41]
[126 -506 193 170 294 144 -112 -676 -274 187 190 -248 -173 -715 158 31 -66 -205 -511 61 210 -440 132 -908 -81 -472 138 -16 -359 -121 138 224 323 -85 -580 -26 654 369 -14]
[-18 149 -385 401 67 -99 -306 -655 -201 -35 -191 262 441 228 -525 -184 176 197 -52 288 -657 -319 -190 -603 287 -176 105 606 -394 -249 215 76 -474 502 -263 -696 181 -31 -365]
[108 367 366 387 318 -4 -297 -93 -269 -386 625 -551 627 -47 -80 30 573 304 -237 80 -359 -37 -401 -123 13 -257 82 220 4 556 152 519 628 32 1206 236 107 451 -35]
[704 -512 -147 -183 546 -46 84 -62 138 828 -945 -401 -462 -445 -212 74 -962 -388 254 -851 -108 -120 105 -145 -87 -211 691 -397 -565 442 198 249 351 -5 -422 -686 -6 -115 -382]
[47 22 -179 -172 -264 189 87 -531 -277 -46 -682 -407 374 -356 632 -443 307 106 -821 125 336 -245 420 -289 -302 -197 544 -820 -340 394 -429 -13 -80 -145 -420 -474 -360 433 -23]
[186 262 247 355 602 386 265 -45 -30 253 -213 40 -266 109 -180 -963 504 20 -171 -531 -315 119 439 245 48 -367 -47 74 -306 -512 -29 -304 151 -235 404 -12 112 -2 -42]
[596 -206 369 -268 -267 -177 11 -574 -287 -187 -193 250 715 -178 -67 371 567 455 -15 200 -119 -466 375 165 122 140 -176 -516 -604 181 480 493 96 227 -263 -294 -288 30 -71]
[-352 -291 341 -127 -73 -365 515 -93 139 -116 729 -887 -424 48 -272 492 135 98 93 -189 -504 98 -487 84 -315 -13 262 -432 -132 414 444 669 -224 -555 145 -120 305 505 336]
[329 -54 489 -247 -425 166 31 268 -300 72 647 -4 -271 43 -219 69 257 244 -506 -156 697 -631 -64 94 94 -303 27 -190 302 559 459 -27 46 286 236 840 368 230 -202]
[557 -750 -321 -38 529 -294 -377 190 134 -73 47 455 136 -334 85 -304 -18 -962 -263 487 102 120 360 -83 85 -328 -475 -116 -490 294 691 565 -58 -275 215 -4 -117 493 -476]
[719 -482 -19 92 461 -445 -549 363 613 -25 37 256 328 -382 256 171 27 -569 -56 -426 1225 591 534 -225 -279 98 101 -126 327 24 481 -41 -457 -140 -716 257 438 -92 -407]
[-247 -594 81 -165 -167 -348 49 -62 -513 -148 -183 -661 -279 59 174 484 -354 44 -68 -330 121 2 -65 19 254 -5 491 174 117 48 292 413 349 -118 316 -291 -166 -373 -462]
[-462 -78 -518 482 -78 -411 -49 87 -491 -205 -395 921 -21 364 6 96 233 -306 -127 -487 166 -177 -343 -13 -363 257 -21 36 -73 -567 -93 -282 281 263 -243 480 375 -286 177]
[-140 295 330 211 -477 -298 411 398 -434 85 169 651 190 1146 208 303 169 -54 -481 287 -452 -855 -3 208 371 -20 44 149 414 355 -11 -339 210 425 -41 -73 59 -194 183]]
