[phase 0 initial]
[[-549 456 546 331 -522 -164 -31 129 -29 -682 176 -18 286 -139 -16 460 -152 224 -271 -419 -414 -79 409 -350 -286 -225 -578 -277 352 321 -214 341 -79 148 187 -24]
[124 46 341 15 528 180 407 -210 474 -187 81 -167 405 131 144 117 -795 -189 500 -107 -220 -562 116 125 -473 -172 340 -75 113 -510 -36 -368 730 -197 169 -23]
[162 -874 -527 -367 -183 -308 68 77 181 221 -294 -575 306 249 -39 -469 785 566 -113 125 432 -475 -96 457 581 -9 -214 295 -332 11 128 -16 -577 196 -380 47]
[17 1142 -52 -172 170 441 84 -316 567 -214 -78 -84 -380 -301 -29 98 -857 91 -332 190 -251 -121 344 155 -370 329 324 336 -129 344 66 382 239 304 226 -26]
[223 -81 14 50 -482 -226 -796 203 -693 452 127 36 -125 349 -11 -331 28 218 603 397 208 227 -605 -350 -451 -504 198 -154 -223 262 -202 213 -373 -162 -507 26]
[-436 65 -783 5 127 -52 65 -21 -548 -249 -723 -34 -164 -470 42 -473 155 -503 48 144 -98 142 -12 250 496 631 427 528 -561 -415 35 108 -375 76 214 -5]
[117 42 517 216 -465 61 116 -216 97 222 7 1139 -252 141 389 284 -374 -174 -171 -11 154 317 -354 194 6 -212 -280 -442 168 -656 -56 -421 533 -1020 214 -23]
[-281 109 367 339 -144 -519 686 -396 -199 -262 -532 345 -66 166 89 409 -560 -278 -107 -202 -991 29 291 394 -174 303 -30 -245 -91 -325 -99 236 451 -488 1094 -48]
[112 -416 161 -546 185 433 547 -72 729 -658 90 -17 131 -155 345 579 -94 -216 -259 -646 207 219 -164 -68 53 -169 263 339 581 -364 133 -306 386 47 -382 -3]
[382 90 -457 -176 234 -24 -137 339 -101 536 -266 -60 -294 -142 -373 410 -58 57 -292 -124 -63 313 -719 11 -28 91 226 107 72 -176 -447 442 -207 484 -302 -5]
[-159 760 -405 -10 -1011 -754 -12 -53 30 98 -27 -172 121 240 -40 503 -22 640 94 -179 -217 -273 -312 542 43 254 -210 22 -220 518 -470 882 -234 378 72 -14]
[231 -48 193 386 -36 640 -619 422 97 494 -281 409 -361 169 -299 -404 391 -174 211 270 299 632 -262 -142 -573 -159 431 -222 85 490 -145 -116 -107 -17 -247 -61]
[16 -367 204 -18 293 -318 -312 -300 58 284 -734 -434 -60 79 70 -586 316 316 243 498 157 -42 -28 514 -444 31 347 40 28 -121 209 -191 369 -165 -330 -15]
[-462 503 -106 -420 544 344 -777 -15 363 -244 -92 -492 270 -158 205 71 -548 173 261 -481 -157 -190 -213 -83 -468 117 585 663 336 -136 -423 1 430 148 -176 -102]
[-436 -243 -607 -385 -792 -240 85 332 765 -268 -255 583 38 -26 323 517 246 650 -769 -442 -265 -296 -194 619 171 159 -510 156 344 584 -146 506 -381 390 115 4]
[64 451 -577 -8 -429 570 266 -121 181 55 -511 322 -198 -207 -130 71 -609 -241 483 -299 842 593 -203 63 268 141 759 359 -384 -487 -60 170 -349 86 -100 87]
[420 90 -23 -428 -303 -571 48 -63 6 -541 160 -471 286 674 217 -108 -834 -420 554 15 -438 -318 -281 -77 -271 -284 56 139 -173 602 90 220 325 39 278 -239]
[188 243 89 259 677 29 63 -497 -125 575 175 -58 -336 77 -211 164 -527 492 -239 -367 75 -224 243 549 82 364 386 167 75 -764 -287 -395 711 -7 489 208]
[-210 267 -440 -65 623 -673 446 -278 -129 -56 59 -370 -185 243 -114 -231 361 -498 -110 343 224 -207 -48 240 1154 289 -1 20 99 -160 101 -323 428 54 -199 -61]
[-421 67 -309 132 -269 -276 176 -346 -467 -236 -637 -201 -734 -11 52 -745 262 -21 -520 98 79 -463 189 455 -18 -85 149 415 -139 -188 545 187 -224 -260 -301 33]
[-485 -46 488 472 -746 102 -701 193 -374 -475 74 738 -812 -4 208 -207 158 140 25 490 -358 249 -297 -181 -259 -247 97 -159 -292 88 -551 426 -335 176 -88 201]
[124 -510 -455 28 69 56 -51 184 -311 -24 425 -368 -333 436 -92 238 343 150 158 182 475 -251 -447 -50 861 -63 -62 228 -278 -540 -627 22 -231 -202 -170 -258]
[-481 -601 -757 49 -141 -272 -509 -182 -175 199 -424 -364 -294 208 103 -226 799 88 524 -184 118 189 -325 -434 -50 -51 416 113 -235 343 -60 76 -467 -243 -38 -275]
[491 -322 461 -139 458 -230 291 219 -467 -164 599 -381 340 0 4 36 35 57 -120 48 -62 -832 793 105 -641 -614 -817 -733 877 -33 366 -324 294 328 134 -267]
[-262 172 34 540 -115 589 -8 657 420 370 955 187 -70 255 -221 -175 98 91 360 -130 181 -124 369 74 81 -533 336 -163 -11 544 30 88 193 644 -562 441]
[-702 297 -452 509 -699 -254 -136 -142 -101 150 -114 174 484 -272 -105 -400 300 452 74 -276 -276 -622 -310 94 291 16 -365 -41 -3 -248 -536 98 -758 465 22 -194]
[-534 -54 77 286 -81 -960 44 -143 -282 -277 -254 25 461 185 45 -18 -400 729 -77 742 -182 -456 -139 258 -525 -96 -529 -285 -24 -434 -199 701 -287 133 187 -417]
[-41 342 80 -630 17 -46 -662 -414 447 220 -49 25 151 58 426 32 -205 819 -273 397 875 -450 -220 108 399 -37 -618 -47 -151 -111 261 21 128 382 190 -300]
[641 -626 -106 78 2 -66 3 322 -609 345 -247 12 313 332 -334 -93 -508 -115 595 749 -528 -426 -395 -57 -204 -40 175 -295 -371 -530 390 -92 183 -251 -28 146]
[582 -72 -50 -351 504 363 -70 -66 674 308 123 211 -353 -166 588 300 -186 -302 -318 -122 567 467 -129 178 15 554 -65 584 679 -339 -186 -1 521 -99 139 -223]
[164 -635 800 96 -472 -460 -710 148 -284 -51 -342 -443 857 205 70 117 898 295 -185 165 -268 280 -54 -183 -192 -432 -210 106 14 1056 -139 157 -341 -304 59 170]
[-505 288 -171 623 621 -580 273 106 17 -334 -174 -426 -58 -393 -28 315 -477 -129 -214 -293 -269 345 296 249 38 184 715 -167 262 -291 -534 5 113 318 754 -71]
[-2 -139 147 84 -442 -490 -17 221 -883 549 173 172 -107 -137 276 -441 -52 -389 172 74 374 -179 -226 -83 141 -280 489 -85 -252 200 196 -359 304 -672 -231 427]
[132 -393 -390 -167 270 -35 326 194 562 -486 105 -420 717 -576 440 268 249 -346 149 -671 192 -286 -97 105 146 -173 -335 243 619 -445 236 0 747 -376 -184 194]
[159 509 -244 -83 438 516 -262 -554 101 552 231 68 -369 -582 338 230 -139 93 -649 89 -12 -158 -227 211 -174 116 -211 -275 290 -8 265 -224 157 128 369 254]
[-482 183 331 -47 -484 -466 320 -207 57 93 96 -3 252 285 114 758 -354 645 -78 213 178 -301 -20 166 -227 -357 -312 187 230 -277 -390 -16 500 -290 -319 464]]
[phase 0 refreshed]
[[382 90 -457 -176 234 -24 -137 339 -101 536 -266 -60 -294 -142 -373 410 -58 57 -292 -124 -63 313 -719 11 -28 91 226 107 72 -176 -447 442 -207 484 -302 -5]
[16 -367 204 -18 293 -318 -312 -300 58 284 -734 -434 -60 79 70 -586 316 316 243 498 157 -42 -28 514 -444 31 347 40 28 -121 209 -191 369 -165 -330 -15]
[-533 89 750 313 -229 -482 -343 -171 29 -398 -558 -452 226 -60 54 -126 164 540 -28 79 -257 -121 381 164 -730 -194 -231 -237 380 200 -5 150 290 -17 -143 -39]
[264 -97 3 -122 79 460 366 -79 -232 -185 -16 328 -326 144 -20 -210 -898 -359 -286 191 -542 -25 274 -400 -13 -166 141 170 -583 -105 154 124 -395 -363 691 28]
[284 -788 95 -523 -199 -419 198 -72 560 209 212 209 -160 688 59 -309 955 89 305 -512 285 -144 380 331 249 -6 6 19 108 -21 66 -337 279 -39 11 -394]
[-386 -131 -8 -100 49 -4 -525 -499 -11 88 -398 -652 437 189 399 -194 -428 783 -249 460 -206 -306 -192 401 -19 92 -80 411 -171 351 202 35 -44 -616 259 348]
[-118 -45 -157 432 -267 139 532 309 -267 -612 158 -72 323 -486 -124 -376 316 -363 123 301 416 -338 435 -286 379 -186 -366 -242 -341 -143 307 -156 -605 367 -348 98]
[27 429 -294 480 280 -746 173 178 228 706 1 603 -233 -234 -395 151 438 8 -65 -437 -57 98 -154 201 -193 501 310 -206 185 -112 -204 -314 732 253 -406 -95]
[-285 -107 -358 866 -248 278 51 86 -177 291 -479 154 433 -46 31 -229 453 -213 292 559 317 163 -383 603 356 410 45 -231 -315 278 116 -275 -200 -374 210 348]
[366 -57 277 44 112 -475 330 -388 -384 75 465 -121 -209 -347 114 -193 248 29 -9 786 574 -38 252 -112 190 -221 -425 -451 30 -161 748 -296 172 -4 -621 149]
[270 -461 -390 -334 52 190 787 167 597 -250 521 -308 771 301 35 234 -326 61 144 -480 55 -995 48 68 552 -212 -221 180 -247 -378 -117 -193 -216 164 119 39]
[-39 -312 -92 -332 -274 249 490 -324 -224 -385 41 -134 267 316 450 594 -264 -467 272 -35 -135 77 -210 429 762 162 -250 28 -73 -308 -44 276 -176 -361 952 58]
[454 -54 461 407 56 377 611 151 51 -343 610 96 -250 196 -219 185 -225 261 -839 -131 -604 -602 417 132 -297 -203 -114 -125 -19 119 -248 -137 105 319 375 169]
[398 -256 -110 -110 193 112 -488 451 273 -81 -837 -531 792 183 85 -21 346 -63 1041 265 450 -280 -430 332 432 -47 70 -215 -29 -4 -17 -646 -519 -151 -219 133]
[165 269 550 294 311 -203 -195 -229 -199 508 -394 -376 7 -193 -497 150 -933 609 69 67 331 65 209 -344 -509 -519 -157 -438 183 -692 -65 194 64 69 -202 126]
[251 250 15 69 -330 -465 324 88 662 -61 -173 121 -610 -188 -410 282 -158 -332 -190 -1039 -235 -45 -283 -189 -366 68 79 280 -124 -306 14 556 314 538 -360 -202]
[368 -239 -44 -665 -173 290 790 -93 -66 -488 -116 236 39 307 366 198 -112 -70 231 443 46 230 245 376 24 -210 542 -120 101 -117 -190 -82 -144 -25 152 -150]
[-135 88 -396 104 -104 -188 44 633 -255 -424 -358 -166 928 10 -302 190 -402 110 121 -340 340 371 -40 -398 108 -332 112 -162 416 268 -465 -254 -314 438 -248 -37]
[-400 -830 -84 77 285 -449 -210 90 -149 157 -194 -195 379 -27 -106 -116 -31 495 479 -136 208 -186 431 -192 -241 -334 -145 -301 396 48 312 -28 -226 347 -32 161]
[-265 -541 -22 186 562 261 -43 247 480 105 -237 605 191 20 162 -448 -433 37 -104 276 -475 -804 398 270 -398 -98 -223 -280 96 -80 155 -438 197 -232 594 -2]
[-540 312 139 375 -235 761 -840 -61 -71 -105 -219 -229 251 -20 -28 -227 -504 -98 -101 -120 -256 91 -448 155 -169 157 -373 570 643 535 89 394 -253 -100 467 -249]
[369 191 -405 -540 312 518 -101 66 -471 -327 446 -430 -85 -269 493 520 -734 -359 -199 7 15 -241 -77 -265 -154 -210 -20 43 -386 30 303 147 -128 -111 360 484]
[-313 480 -172 165 -34 222 895 -256 -51 -707 178 66 -269 41 126 -42 -849 -526 -263 -507 -298 -983 333 66 -47 -288 142 300 -54 -577 300 10 137 -292 198 25]
[33 -120 -419 276 132 -375 -120 -288 356 -209 -343 -719 -150 -103 -23 -56 18 280 -25 -486 788 -438 -306 77 13 -271 39 4 260 -531 -157 -533 502 253 -437 -253]
[511 -142 -145 -426 -315 302 425 159 -302 103 285 -239 -214 333 -206 489 -835 137 107 -162 26 -403 -26 253 90 -105 -160 541 -340 -484 52 992 -518 -119 200 -39]
[-627 453 -461 546 405 143 -101 153 -88 -36 345 186 402 -120 124 -28 114 99 -76 -202 -60 -213 220 -18 847 80 -22 -75 -348 -200 224 -377 -670 232 395 300]
[13 -174 -81 845 -407 173 8 311 385 156 98 -94 5 -234 306 -567 528 -511 609 125 138 -390 -217 366 -299 -355 58 -322 -627 -296 190 -388 662 -178 -484 -94]
[-122 341 281 -194 156 -56 -297 -40 246 209 38 -226 -207 193 -194 381 638 -71 133 -266 -26 125 406 502 244 432 -466 -318 552 111 -390 404 299 474 693 -402]
[-668 -496 -70 -575 -221 -1 38 -62 -767 253 204 263 244 -198 585 -315 518 -105 86 123 412 -170 350 -4 336 6 -262 221 -143 -268 526 -9 529 -439 -99 -197]
[38 -351 119 -657 532 -580 -92 -90 425 -238 -552 -40 232 307 -43 -262 -236 -194 -208 -74 6 -301 476 -213 476 -510 280 436 140 51 -59 -159 135 -22 144 -154]
[419 -88 4 72 505 12 -63 223 -65 -41 342 17 -324 -101 -78 -607 532 152 79 314 -276 -129 521 -101 22 -132 408 92 -220 -373 -634 -14 471 -145 0 124]
[12 207 -490 -57 133 142 187 -32 79 1005 -367 17 137 158 -228 -28 -135 -218 -174 204 -385 -303 -524 -421 -469 -217 263 299 -659 -150 -362 -261 -85 -455 -28 337]
[276 406 252 131 250 -40 -549 196 730 -50 31 -627 -306 -385 44 516 -639 217 -225 13 -484 -392 -240 -59 -378 257 171 158 11 538 -482 131 -28 -428 355 119]
[168 -594 -469 -113 708 451 10 -186 -279 780 -253 -711 -15 46 190 390 -212 122 78 121 -173 672 -176 340 255 -44 592 50 -150 -262 -65 -25 301 -221 494 170]
[14 596 184 34 -725 287 -543 280 32 53 -260 40 -446 -6 -335 686 -315 320 -138 -465 -580 -12 -96 298 232 507 617 104 174 46 -543 369 -404 -126 593 544]
[146 59 -524 -127 770 -637 144 -72 -235 987 -167 -350 216 -9 62 -364 210 -137 274 147 80 0 34 113 49 485 365 306 277 -84 -112 324 -189 490 -183 279]]
[phase 1 initial]
[[382 90 -457 -176 234 -24 -137 339 -101 536 -266 -60 -294 -142 -373 410 -58 57 -292 -124 -63 313 -719 11 -28 91 226 107 72 -176 -447 442 -207 484 -302 -5]
[16 -367 204 -18 293 -318 -312 -300 58 284 -734 -434 -60 79 70 -586 316 316 243 498 157 -42 -28 514 -444 31 347 40 28 -121 209 -191 369 -165 -330 -15]
[-533 89 750 313 -229 -482 -343 -171 29 -398 -558 -452 226 -60 54 -126 164 540 -28 79 -257 -121 381 164 -730 -194 -231 -237 380 200 -5 150 290 -17 -143 -39]
[264 -97 3 -122 79 460 366 -79 -232 -185 -16 328 -326 144 -20 -210 -898 -359 -286 191 -542 -25 274 -400 -13 -166 141 170 -583 -105 154 124 -395 -363 691 28]
[284 -788 95 -523 -199 -419 198 -72 560 209 212 209 -160 688 59 -309 955 89 305 -512 285 -144 380 331 249 -6 6 19 108 -21 66 -337 279 -39 11 -394]
[-386 -131 -8 -100 49 -4 -525 -499 -11 88 -398 -652 437 189 399 -194 -428 783 -249 460 -206 -306 -192 401 -19 92 -80 411 -171 351 202 35 -44 -616 259 348]
[-118 -45 -157 432 -267 139 532 309 -267 -612 158 -72 323 -486 -124 -376 316 -363 123 301 416 -338 435 -286 379 -186 -366 -242 -341 -143 307 -156 -605 367 -348 98]
[27 429 -294 480 280 -746 173 178 228 706 1 603 -233 -234 -395 151 438 8 -65 -437 -57 98 -154 201 -193 501 310 -206 185 -112 -204 -314 732 253 -406 -95]
[-285 -107 -358 866 -248 278 51 86 -177 291 -479 154 433 -46 31 -229 453 -213 292 559 317 163 -383 603 356 410 45 -231 -315 278 116 -275 -200 -374 210 348]
[366 -57 277 44 112 -475 330 -388 -384 75 465 -121 -209 -347 114 -193 248 29 -9 786 574 -38 252 -112 190 -221 -425 -451 30 -161 748 -296 172 -4 -621 149]
[270 -461 -390 -334 52 190 787 167 597 -250 521 -308 771 301 35 234 -326 61 144 -480 55 -995 48 68 552 -212 -221 180 -247 -378 -117 -193 -216 164 119 39]
[-39 -312 -92 -332 -274 249 490 -324 -224 -385 41 -134 267 316 450 594 -264 -467 272 -35 -135 77 -210 429 762 162 -250 28 -73 -308 -44 276 -176 -361 952 58]
[454 -54 461 407 56 377 611 151 51 -343 610 96 -250 196 -219 185 -225 261 -839 -131 -604 -602 417 132 -297 -203 -114 -125 -19 119 -248 -137 105 319 375 169]
[398 -256 -110 -110 193 112 -488 451 273 -81 -837 -531 792 183 85 -21 346 -63 1041 265 450 -280 -430 332 432 -47 70 -215 -29 -4 -17 -646 -519 -151 -219 133]
[165 269 550 294 311 -203 -195 -229 -199 508 -394 -376 7 -193 -497 150 -933 609 69 67 331 65 209 -344 -509 -519 -157 -438 183 -692 -65 194 64 69 -202 126]
[251 250 15 69 -330 -465 324 88 662 -61 -173 121 -610 -188 -410 282 -158 -332 -190 -1039 -235 -45 -283 -189 -366 68 79 280 -124 -306 14 556 314 538 -360 -202]
[368 -239 -44 -665 -173 290 790 -93 -66 -488 -116 236 39 307 366 198 -112 -70 231 443 46 230 245 376 24 -210 542 -120 101 -117 -190 -82 -144 -25 152 -150]
[-135 88 -396 104 -104 -188 44 633 -255 -424 -358 -166 928 10 -302 190 -402 110 121 -340 340 371 -40 -398 108 -332 112 -162 416 268 -465 -254 -314 438 -248 -37]
[-400 -830 -84 77 285 -449 -210 90 -149 157 -194 -195 379 -27 -106 -116 -31 495 479 -136 208 -186 431 -192 -241 -334 -145 -301 396 48 312 -28 -226 347 -32 161]
[-265 -541 -22 186 562 261 -43 247 480 105 -237 605 191 20 162 -448 -433 37 -104 276 -475 -804 398 270 -398 -98 -223 -280 96 -80 155 -438 197 -232 594 -2]
[-540 312 139 375 -235 761 -840 -61 -71 -105 -219 -229 251 -20 -28 -227 -504 -98 -101 -120 -256 91 -448 155 -169 157 -373 570 643 535 89 394 -253 -100 467 -249]
[369 191 -405 -540 312 518 -101 66 -471 -327 446 -430 -85 -269 493 520 -734 -359 -199 7 15 -241 -77 -265 -154 -210 -20 43 -386 30 303 147 -128 -111 360 484]
[-313 480 -172 165 -34 222 895 -256 -51 -707 178 66 -269 41 126 -42 -849 -526 -263 -507 -298 -983 333 66 -47 -288 142 300 -54 -577 300 10 137 -292 198 25]
[33 -120 -419 276 132 -375 -120 -288 356 -209 -343 -719 -150 -103 -23 -56 18 280 -25 -486 788 -438 -306 77 13 -271 39 4 260 -531 -157 -533 502 253 -437 -253]
[511 -142 -145 -426 -315 302 425 159 -302 103 285 -239 -214 333 -206 489 -835 137 107 -162 26 -403 -26 253 90 -105 -160 541 -340 -484 52 992 -518 -119 200 -39]
[-627 453 -461 546 405 143 -101 153 -88 -36 345 186 402 -120 124 -28 114 99 -76 -202 -60 -213 220 -18 847 80 -22 -75 -348 -200 224 -377 -670 232 395 300]
[13 -174 -81 845 -407 173 8 311 385 156 98 -94 5 -234 306 -567 528 -511 609 125 138 -390 -217 366 -299 -355 58 -322 -627 -296 190 -388 662 -178 -484 -94]
[-122 341 281 -194 156 -56 -297 -40 246 209 38 -226 -207 193 -194 381 638 -71 133 -266 -26 125 406 502 244 432 -466 -318 552 111 -390 404 299 474 693 -402]
[-668 -496 -70 -575 -221 -1 38 -62 -767 253 204 263 244 -198 585 -315 518 -105 86 123 412 -170 350 -4 336 6 -262 221 -143 -268 526 -9 529 -439 -99 -197]
[38 -351 119 -657 532 -580 -92 -90 425 -238 -552 -40 232 307 -43 -262 -236 -194 -208 -74 6 -301 476 -213 476 -510 280 436 140 51 -59 -159 135 -22 144 -154]
[419 -88 4 72 505 12 -63 223 -65 -41 342 17 -324 -101 -78 -607 532 152 79 314 -276 -129 521 -101 22 -132 408 92 -220 -373 -634 -14 471 -145 0 124]
[12 207 -490 -57 133 142 187 -32 79 1005 -367 17 137 158 -228 -28 -135 -218 -174 204 -385 -303 -524 -421 -469 -217 263 299 -659 -150 -362 -261 -85 -455 -28 337]
[276 406 252 131 250 -40 -549 196 730 -50 31 -627 -306 -385 44 516 -639 217 -225 13 -484 -392 -240 -59 -378 257 171 158 11 538 -482 131 -28 -428 355 119]
[168 -594 -469 -113 708 451 10 -186 -279 780 -253 -711 -15 46 190 390 -212 122 78 121 -173 672 -176 340 255 -44 592 50 -150 -262 -65 -25 301 -221 494 170]
[14 596 184 34 -725 287 -543 280 32 53 -260 40 -446 -6 -335 686 -315 320 -138 -465 -580 -12 -96 298 232 507 617 104 174 46 -543 369 -404 -126 593 544]
[146 59 -524 -127 770 -637 144 -72 -235 987 -167 -350 216 -9 62 -364 210 -137 274 147 80 0 34 113 49 485 365 306 277 -84 -112 324 -189 490 -183 279]]
[phase 1 refreshed]
[[-117 295 116 110 480 -25 247 -390 145 -486 -500 -340 -291 -67 27 -349 -68 -89 38 -150 -337 -123 -57 164 81 -21 756 -241 90 -484 -25 168 7 -9 -258 -311]
[16 -367 204 -18 293 -318 -312 -300 58 284 -734 -434 -60 79 70 -586 316 316 243 498 157 -42 -28 514 -444 31 347 40 28 -121 209 -191 369 -165 -330 -15]
[382 90 -457 -176 234 -24 -137 339 -101 536 -266 -60 -294 -142 -373 410 -58 57 -292 -124 -63 313 -719 11 -28 91 226 107 72 -176 -447 442 -207 484 -302 -5]
[-533 89 750 313 -229 -482 -343 -171 29 -398 -558 -452 226 -60 54 -126 164 540 -28 79 -257 -121 381 164 -730 -194 -231 -237 380 200 -5 150 290 -17 -143 -39]
[264 -97 3 -122 79 460 366 -79 -232 -185 -16 328 -326 144 -20 -210 -898 -359 -286 191 -542 -25 274 -400 -13 -166 141 170 -583 -105 154 124 -395 -363 691 28]
[-402 236 -212 -82 -244 314 -213 -199 -69 -196 336 -218 497 110 329 392 -744 467 -492 -38 -363 -264 -164 -113 425 61 -427 371 -199 472 -7 226 -413 -451 589 363]
[284 -788 95 -523 -199 -419 198 -72 560 209 212 209 -160 688 59 -309 955 89 305 -512 285 -144 380 331 249 -6 6 19 108 -21 66 -337 279 -39 11 -394]
[-118 -45 -157 432 -267 139 532 309 -267 -612 158 -72 323 -486 -124 -376 316 -363 123 301 416 -338 435 -286 379 -186 -366 -242 -341 -143 307 -156 -605 367 -348 98]
[291 332 -291 358 359 -286 539 99 -4 521 -15 931 -559 -90 -415 -59 -460 -351 -351 -246 -599 73 120 -199 -206 335 451 -36 -398 -217 -50 -190 337 -110 285 -67]
[369 191 -405 -540 312 518 -101 66 -471 -327 446 -430 -85 -269 493 520 -734 -359 -199 7 15 -241 -77 -265 -154 -210 -20 43 -386 30 303 147 -128 -111 360 484]
[84 137 -463 68 57 164 227 158 -73 -459 -411 -485 -111 25 221 503 396 -291 -127 -639 -197 -111 -447 494 218 39 435 -580 -79 -52 -201 486 -328 99 208 98]
[-259 359 86 576 97 -61 -126 143 252 -610 -186 -291 -84 -149 144 -501 718 119 -107 -480 1 -501 482 54 -516 -214 459 -715 -78 432 290 -232 55 -24 -442 45]
[202 -92 -541 -139 13 -95 199 173 -239 599 -322 -88 -332 45 -204 131 -523 -64 -350 17 133 -589 -357 427 -600 -145 -41 688 -44 -390 87 93 292 36 -176 316]
[135 181 -326 239 -25 207 -152 509 -325 -176 -242 -103 -298 -379 -334 -167 -321 -485 -543 -615 -459 -367 72 -89 -659 -13 -307 224 78 208 263 450 -287 474 330 -172]
[239 39 -373 -304 -277 37 272 495 -159 -479 -342 -195 67 -216 52 241 465 -196 -26 -363 129 -112 43 687 -622 -57 94 -66 762 196 -81 244 -36 812 -209 -350]
[251 250 15 69 -330 -465 324 88 662 -61 -173 121 -610 -188 -410 282 -158 -332 -190 -1039 -235 -45 -283 -189 -366 68 79 280 -124 -306 14 556 314 538 -360 -202]
[125 -198 -402 -178 -285 -325 454 238 421 185 -178 449 62 145 123 215 228 102 170 -150 245 53 211 519 -20 -10 190 366 -433 -260 282 -262 -138 589 115 244]
[317 19 -871 448 -136 65 83 188 -159 -131 197 134 -207 -254 41 165 -392 -163 -88 182 -40 -19 -415 67 232 681 113 521 -787 234 -9 -40 48 -198 343 -111]
[118 -306 304 -718 366 477 -349 -191 161 -181 467 -120 26 39 216 70 -872 -22 11 -355 207 19 55 -316 565 125 52 15 -91 7 93 292 236 -477 128 549]
[366 -57 277 44 112 -475 330 -388 -384 75 465 -121 -209 -347 114 -193 248 29 -9 786 574 -38 252 -112 190 -221 -425 -451 30 -161 748 -296 172 -4 -621 149]
[583 -59 23 388 802 -57 168 -317 334 462 74 -133 232 -264 -393 -552 -261 78 -16 297 -265 -9 -418 10 495 326 46 -278 172 -128 345 -127 -90 233 -206 -464]
[418 -394 194 -232 198 99 254 548 172 464 472 921 -248 524 -233 478 126 -355 -200 251 -793 512 -359 -90 180 -148 -188 219 176 -78 -327 43 -313 666 482 -245]
[265 -291 436 126 30 205 -255 280 -200 608 -283 192 -89 -589 -451 -341 336 -166 -410 504 -70 530 191 -96 -368 264 -273 254 -485 101 130 -57 -141 839 50 782]
[-73 -397 220 579 -42 -123 -562 -80 44 -525 -84 -210 76 66 264 31 382 45 50 -521 384 -618 -1 224 257 -477 -60 -130 470 57 92 14 6 -514 123 -443]
[-472 254 -108 -110 -90 388 189 972 -401 586 -184 192 31 75 19 -142 187 -350 263 342 528 582 184 -98 -94 -286 389 -406 99 218 39 -510 -208 54 -119 300]
[96 -327 -427 -539 41 -73 -75 102 522 80 197 566 -611 -189 435 404 -209 20 -450 -34 -16 -161 -150 -220 214 -55 -197 -106 -605 -54 245 183 -60 -82 95 475]
[-352 -12 -306 -175 -245 667 -87 136 -223 -494 126 -18 175 -133 327 77 -442 -525 -635 118 7 -242 -149 -541 -53 -572 -538 313 83 327 30 -394 -291 67 360 465]
[60 40 72 -621 -130 -176 -133 366 449 609 -274 309 -498 368 -323 -289 329 -34 7 959 84 25 218 -360 -554 -392 -195 121 -155 480 -81 290 -52 41 -563 -152]
[115 -176 78 -110 -348 643 380 -724 76 -561 -303 -233 -120 629 -408 -322 -344 -450 658 -158 -221 -332 -11 -529 291 -28 -271 473 -108 -38 112 152 -10 146 258 -604]
[-122 -291 -107 -53 145 131 640 -837 384 51 287 235 -24 108 198 -201 237 -247 278 -313 -437 49 64 83 160 271 525 194 323 167 302 -399 133 189 445 -188]
[395 -33 -147 -303 -266 590 444 -359 357 -93 79 543 -926 498 -150 -228 152 -330 -7 -583 -223 606 -361 -668 -100 18 246 -115 106 -143 -197 404 -342 -520 405 142]
[20 23 -551 379 85 -468 -221 266 -167 172 15 -403 586 -421 95 -311 343 -130 408 -25 -15 -505 67 173 93 -4 -598 -96 38 -81 103 306 361 -423 198 197]
[166 13 214 75 194 -422 120 -9 230 358 -239 -574 -189 -439 45 -167 -260 25 155 710 -391 330 -625 288 -183 310 55 196 0 -233 454 -261 -485 258 -291 421]
[332 -680 388 300 -444 230 139 209 252 100 96 -50 89 77 -216 222 64 123 -125 -74 -201 212 170 -352 -384 -158 -718 748 -370 -90 583 148 -549 -125 333 -433]
[429 399 506 -242 -246 -166 -145 -188 735 -52 -95 493 78 136 -467 -174 299 -357 -81 -295 -470 135 -29 162 -361 -79 830 213 386 -558 -403 63 390 449 -401 50]
[143 70 -67 107 -432 407 129 192 -252 -214 -288 109 0 229 744 -161 312 -307 202 -340 724 -213 300 -11 -37 -180 371 173 356 446 19 -475 132 34 84 62]]
[phase 2 initial]
[[-117 295 116 110 480 -25 247 -390 145 -486 -500 -340 -291 -67 27 -349 -68 -89 38 -150 -337 -123 -57 164 81 -21 756 -241 90 -484 -25 168 7 -9 -258 -311]
[16 -367 204 -18 293 -318 -312 -300 58 284 -734 -434 -60 79 70 -586 316 316 243 498 157 -42 -28 514 -444 31 347 40 28 -121 209 -191 369 -165 -330 -15]
[382 90 -457 -176 234 -24 -137 339 -101 536 -266 -60 -294 -142 -373 410 -58 57 -292 -124 -63 313 -719 11 -28 91 226 107 72 -176 -447 442 -207 484 -302 -5]
[-533 89 750 313 -229 -482 -343 -171 29 -398 -558 -452 226 -60 54 -126 164 540 -28 79 -257 -121 381 164 -730 -194 -231 -237 380 200 -5 150 290 -17 -143 -39]
[264 -97 3 -122 79 460 366 -79 -232 -185 -16 328 -326 144 -20 -210 -898 -359 -286 191 -542 -25 274 -400 -13 -166 141 170 -583 -105 154 124 -395 -363 691 28]
[-402 236 -212 -82 -244 314 -213 -199 -69 -196 336 -218 497 110 329 392 -744 467 -492 -38 -363 -264 -164 -113 425 61 -427 371 -199 472 -7 226 -413 -451 589 363]
[284 -788 95 -523 -199 -419 198 -72 560 209 212 209 -160 688 59 -309 955 89 305 -512 285 -144 380 331 249 -6 6 19 108 -21 66 -337 279 -39 11 -394]
[-118 -45 -157 432 -267 139 532 309 -267 -612 158 -72 323 -486 -124 -376 316 -363 123 301 416 -338 435 -286 379 -186 -366 -242 -341 -143 307 -156 -605 367 -348 98]
[291 332 -291 358 359 -286 539 99 -4 521 -15 931 -559 -90 -415 -59 -460 -351 -351 -246 -599 73 120 -199 -206 335 451 -36 -398 -217 -50 -190 337 -110 285 -67]
[369 191 -405 -540 312 518 -101 66 -471 -327 446 -430 -85 -269 493 520 -734 -359 -199 7 15 -241 -77 -265 -154 -210 -20 43 -386 30 303 147 -128 -111 360 484]
[84 137 -463 68 57 164 227 158 -73 -459 -411 -485 -111 25 221 503 396 -291 -127 -639 -197 -111 -447 494 218 39 435 -580 -79 -52 -201 486 -328 99 208 98]
[-259 359 86 576 97 -61 -126 143 252 -610 -186 -291 -84 -149 144 -501 718 119 -107 -480 1 -501 482 54 -516 -214 459 -715 -78 432 290 -232 55 -24 -442 45]
[202 -92 -541 -139 13 -95 199 173 -239 599 -322 -88 -332 45 -204 131 -523 -64 -350 17 133 -589 -357 427 -600 -145 -41 688 -44 -390 87 93 292 36 -176 316]
[135 181 -326 239 -25 207 -152 509 -325 -176 -242 -103 -298 -379 -334 -167 -321 -485 -543 -615 -459 -367 72 -89 -659 -13 -307 224 78 208 263 450 -287 474 330 -172]
[239 39 -373 -304 -277 37 272 495 -159 -479 -342 -195 67 -216 52 241 465 -196 -26 -363 129 -112 43 687 -622 -57 94 -66 762 196 -81 244 -36 812 -209 -350]
[251 250 15 69 -330 -465 324 88 662 -61 -173 121 -610 -188 -410 282 -158 -332 -190 -1039 -235 -45 -283 -189 -366 68 79 280 -124 -306 14 556 314 538 -360 -202]
[125 -198 -402 -178 -285 -325 454 238 421 185 -178 449 62 145 123 215 228 102 170 -150 245 53 211 519 -20 -10 190 366 -433 -260 282 -262 -138 589 115 244]
[317 19 -871 448 -136 65 83 188 -159 -131 197 134 -207 -254 41 165 -392 -163 -88 182 -40 -19 -415 67 232 681 113 521 -787 234 -9 -40 48 -198 343 -111]
[118 -306 304 -718 366 477 -349 -191 161 -181 467 -120 26 39 216 70 -872 -22 11 -355 207 19 55 -316 565 125 52 15 -91 7 93 292 236 -477 128 549]
[366 -57 277 44 112 -475 330 -388 -384 75 465 -121 -209 -347 114 -193 248 29 -9 786 574 -38 252 -112 190 -221 -425 -451 30 -161 748 -296 172 -4 -621 149]
[583 -59 23 388 802 -57 168 -317 334 462 74 -133 232 -264 -393 -552 -261 78 -16 297 -265 -9 -418 10 495 326 46 -278 172 -128 345 -127 -90 233 -206 -464]
[418 -394 194 -232 198 99 254 548 172 464 472 921 -248 524 -233 478 126 -355 -200 251 -793 512 -359 -90 180 -148 -188 219 176 -78 -327 43 -313 666 482 -245]
[265 -291 436 126 30 205 -255 280 -200 608 -283 192 -89 -589 -451 -341 336 -166 -410 504 -70 530 191 -96 -368 264 -273 254 -485 101 130 -57 -141 839 50 782]
[-73 -397 220 579 -42 -123 -562 -80 44 -525 -84 -210 76 66 264 31 382 45 50 -521 384 -618 -1 224 257 -477 -60 -130 470 57 92 14 6 -514 123 -443]
[-472 254 -108 -110 -90 388 189 972 -401 586 -184 192 31 75 19 -142 187 -350 263 342 528 582 184 -98 -94 -286 389 -406 99 218 39 -510 -208 54 -119 300]
[96 -327 -427 -539 41 -73 -75 102 522 80 197 566 -611 -189 435 404 -209 20 -450 -34 -16 -161 -150 -220 214 -55 -197 -106 -605 -54 245 183 -60 -82 95 475]
[-352 -12 -306 -175 -245 667 -87 136 -223 -494 126 -18 175 -133 327 77 -442 -525 -635 118 7 -242 -149 -541 -53 -572 -538 313 83 327 30 -394 -291 67 360 465]
[60 40 72 -621 -130 -176 -133 366 449 609 -274 309 -498 368 -323 -289 329 -34 7 959 84 25 218 -360 -554 -392 -195 121 -155 480 -81 290 -52 41 -563 -152]
[115 -176 78 -110 -348 643 380 -724 76 -561 -303 -233 -120 629 -408 -322 -344 -450 658 -158 -221 -332 -11 -529 291 -28 -271 473 -108 -38 112 152 -10 146 258 -604]
[-122 -291 -107 -53 145 131 640 -837 384 51 287 235 -24 108 198 -201 237 -247 278 -313 -437 49 64 83 160 271 525 194 323 167 302 -399 133 189 445 -188]
[395 -33 -147 -303 -266 590 444 -359 357 -93 79 543 -926 498 -150 -228 152 -330 -7 -583 -223 606 -361 -668 -100 18 246 -115 106 -143 -197 404 -342 -520 405 142]
[20 23 -551 379 85 -468 -221 266 -167 172 15 -403 586 -421 95 -311 343 -130 408 -25 -15 -505 67 173 93 -4 -598 -96 38 -81 103 306 361 -423 198 197]
[166 13 214 75 194 -422 120 -9 230 358 -239 -574 -189 -439 45 -167 -260 25 155 710 -391 330 -625 288 -183 310 55 196 0 -233 454 -261 -485 258 -291 421]
[332 -680 388 300 -444 230 139 209 252 100 96 -50 89 77 -216 222 64 123 -125 -74 -201 212 170 -352 -384 -158 -718 748 -370 -90 583 148 -549 -125 333 -433]
[429 399 506 -242 -246 -166 -145 -188 735 -52 -95 493 78 136 -467 -174 299 -357 -81 -295 -470 135 -29 162 -361 -79 830 213 386 -558 -403 63 390 449 -401 50]
[143 70 -67 107 -432 407 129 192 -252 -214 -288 109 0 229 744 -161 312 -307 202 -340 724 -213 300 -11 -37 -180 371 173 356 446 19 -475 132 34 84 62]]
