[phase 0]
score=0.2239647873565186
squared_norm=3782522
coefficients=[-1 2 -1 0 2 0 0 -1 -1 0 0 -1 -1 -1 1 -1 -1 0 0 1 0 -1 0 0 -1 0 -2 1 0 0 0 1 -1 0 -2 0]
vector=[468 47 73 -457 38 -608 -270 335 73 -200 -188 473 -311 150 -132 -378 286 -69 190 -309 -183 -121 676 -606 371 -41 -90 -52 -297 187 300 -635 -505 -174 -11 -254]

[phase 1]
score=1.88286501622301
squared_norm=2671496
coefficients=[2 0 2 2 0 -1 -1 0 1 0 2 -1 -1 0 0 -1 0 -1 0 -1 0 0 1 0 -1 0 0 0 0 0 0 -1 0 0 0 0]
vector=[-117 295 116 110 480 -25 247 -390 145 -486 -500 -340 -291 -67 27 -349 -68 -89 38 -150 -337 -123 -57 164 81 -21 756 -241 90 -484 -25 168 7 -9 -258 -311]

[phase 2]
score=0
squared_norm=2671496
coefficients=[1 0 0 0 0 0 0 0 0 0 0 0 0 0 0 0 0 0 0 0 0 0 0 0 0 0 0 0 0 0 0 0 0 0 0 0]
vector=[-117 295 116 110 480 -25 247 -390 145 -486 -500 -340 -291 -67 27 -349 -68 -89 38 -150 -337 -123 -57 164 81 -21 756 -241 90 -484 -25 168 7 -9 -258 -311]

