phase	depth	k	node	parent	z_k	nodes_at_depth	parent_rho	rho	bound_r2	remaining	center	delta	legal_lo	legal_hi	offset	P	Ptheta	N	Q	M
0	1	35	1	0	0	7	0	0	0.91311454772949219	0.91311454772949219	0	3.7607277288566316	-3	3	0	0.30570530891418457	0.30570530891418457	3016657	7.424270885172515e-08	0.22396478735651865
0	2	34	12	1	-2	37	0	0.31719877121646384	0.91311454772949219	0.91311454772949219	0	3.3933361091549297	-3	3	-0.589390480537478	0.10034601390361786	0.10034601390361786	340528	6.5769859558250324e-07	0.22396478735651865
0	3	33	85	12	0	171	0.31719877121646384	0.36369647348094875	0.91311454772949219	0.59591577651302829	0.71735443251782671	2.568091430476418	-1	3	-0.27933368103827483	0.26307031512260437	0.26307031512260437	127584	1.7554300488816674e-06	0.22396478735651865
0	4	32	212	85	-1	649	0.36369647348094875	0.36863609473210435	0.91311454772949219	0.54941807424854339	-0.76289836232892116	2.5005710544520983	-3	1	-0.094818996344429154	0.38414305448532104	0.38414305448532104	74634	3.0008412701519235e-06	0.22396478735651865
0	5	31	672	212	1	2111	0.36863609473210435	0.36872533742380476	0.91311454772949219	0.54447845299738784	0.97022167103903334	2.325971246755357	-1	3	0.012802535286068711	0.44716095924377441	0.44716095924377441	48942	4.5761265856834348e-06	0.22396478735651865
0	6	30	1718	672	0	6213	0.36872533742380476	0.38486573492804171	0.91311454772949219	0.54438921030568743	0.40167527342409376	2.3327743927124689	-1	2	-0.17218779264678044	0.38057652115821838	0.38057652115821838	25548	8.7664313197322162e-06	0.22396478735651865
0	7	29	3904	1718	0	17433	0.38486573492804171	0.38752047919005789	0.91311454772949219	0.52824881280145053	0.1656033747404537	2.3360229343883399	-2	2	-0.070891159629738396	0.41512537002563477	0.41512537002563477	15473	1.4474554860500139e-05	0.22396478735651865
0	8	28	11106	3904	0	41493	0.38752047919005789	0.3959999946592026	0.91311454772949219	0.52559406853943424	-0.26968992217589854	2.1232661069072893	-2	1	0.12701654366287793	0.4365876317024231	0.4365876317024231	9356	2.393809185084637e-05	0.22396478735651865
0	9	27	25644	11106	1	91839	0.3959999946592026	0.42538364250832017	0.91311454772949219	0.51711455307028953	1.4902809097692706	2.0567689537642071	0	3	-0.23837432438484657	0.36622735857963562	0.36622735857963562	4548	4.9244676199762238e-05	0.22396478735651865
0	10	26	52665	25644	-2	174289	0.42538364250832017	0.45313100602975404	0.91311454772949219	0.48773090522117202	-1.5729350068675958	1.7904955635911315	-3	0	-0.23851776112522477	0.40733981132507324	0.40733981132507324	2424	9.2394714255989542e-05	0.22396478735651865
0	11	25	170144	52665	0	344671	0.45313100602975404	0.51607531096836812	0.91311454772949219	0.45998354169973815	0.70207407152946333	1.8979110729222235	-1	2	-0.36991937164288535	0.29297402501106262	0.29297402501106262	904	0.00024774865858021976	0.22396478735651865
0	12	24	348416	170144	-1	626181	0.51607531096836812	0.52832676434667569	0.91311454772949219	0.39703923676112407	-0.70242298823513605	1.6940346380637261	-2	0	-0.17566170435865064	0.51890546083450317	0.51890546083450317	561	0.00039922421988684251	0.22396478735651865
0	13	23	634170	348416	0	993559	0.52832676434667569	0.55743318660045726	0.91311454772949219	0.3847877833828165	-0.43697454845292638	1.58881147249529	-2	1	0.2750323471460342	0.42023977637290955	0.42023977637290955	304	0.00073672627419907452	0.22396478735651865
0	14	22	1241646	634170	0	1262064	0.55743318660045726	0.58513687749570908	0.91311454772949219	0.35568136112903492	-0.42889893112934119	1.5367976973434279	-1	1	0.27908613597661786	0.47546583414077759	0.47546583414077759	166	0.0013491854660031245	0.22396478735651865
0	15	21	2207837	1241646	-1	1174015	0.58513687749570908	0.61616010847813374	0.91311454772949219	0.32797767023378316	-0.57392833103166552	1.3853556569958887	-1	0	-0.30755399656162008	0.55316245555877686	0.55316245555877686	94	0.002382604120814028	0.22396478735651865
0	16	20	3111669	2207837	0	991566	0.61616010847813374	0.61782119507972977	0.91311454772949219	0.29695443925135839	0.095226335056824415	1.2732270112980035	-1	1	-0.074791324886946134	0.6719319224357605	0.6719319224357605	76	0.0029469050967962981	0.22396478735651865
0	17	19	4523841	3111669	1	775889	0.61782119507972977	0.61784296390376758	0.91311454772949219	0.29529335264976242	0.98995742702244593	1.1696457503598472	0	2	0.0085859953532634939	0.73095101118087769	0.73095101118087769	68	0.0032935998140664509	0.22396478735651865
0	18	18	5267066	4523841	0	595064	0.61784296390376758	0.61918154647556511	0.91311454772949219	0.2952715838257246	-0.076147335917231176	1.130948834705491	-1	1	0.067330487092336591	0.71739548444747925	0.71739548444747925	55	0.0040720870428457932	0.22396478735651865
0	19	17	5986256	5267066	0	491738	0.61918154647556511	0.62004306708438672	0.91311454772949219	0.29393300125392707	0.065910160878417848	1.2174291908799959	-1	1	-0.054138804434922347	0.69752305746078491	0.69752305746078491	41	0.0054625557891833819	0.22396478735651865
0	20	16	6694712	5986256	-1	354408	0.62004306708438672	0.67014351351056711	0.91311454772949219	0.29307148064510546	-1.4440072273794646	1.0738806594493273	-2	-1	0.41346049346595559	0.55195242166519165	0.55195242166519165	23	0.0097375994502834195	0.22396478735651865
0	21	15	6925878	6694712	-1	267590	0.67014351351056711	0.6706944999823975	0.91311454772949219	0.24297103421892502	-1.0487636298461023	1.0240067258438896	-2	-1	0.047620419490815337	0.85353881120681763	0.85353881120681763	21	0.010664989874119936	0.22396478735651865
0	22	14	7599693	6925878	1	180434	0.6706944999823975	0.67162874825557595	0.91311454772949219	0.24242004774709466	0.9426899169565317	0.92317524871343937	1	1	0.062079310643712679	1	1	20	0.011198239367825932	0.22396478735651865
0	23	13	7927896	7599693	-1	114902	0.67162874825557595	0.67581657997108058	0.91311454772949219	0.24148579947391619	-1.1146976211275117	0.87097481740147664	-1	-1	0.13168879149653046	1	1	19	0.011787620387185192	0.22396478735651865
0	24	12	8022706	7927896	-1	70742	0.67581657997108058	0.71079417528735289	0.91311454772949219	0.23729796775841158	-0.67766706680189992	0.83956962030990423	-1	0	-0.38392638966512355	0.69982558488845825	0.69982558488845825	16	0.013997799209782415	0.22396478735651865
0	25	11	8272058	8022706	-1	40578	0.71079417528735289	0.71904248160846551	0.91311454772949219	0.20232037244213932	-0.8514389414362552	0.73577055315847739	-1	-1	-0.20191221016662006	1	1	15	0.014930985823767911	0.22396478735651865
0	26	10	8441760	8272058	0	23016	0.71904248160846551	0.74085882732055797	0.91311454772949219	0.19407206612102668	0.23880600205649868	0.71225539778383995	0	0	-0.33528142124234644	1	1	14	0.015997484811179904	0.22396478735651865
0	27	9	8486702	8441760	0	11704	0.74085882732055797	0.82379129356045755	0.91311454772949219	0.17225572040893422	0.43067057630421773	0.62068283883792741	0	1	-0.69386577065758759	0.60987681150436401	0.60987681150436401	10	0.022396478735651863	0.22396478735651865
0	28	8	8599710	8486702	-1	5834	0.82379129356045755	0.83722674116788109	0.91311454772949219	0.08932325416903468	-0.83126030486242575	0.4350843466068639	-1	-1	-0.38783214439577407	1	1	9	0.024884976372946517	0.22396478735651865
0	29	7	8618917	8599710	-1	2635	0.83722674116788109	0.83722742207321643	0.91311454772949219	0.075887806561611038	-1.0011134751633333	0.37172619466438689	-1	-1	0.0029954175393492118	1	1	8	0.027995598419564831	0.22396478735651865
0	30	6	8631356	8618917	0	1004	0.83722742207321643	0.83982858406905714	0.91311454772949219	0.075887125656275728	0.061323111671099897	0.33122608815059668	0	0	-0.18513973948579335	1	1	7	0.031994969622359808	0.22396478735651865
0	31	5	8649472	8631356	0	338	0.83982858406905714	0.83984989839106938	0.91311454772949219	0.073285963660435105	0.0055324199951018336	0.32440667550603575	0	0	-0.017053964707945415	1	1	6	0.037327464559419772	0.22396478735651865
0	32	4	8659168	8649472	2	126	0.83984989839106938	0.84267520003882856	0.91311454772949219	0.073264649338422763	2.060793898038225	0.30958136945861475	2	2	-0.19637453682868286	1	1	5	0.044792957471303727	0.22396478735651865
0	33	3	8660996	8659168	0	56	0.84267520003882856	0.8589814785648654	0.91311454772949219	0.070439347690663609	0.14138657000436594	0.29385859202097342	0	0	-0.48113811827654446	1	1	4	0.055991196839129662	0.22396478735651865
0	34	2	8661779	8660996	-1	24	0.8589814785648654	0.86164051259493335	0.91311454772949219	0.054133069164626839	-1.0571698246333552	0.25795041905470462	-1	-1	0.22163105934412547	1	1	3	0.074654929118839544	0.22396478735651865
0	35	1	8662136	8661779	2	10	0.86164051259493335	0.90044331334707406	0.91311454772949219	0.051474035134558831	2.2050748793045574	0.23619735779093273	2	2	-0.8682352809639674	1	1	2	0.11198239367825932	0.22396478735651865
0	36	0	8662391	8662136	-1	1	0.90044331334707406	0.90182352066040039	0.91311454772949219	0.012671234382418156	-0.96112149727928808	0.11780041790398624	-1	-1	-0.33003705260536487	1	1	1	0.22396478735651865	0.22396478735651865
1	1	35	1	0	0	7	0	0	0.65170574188232422	0.65170574188232422	0	2.9526201975814801	-2	2	0	0.3863088948682129	0.3863088948682129	2125332	2.2746968335794314e-06	1.8828650162230098
1	2	34	3	1	0	29	0	0	0.65170574188232422	0.65170574188232422	0	2.8238969097312756	-2	2	0	0.3957639097536193	0.3957639097536193	1134575	4.2610545540885707e-06	1.8828650162230098
1	3	33	16	3	0	109	0	0	0.65170574188232422	0.65170574188232422	0	2.7363833171434289	-2	2	0	0.40272027254104614	0.40272027254104614	607352	7.9599408097858246e-06	1.8828650162230098
1	4	32	41	16	0	347	0	0	0.65170574188232422	0.65170574188232422	0	2.7076375424655628	-2	2	0	0.40510672934512393	0.40510672934512393	314590	1.5367576752932516e-05	1.8828650162230098
1	5	31	115	41	-1	1085	0	0.083561691768519353	0.65170574188232422	0.65170574188232422	0	2.7926863460658091	-2	2	-0.35807816420513816	0.20022427737378662	0.20022427737378662	79693	6.0663872243547611e-05	1.8828650162230098
1	6	30	352	115	0	3001	0.083561691768519353	0.093287498800801102	0.65170574188232422	0.56814405011380487	-0.32632619804385382	2.4941257621726831	-2	2	0.13083790841388226	0.3565540611743927	0.3565540611743927	39728	8.4683369650127228e-05	1.8828650162230098
1	7	29	1166	352	0	7025	0.093287498800801102	0.096105134863588182	0.65170574188232422	0.5584182430815231	0.16063009776687756	2.2613317167352474	-2	2	-0.071033407694287343	0.41288143396377563	0.41288143396377563	22932	0.00014670769708094602	1.8828650162230098
1	8	28	3154	1166	0	15393	0.096105134863588182	0.097246971927569453	0.65170574188232422	0.55560060701873604	0.10219205669378713	2.2542206688269935	-2	2	-0.045333652604189721	0.42692799330341802	0.42692799330341802	13448	0.00025017109677723487	1.8828650162230098
1	9	27	7582	3154	0	29243	0.097246971927569453	0.1005051208247459	0.65170574188232422	0.55445876995475474	-0.15838932921463211	2.066212974508753	-2	1	0.076656826362388686	0.46702994003698184	0.46702994003698184	8266	0.00040700470716915731	1.8828650162230098
1	10	26	18337	7582	0	49997	0.1005051208247459	0.10293415109698295	0.65170574188232422	0.55120062105757828	0.12909877981300877	1.9447354145525999	-1	2	-0.066383724411533312	0.49024278290750667	0.49024278290750667	5360	0.00062766808012318181	1.8828650162230098
1	11	25	44768	18337	0	93371	0.10293415109698295	0.12409472545139716	0.65170574188232422	0.54877159078534121	-0.43758310956400126	2.2283973567234394	-2	1	0.19636673335827717	0.36955375029971821	0.36955375029971821	2551	0.00073808899107134839	1.8828650162230098
1	12	24	112290	44768	-1	152941	0.12409472545139716	0.1590693758985719	0.65170574188232422	0.527611016430927	-0.48639096035351664	1.9948621718778305	-2	1	-0.25746592766507065	0.35624515479437774	0.35624515479437774	1157	0.0016273682076257648	1.8828650162230098
1	13	23	236193	112290	0	222289	0.1590693758985719	0.17098019502712178	0.65170574188232422	0.49263636598375232	-0.27663661748806251	1.7791070671214488	-2	1	0.15549183216705093	0.45879074247493234	0.45879074247493234	693	0.0027169769353867384	1.8828650162230098
1	14	22	518089	236193	1	276975	0.17098019502712178	0.22419524439743679	0.65170574188232422	0.48072554685520241	0.47981675039889921	1.5634634385383404	-1	2	0.33271212922472476	0.37584304809570312	0.37584304809570312	338	0.0055706065568728105	1.8828650162230098
1	15	21	784010	518089	0	374239	0.22419524439743679	0.25333583719474284	0.65170574188232422	0.4275104974848874	0.43096627974131763	1.6506974916170571	-1	2	-0.26108131982386074	0.40858239239888183	0.40858239239888183	183	0.010288879870071092	1.8828650162230098
1	16	20	1161357	784010	0	437651	0.25333583719474284	0.25592161124047624	0.65170574188232422	0.39836990468758138	-0.11470609558682841	1.4237524098851937	-1	1	0.080566041392040849	0.6131660433585352	0.6131660433585352	132	0.014264128910780377	1.8828650162230098
1	17	19	1735287	1161357	-1	458223	0.25592161124047624	0.26113703332263849	0.65170574188232422	0.39578413064184798	-0.8494892106693489	1.3111491295854016	-2	0	-0.11479303607381725	0.62186284726449392	0.62186284726449392	99	0.019018838547707171	1.8828650162230098
1	18	18	2328742	1735287	0	446666	0.26113703332263849	0.26963927200620968	0.65170574188232422	0.39056870855968573	0.18590392158679561	1.2600002394435525	-1	1	-0.14754276687192966	0.61737251281738281	0.61737251281738281	78	0.024139295079782179	1.8828650162230098
1	19	17	3305833	2328742	-1	409383	0.26963927200620968	0.27289229912421648	0.65170574188232422	0.38206646987611453	-0.88709691324861051	1.2235773714349532	-2	0	-0.092272944390089637	0.65634381771087646	0.65634381771087646	63	0.029886746289254123	1.8828650162230098
1	20	16	3901499	3305833	0	341744	0.27289229912421648	0.28237731348825112	0.65170574188232422	0.37881344275810774	-0.18428674175057094	1.1646294992245569	-1	0	0.15823636776612152	0.73355436616679892	0.73355436616679892	48	0.039226354504646038	1.8828650162230098
1	21	15	4023347	3901499	-1	254197	0.28237731348825112	0.28925914425233024	0.65170574188232422	0.36932842839407309	-1.1457491601766365	1.0677275181624288	-2	-1	0.13650407777020918	0.78588026762008667	0.78588026762008667	39	0.048278590159564358	1.8828650162230098
1	22	14	4047136	4023347	0	179164	0.28925914425233024	0.28947156679659103	0.65170574188232422	0.36244659762999398	0.025102145075730102	1.0368896649775281	-1	1	-0.024209080217106927	0.75903741243370138	0.75903741243370138	33	0.05705651564312151	1.8828650162230098
1	23	13	4062095	4047136	0	124695	0.28947156679659103	0.29002756916282374	0.65170574188232422	0.36223417508573319	-0.040903031291394588	1.0440273725995122	-1	1	0.039178121536747247	0.75088421812167272	0.75088421812167272	30	0.062762167207433661	1.8828650162230098
1	24	12	4063277	4062095	-1	77364	0.29002756916282374	0.29601212867705989	0.65170574188232422	0.36167817271950048	-1.1220251718258045	0.94862481838617607	-2	-1	0.12863375431542767	0.83114725351333618	0.83114725351333618	25	0.075314600648920399	1.8828650162230098
1	25	11	4063665	4063277	-1	50534	0.29601212867705989	0.37347874992904306	0.65170574188232422	0.35569361320526433	-1.4707322106366498	1.0086828642907231	-2	-1	0.46668009074155858	0.52898335456848145	0.52898335456848145	13	0.14483577047869306	1.8828650162230098
1	26	10	4064006	4063665	2	28786	0.37347874992904306	0.38206699312254411	0.65170574188232422	0.27822699195328116	1.8614838149234905	0.78840248640525945	2	2	0.17569222251958841	1	1	12	0.15690541801858415	1.8828650162230098
1	27	9	4064175	4064006	0	15360	0.38206699312254411	0.44743316585796084	0.65170574188232422	0.26963874875978011	0.36803417611088168	0.74748550024749416	0	1	-0.49236296354782094	0.66955769062042236	0.66955769062042236	10	0.18828650162230098	1.8828650162230098
1	28	8	4064801	4064175	1	7589	0.44743316585796084	0.46994622071098813	0.65170574188232422	0.20427257602436336	1.2022956647827174	0.60936063336883051	1	1	-0.33198019974531739	1	1	9	0.20920722402477887	1.8828650162230098
1	29	7	4064833	4064801	0	4014	0.46994622071098813	0.47020079126466785	0.65129852294921875	0.18135230223823059	-0.023592149436411393	0.62968734246058433	0	0	0.03746645016592208	1	1	8	0.23535812702787623	1.8828650162230098
1	30	6	4064864	4064833	-1	1942	0.47020079126466785	0.47077999092268352	0.65129852294921875	0.1810977316845509	-0.96768063240735835	0.57148549388486336	-1	-1	-0.056553259773822077	1	1	7	0.2689807166032871	1.8828650162230098
1	31	5	4064872	4064864	-1	900	0.47077999092268352	0.52262233696262494	0.65129852294921875	0.1805185320265352	-0.71052583753333121	0.5401674113389433	-1	-1	-0.53589712446578908	1	1	6	0.31381083603716831	1.8828650162230098
1	32	4	4064878	4064872	0	358	0.52262233696262494	0.52468545013439694	0.65129852294921875	0.12867618598659378	0.055276067853386457	0.43654066456960144	0	0	-0.12662295254414566	1	1	5	0.37657300324460197	1.8828650162230098
1	33	3	4064880	4064878	2	172	0.52468545013439694	0.56300392401467925	0.65129852294921875	0.12661307281482187	1.7615897720801064	0.43337120880051161	2	2	0.55012936503042609	1	1	4	0.47071625405575246	1.8828650162230098
1	34	2	4064884	4064880	2	62	0.56300392401467925	0.56600934605929709	0.65129852294921875	0.088294598934539503	1.9305485146603971	0.37644009434939391	2	2	0.18449545195135711	1	1	3	0.62762167207433661	1.8828650162230098
1	35	1	4064886	4064884	0	28	0.56600934605929709	0.63612940273199969	0.65129852294921875	0.085289176889921631	-0.3037257741571362	0.334971208469379	0	0	0.90672203006635699	1	1	2	0.94143250811150492	1.8828650162230098
1	36	0	4064888	4064886	2	5	0.63612940273199969	0.63693428039550781	0.65129852294921875	0.015169120217219037	1.9662632502192285	0.14645982101037769	2	2	0.23034815656630495	1	1	1	1.8828650162230098	1.8828650162230098
2	1	35	1	0	0	5	0	0	0.63693428039550781	0.63693428039550781	0	2.9189665915021328	-2	2	0	0.39744961261749268	0.39744961261749268	533018	0	0
2	2	34	3	1	0	25	0	0	0.63693428039550781	0.63693428039550781	0	2.7917104760387113	-2	2	0	0.4074510931968689	0.4074510931968689	314537	0	0
2	3	33	14	3	0	91	0	0	0.63693428039550781	0.63693428039550781	0	2.7051943527406674	-2	2	0	0.41480439901351929	0.41480439901351929	188852	0	0
2	4	32	31	14	0	261	0	0	0.63693428039550781	0.63693428039550781	0	2.4981285635361128	-2	2	0	0.4345126748085022	0.4345126748085022	120669	0	0
2	5	31	80	31	0	709	0	0	0.63693428039550781	0.63693428039550781	0	2.5216645440241989	-2	2	0	0.43210771679878235	0.43210771679878235	75392	0	0
2	6	30	181	80	0	1775	0	0	0.63693428039550781	0.63693428039550781	0	2.478443494883062	-2	2	0	0.43655931949615479	0.43655931949615479	47017	0	0
2	7	29	406	181	0	3853	0	0	0.63693428039550781	0.63693428039550781	0	2.360971191993916	-2	2	0	0.44948053359985352	0.44948053359985352	30376	0	0
2	8	28	935	406	0	7045	0	0	0.63693428039550781	0.63693428039550781	0	2.1442473505228361	-2	2	0	0.47696074843406677	0.47696074843406677	21225	0	0
2	9	27	2126	935	0	12333	0	0	0.63693428039550781	0.63693428039550781	0	2.1404680564451337	-2	2	0	0.47748756408691406	0.47748756408691406	14580	0	0
2	10	26	4923	2126	0	20871	0	0	0.63693428039550781	0.63693428039550781	0	2.1852415909605889	-2	2	0	0.47135844826698303	0.47135844826698303	9691	0	0
2	11	25	11392	4923	0	31187	0	0	0.63693428039550781	0.63693428039550781	0	2.0249339700728903	-2	2	0	0.49448800086975098	0.49448800086975098	6794	0	0
2	12	24	23485	11392	0	45207	0	0	0.63693428039550781	0.63693428039550781	0	2.0581365412748611	-2	2	0	0.48941865563392639	0.48941865563392639	4571	0	0
2	13	23	47154	23485	0	59179	0	0	0.63693428039550781	0.63693428039550781	0	1.9230232114267936	-1	1	0	0.58586126565933228	0.58586126565933228	3268	0	0
2	14	22	65492	47154	0	70297	0	0	0.63693428039550781	0.63693428039550781	0	1.8074872042006778	-1	1	0	0.60189360380172729	0.60189360380172729	2373	0	0
2	15	21	85205	65492	0	76683	0	0	0.63693428039550781	0.63693428039550781	0	1.7120937074977747	-1	1	0	0.6165696382522583	0.6165696382522583	1852	0	0
2	16	20	95728	85205	0	76299	0	0	0.63693428039550781	0.63693428039550781	0	1.6094316318233799	-1	1	0	0.63402599096298218	0.63402599096298218	1513	0	0
2	17	19	119963	95728	0	78853	0	0	0.63693428039550781	0.63693428039550781	0	1.726898000335374	-1	1	0	0.61419934034347534	0.61419934034347534	1102	0	0
2	18	18	151234	119963	0	78029	0	0	0.63693428039550781	0.63693428039550781	0	1.6899614795647808	-1	1	0	0.62017989158630371	0.62017989158630371	783	0	0
2	19	17	199299	151234	0	77871	0	0	0.63693428039550781	0.63693428039550781	0	1.7463435635965829	-1	1	0	0.61113905906677246	0.61113905906677246	554	0	0
2	20	16	249514	199299	0	75785	0	0	0.63693428039550781	0.63693428039550781	0	1.7600376302822998	-1	1	0	0.60901939868927002	0.60901939868927002	375	0	0
2	21	15	361043	249514	0	62599	0	0	0.63693428039550781	0.63693428039550781	0	1.522722136556842	-1	1	0	0.6502845287322998	0.6502845287322998	286	0	0
2	22	14	509272	361043	0	50341	0	0	0.63693428039550781	0.63693428039550781	0	1.5196155290832092	-1	1	0	0.65089493989944458	0.65089493989944458	205	0	0
2	23	13	788853	509272	0	36193	0	0	0.63693428039550781	0.63693428039550781	0	1.4015063384218582	-1	1	0	0.67565804719924927	0.67565804719924927	142	0	0
2	24	12	891958	788853	0	24663	0	0	0.63693428039550781	0.63693428039550781	0	1.3617785953318169	-1	1	0	0.68471384048461914	0.68471384048461914	103	0	0
2	25	11	918261	891958	0	16803	0	0	0.63693428039550781	0.63693428039550781	0	1.3685427754192014	-1	1	0	0.68314468860626221	0.68314468860626221	68	0	0
2	26	10	923080	918261	0	10673	0	0	0.63693428039550781	0.63693428039550781	0	1.2991182993128232	-1	1	0	0.6998026967048645	0.6998026967048645	43	0	0
2	27	9	927489	923080	0	6573	0	0	0.63693428039550781	0.63693428039550781	0	1.2910901791944684	-1	1	0	0.70180988311767578	0.70180988311767578	30	0	0
2	28	8	929264	927489	0	3619	0	0	0.63693428039550781	0.63693428039550781	0	1.1803976489607977	-1	1	0	0.73129385709762573	0.73129385709762573	21	0	0
2	29	7	930173	929264	0	1783	0	0	0.63693428039550781	0.63693428039550781	0	1.0724161309381863	-1	1	0	0.76347029209136963	0.76347029209136963	18	0	0
2	30	6	930444	930173	0	827	0	0	0.63693428039550781	0.63693428039550781	0	1.0396215547206029	-1	1	0	0.77392876148223877	0.77392876148223877	15	0	0
2	31	5	930747	930444	0	373	0	0	0.63693428039550781	0.63693428039550781	0	1.0006978322416653	-1	1	0	0.78675216436386108	0.78675216436386108	12	0	0
2	32	4	930952	930747	0	179	0	0	0.63693428039550781	0.63693428039550781	0	1.0068720679899388	-1	1	0	0.78468877077102661	0.78468877077102661	9	0	0
2	33	3	931025	930952	0	81	0	0	0.63693428039550781	0.63693428039550781	0	1.0137531265163471	-1	1	0	0.78240203857421875	0.78240203857421875	6	0	0
2	34	2	931066	931025	0	31	0	0	0.63693428039550781	0.63693428039550781	0	0.95379463710720824	0	0	0	1	1	5	0	0
2	35	1	931071	931066	0	15	0	0	0.63693428039550781	0.63693428039550781	0	0.96621567540005449	0	0	0	1	1	4	0	0
2	36	0	931084	931071	1	3	0	0.63693428039550781	0.63693428039550781	0.63693428039550781	0	1.000000000002	-1	1	0.99999999999800004	0.10650698095560074	0.10650698095560074	1	0	0
