[phase 0 initial]
[[-416 512 5 95 114 344 -1 -133 274 -6 -6 9 681 741 219 442 -162 181 11 -458 -95 -394 44 129 99 -311 65 -184 -252 267 -19]
[117 -81 190 563 328 -551 309 175 24 27 -224 44 -251 -73 -251 -243 -3 -172 303 637 148 -334 -453 -77 357 552 1 149 320 -458 8]
[196 -53 258 119 -110 254 60 52 -160 79 213 -410 -299 177 -460 -115 -66 468 -201 -962 166 265 -127 67 241 -479 -41 181 -44 246 -151]
[435 407 -784 0 107 -433 -323 231 55 -80 -141 153 -296 256 357 4 462 168 226 577 -302 155 -108 233 -247 379 -53 -2 -281 -226 157]
[-116 342 133 -100 -183 116 -155 17 -367 -53 116 -230 -141 198 -808 -507 -243 -53 91 -102 -420 366 -410 550 -154 685 -43 116 285 -310 3]
[857 -619 -8 292 -350 -203 -62 173 242 204 -173 109 -61 -226 107 25 490 578 -236 -197 -243 433 147 30 177 -73 893 320 -228 128 10]
[373 184 699 -5 -157 78 806 -35 -198 -64 -167 244 85 -135 -492 -484 84 26 -83 -146 363 -89 -542 -310 114 442 989 42 390 1 21]
[336 146 108 301 -390 563 388 12 -127 560 -1 -138 220 -133 368 -85 284 -140 455 -204 207 -354 -336 -183 -74 214 594 138 117 185 -383]
[566 -117 -370 151 -622 -170 -257 -222 203 288 61 -249 366 -3 829 408 249 100 609 -69 -460 442 204 353 214 -257 49 -133 -653 644 -17]
[-24 -1012 -3 -208 -257 -485 95 -416 180 12 259 184 -490 -260 -251 323 -257 -461 -279 318 -195 10 227 1 43 242 27 39 322 315 393]
[-64 163 561 444 -192 -115 72 -200 -490 261 -433 -442 566 -251 -169 23 -449 -684 215 437 -127 -112 341 328 49 704 -312 -68 -17 -312 -343]
[2 177 -458 210 -193 -561 -342 -333 -337 233 175 180 -475 346 245 49 -500 43 111 234 -287 412 152 549 144 854 -208 -62 361 -240 85]
[318 -131 238 2 140 -251 -32 -339 -349 320 348 244 -194 -424 734 -369 352 390 482 301 40 -84 -474 -566 -15 410 -23 42 23 -365 -49]
[247 362 -175 -129 151 -5 201 171 -359 488 398 -74 -312 145 142 173 45 -108 -378 693 -59 -338 -373 -41 -294 393 -535 102 -397 310 -250]
[119 155 140 267 -94 221 153 -419 142 -441 -295 -637 527 -49 0 107 138 171 71 -186 -8 -476 -19 85 -252 -196 -434 -62 354 -140 -65]
[-364 371 25 -224 80 219 83 -426 -10 -6 370 -38 -335 -228 68 -672 146 -333 -172 250 -320 -192 -206 178 -333 64 -204 -319 821 -896 -40]
[394 281 -58 350 -401 -261 194 -157 384 240 -302 41 -823 -534 233 -151 689 312 561 -111 341 702 212 -278 72 137 449 -138 243 204 20]
[-112 -289 608 60 327 -134 651 128 445 -5 -738 -267 216 2 -256 573 -384 105 175 31 -151 258 511 -62 482 78 511 -24 -131 200 30]
[277 -396 53 -598 246 125 376 235 84 -517 -841 426 -42 -446 79 -109 159 -100 -334 607 -166 -94 20 -295 -118 150 -169 328 467 181 102]
[-187 -152 276 -416 641 -110 86 653 -386 8 -290 -55 -515 -257 -725 35 -43 -111 -228 80 17 -70 -252 580 582 -135 -380 213 -79 -439 -115]
[-114 91 -200 338 250 -357 -216 -623 969 -213 429 -49 43 397 -403 42 -326 75 372 -90 -214 -349 55 99 -49 -647 -705 -699 46 194 251]
[145 7 199 -333 -307 469 -187 641 -572 -250 -504 93 -59 -726 -775 -53 -344 -52 -53 598 -133 151 165 295 -473 162 395 -118 -149 131 -59]
[-369 -217 -66 773 -14 -348 146 -790 99 -20 52 70 121 -15 -23 -133 -17 -159 95 452 -226 408 22 346 -167 970 -134 206 49 -137 -146]
[376 -753 274 222 -51 -259 438 -647 56 -593 180 146 -210 -402 -91 304 18 -52 417 224 724 -454 -133 -120 185 381 -121 -487 339 -53 -252]
[-374 -199 137 208 217 -768 142 66 -30 642 21 -330 -384 -667 -94 -15 205 -651 -173 374 349 -250 -167 191 -25 -92 -629 -453 -618 421 -54]
[-60 244 -1 140 -168 73 -524 -49 -335 -121 -404 259 -802 19 -318 -83 -204 246 -112 -194 1017 496 -21 -143 -296 57 -144 -364 -391 -25 -376]
[-224 -119 -172 -584 -364 535 325 49 -89 -352 -462 -73 185 -549 -289 -237 -119 -370 122 73 649 -304 101 328 -658 39 -578 165 7 -159 -389]
[-235 -106 277 -224 369 -43 -82 139 196 -155 -518 -484 277 -510 753 333 55 -422 -176 86 456 -201 678 115 288 -278 -112 -52 315 456 -377]
[-154 434 -261 416 -142 316 523 273 340 120 -4 184 376 442 -210 -194 -122 363 23 -259 30 -321 42 -142 204 -167 -107 -138 368 -25 -987]
[-411 -472 -322 -434 -55 406 397 -147 -88 221 -284 102 -139 -96 365 151 94 -401 -496 53 563 425 824 116 38 413 402 -549 -190 -308 109]
[-490 591 10 -213 107 -137 -132 307 301 215 39 918 840 568 85 -287 -19 -10 -584 220 51 293 -183 -165 -479 -252 172 -574 345 -385 -240]]
