[phase 0 initial]
[[193 299 -351 538 -118 -51 -10 103 -8 561 405 720 -363 -31 229 142 251 -226 -381 -15 348 -63 46 74 461 247 84 -437 461 -1]
[519 299 -248 -119 -224 -107 284 291 305 337 35 145 -332 178 478 -66 288 -251 54 72 -24 287 -528 -317 586 -404 12 -666 -148 -376]
[-161 -553 258 -93 -354 281 122 -260 156 -79 -307 -492 524 60 35 -38 -165 -15 -154 356 -12 -477 29 389 278 528 -582 559 120 379]
[464 76 -153 -223 -276 -62 372 73 532 519 -14 -608 162 -507 436 -345 -5 84 241 217 53 -292 140 -118 76 57 -143 506 -217 -475]
[80 466 -398 48 97 197 -348 -293 199 162 501 145 -416 -310 87 -770 170 72 -173 -6 -169 304 128 63 -143 -174 635 350 342 -450]
[-607 -46 -59 -209 -12 283 -11 -11 275 -784 -424 253 15 348 238 149 -277 83 110 -317 574 -253 -195 162 22 -35 -121 -113 -102 155]
[-94 90 7 248 -50 181 633 -103 -119 87 -260 269 625 -335 491 -117 82 10 -249 -137 755 -595 259 551 245 506 -99 -383 218 95]
[637 133 114 371 -331 -419 205 -38 -119 268 286 -642 126 -81 145 264 347 -220 -220 -320 272 205 152 -503 264 433 154 -231 -304 38]
[182 -19 -10 -267 -49 -364 -254 -462 -309 -306 493 543 159 -243 -465 286 245 -67 163 455 -204 156 241 68 -320 17 88 -89 -408 318]
[-258 -41 344 114 181 -336 -32 121 -22 100 -466 -352 317 -294 -141 -64 -771 -1 309 -71 262 -964 272 32 -597 -463 17 75 468 45]
[412 480 -397 109 -504 -413 -13 260 102 229 54 421 211 -55 -356 338 122 -13 -373 233 415 -123 543 -296 227 867 -459 583 -253 290]
[-566 115 666 298 -117 361 -127 -213 -724 -128 -640 -375 -40 -107 -385 -81 12 3 -147 186 -537 46 304 -129 67 -117 57 366 262 357]
[3 -120 6 -623 50 544 60 -97 60 -121 536 406 436 -363 -442 -84 -153 108 -220 326 322 -95 -463 289 19 -4 -393 200 33 19]
[211 212 -94 -365 -501 -625 -367 102 621 -388 -278 -463 -69 743 262 36 410 373 13 39 210 -176 -153 -146 -281 -399 -142 181 -232 -43]
[523 -724 37 110 95 309 -122 -532 17 -121 -33 -271 -34 -408 -89 -476 26 87 -224 629 -374 -119 473 -158 -446 487 193 573 -219 170]
[377 -590 354 99 -319 -304 476 67 60 -108 -332 -214 -463 -98 -290 329 -48 -514 12 207 -157 157 -359 -140 -138 -362 -325 -666 158 428]
[335 155 -220 145 -53 -300 108 460 288 317 522 311 -210 42 442 -92 449 -19 408 -251 144 352 313 351 -253 -659 73 279 563 -345]
[3 -204 565 -111 486 -507 364 113 -382 196 59 404 666 -43 -1047 7 -203 127 480 -195 214 -43 -147 162 -368 -183 160 178 55 164]
[433 -190 -152 -42 -327 235 -568 -154 -102 -677 -358 -9 544 329 269 -100 371 -297 -179 -123 549 -416 15 207 -99 402 -361 -297 472 333]
[-316 110 -123 -122 -427 338 -455 -318 12 647 386 -416 73 202 -18 159 26 253 -358 967 -261 291 -516 -162 219 -323 -469 101 -173 -177]
[-63 230 -59 -20 320 -193 -165 94 -250 -731 -104 -495 66 417 -138 461 -651 230 56 -184 367 278 -478 -347 -285 -466 8 -551 140 -329]
[-190 1 196 280 184 -388 619 4 -685 -148 380 330 -382 -198 224 322 424 372 -134 -336 288 228 45 216 -465 123 442 282 226 284]
[-126 -158 192 -156 345 -330 911 515 -189 -488 -153 64 268 -643 -176 -47 -335 130 422 31 344 -413 -88 450 -351 -329 121 591 -376 -229]
[305 -152 101 -16 573 579 -181 -42 -24 89 431 -372 -398 408 254 -306 527 176 -479 15 -370 322 -198 -202 326 -498 -350 -191 -161 42]
[611 -75 -267 -319 202 400 -46 -304 150 -84 -86 -290 217 -267 -221 -375 113 -139 372 73 -548 802 -496 -305 -329 -293 58 227 -312 374]
[-666 -137 116 380 236 -619 -325 -253 182 -472 96 -632 454 -26 -166 -64 86 343 -212 -82 -589 68 -201 392 -359 -32 214 80 90 42]
[183 107 556 211 -321 -175 56 88 471 -130 -149 181 -163 -259 379 261 -301 221 592 -95 -182 -88 -9 -554 85 147 92 366 -618 -224]
[339 -193 429 -771 342 -81 -209 158 193 321 162 -119 -36 -134 -403 -313 506 192 -349 547 48 -136 -213 -387 -225 713 -450 1044 210 151]
[-150 -346 -209 11 -478 197 -46 294 -12 -208 -115 -309 -298 20 -260 195 172 394 530 -191 284 249 -104 246 710 38 54 524 -131 197]
[128 -112 21 826 16 -138 306 199 53 339 894 -55 -266 -288 -239 -337 467 -31 15 79 198 4 343 -632 281 -20 502 -499 -386 24]]
[phase 0 refreshed]
[[-252 -116 216 -629 -143 -464 203 -68 -6 -176 188 -146 141 433 202 42 -592 140 -175 -181 170 -236 116 -204 -93 413 -126 -43 99 -185]
[-607 -46 -59 -209 -12 283 -11 -11 275 -784 -424 253 15 348 238 149 -277 83 110 -317 574 -253 -195 162 22 -35 -121 -113 -102 155]
[-552 -108 402 410 59 115 -147 269 -136 -301 -507 -284 5 -135 -210 191 228 225 184 123 30 -503 334 435 -39 -367 -16 253 -248 -188]
[193 299 -351 538 -118 -51 -10 103 -8 561 405 720 -363 -31 229 142 251 -226 -381 -15 348 -63 46 74 461 247 84 -437 461 -1]
[-33 191 154 291 -165 8 137 560 169 36 -472 -139 -327 43 268 125 516 -26 238 195 6 -216 -194 118 547 -771 -4 -413 -396 -564]
[-14 223 264 -112 -176 246 20 -482 -588 173 -133 -91 -45 28 -175 -272 -216 -222 -331 63 -567 549 -30 -564 106 250 73 113 510 545]
[-830 -88 383 -160 -289 84 -258 -134 -14 -576 -76 -24 -240 733 156 -296 -66 87 -505 147 -58 -333 -61 484 513 -61 66 -53 382 -345]
[548 -698 -196 41 51 -301 -112 -109 73 314 771 238 387 326 -254 239 105 -185 -358 270 -102 22 -220 474 113 623 -375 -200 177 342]
[464 76 -153 -223 -276 -62 372 73 532 519 -14 -608 162 -507 436 -345 -5 84 241 217 53 -292 140 -118 76 57 -143 506 -217 -475]
[-334 425 93 137 -572 167 -30 -510 -234 -138 -180 533 -67 -540 53 151 226 -123 -14 526 234 -406 536 57 306 169 -35 233 -4 354]
[375 60 322 23 132 -96 566 23 -613 128 -192 49 479 33 66 -129 401 -182 -165 50 -244 300 -260 116 272 -167 93 -1005 -72 40]
[30 87 55 162 -343 -136 194 -49 156 -516 -138 -389 141 267 383 413 70 -137 -110 -637 846 -48 -43 -341 286 398 33 -344 -406 193]
[180 170 176 270 -49 -219 -110 557 -388 239 -406 -487 238 378 -794 106 -92 113 -506 -107 -356 329 311 -482 -12 581 -367 716 13 293]
[546 183 -274 333 265 13 -88 -80 120 577 -147 78 171 -592 -133 -297 -407 -366 300 -13 62 -225 -178 -199 -465 -509 159 -135 617 418]
[496 137 -464 -27 -193 -169 -707 -390 458 -248 6 -178 117 267 -208 -131 486 259 -50 25 34 276 -75 -60 -735 -41 -12 637 65 706]
[3 -120 6 -623 50 544 60 -97 60 -121 536 406 436 -363 -442 -84 -153 108 -220 326 322 -95 -463 289 19 -4 -393 200 33 19]
[764 259 44 305 29 126 203 -228 478 246 -52 -521 541 -147 -307 55 330 397 -374 23 266 -38 -138 283 278 37 -252 -233 359 224]
[435 -471 -270 -218 -141 485 151 -252 597 -568 -422 127 -351 118 627 -393 37 -81 -60 384 176 -85 -250 -313 162 48 84 -206 -469 -51]
[457 -124 -44 147 -222 -107 128 -226 259 54 169 -69 -879 -408 -203 -441 122 -442 -161 201 -326 461 -231 -77 -281 -536 310 -316 500 -22]
[-479 -124 352 -154 -146 -191 -82 150 -258 -30 -24 -163 -5 924 472 183 -130 259 -29 162 -173 -386 -721 99 483 -293 -114 686 479 287]
[-180 -451 277 -480 15 89 -305 274 -414 174 -114 -206 -426 -19 513 437 -88 258 539 -46 -257 -359 463 -386 -556 120 -434 140 347 -496]
[-262 -311 722 183 -54 41 432 83 -458 -164 605 -612 108 -18 252 -302 69 -299 51 -448 -200 463 511 404 344 -135 351 251 412 -608]
[75 306 -315 414 150 -199 -87 -21 -31 12 252 -528 197 -299 49 324 -693 339 -138 -54 792 -364 236 -74 -334 242 -63 184 532 -429]
[-14 -16 161 -387 -147 44 -186 -340 614 419 -226 -15 575 441 -197 -142 -150 164 409 -326 497 -175 -114 -244 81 168 -225 -20 112 73]
[-666 -137 116 380 236 -619 -325 -253 182 -472 96 -632 454 -26 -166 -64 86 343 -212 -82 -589 68 -201 392 -359 -32 214 80 90 42]
[294 187 186 395 12 -203 -123 151 -307 384 33 -277 -351 132 -290 -220 227 -130 -349 219 528 -44 448 -625 -26 -328 -458 -279 51 -418]
[533 220 47 821 -356 235 100 86 38 500 -226 171 429 121 -313 110 30 -10 -17 -181 397 596 48 461 -301 436 -354 109 -145 402]
[-225 -181 127 -518 -216 -206 -73 -68 428 -237 -536 -496 137 551 -31 -2 -245 -602 109 -120 261 11 -421 529 -2 736 148 384 182 639]
[-150 -346 -209 11 -478 197 -46 294 -12 -208 -115 -309 -298 20 -260 195 172 394 530 -191 284 249 -104 246 710 38 54 524 -131 197]
[-417 385 122 205 -444 409 246 689 -245 -95 -148 -188 377 -225 2 -58 945 171 579 -84 361 -186 416 -296 459 -28 -517 -78 -345 -42]]
[phase 1 initial]
[[-252 -116 216 -629 -143 -464 203 -68 -6 -176 188 -146 141 433 202 42 -592 140 -175 -181 170 -236 116 -204 -93 413 -126 -43 99 -185]
[-607 -46 -59 -209 -12 283 -11 -11 275 -784 -424 253 15 348 238 149 -277 83 110 -317 574 -253 -195 162 22 -35 -121 -113 -102 155]
[-552 -108 402 410 59 115 -147 269 -136 -301 -507 -284 5 -135 -210 191 228 225 184 123 30 -503 334 435 -39 -367 -16 253 -248 -188]
[193 299 -351 538 -118 -51 -10 103 -8 561 405 720 -363 -31 229 142 251 -226 -381 -15 348 -63 46 74 461 247 84 -437 461 -1]
[-33 191 154 291 -165 8 137 560 169 36 -472 -139 -327 43 268 125 516 -26 238 195 6 -216 -194 118 547 -771 -4 -413 -396 -564]
[-14 223 264 -112 -176 246 20 -482 -588 173 -133 -91 -45 28 -175 -272 -216 -222 -331 63 -567 549 -30 -564 106 250 73 113 510 545]
[-830 -88 383 -160 -289 84 -258 -134 -14 -576 -76 -24 -240 733 156 -296 -66 87 -505 147 -58 -333 -61 484 513 -61 66 -53 382 -345]
[548 -698 -196 41 51 -301 -112 -109 73 314 771 238 387 326 -254 239 105 -185 -358 270 -102 22 -220 474 113 623 -375 -200 177 342]
[464 76 -153 -223 -276 -62 372 73 532 519 -14 -608 162 -507 436 -345 -5 84 241 217 53 -292 140 -118 76 57 -143 506 -217 -475]
[-334 425 93 137 -572 167 -30 -510 -234 -138 -180 533 -67 -540 53 151 226 -123 -14 526 234 -406 536 57 306 169 -35 233 -4 354]
[375 60 322 23 132 -96 566 23 -613 128 -192 49 479 33 66 -129 401 -182 -165 50 -244 300 -260 116 272 -167 93 -1005 -72 40]
[30 87 55 162 -343 -136 194 -49 156 -516 -138 -389 141 267 383 413 70 -137 -110 -637 846 -48 -43 -341 286 398 33 -344 -406 193]
[180 170 176 270 -49 -219 -110 557 -388 239 -406 -487 238 378 -794 106 -92 113 -506 -107 -356 329 311 -482 -12 581 -367 716 13 293]
[546 183 -274 333 265 13 -88 -80 120 577 -147 78 171 -592 -133 -297 -407 -366 300 -13 62 -225 -178 -199 -465 -509 159 -135 617 418]
[496 137 -464 -27 -193 -169 -707 -390 458 -248 6 -178 117 267 -208 -131 486 259 -50 25 34 276 -75 -60 -735 -41 -12 637 65 706]
[3 -120 6 -623 50 544 60 -97 60 -121 536 406 436 -363 -442 -84 -153 108 -220 326 322 -95 -463 289 19 -4 -393 200 33 19]
[764 259 44 305 29 126 203 -228 478 246 -52 -521 541 -147 -307 55 330 397 -374 23 266 -38 -138 283 278 37 -252 -233 359 224]
[435 -471 -270 -218 -141 485 151 -252 597 -568 -422 127 -351 118 627 -393 37 -81 -60 384 176 -85 -250 -313 162 48 84 -206 -469 -51]
[457 -124 -44 147 -222 -107 128 -226 259 54 169 -69 -879 -408 -203 -441 122 -442 -161 201 -326 461 -231 -77 -281 -536 310 -316 500 -22]
[-479 -124 352 -154 -146 -191 -82 150 -258 -30 -24 -163 -5 924 472 183 -130 259 -29 162 -173 -386 -721 99 483 -293 -114 686 479 287]
[-180 -451 277 -480 15 89 -305 274 -414 174 -114 -206 -426 -19 513 437 -88 258 539 -46 -257 -359 463 -386 -556 120 -434 140 347 -496]
[-262 -311 722 183 -54 41 432 83 -458 -164 605 -612 108 -18 252 -302 69 -299 51 -448 -200 463 511 404 344 -135 351 251 412 -608]
[75 306 -315 414 150 -199 -87 -21 -31 12 252 -528 197 -299 49 324 -693 339 -138 -54 792 -364 236 -74 -334 242 -63 184 532 -429]
[-14 -16 161 -387 -147 44 -186 -340 614 419 -226 -15 575 441 -197 -142 -150 164 409 -326 497 -175 -114 -244 81 168 -225 -20 112 73]
[-666 -137 116 380 236 -619 -325 -253 182 -472 96 -632 454 -26 -166 -64 86 343 -212 -82 -589 68 -201 392 -359 -32 214 80 90 42]
[294 187 186 395 12 -203 -123 151 -307 384 33 -277 -351 132 -290 -220 227 -130 -349 219 528 -44 448 -625 -26 -328 -458 -279 51 -418]
[533 220 47 821 -356 235 100 86 38 500 -226 171 429 121 -313 110 30 -10 -17 -181 397 596 48 461 -301 436 -354 109 -145 402]
[-225 -181 127 -518 -216 -206 -73 -68 428 -237 -536 -496 137 551 -31 -2 -245 -602 109 -120 261 11 -421 529 -2 736 148 384 182 639]
[-150 -346 -209 11 -478 197 -46 294 -12 -208 -115 -309 -298 20 -260 195 172 394 530 -191 284 249 -104 246 710 38 54 524 -131 197]
[-417 385 122 205 -444 409 246 689 -245 -95 -148 -188 377 -225 2 -58 945 171 579 -84 361 -186 416 -296 459 -28 -517 -78 -345 -42]]
