[phase 0]
score=5.648012065678992
squared_norm=1952532
coefficients=[-3 2 1 -1 1 0 0 0 0 1 1 -1 0 -1 0 0 0 0 0 0 0 1 -1 0 -1 0 0 0 0 0]
vector=[-252 -116 216 -629 -143 -464 203 -68 -6 -176 188 -146 141 433 202 42 -592 140 -175 -181 170 -236 116 -204 -93 413 -126 -43 99 -185]

[phase 1]
score=0
squared_norm=1952532
coefficients=[1 0 0 0 0 0 0 0 0 0 0 0 0 0 0 0 0 0 0 0 0 0 0 0 0 0 0 0 0 0]
vector=[-252 -116 216 -629 -143 -464 203 -68 -6 -176 188 -146 141 433 202 42 -592 140 -175 -181 170 -236 116 -204 -93 413 -126 -43 99 -185]

