[[-94 608 213 -218 801 267 72 136 507 407 86 197 408 24 353 -133 32 271 145 208 -366 112 -175 -209 -155 39 -36 -147 180 27 -196 -400 -339 -175 127 186 125 -333 41]
[215 133 152 -363 392 -221 1 -385 597 477 -44 -50 -341 -100 482 155 192 -65 472 -354 -5 216 -221 -312 273 -406 130 39 -155 410 -423 -459 -307 -233 311 321 -320 -112 584]
[-39 280 187 270 -166 -181 -441 571 -365 -348 -208 209 546 351 170 -183 584 413 -89 46 -127 -460 424 36 6 -14 241 -202 -113 -582 275 74 95 -281 81 -340 54 -92 -249]
[538 244 -73 75 -323 250 -271 -323 -118 -94 -481 -237 -323 -374 586 97 -66 -193 -351 -454 -163 -99 -85 -72 62 -542 131 -56 -271 39 51 136 337 -487 -33 -629 -138 -27 404]
[-197 -314 266 343 234 -78 -273 754 258 -112 382 622 -22 -21 -300 22 -58 476 -506 139 240 -372 189 84 173 -216 97 -57 829 -266 109 -71 -43 -9 -382 483 316 40 -231]
[-312 -418 785 85 160 16 70 348 171 -4 721 827 386 -31 -466 -190 89 -311 -371 -154 441 -310 109 389 -91 -23 -423 164 126 -2 66 -46 56 -226 155 335 -216 -45 99]
[442 200 50 75 140 569 -157 -278 62 -135 741 263 -114 -184 77 -29 -522 -724 -412 51 454 -119 183 -46 -299 -85 -729 -53 -322 -80 52 236 159 118 -472 150 548 -83 -59]
[-598 299 -246 -21 -107 51 -327 -959 -411 -286 -78 -19 -460 -203 152 291 -302 -334 266 -233 328 336 371 -23 -3 -250 -150 -283 -592 -11 -80 385 -12 46 117 -100 -105 -239 224]
[294 155 78 -247 233 437 -106 277 -100 366 191 614 159 133 -158 -225 -7 -636 523 140 10 460 -566 -224 -260 277 -460 177 -70 -46 -61 -711 -310 154 -239 156 -90 88 107]
[16 735 -182 241 72 333 -207 -83 -6 294 298 -220 -377 -347 303 697 -723 346 -323 -11 -125 -249 481 -513 124 -238 199 -257 196 286 -55 236 493 281 84 332 665 -349 139]
[402 -60 -178 -242 -369 -314 -107 268 -202 -247 -180 -413 -260 -185 -221 280 112 619 -288 -140 -45 -399 384 226 115 60 593 -364 467 413 -67 -146 190 -94 472 -257 714 -88 245]
[-256 430 315 252 -361 736 -113 15 -472 -211 403 325 19 -82 270 -492 -511 -48 210 -431 452 245 352 -140 -187 -145 -110 -180 -397 -377 487 143 395 202 -79 -136 -197 -243 -486]
[531 358 -457 -390 -566 222 104 337 -718 -49 -57 -330 139 -372 -269 -583 -90 -218 -61 -148 -65 -8 -373 355 -189 157 -318 -182 -155 -52 -109 -287 376 529 162 35 316 549 -192]
[-345 264 -940 -268 143 246 -37 -107 -389 -147 -272 -8 -264 26 -251 143 83 -139 -403 302 144 175 -108 -155 -71 378 -227 -344 -358 246 -505 153 349 610 -315 68 557 339 -151]
[-302 624 181 198 344 420 -545 -39 371 296 351 64 294 -14 -68 -232 9 -451 -134 51 59 -234 52 -99 128 -453 -605 -352 210 -639 -125 -89 -421 -58 -54 216 206 145 484]
[-48 -215 492 -364 -275 393 460 6 -352 -202 -403 475 153 4 -822 -341 -142 6 -142 -41 -95 302 -336 -129 -290 548 -142 645 -49 -94 306 -119 437 -152 -13 -357 -32 -135 408]
[-306 -321 142 -351 288 10 178 75 -104 -144 -196 220 -376 -598 66 -116 -101 120 344 -194 -273 460 -137 -115 -418 -32 40 92 80 -361 -224 -817 -493 -548 4 468 -62 -486 318]
[51 -41 -218 192 -704 427 251 82 -64 248 -185 -207 -50 499 152 -360 -726 -683 54 -530 76 361 -244 128 -44 163 235 474 -277 819 216 139 562 -65 -177 -879 -497 386 -51]
[203 -456 337 -57 -244 69 295 281 364 -366 67 -366 -266 348 -82 150 106 -617 -43 -424 -475 -64 -147 299 -171 87 -42 350 -528 372 77 187 -103 -437 -23 -395 -633 99 -62]
[-524 1068 -407 -152 196 31 -217 66 -351 -696 -228 350 235 -117 104 153 -68 7 -53 109 -744 334 -71 -78 -447 -369 0 309 -462 -733 363 -29 275 -302 -134 -436 267 -21 -299]
[150 52 -25 -304 -340 -12 -170 -821 -646 167 -279 -274 -105 74 151 -436 -380 -1063 262 441 -153 137 -129 135 -52 387 -428 472 -125 -355 -49 471 -72 140 -848 118 69 653 150]
[235 540 -374 403 58 -389 -717 91 77 -76 -590 -471 -442 -128 290 -274 -182 141 140 -205 -6 -199 -176 357 142 -314 -179 -236 -443 350 -15 583 -273 -117 195 -61 268 12 -207]
[-664 -288 364 224 -492 669 -72 -337 -225 343 251 70 345 -157 -268 264 -771 -86 -476 178 -123 -158 101 439 384 -49 -8 259 645 339 376 151 18 -279 -443 -175 14 -313 292]
[250 -508 174 153 207 268 99 -472 67 160 472 256 -273 91 328 767 -385 -45 -250 86 266 -413 551 245 242 37 -301 -2 195 413 396 81 -157 553 55 512 209 -465 229]
[292 -565 171 -198 -262 -807 308 -786 81 -387 218 -522 101 -607 -5 141 421 -528 692 305 484 68 -286 -4 216 188 -27 298 -366 275 -78 360 131 222 -129 488 65 268 -18]
[-194 377 -424 193 946 -433 -195 251 512 390 35 373 -651 46 -320 43 76 -290 -253 115 493 311 43 215 353 -460 -268 24 41 402 -125 -367 -207 648 -182 236 -14 405 72]
[458 75 -693 128 -284 428 69 46 -258 -373 205 -811 120 83 -207 -206 534 -6 -664 33 -500 -251 194 557 -58 254 -627 80 -423 -320 438 66 -184 41 -349 -414 -279 207 84]
[545 3 239 317 226 -145 -102 357 83 -7 -22 779 302 598 750 -257 -418 -131 433 -416 -284 -249 -177 -19 -256 -582 80 -460 215 -176 421 -243 -166 -153 -265 -280 -424 -655 -384]
[44 -274 494 -151 -87 -381 18 -892 -249 -382 226 222 634 257 293 157 749 -550 564 -74 7 -43 -188 154 -79 -370 88 -67 -343 -330 -303 143 129 -383 45 -606 343 -305 420]
[-172 -547 47 -120 71 365 366 -102 -187 135 92 329 -346 255 239 476 129 -774 87 340 442 -4 76 231 -210 148 -637 25 41 276 -419 384 -209 78 335 17 366 -67 254]
[-191 823 229 370 -132 210 190 -192 2 619 -367 194 209 -399 -428 76 -181 -206 -76 211 -277 296 -407 -266 -136 139 -292 -140 -333 -227 206 -388 632 43 510 -526 -472 171 -175]
[-115 0 -49 -134 79 -133 -297 107 637 -68 -251 4 -459 54 -337 -204 -109 -27 -416 211 -87 -476 38 175 -318 -172 47 16 408 -450 142 87 261 -190 -439 -929 647 244 -145]
[-483 237 71 -767 58 290 86 -325 -93 -234 -233 -603 231 253 89 64 223 780 338 -181 316 -180 115 -200 305 153 322 40 -529 -242 -86 546 499 570 133 731 -538 158 -469]
[85 -450 212 191 -665 -191 45 -501 -600 -668 -349 262 462 -255 -469 -508 147 -144 285 -587 66 -317 -63 162 -27 -112 -72 28 -195 -62 127 -195 47 -111 667 130 194 -247 49]
[314 -207 -653 -33 -512 64 -94 238 -305 -110 -761 -56 351 -124 -159 348 402 -73 -332 -71 -479 -189 594 -366 -185 109 373 -156 -30 -846 310 -206 616 466 244 -650 172 111 -270]
[566 151 -118 94 480 787 52 -140 264 -405 265 126 -56 676 383 119 -254 -217 -743 284 -403 -615 -366 246 137 -72 -291 -187 68 246 -295 -148 342 -191 -146 105 847 -366 -243]
[546 -91 -231 -340 131 253 219 257 279 169 -7 -225 -164 241 9 -412 -265 -334 -263 -263 -61 -127 422 -458 64 -6 -562 29 -675 131 -91 344 336 -161 -653 140 -345 497 480]
[422 -86 -139 322 -596 695 223 83 269 157 303 84 -47 -495 -184 -110 -104 -755 -674 -125 8 -763 -85 370 -222 145 -560 -190 29 -371 642 370 187 295 -582 -66 -62 51 274]
[159 -123 -516 551 -70 459 557 -813 403 -100 288 -191 227 236 336 -492 -211 -140 18 -60 -291 229 214 -162 -559 -307 -150 -305 -73 -526 426 198 271 173 3 217 45 116 -55]]
