[[168 79 -471 207 -69 454 -2 -30 -257 393 47 -237 73 -80 -421 341 -90 -53 140 -269 -77 -224 -89 -403 -317 -149 130 441 692 29 -332 104 442 246 -752 421 -33 0 -39]
[209 316 474 28 501 16 342 -174 -18 -543 485 -493 512 -28 97 -283 -107 -67 -127 -193 195 151 296 -85 406 416 -232 -565 -310 -46 -239 -82 -532 -134 363 220 163 289 278]
[390 -172 -147 -15 887 11 116 -312 377 -29 -267 -505 6 -539 35 105 -97 -81 406 -516 -162 121 415 -279 173 -377 120 -214 108 -144 176 -171 138 324 -600 455 145 387 237]
[7 451 -154 -352 52 67 -87 331 -318 302 -296 -262 248 74 -477 -266 145 -259 -721 324 -62 -416 -77 -30 315 622 -135 62 180 165 -380 525 -134 -143 -531 196 -224 204 -39]
[-37 10 196 292 72 -194 138 346 305 -32 -400 207 -603 -682 -138 -290 146 -122 -686 285 71 -98 513 267 779 21 310 -329 155 -201 801 95 79 152 0 79 -117 439 -3]
[161 422 -164 126 -36 327 55 -20 130 -241 316 748 172 -441 -203 304 -400 -145 -404 -142 144 94 -154 -668 -92 377 208 -247 338 -195 -60 189 -102 189 330 -159 330 320 129]
[58 255 -108 331 250 427 257 -305 -185 23 187 -292 -59 -677 -278 283 -413 170 86 37 81 -99 -287 17 519 -519 136 -710 385 -783 -136 -303 -62 137 -588 674 65 253 68]
[6 -112 557 78 -355 287 61 324 -243 101 220 -548 312 108 -163 -247 5 66 62 -777 -117 -214 249 -299 -134 340 -39 101 293 281 -209 134 23 426 25 -391 -79 -728 302]
[491 -171 415 -230 148 -244 153 -425 -54 -233 -247 -559 127 373 85 -157 371 -406 201 -357 -210 -36 -42 -136 -170 -33 -769 100 366 616 -309 -65 422 -339 -125 509 293 88 46]
[-91 -40 530 -53 -358 -202 -290 52 -114 316 -737 -153 573 295 53 -318 856 140 -374 -138 572 -114 118 19 34 481 -400 -207 227 772 -332 172 -12 -39 -103 -474 -192 -160 13]
[246 445 -396 -253 604 -320 -95 -41 506 -415 135 -335 475 32 290 220 -485 142 64 -289 -674 -103 115 -145 -3 19 51 237 -523 14 -291 101 -294 314 818 -571 -4 -209 92]
[4 -109 -680 -21 104 -95 404 142 330 -557 65 -314 -176 218 242 18 362 540 216 341 -483 21 -72 502 -299 81 -166 964 -1043 332 -113 17 123 -121 331 -254 56 -154 -12]
[-149 -193 459 -528 186 -28 -12 194 243 -193 -207 -321 -236 -354 -173 -200 -715 -636 -183 -440 -319 -99 261 -617 107 218 440 -169 329 346 964 468 207 283 -197 -233 341 707 -103]
[-110 -323 -797 -83 163 162 338 -356 592 3 -323 33 211 -267 -147 308 -219 570 478 502 -119 529 -536 -170 168 -89 629 -377 -282 -166 208 4 276 111 -287 116 -210 583 -74]
[-220 242 261 255 -64 -198 -140 -257 -449 691 -408 -102 222 720 -189 385 234 -317 116 -121 339 -260 486 94 -229 -97 -271 996 45 638 -31 -208 -24 -69 49 454 -5 281 -192]
[134 -220 -322 -109 -47 395 424 189 272 -251 675 -174 98 292 173 376 -458 -47 369 454 137 -156 180 -671 -572 330 242 218 3 398 -258 261 -240 -405 -168 -13 174 127 -93]
[111 327 268 -520 425 73 -498 197 662 -167 -552 394 241 -190 230 397 -381 126 71 -65 126 -7 342 -279 -13 -634 -83 -38 -162 -234 -186 -456 -605 225 463 -524 60 -639 -67]
[-764 366 -375 862 -66 69 144 -300 -311 211 372 -648 118 -354 -290 50 310 144 39 180 344 -520 227 -138 85 -326 311 263 -155 261 -58 -203 -140 271 -446 597 224 713 29]
[-237 280 193 -117 -630 418 -401 -183 150 -531 -277 207 -78 -159 367 -98 109 -174 56 -405 -160 297 -569 -258 -344 143 88 9 -379 179 473 31 34 317 -248 -817 368 43 373]
[298 -17 -281 851 -1147 16 311 -220 124 331 51 228 -270 477 78 362 787 153 -17 -156 553 -97 -14 -315 -640 -24 197 678 143 -6 -294 148 4 150 133 -147 -59 -236 418]
[-213 -190 -45 182 248 -200 -228 -216 -178 186 -523 -42 235 515 -630 166 248 -59 -8 568 608 335 134 238 394 -139 358 -338 -409 -270 -13 85 -798 -431 -229 419 -382 93 70]
[-221 394 -148 224 753 261 -128 569 3 -641 55 -222 -1 -391 -175 -150 206 -253 -488 295 376 412 -152 -230 -312 291 74 -209 -6 604 116 36 -172 -90 -592 234 482 223 -190]
[-95 104 384 -44 281 -371 128 -69 -179 -168 118 -270 428 382 -29 -32 -523 99 873 388 335 89 -115 -233 -166 274 76 -294 -711 468 43 -357 -779 -529 -216 566 102 257 -189]
[-59 -867 156 -32 122 193 252 -330 75 256 14 184 254 -328 -81 323 -135 -375 137 -20 152 171 65 -329 -393 36 -255 -134 343 45 -136 287 74 -391 -379 119 -390 -269 71]
[-173 171 -136 -360 -659 -41 -430 -378 -287 512 -249 233 74 -43 -303 886 -578 -191 -234 38 271 -118 -538 531 -269 -661 -284 349 87 42 -302 137 -195 138 -144 -451 -189 408 -427]
[273 217 203 26 511 234 312 -19 506 -98 -835 -230 825 -520 -485 -191 5 646 -13 -493 373 -281 -187 281 388 15 -149 -244 -251 -634 -252 303 -115 237 -226 360 -199 -256 187]
[133 -601 -61 -323 288 973 582 -158 110 -443 -108 68 -122 -104 -211 312 -361 62 508 115 262 479 -269 -471 334 1 -205 -421 32 -49 33 -474 -107 -218 187 -85 173 748 159]
[192 251 -5 -590 44 -301 249 94 -163 25 -376 -825 117 277 -407 92 -379 -22 -245 -90 -538 -799 632 -202 83 98 58 280 -428 489 116 -37 -4 -97 -213 29 -60 -397 -336]
[207 614 211 98 -396 -190 439 -250 -60 -20 -331 -506 -207 105 209 259 -244 240 110 421 461 262 -181 508 -397 -128 -452 869 93 187 -400 -459 -379 -190 517 90 64 18 -367]
[-392 -53 -22 -17 -694 181 -352 9 -386 777 324 157 428 231 -451 -3 31 718 397 -341 42 -43 -715 -34 -356 -143 -49 107 -148 457 -498 82 -168 387 -434 -33 590 -327 -591]
[321 -591 204 218 -497 -79 435 86 -185 -149 782 -575 201 184 -55 -225 120 624 -153 -567 121 -204 155 296 -346 348 325 144 -610 289 -245 38 -244 -359 -257 -621 -115 33 -223]
[-312 -189 -209 -400 -84 102 -429 57 557 -372 -338 -774 178 374 389 -154 -13 85 23 -362 -496 63 168 111 85 31 154 -349 -100 -84 525 -14 13 129 -29 -401 235 -528 -336]
[272 358 -29 233 254 214 138 -381 267 -46 -233 654 238 165 339 395 372 -15 513 289 -62 291 117 -839 -284 411 -590 753 -253 302 -475 -347 240 126 186 -324 143 -174 -132]
[443 -8 94 -270 97 -247 290 -903 217 396 -68 418 129 -283 -340 287 315 126 -53 86 43 233 154 -719 129 -492 -395 -900 353 -182 -44 -366 -540 240 -132 643 165 117 202]
[26 -353 -104 499 257 -404 350 176 236 256 -25 912 -34 85 82 291 -123 -523 288 180 49 304 636 386 -263 203 601 -124 -40 386 159 353 241 -131 119 -74 12 44 -320]
[-90 -253 557 -137 483 -421 541 -217 -305 -2 -6 -404 -156 39 -7 -432 49 154 -51 -363 -258 266 15 -383 -24 16 -599 -637 -629 197 332 166 -179 -37 593 273 204 613 362]
[-277 547 -81 -514 -382 384 -422 -23 -637 -199 -142 -77 63 287 372 -271 -309 -35 -214 -266 120 -30 -675 -381 -74 -18 83 147 -659 33 -236 -296 -477 472 285 -182 -55 -542 -179]
[134 -498 349 -29 510 355 155 414 248 -528 698 263 -139 -613 -107 -39 324 -159 304 -81 164 -190 262 -171 220 -95 -50 -424 128 -396 -41 196 -671 -470 30 -71 343 349 -210]
[64 -139 -265 -237 24 -272 -290 363 -431 -435 114 -16 387 -235 -505 -243 32 135 -340 250 -499 -219 -336 63 -89 133 198 -19 -269 -124 -79 -363 102 579 -610 -213 16 -477 78]]
