[[-83 224 194 -53 -249 18 329 106 363 109 461 129 -178 -527 -203 339 315 43 106 -57 72 249 23 -339 239 -358 -276 -238 582 5 332 49]
[153 -279 157 291 48 6 304 -366 164 -345 183 -229 2 -104 -10 246 -171 306 -280 218 754 545 175 -614 -119 -348 -406 -147 139 -242 -5 -192]
[-314 740 139 -3 -177 35 517 274 277 379 -132 149 65 120 -128 759 -2 -223 480 -425 -489 208 -220 107 8 62 62 -269 -168 148 -366 25]
[78 -573 -248 114 220 41 362 203 515 -39 -455 -339 49 313 105 348 -22 349 181 -69 -201 386 -260 -44 118 154 -654 27 -206 -532 -278 -326]
[11 507 -85 -613 60 -123 274 390 329 30 315 -51 -460 180 -346 -142 33 137 509 -208 -134 -83 94 282 481 121 -314 -6 271 -271 -33 -585]
[-86 826 -71 84 -855 -136 -94 443 -235 -54 -131 259 -228 -23 -108 123 -181 33 -11 -63 -135 43 149 222 -44 -379 -211 -211 231 -226 -391 -463]
[-49 -510 -250 -357 475 84 -67 50 472 17 316 132 328 255 -489 -331 161 -302 7 205 -21 353 -378 372 690 78 118 18 -17 -237 119 -135]
[-304 -38 -116 -135 20 -381 -333 148 81 -17 -300 -503 -250 436 59 -523 -132 329 300 106 201 -417 488 166 -292 558 -223 -272 214 -433 68 201]
[-315 94 15 -265 -156 43 222 -37 -90 -103 419 -98 586 -339 -534 373 -570 153 354 -113 116 572 -24 205 -129 142 -560 -211 -68 -426 -359 -314]
[89 189 13 67 -473 -287 10 -18 56 2 -657 -290 -43 -78 -33 -378 20 -436 -575 391 241 -661 240 -437 -411 123 220 -92 273 -13 -155 -10]
[470 -322 -84 -225 247 31 672 -189 259 -94 -317 106 356 -438 424 -33 -193 -241 -344 323 -142 100 -384 -285 253 -313 103 425 3 -119 123 453]
[-86 90 -46 192 -157 -2 156 -35 48 -592 -217 -614 -250 -236 -551 -56 68 229 97 262 479 64 269 -142 -238 212 -411 -97 956 47 -291 -380]
[119 -418 -267 205 -241 -109 -149 17 -227 -425 -178 366 -2 -286 439 -428 -36 275 -81 -603 62 -384 -229 242 301 19 154 348 536 268 123 -212]
[-318 59 44 -263 -346 -188 353 -550 -346 -257 -268 177 294 344 -17 127 -26 -138 324 29 452 -136 415 245 -9 145 379 -91 619 -41 118 94]
[-274 57 -315 -213 -515 244 -343 -41 -477 136 343 423 14 -183 493 69 -354 135 60 -124 -198 -291 15 388 -119 -371 387 819 606 -40 661 137]
[294 -34 543 456 -375 65 -279 -147 -347 476 398 261 310 -680 522 -1 573 189 249 -465 -112 -303 309 318 394 -255 121 12 467 255 628 73]
[445 86 511 -459 -254 -169 366 -257 36 199 -485 -465 247 -521 70 343 535 355 434 -173 -383 68 111 -230 200 -155 76 -8 350 413 -167 -94]
[196 124 421 908 -113 -672 -78 63 -316 -332 -564 184 265 -29 405 58 -245 101 142 7 573 143 -65 -116 -301 -27 -426 -293 458 -79 274 390]
[-105 -243 -44 481 -308 209 161 5 595 -94 -229 -118 93 -290 980 240 -450 58 -473 169 216 4 -68 -177 342 17 -218 463 -310 -250 9 -579]
[-416 293 -260 165 130 -167 -81 532 568 380 -220 305 -279 -157 543 397 -36 -635 -148 228 -39 460 -91 66 -1 269 -7 -145 210 81 -205 644]
[-112 -231 -487 370 -304 380 -58 -184 132 -408 -126 241 -646 350 871 280 -35 -73 -185 67 -81 471 613 -477 -64 -115 -425 282 378 -169 240 507]
[-31 528 -45 -186 74 527 333 -288 2 -32 61 170 -385 -6 119 -43 29 -1 -80 542 -128 -170 -270 -261 -449 -811 248 -142 418 -459 204 -42]
[-179 78 -36 -355 -207 86 -736 506 197 -70 316 -617 -186 -64 -559 -3 371 120 91 339 666 285 -63 -39 411 -189 -361 165 295 34 -220 -116]
[-438 -183 -74 -243 560 462 -464 352 342 -29 -221 100 -822 816 -125 -398 309 -346 35 247 550 323 -255 448 120 588 -315 -84 -12 -162 193 -21]
[398 -36 320 72 288 479 -81 436 187 372 -321 -61 -1 -664 239 31 456 404 122 105 -249 15 -232 130 56 83 -126 -385 137 908 124 -134]
[-587 -21 36 244 -187 -38 44 -220 -439 -498 -491 -118 12 221 300 358 -474 166 252 -24 181 -820 -49 116 -207 -25 35 -614 -250 612 -638 266]
[196 354 -157 122 -495 321 -101 380 -361 21 514 -92 284 26 563 191 30 -8 13 -444 -272 217 51 -198 256 -399 843 283 127 192 45 506]
[-404 134 16 81 -40 290 -104 303 -341 -176 78 546 559 -13 -657 791 616 23 -89 285 274 576 144 -65 -771 -459 -450 -465 405 -161 -357 195]
[-68 -318 -158 -78 510 -345 949 497 474 178 -169 22 -514 8 146 74 -368 -60 45 193 529 207 -39 -665 654 -185 -245 -389 71 -98 -278 -127]
[-222 -364 -270 -42 184 272 1 167 285 253 -51 -585 -249 467 -109 -697 72 606 -87 756 246 188 -197 -56 63 -598 -425 -105 701 -241 -233 49]
[171 0 290 -439 -397 -454 22 -234 304 -260 -145 504 -232 65 194 801 -450 406 74 -118 -218 422 -111 67 351 62 -533 -26 179 -582 -342 -670]
[-505 87 -193 402 129 4 -175 282 -246 867 210 -106 -319 58 369 196 273 19 -504 -438 -188 139 -204 355 -163 75 158 -131 25 92 512 207]]
