[[136 116 76 100 -412 34 -222 371 77 106 -300 -127 -228 -282 107 -133 -750 -189 -423 23 -404 579 -5 36 -100 -172 620 -64 -651 -20 207 90 -172 -171 -36 431 -358 -76]
[-103 -373 271 -169 62 284 -86 86 -70 201 53 -868 70 415 276 -197 -70 -173 -287 -192 -380 448 -258 -43 -113 -477 291 540 -393 326 134 89 -203 344 379 519 -118 -132]
[496 656 -213 -228 -235 -392 -665 361 273 -193 -416 131 -100 -88 -430 -221 -535 144 65 267 270 232 -316 156 622 -2 247 -246 33 21 508 -312 10 -509 113 369 -276 80]
[174 -326 347 148 -114 513 670 565 -330 439 154 -552 -112 -231 275 -371 47 -365 -324 -17 -600 427 -306 -412 -109 -298 378 167 -307 -441 -266 285 224 -319 139 33 -151 205]
[-339 -209 287 -72 289 -156 -249 -106 -146 167 -237 -294 303 -117 277 177 -39 -77 -113 125 -218 -109 537 24 223 -731 640 422 301 229 423 204 -325 309 -21 -395 415 -247]
[-383 -289 696 -308 43 -222 282 283 -263 417 -74 -814 147 -99 780 25 182 58 -82 -194 -217 -668 129 -17 -321 -27 542 444 -124 326 -100 12 212 136 -260 -306 274 147]
[453 715 23 18 -747 424 -94 507 213 8 -393 15 304 -161 -126 -506 255 176 -117 423 315 -291 -400 125 -86 15 399 -541 -255 -128 41 -182 88 -323 433 -121 -30 309]
[-88 476 -395 -749 87 624 -51 -104 70 8 8 -120 67 41 -246 -23 699 61 -123 151 377 16 -487 429 -216 89 -73 -83 16 257 -102 -572 614 -354 514 384 599 340]
[-240 161 -129 -109 380 345 -442 -301 155 -566 -101 -127 -237 -189 293 61 -299 -7 -193 419 -49 943 13 447 -433 225 -361 159 -539 409 347 125 237 -353 214 588 -396 -184]
[-355 -180 268 -105 -102 -402 113 -30 145 -266 376 -139 108 336 653 56 61 74 373 605 147 -507 -126 143 -786 334 -297 302 -56 -50 -268 216 573 523 238 423 -381 -244]
[-16 -439 114 426 181 831 411 371 8 60 -78 512 457 -367 77 194 725 -181 -59 -136 6 439 -100 59 -197 224 -138 -281 -105 -214 -492 145 -399 -731 131 -310 13 50]
[-217 -315 192 -186 -621 114 12 337 127 168 367 361 223 314 431 222 -511 159 15 -58 -156 132 -63 40 -95 19 -89 461 -191 -498 -313 289 -103 -9 -204 194 -859 -241]
[210 -34 -350 217 349 232 -523 -409 -250 -56 62 191 -469 -31 -721 -20 -440 -19 84 352 -293 304 -248 -18 56 -216 -245 27 -358 546 277 206 387 22 -223 333 -137 -204]
[-909 30 -63 -410 168 35 285 9 -107 54 -298 63 -111 -278 380 189 -151 184 -311 -653 291 -130 550 -382 -82 -147 211 -245 -265 190 79 46 -602 -21 -341 -4 233 331]
[-203 -125 -114 -712 233 108 -370 56 -103 -20 187 405 83 -353 67 311 595 -171 215 389 -240 6 -64 356 319 381 117 221 1121 -164 16 240 678 -161 -102 -318 98 182]
[-311 -178 416 -248 -147 -45 -113 89 247 -176 506 -184 161 329 395 -22 -257 -28 -74 -207 23 5 -689 385 -437 90 -237 254 -184 870 70 -422 361 60 56 -50 102 -374]
[345 161 218 469 280 -343 -150 694 385 -398 -667 392 341 -529 -59 -883 -486 -70 -19 696 81 -335 -532 52 287 -242 476 -297 -212 124 320 58 366 -90 176 -261 -574 -167]
[-176 317 -605 131 83 -483 54 -331 -46 -45 -384 443 -154 -42 189 -365 -148 25 200 697 483 45 294 619 44 198 -161 381 144 -394 72 -214 337 -259 98 244 -453 33]
[428 243 -514 532 -183 -221 78 -96 16 -1 280 -296 -441 485 208 -574 -271 -402 172 507 149 7 -185 -592 -457 58 -234 -199 -48 -86 -242 182 154 -377 418 116 -246 -322]
[437 -192 -291 64 -254 284 -525 -306 514 545 -593 470 389 639 -110 -44 -77 -30 -250 219 129 288 -538 181 385 -153 212 730 199 73 -55 -429 -531 317 257 263 -43 -403]
[164 -101 334 325 393 -456 -172 189 -200 74 -591 -571 457 72 69 -332 -45 -139 231 893 120 87 -362 -78 199 -155 -213 293 79 -274 608 86 -235 -59 -160 418 -250 546]
[-94 -31 122 21 54 -198 -752 118 552 235 -669 -43 -111 -261 235 1075 -472 325 153 46 -55 57 232 27 110 207 453 120 -137 303 717 138 -348 -666 -346 -114 6 308]
[-112 294 20 -284 -154 301 621 175 -375 307 -225 541 -145 36 252 -629 147 28 -26 -486 577 -194 -807 -82 251 487 7 -502 97 -435 -351 -266 -17 302 574 193 -1 308]
[-341 -376 63 -169 -402 587 -243 -5 -227 168 160 265 135 365 -143 -252 425 234 -503 366 -470 104 52 -432 -597 -171 -321 143 -363 -246 43 474 -296 348 -365 57 -37 7]
[217 464 -415 254 -88 36 49 136 421 -244 72 -217 109 -426 -452 733 157 69 76 396 114 621 202 530 459 62 -78 -163 -420 -97 -13 -167 -296 -423 134 431 517 152]
[100 93 -444 -66 539 437 388 -427 578 -258 -105 -130 394 381 280 -108 -130 4 -122 -108 -58 86 200 -111 -456 -283 -53 -72 157 175 217 -169 -281 403 -86 234 -279 -69]
[472 502 71 -94 252 -778 -362 91 497 -477 21 316 343 -112 -372 -313 447 -1 311 31 49 -41 40 341 252 -10 -297 -100 -17 -636 -66 58 -146 363 211 -350 239 23]
[-5 436 589 508 -436 -438 -124 497 -85 -576 167 308 -207 -143 -55 -21 -155 687 220 -21 282 210 416 -364 -556 150 -574 126 -354 -110 -264 209 61 -205 -147 248 -371 153]
[86 -191 207 215 5 -233 484 203 195 600 146 -101 32 7 -145 346 472 -171 -168 -332 510 -157 46 -402 295 530 281 223 765 375 -361 -187 -33 -387 187 -364 788 582]
[527 407 321 280 -30 167 -170 902 35 107 -514 589 384 -499 -601 -264 136 -414 -34 27 400 381 -227 192 638 -430 369 -143 -183 208 -10 -212 434 -394 282 -33 561 -172]
[375 75 -294 115 -301 272 103 -364 152 63 519 -200 413 -168 -45 -3 -206 30 -67 -120 -479 278 -84 -150 -250 -166 -186 -529 -677 224 30 -279 -263 -471 -237 76 -153 37]
[269 352 411 -117 170 -70 23 -38 -196 -168 -293 -422 520 373 278 133 431 -328 420 551 -57 222 -39 -280 114 -820 -180 55 417 -360 133 123 439 -59 960 -15 125 264]
[-330 -455 -321 67 406 -260 -318 179 -121 -378 -324 407 173 41 46 319 -565 128 -301 -723 9 86 689 -271 116 131 -345 -540 -29 -190 -528 368 -149 316 -609 -467 -134 30]
[-319 -90 -672 -148 259 328 291 -320 -355 186 114 847 792 -100 -476 191 363 -3 -320 -28 -25 -335 48 42 132 62 -410 -653 -82 399 -139 310 -390 555 -325 -318 -254 -384]
[229 632 131 -229 143 78 -507 -74 337 -32 -480 204 -504 -35 -135 41 -9 370 36 969 571 -174 68 -326 -352 -181 -312 -264 -890 102 282 49 208 366 252 296 -370 -488]
[45 -251 -29 275 343 238 -100 -14 -365 -46 253 391 566 -255 -107 509 182 -285 404 426 -518 329 82 96 -234 146 228 489 89 -198 403 467 117 283 -65 -171 395 199]
[-555 265 163 685 509 -150 851 -29 -133 -331 190 288 547 -101 9 12 -373 273 461 95 -312 -403 298 -71 -67 -101 -604 -115 273 -618 -363 392 281 163 -150 -301 -244 -361]
[14 415 196 -244 204 -511 -157 165 -37 -201 543 36 -278 246 87 349 -16 98 397 -74 425 301 221 4 -332 366 110 -375 244 -550 201 176 419 -210 -212 -239 -176 -728]]
