[[71 -402 370 284 192 -203 -104 -188 -222 82 -222 311 -362 512 114 402 -370 -240 -414 225 -322 540 255 -42 242 189 57 -448 110 152 167 166]
[-226 42 186 -19 -233 34 -18 476 -448 -406 -225 -103 293 -164 -102 -295 -136 79 208 -433 -52 168 -350 429 -739 -328 -236 -158 -149 359 -284 -259]
[-19 586 -83 200 356 70 416 11 265 -48 272 -351 -314 -577 -87 489 517 196 229 209 202 -54 181 -114 19 544 11 -190 -162 53 -313 56]
[139 -110 -340 226 -667 -512 -185 -203 289 5 412 111 485 -105 113 63 610 -124 -98 247 339 -80 83 -229 -99 87 -65 786 -188 -136 176 -6]
[74 328 -69 114 -750 -63 -286 -139 142 -49 180 -34 54 236 142 537 22 14 -323 -752 132 -236 -226 -255 -524 11 -102 136 -128 119 -37 -446]
[14 401 190 -11 -704 -25 -147 49 -219 -400 -34 494 -59 122 -39 -16 -66 560 30 -690 20 -291 -683 227 7 -87 75 236 -95 -400 98 -119]
[269 -261 171 304 93 -1 -353 -106 125 459 118 -276 19 -68 328 401 814 42 -472 598 -2 72 59 -770 -95 -76 76 63 481 340 83 55]
[537 -481 -564 -44 110 27 -393 -467 64 782 106 260 -127 293 249 -332 313 80 -441 253 378 326 133 -173 -113 -8 143 -112 -281 -382 342 -272]
[394 -307 -191 -139 -352 195 591 -195 -39 -268 -291 451 -426 -259 -246 -312 -225 352 181 -767 310 316 -276 324 -120 82 267 -244 201 -164 -191 -340]
[176 -424 -186 97 -87 -26 87 12 100 -460 248 159 278 -493 -84 165 -529 -82 217 -509 295 -360 269 -497 170 493 -195 270 -113 364 168 -198]
[-608 225 801 444 -100 -159 -98 140 121 19 -13 137 -222 352 291 888 545 -2 -72 358 -255 42 726 -29 187 71 -476 345 -67 -26 -246 -110]
[-114 -482 225 -56 669 171 437 -56 -600 56 -76 602 -414 121 -224 -364 -196 593 131 -262 183 73 181 173 264 -140 82 178 164 562 11 -237]
[427 506 -88 306 79 161 53 292 386 365 357 -564 73 -137 431 252 693 -62 -312 -60 -422 224 16 209 -158 -46 -442 43 -227 115 -212 248]
[98 344 -206 -195 101 -464 -499 -794 -14 304 -300 68 7 921 173 -152 -498 -356 -119 55 86 -179 96 176 -375 -93 -242 -894 -68 -284 -37 -18]
[170 129 -381 -266 -422 252 394 -52 852 -105 492 -785 -475 -185 259 -243 -143 -148 -156 -273 -220 190 221 -488 324 162 235 301 -80 -22 -199 163]
[272 -34 -303 159 62 -305 812 320 250 346 187 273 -479 209 -51 -23 -164 -334 -418 -269 -56 746 -204 109 231 481 109 -536 -1 -467 403 60]
[-160 -542 -709 243 371 -349 127 -319 -216 -523 -28 -177 227 -551 -405 406 287 -388 -204 331 -11 834 123 212 -71 -18 373 -90 -324 326 -27 -143]
[470 76 304 260 -50 228 49 372 -340 -49 222 174 -50 -91 350 -330 122 -250 44 145 -111 70 71 537 -435 385 -280 263 -436 -348 58 -522]
[133 400 191 149 -294 19 -286 -291 -564 -83 147 -331 289 220 0 102 -782 -261 197 190 -284 -120 -37 -44 -322 291 168 -425 -537 519 -387 -556]
[-259 48 22 -102 34 130 334 292 647 -12 -113 181 -330 -48 146 -271 158 277 -423 552 138 412 -294 73 797 -529 -113 -188 -128 -701 227 266]
[119 345 1022 25 405 112 -329 -7 -350 370 -159 -604 -336 6 286 -403 83 -49 32 -18 -541 217 590 306 212 14 -443 -301 90 188 -199 -33]
[-66 90 356 220 -410 -27 93 -421 42 93 -220 -366 177 41 294 448 61 143 -89 -66 358 -211 -56 -210 674 -638 375 671 59 13 -215 36]
[-312 85 -152 -630 -132 -31 -296 14 237 638 277 -238 45 247 -244 146 679 49 -762 176 728 -366 -300 97 -551 17 149 -32 504 61 -95 -277]
[312 -771 181 -191 -422 -955 -308 -112 704 -236 68 23 123 221 195 -210 -304 -236 -184 249 -250 -374 336 -386 19 662 -173 155 481 -111 364 -197]
[-247 981 -377 -38 8 68 126 -566 511 687 -251 304 -198 388 64 -494 217 652 141 -347 72 -122 151 620 577 -46 -451 374 -289 -345 451 -182]
[-19 -256 297 413 -674 282 3 338 -263 -45 -6 12 -231 -146 559 -477 99 462 -533 130 -218 119 -387 551 -552 -46 -158 43 239 -60 -231 238]
[-481 -69 417 388 -34 -31 -464 489 -147 4 798 241 -121 -129 447 243 -21 157 -300 281 344 109 -59 -552 -201 94 505 -124 -189 313 231 779]
[-363 93 399 -44 411 -81 284 -59 -77 -808 -190 320 -13 -135 -190 -585 -247 -77 207 104 -433 -84 180 140 757 493 282 -490 -264 172 389 -276]
[367 -320 337 361 435 513 -68 92 -197 -240 -809 821 -733 -255 -387 180 175 116 112 281 214 312 -546 -139 -328 0 37 -546 -199 -74 -425 124]
[-246 -504 -470 -333 290 -213 64 -373 -211 -87 -234 519 -231 -1 -6 585 84 -417 -93 465 112 130 320 150 499 731 330 505 -56 510 -118 179]
[73 -25 -647 -370 -547 85 100 -32 -386 -343 386 -320 46 199 -201 -54 395 -385 150 -101 291 98 -206 41 -313 -253 667 -125 378 615 -217 -677]
[-289 205 522 -287 467 299 -237 660 -325 -360 -750 229 285 -709 -50 -76 52 305 328 -105 -267 296 524 -321 -21 -33 27 -368 402 289 253 29]]
