[[-296 152 59 129 -673 703 -208 -123 82 35 147 -272 207 97 574 -393 -14 -51 -7 -88 140 -351 311 -14 -503 -176 -169 -219 -50 -144 0]
[-136 -109 678 -95 -269 147 214 -291 -355 399 -325 77 278 370 69 38 -355 -271 61 255 219 95 341 -68 287 185 483 -266 335 -390 -21]
[418 -438 50 158 622 -39 -497 297 348 83 -16 -489 -137 140 -246 -96 69 -209 680 -269 -361 296 -364 162 163 -228 209 380 87 141 33]
[109 -467 397 -56 412 208 -135 -226 38 45 -346 -273 -108 172 221 270 151 -103 162 -205 -207 425 -309 386 733 -24 -293 -88 414 672 270]
[171 629 -317 -172 313 -126 169 221 -5 373 751 649 41 -221 226 -379 -308 235 -443 123 165 -580 304 -65 0 -351 -190 154 -239 19 -34]
[-130 -103 325 239 -54 -114 -517 -417 260 -510 -143 -118 -227 232 -436 447 -72 214 303 57 -441 56 -239 400 -114 -13 487 -332 300 427 55]
[-822 -188 -3 37 -502 359 193 26 -244 308 -492 49 183 -201 883 311 -44 -232 -417 202 119 -577 184 21 405 75 -408 269 81 47 95]
[154 -588 -144 187 -80 2 22 -516 -181 -220 -545 -480 -80 215 620 -77 -40 -714 80 -125 110 101 30 120 450 291 79 -612 174 -310 253]
[10 -64 197 -30 -172 427 -37 273 158 -212 82 242 100 -43 220 296 -105 405 963 117 -561 -226 -226 303 247 -350 -64 25 615 542 64]
[-328 195 -37 -62 212 -354 -605 -333 -160 86 82 -146 -15 -322 370 72 89 662 -367 79 96 -622 -241 393 -66 265 -308 416 36 446 537]
[-175 152 -418 50 225 -374 78 371 21 425 264 273 -21 106 -43 691 141 453 -425 364 232 -74 -278 -424 -142 238 -155 645 405 -27 362]
[-261 55 479 13 315 218 -39 -4 654 938 -598 -345 219 -205 328 -412 -468 -88 -157 -117 -22 -53 52 -177 705 -68 -5 223 -325 278 -193]
[-495 -24 -235 466 -162 266 -73 -448 61 697 -238 -53 -7 13 369 98 48 -15 -321 -302 518 -489 282 -580 187 184 -679 -418 -60 327 402]
[-150 161 -144 -109 85 -182 0 16 -170 374 974 -36 108 5 -193 -66 -167 7 -279 -696 619 -300 74 250 -432 -481 -197 36 -236 -3 161]
[-373 577 -329 -457 249 -294 284 589 574 310 251 -72 482 278 -485 -178 15 -65 -318 -98 131 422 -419 -454 -68 -253 -139 272 97 -423 64]
[187 -140 -186 -30 -239 600 280 -229 -688 81 -23 494 123 -388 -160 76 -271 -613 55 -192 372 -119 -61 149 365 -412 -91 -767 -121 -486 87]
[-531 65 -368 127 -426 -417 37 194 -471 239 779 448 155 55 520 64 325 330 -78 -273 -293 -836 215 11 -132 -240 -49 -40 -154 -412 -50]
[-58 -18 313 -96 -264 418 -449 66 -182 -7 -180 23 -114 -82 -297 129 670 498 -508 42 -34 344 -56 532 143 161 -566 -43 232 -423 -114]
[16 -275 78 273 291 -262 91 352 297 5 543 -517 42 -77 210 -78 -142 347 584 -236 -429 -5 -318 414 341 56 -551 -112 -208 -1 -301]
[48 635 340 149 460 307 -685 125 127 -298 127 337 -261 -234 -473 -383 -144 -576 -139 -449 7 122 347 521 -344 -703 -189 -224 68 41 13]
[449 -35 -564 42 377 -77 -365 277 -562 -154 155 -336 -48 -270 112 -95 -193 -700 225 38 201 627 7 108 -394 88 287 -13 -301 -75 -164]
[111 56 357 279 90 -246 699 -55 83 72 -367 407 -545 672 -15 441 29 94 271 15 -183 666 47 -805 110 277 -301 -598 -322 125 229]
[15 -149 -402 126 -322 197 -410 123 -210 -341 409 -775 94 -438 499 109 718 -392 359 -693 216 263 -250 -320 -162 -102 229 -304 -6 -53 176]
[-72 -636 454 288 -64 -224 -592 -95 -246 198 -155 100 407 -30 -307 100 -240 265 508 461 -736 484 -226 -45 -203 394 492 2 96 -284 316]
[32 323 645 -508 -127 -100 641 -63 243 117 -20 401 714 -472 -432 -15 -394 -46 -169 423 819 295 106 -52 273 -96 -31 160 -600 -517 -45]
[-211 -187 90 -45 -394 563 -447 28 -20 -156 316 -164 124 -366 277 -257 161 131 130 -155 -384 -435 -445 -516 386 -271 -1124 107 60 -10 166]
[294 -300 471 -18 -155 -407 -567 -144 112 -135 -498 -329 -302 -274 -219 5 -323 -161 -6 200 366 -483 -50 96 -431 -71 671 -273 -102 28 489]
[-869 -180 57 113 -424 74 -159 -90 -790 84 -234 -354 353 -189 519 -142 538 -99 -359 510 -557 35 242 168 -21 -165 -467 -80 300 146 80]
[47 -209 314 77 -227 -27 604 426 -159 287 377 335 -116 214 -531 -304 -99 -430 639 -406 -442 -72 -334 -134 471 -96 496 505 -357 195 -199]
[-455 367 -121 -631 -410 274 34 -335 117 401 -208 292 111 -372 300 -743 -561 24 -175 550 181 -346 141 -116 -3 -115 324 -218 305 -459 -641]
[454 246 624 -711 200 -327 -358 -63 -48 245 -39 374 -264 -740 -8 18 279 -372 -332 96 -123 -107 -206 620 485 124 -73 162 238 -63 232]]
