[[80 68 324 -349 84 -179 191 -50 36 -607 -26 578 -549 785 55 60 27 354 65 272 -216 -52 664 -216 234 -28 -134 -198 -135 -67 173 -215 268 -78 -199 175 -58 -25]
[-131 411 305 27 -183 176 490 60 65 -81 378 975 -345 234 187 -17 -354 -572 -404 103 144 196 539 -185 176 -121 494 -135 258 70 179 -270 79 86 -115 16 235 -58]
[-291 -110 -119 -307 35 -13 514 207 -441 -355 -3 189 -168 -295 -653 181 268 3 -367 -18 -443 386 239 220 181 64 220 390 291 -96 -295 -732 121 88 -145 17 150 -53]
[-7 -56 -28 308 -342 208 -442 -6 89 812 -154 -538 -22 6 -329 -210 387 374 191 -14 348 719 -228 -251 -416 -309 -291 -199 -328 46 211 234 -588 -394 67 129 -249 -156]
[-281 571 433 -1121 -29 -258 -86 56 79 -362 70 372 -258 187 182 -31 225 -460 -149 -187 408 -149 157 -418 45 596 -83 -168 -255 101 -150 42 14 -113 -485 23 -112 216]
[-199 -419 -339 -62 88 -137 272 -511 -101 574 -218 438 105 -482 276 308 -466 -192 500 59 -218 -349 -195 196 -142 -130 394 66 403 -201 414 -160 60 58 821 -66 263 59]
[-560 -234 111 49 -348 -269 -224 324 -178 -226 125 493 -266 -62 -343 132 -46 424 -31 171 502 150 137 119 -265 373 -631 -202 -19 -56 102 -340 -413 -643 121 -148 237 101]
[-363 -269 215 -515 186 183 313 -200 -167 42 78 -31 61 284 748 301 126 -209 109 -153 -719 -92 132 194 259 -227 624 -172 96 67 -430 -193 147 622 652 286 573 168]
[-111 -291 178 -62 -237 47 -229 686 146 -658 74 -370 -142 220 -109 -66 23 -555 -667 -39 -456 155 151 -183 -142 -57 -147 322 -155 215 -334 -395 -624 370 -25 -134 537 138]
[-120 82 -171 -51 144 -22 113 -594 -4 69 227 339 66 -520 549 410 621 182 95 -164 -403 -2 14 36 -66 316 284 -255 53 -262 16 2 148 -277 506 413 -309 -17]
[117 -304 70 -265 -338 -250 -653 103 172 -808 -161 158 -482 225 -327 -89 -345 -274 -77 285 329 -91 77 -123 28 556 145 40 -96 -419 -219 -101 -572 -454 -538 243 -100 -59]
[-206 98 459 478 -2 -313 -57 397 -277 -114 -33 145 -388 137 -578 6 -267 510 -228 160 -132 100 365 2 55 -892 -472 48 -515 347 365 -109 679 -312 -529 59 116 4]
[862 282 -439 969 -60 398 -350 -73 399 -60 455 202 191 -28 -462 88 -618 305 -132 102 366 -325 -90 77 227 341 -64 -601 -116 -89 -306 224 -351 -136 155 -146 -215 -276]
[47 -517 429 279 -202 64 61 569 -68 -192 -103 -65 68 749 198 81 -32 502 -62 345 280 -200 462 158 -63 -164 31 -45 674 628 244 -345 -672 142 139 74 546 156]
[-261 -21 -10 823 -261 -383 -86 725 1 -37 533 195 -7 163 -226 -67 -270 -80 -866 201 -254 551 180 596 155 -490 92 -7 -488 204 39 -832 8 52 563 -364 419 -78]
[215 -840 481 587 103 -447 -265 -160 78 -15 -193 -128 188 226 437 -683 -663 -303 67 622 3 -174 -16 360 167 -76 276 35 -524 -277 188 199 -165 -14 -49 -136 289 276]
[-594 57 494 -200 22 -469 -473 275 -216 -397 176 238 409 251 259 138 -143 43 169 -38 424 -20 149 151 -163 167 59 39 -24 126 -186 -206 898 73 -557 24 -409 -242]
[-122 -252 168 -548 -242 -421 139 -183 83 -420 333 -193 -189 346 497 -35 817 215 -241 -39 -156 -339 80 696 397 385 51 206 -408 300 -204 -108 181 -164 -211 709 -7 236]
[158 -230 -292 130 -51 187 205 -674 -153 295 -156 -368 400 -187 -61 162 425 -337 259 -121 -611 724 -388 328 -129 756 215 -426 -326 -186 -774 -388 -154 413 268 403 -206 -359]
[-44 -556 -47 410 134 -202 25 -1 -528 -268 -378 126 -248 -277 -144 392 -32 524 484 -317 250 284 -220 93 -340 -165 -612 -69 -271 39 -93 141 104 -379 -116 205 -153 346]
[71 -69 -192 453 -155 271 140 -327 -60 16 -130 -703 626 14 281 -596 125 -50 284 -413 -408 -378 -276 95 -177 427 -216 526 156 -227 -387 386 779 222 -218 111 154 -118]
[-303 278 -63 87 417 -12 -65 344 329 -518 -85 244 55 -572 -624 283 -262 -422 -276 77 -355 -306 157 -103 -438 -359 -149 652 259 -341 115 -115 186 -430 374 -272 441 -58]
[371 425 329 557 139 282 -120 -472 350 -447 497 49 -270 304 -305 300 -452 -513 -39 188 -994 383 674 -44 122 -499 115 41 -113 -250 -198 33 -125 207 -111 321 -301 -425]
[-85 -537 -108 -805 429 -95 -178 5 382 -309 -444 125 326 -310 -51 254 0 40 159 -66 585 -599 -167 97 380 332 -96 226 209 -56 -85 283 1 -385 -702 -203 51 631]
[-73 678 8 30 -95 -376 -390 581 307 -390 351 -55 138 -24 588 179 -57 -50 -317 -221 -108 -326 -48 2 -22 821 -344 644 42 -120 143 202 -35 -210 -492 -768 -162 194]
[-436 -274 20 -16 -189 -147 -46 611 527 304 -244 84 -173 -25 530 -107 -528 -543 -214 195 -296 -126 -677 280 21 -588 1064 392 370 -91 57 -45 -193 -51 166 254 336 -253]
[-236 -173 -84 233 235 -191 143 173 -125 -48 180 507 -280 140 413 635 -293 -569 -251 100 -184 -375 -202 315 147 -248 498 -160 -94 -46 3 -211 76 -219 52 -361 224 -196]
[-426 -951 468 -677 69 70 -307 -284 6 775 -10 -40 135 -110 20 -85 -530 -282 11 -343 -374 -730 -682 -390 -321 532 99 137 -328 22 -510 167 -45 456 117 -115 651 -68]
[370 -18 551 -475 71 -184 266 -394 210 541 613 79 94 -259 199 -424 287 -209 -75 -21 239 37 -71 -96 229 194 291 -178 102 322 -8 117 216 -21 -311 -349 -723 -359]
[-510 166 420 -764 -665 -395 -115 99 18 -14 -27 -793 -332 653 395 216 102 209 35 47 245 126 -228 119 -706 239 -824 237 -202 267 539 1 -518 -445 385 161 608 42]
[-166 440 328 -351 838 -78 176 -462 -98 628 -43 222 607 -125 -138 -843 -134 -488 108 -204 103 127 185 -179 296 92 531 377 503 76 19 -126 46 14 107 -387 -143 -413]
[-104 691 313 131 171 -100 144 -463 130 677 -282 59 -393 -557 -482 801 244 31 24 182 342 179 116 -329 -448 -210 349 -482 -3 44 169 495 20 -401 -525 119 0 -149]
[-372 73 500 445 -101 395 -50 232 55 892 304 -624 440 249 -227 -69 -325 -59 -69 175 258 -104 93 -52 -486 -179 -123 363 -322 278 607 19 -447 -31 106 -263 -434 -260]
[-337 -304 -324 583 -644 444 56 129 -367 -18 71 -894 166 -449 -21 384 486 416 -231 -361 -764 658 199 630 139 -408 -132 -226 131 -55 -226 201 212 10 -321 913 -192 -352]
[465 205 188 -410 547 -184 204 -329 -103 -923 -135 -212 -122 302 -26 -221 -130 -146 -183 376 -1142 345 -14 351 407 40 217 -134 -201 -209 251 58 149 533 284 -312 405 -350]
[10 -141 234 809 151 233 124 -216 -31 151 -458 -206 187 131 176 132 36 -6 337 106 144 257 -34 -468 89 -496 665 -382 -346 -135 -697 365 -92 242 523 878 -19 -138]
[799 342 38 129 57 133 1037 -1 -112 -302 -474 290 -8 460 -610 -17 -105 229 -211 -158 -372 -4 250 436 346 -128 -112 564 464 699 -345 411 366 303 -481 354 -145 253]
[217 -352 44 -351 20 -457 -385 231 -411 -817 534 -8 -5 -321 -305 210 146 48 -771 225 -147 102 -385 200 104 710 174 -445 -600 583 -869 -490 -24 -367 -392 572 -84 369]]
