[[303 -4 37 97 371 -246 -242 381 -303 -82 -56 169 -129 -142 -233 -728 -134 115 -108 162 85 164 418 83 -555 -71 190 -622 -145 -320 -296 -32]
[247 113 -123 -166 -196 -592 19 270 240 95 -122 149 48 7 -204 -502 628 146 38 -148 -376 27 -52 -331 -402 -385 -164 -667 -361 -127 -140 -229]
[206 135 -272 -103 -12 543 -205 -187 -254 146 -378 -139 -185 133 450 581 -329 -151 74 -212 240 -636 106 188 410 -333 -57 692 19 -420 80 232]
[297 -68 -332 205 -65 -301 -306 183 -353 382 -547 164 -86 -254 -172 -430 363 472 47 -308 -756 29 112 257 -191 188 -94 -190 22 -499 -86 291]
[81 -67 -219 -28 20 -113 -97 591 324 -349 322 168 178 -651 -130 -109 121 202 -38 294 87 -422 -178 -433 4 384 -274 -330 13 -207 236 -136]
[228 199 -166 -221 69 -176 -83 517 -223 279 -360 -22 140 -310 111 -63 -198 220 -165 427 537 -19 486 -540 69 -191 278 -410 515 -375 451 -25]
[-254 -181 -619 -69 -150 -401 410 148 516 592 -444 165 -12 -26 221 43 167 -73 375 -35 -244 22 -371 -489 558 849 -59 172 248 -22 -33 172]
[-35 91 -171 70 -247 20 58 -383 -209 507 209 85 -241 272 191 -230 -510 -348 -94 -128 9 637 580 126 -246 890 490 140 -58 -184 122 299]
[272 -48 -27 605 452 -392 -170 431 467 135 316 619 322 -164 278 -123 27 -402 2 -389 -511 -43 -274 -105 -235 707 -208 -197 -139 -259 -66 192]
[134 89 -350 406 -105 38 -299 239 227 546 -397 -71 232 280 551 442 54 -97 -42 -117 -500 -316 230 -336 -646 438 204 -176 -255 -207 -51 28]
[-162 -84 -319 590 3 70 76 26 106 408 -387 -45 725 -458 314 225 677 170 289 -94 -230 -538 30 45 219 29 12 -282 89 373 -43 6]
[80 108 -203 -73 420 87 -135 435 523 21 -270 470 555 -238 324 -279 159 243 537 -13 577 42 -23 -412 -101 4 271 -370 102 255 -280 -549]
[-10 117 -162 -20 -310 -534 -129 -121 -330 -299 -220 -343 -397 -393 -116 378 716 136 -59 -149 -116 -517 -517 43 -3 99 -245 -249 160 18 -37 359]
[-268 -35 38 156 -297 -42 -107 257 -144 92 335 -159 -185 -178 -715 -462 -179 -155 5 -283 -377 167 336 -167 -170 -370 134 -60 -742 -546 39 120]
[412 140 604 377 72 -463 -64 227 -162 -303 430 -338 -34 -310 70 471 2 172 -41 42 243 -19 308 -52 -583 211 -326 239 50 -69 299 353]
[-530 211 -281 -489 -537 351 172 123 118 637 172 -35 44 381 -223 136 -68 -125 -320 190 -169 -184 -232 -53 -404 61 -26 -99 -131 17 -248 -232]
[-408 104 73 658 -43 -242 -257 -244 55 28 -236 68 432 394 341 329 -146 472 581 -36 -422 436 58 -171 -59 -159 397 301 -35 471 -139 395]
[-35 -154 244 -364 -421 -418 480 -762 155 202 454 -775 -370 328 -290 -276 -319 -311 208 -288 70 468 -168 -596 400 271 -288 -3 -228 280 309 151]
[82 401 -265 -102 -209 104 269 -59 -244 561 601 292 203 291 699 630 86 -389 -125 -336 122 196 39 582 386 -503 374 42 -31 145 50 570]
[-576 153 577 293 20 -164 38 396 419 -137 -182 378 217 152 -32 464 18 -284 732 570 139 264 -169 -545 136 30 -199 146 152 52 254 213]
[514 -140 -145 -166 109 -528 27 36 -119 367 -202 -368 188 -36 -234 -104 652 -13 -639 -123 321 29 276 -142 589 -327 -40 -735 -222 102 -119 3]
[-530 -228 230 459 -134 267 -489 -906 -115 3 424 -169 -528 199 -15 483 107 -336 -370 -68 -258 -43 147 170 63 777 -128 -114 545 200 376 97]
[-76 -72 193 -109 338 417 -115 -509 158 144 451 43 380 465 -660 -53 -146 121 -191 -97 176 416 -95 37 -619 30 -39 -133 692 -25 26 -358]
[369 -302 -366 24 -344 120 -66 -29 -140 -280 339 -10 -258 44 -335 -140 -9 -114 145 418 187 -416 181 429 580 667 261 -611 76 -582 31 276]
[-211 341 106 -41 -375 -15 -306 37 -628 -671 37 185 116 356 87 437 -331 -547 -364 -320 236 -563 91 169 -24 -437 323 296 -244 466 -70 83]
[-855 -253 232 200 -486 677 -59 -563 -328 -655 -487 -297 410 424 -157 454 180 -236 -277 -37 497 318 132 119 -28 8 556 47 235 266 537 35]
[-173 137 -69 133 -85 -399 -140 -111 -314 176 55 -625 -396 -582 -94 490 407 786 136 -471 -28 -797 -88 557 565 -52 -310 3 -307 -26 213 40]
[155 130 -119 -301 521 -588 -151 18 -815 -72 142 93 267 276 93 262 69 -116 -283 287 -255 134 -40 -90 482 -615 480 -222 77 -275 460 187]
[265 -250 258 -226 -91 256 108 -898 -314 246 660 119 395 222 -63 474 -30 235 -473 -271 -687 780 -36 155 304 371 -19 77 334 139 -147 358]
[75 196 79 -297 332 356 -99 254 -542 -53 -215 -683 -281 213 675 508 310 -68 -146 -103 287 173 -65 242 506 95 -307 402 734 -166 199 196]
[-130 225 -129 319 -642 27 182 -403 -488 -119 -302 290 -163 394 -190 -109 525 328 719 -470 19 88 -125 63 4 139 8 453 -857 -369 -121 165]
[-23 500 137 160 3 -317 -304 185 -80 -286 -44 241 -177 7 -281 -228 176 635 -688 228 -464 -485 194 -713 -415 73 66 -525 -90 215 230 65]]
