[[-31 430 118 737 -186 -374 -253 -23 -98 426 -35 -208 -82 -207 306 -373 -627 4 122 -218 -149 -382 -153 -125 -305 143 280 -31 -34 227 -100 433 24 -105 -242 65]
[67 441 -253 -341 -108 -276 139 61 198 -477 -382 220 407 388 -555 408 -217 73 -355 -89 42 401 242 397 -91 181 131 -198 35 -1 189 -493 241 -277 136 116]
[-381 -630 -415 -522 3 134 433 -222 246 30 89 -56 -579 -173 244 139 407 -94 612 371 480 382 362 -374 55 275 226 405 -13 -361 311 42 178 -203 89 -42]
[44 231 -231 430 -12 203 -110 267 -378 -587 -163 -129 434 443 -750 239 238 -368 -154 78 -86 -17 -8 -505 438 -195 230 -480 -193 288 -451 -276 260 -158 81 -281]
[501 212 357 489 306 -196 -668 -150 -134 430 -203 -76 -211 344 210 -146 -42 66 -364 -750 7 21 -651 445 -370 19 -295 489 -129 -148 35 297 -578 -279 -204 356]
[504 -60 180 -512 691 -202 299 -545 315 344 -407 124 266 387 302 413 34 -6 -45 98 -39 267 402 380 127 288 202 253 -101 -312 141 -129 -229 -618 337 138]
[259 -507 -29 136 583 305 124 64 153 149 -441 239 -64 7 -352 549 544 -278 -247 128 -441 -62 279 -704 524 -143 79 -22 -40 302 120 -587 -326 15 -142 -318]
[-632 -146 -359 73 -232 144 -24 648 -16 -170 295 -240 -280 81 -36 -193 77 255 81 -150 159 41 -257 -418 678 78 97 543 -193 -180 -549 464 510 -275 167 160]
[-452 -118 -368 -152 51 -213 -158 252 -328 141 -9 55 -123 -439 343 -260 186 595 -199 508 191 -173 271 63 378 241 205 5 106 -550 -9 465 226 182 -5 147]
[54 -124 -228 244 298 -194 -84 412 128 32 338 261 358 -170 254 463 -75 282 -779 -108 -284 -318 346 51 242 -211 319 24 416 -29 9 -501 -400 12 341 -127]
[-361 -284 -201 -493 -206 465 34 -399 439 -100 715 -58 -176 86 189 -80 330 193 -345 -617 -373 -37 -179 97 271 159 -466 736 428 180 139 -183 -568 35 23 32]
[-415 -161 -546 54 -126 -544 -199 -626 -121 -339 61 -276 56 24 -96 -873 -83 -140 179 441 101 288 102 153 173 441 149 -77 210 -179 389 -49 290 131 105 226]
[-94 497 -132 393 58 371 -220 -42 -173 202 -645 494 66 -69 -480 -119 242 -77 205 -273 482 79 115 -211 -550 -272 195 -43 -460 -385 336 -6 -211 18 -593 -314]
[-488 231 163 151 239 -111 148 187 555 -240 -134 115 -117 615 336 -531 -444 179 261 -458 -266 285 -82 450 -233 171 172 533 -221 -156 151 -250 169 -432 540 -28]
[-522 246 197 429 -496 125 -322 118 -730 -349 139 -293 -106 74 20 300 31 56 250 302 -116 -536 210 -224 -428 444 -205 -277 531 -221 -334 292 -289 427 -246 -169]
[254 436 -133 445 -109 12 -298 -65 -17 158 -67 290 295 29 49 -100 -84 -139 -70 -501 138 761 -201 722 -543 -746 226 -427 182 -306 86 -274 71 -365 262 306]
[722 -374 -594 213 97 -399 278 588 -101 201 -158 -592 30 164 368 110 20 -115 208 87 672 -246 152 -209 86 48 361 200 -206 133 -127 29 133 -800 418 -357]
[-190 214 796 39 -471 -26 -359 -259 314 -81 522 305 84 10 -212 58 26 19 -251 -103 -123 -702 20 72 -200 -179 -117 -130 -131 334 -146 63 -502 30 -487 -253]
[-561 -652 -818 -555 -525 509 383 199 121 -1 312 -119 14 -660 336 326 611 -106 -292 -196 -145 416 93 -988 244 -95 124 252 276 254 113 67 172 249 105 -306]
[-53 -273 23 127 -193 -279 -567 -132 332 -269 497 -67 431 -522 490 -1164 138 206 7 75 -129 -642 -96 218 -464 328 -363 -356 100 -32 580 128 -411 243 -233 -301]
[-80 -78 494 -167 437 421 -186 -190 166 -147 -237 -73 240 221 330 -46 476 -505 409 504 325 405 272 -467 111 -161 -312 -342 -44 -861 65 -132 -453 -156 358 -291]
[342 461 121 490 144 -393 161 -658 -16 838 -571 332 579 216 139 227 -157 52 242 -459 -321 93 26 88 -237 -448 2 168 -249 270 -168 1 -97 123 -461 204]
[-441 -596 203 -253 -10 474 188 137 -156 -102 -34 158 460 -161 -705 -387 -386 444 175 169 -142 379 -343 675 -157 -354 -635 -293 198 -329 -162 32 76 588 124 214]
[-223 156 399 -142 -226 48 -116 631 -324 -726 167 -60 -185 -182 195 567 426 -413 -328 317 106 606 -421 87 -275 -109 -36 -161 75 63 56 -616 -225 370 332 16]
[621 5 9 136 -156 275 79 300 -26 119 -274 50 144 -365 264 -338 123 280 -513 -32 223 -395 -175 -371 -27 -200 141 -357 -392 -607 304 460 -554 -233 -145 -680]
[153 726 119 396 456 117 -201 390 -343 -159 -119 -284 -40 189 -57 -278 -59 -2 -59 -5 382 186 -193 335 -1003 35 -62 -52 188 -162 -133 97 -48 -356 -228 231]
[-203 -36 122 -553 246 21 87 -825 -37 -189 433 -63 2 -495 131 596 619 213 456 438 7 -80 722 -539 -77 193 -117 -148 674 -3 -55 76 108 152 261 -40]
[-17 -258 415 -270 -60 -472 148 -227 -245 -596 753 -279 561 519 -178 101 -572 -732 -527 -349 -129 -147 3 212 -115 394 148 -285 147 -167 -273 -102 251 147 162 -78]
[823 -164 -556 626 394 -413 201 168 -210 -121 -234 -317 9 -229 108 416 72 -515 -267 -205 -90 211 -98 600 269 -267 362 -202 -169 115 217 -700 -29 187 -124 -127]
[-23 -214 62 -234 43 95 328 114 151 318 -27 -191 -38 -76 877 199 70 145 85 -130 617 515 -632 87 111 -121 -406 325 54 302 -115 -373 282 -446 696 -281]
[-385 -235 717 -604 86 -64 520 -9 311 76 722 -279 244 -9 112 194 -62 430 22 474 -443 125 359 -310 -2 695 -122 191 61 243 -69 160 -419 -28 589 -15]
[135 -479 -215 376 7 151 133 416 -334 -160 262 424 -274 -274 -44 122 -389 718 103 -39 759 105 245 -77 -424 119 -345 32 173 -339 164 -17 -96 333 -132 -47]
[492 223 165 -128 170 -133 45 43 244 51 -389 -607 527 155 265 -92 -424 336 -314 -65 135 -197 -477 603 -572 212 511 147 -401 -146 285 524 -26 -779 37 663]
[-242 -213 111 -207 218 -105 -325 -701 104 37 599 -290 -423 98 453 183 -64 -130 966 45 -15 418 104 -65 -55 -211 277 258 334 -88 -503 -44 -68 -399 -158 146]
[300 154 -370 -22 60 201 384 749 -116 -614 -231 -340 553 375 -598 -522 -427 341 -619 -31 307 -474 -199 -357 65 -153 110 -481 -163 -299 -561 -213 304 92 508 173]
[-184 116 302 301 -19 468 -165 10 -235 -181 178 634 -6 -851 295 37 392 135 -92 239 -629 -425 316 110 -186 -808 -53 -155 -260 -359 -513 -79 -73 585 28 40]]
