[[-47 46 29 167 403 -256 -183 -161 -385 18 -49 -15 249 470 91 479 -342 192 -922 27 -369 -283 -448 -18 -308 -55 -427 37 -13 192 -241 32]
[157 402 472 105 -324 -334 54 214 254 -90 742 131 -28 19 258 -325 428 -214 669 331 91 -29 -62 369 146 -170 291 70 -83 -357 -344 -136]
[-319 201 156 94 -290 187 255 -16 -6 74 751 -420 -196 319 470 -76 -18 -738 536 75 294 130 769 167 -80 6 320 122 217 24 224 -80]
[-86 -137 144 333 201 102 158 -165 364 31 -117 1 -58 -712 -731 166 336 756 205 -393 -575 -109 124 -343 116 -121 33 3 -15 -80 330 420]
[-142 -598 -243 36 679 -257 26 140 304 -168 -64 89 -432 152 -544 186 -216 -115 -52 114 -421 77 -51 -300 -319 350 -27 352 -139 366 -32 313]
[227 456 -64 -586 -343 258 328 -515 -108 109 495 -525 -61 26 -158 -8 525 -70 483 -346 -402 -93 755 -67 523 -268 -107 -160 300 -1 315 -44]
[63 18 212 390 53 897 -43 -372 -52 29 -69 -857 -6 7 -221 146 -674 110 -484 -166 -317 -397 -103 284 -252 79 -125 -136 239 139 736 110]
[-600 240 48 80 -281 -263 88 163 76 149 218 460 179 -506 -187 235 152 -323 554 -39 536 379 -343 -82 -65 386 -290 216 -29 -628 -247 67]
[387 127 -265 -74 129 194 289 -225 -412 91 -353 -250 -178 -2 274 -71 281 -498 -189 -57 534 291 942 -191 335 -76 125 -972 -183 61 59 -69]
[28 -135 146 51 392 -90 177 231 258 -20 940 -443 -676 307 -501 -116 -113 -389 -347 186 -500 174 682 -148 344 70 54 -274 -30 -163 563 234]
[-177 463 -41 177 -22 -181 -220 -137 -69 171 -70 199 -260 566 606 406 -245 -217 -781 48 474 110 181 -73 405 454 159 -359 180 -540 -269 -227]
[318 423 150 -447 -150 -317 -131 -325 307 -221 152 -92 -505 -707 -455 374 431 -28 613 -205 -180 -27 229 151 -168 300 194 505 605 36 -54 109]
[300 323 26 256 51 544 428 376 565 374 30 5 -47 -119 402 -762 -244 -139 280 146 557 -234 -212 343 -202 79 128 -6 -216 -411 -260 31]
[360 -80 605 -16 171 -618 328 415 -26 253 514 54 -13 -33 -5 -32 -201 497 -210 -146 -66 -453 -317 -76 -240 -515 -152 643 -86 184 28 -180]
[-150 342 -204 -241 -225 258 -28 14 -445 230 540 -76 400 9 58 681 278 -622 134 401 -12 -46 189 -7 318 218 -208 -777 134 81 -24 61]
[-61 233 -225 167 -72 62 665 -484 129 606 -299 -431 249 -97 163 728 160 570 -148 -193 -4 -415 499 -546 -221 151 320 -42 311 45 389 -330]
[-239 -104 -113 115 338 472 -76 -8 224 89 -455 -92 -236 -28 -202 175 56 516 -219 158 -963 -186 -541 209 334 126 -490 240 -82 -381 553 184]
[384 804 200 -299 212 -132 276 -185 30 -316 -101 768 22 -117 5 394 -101 60 126 -140 497 -128 -73 -72 -139 -117 -53 -76 -97 -200 -424 262]
[300 15 -12 100 -53 90 -18 88 -591 -439 -373 646 235 80 434 242 301 317 337 15 570 23 -410 661 429 15 -79 -650 -690 -468 -119 -46]
[-606 177 -76 -722 301 64 -94 87 -421 116 319 -192 121 410 132 -85 -317 -71 -305 6 -706 -295 3 169 -82 -38 -608 -75 -454 -63 608 325]
[223 -858 -477 96 -259 -103 7 28 -439 84 12 -350 53 515 -34 499 -351 -104 226 144 -84 87 64 -381 200 184 -42 181 97 21 218 97]
[626 -39 -562 -300 40 1029 -131 -362 65 134 -299 64 -249 88 -150 92 -309 -112 600 157 265 -220 463 299 -147 30 144 -721 40 -284 203 116]
[-243 -608 -422 -35 -217 -94 -167 443 35 -184 -422 179 -335 -683 -292 10 260 -314 135 145 119 -164 -301 706 -570 -30 -329 452 102 132 -347 -126]
[293 21 -36 468 322 156 120 90 -729 223 -112 -620 590 456 487 48 -487 43 -485 798 693 48 61 -316 -401 -257 335 -87 125 367 -441 -150]
[159 -391 -152 665 -144 -405 77 75 205 -103 -795 -7 -13 -170 -382 -90 176 210 -595 147 142 320 -131 657 8 337 -408 -326 -147 -276 505 223]
[-142 28 67 -146 490 638 -181 533 -144 518 163 73 295 428 37 -427 59 -377 49 135 462 196 806 275 250 83 -56 -160 -247 -113 120 -21]
[498 283 38 374 179 -50 -485 -211 -221 98 178 220 -525 362 16 -25 -196 -84 -833 143 46 -2 -248 -2 523 262 152 -473 -213 732 101 -117]
[558 66 -476 208 455 -283 15 319 -388 -119 256 431 556 -617 -445 -4 107 678 -81 -150 -366 -21 437 -259 133 145 -54 186 216 305 -428 361]
[275 120 -177 -518 -161 -35 -327 -169 -439 28 -12 805 -456 375 -318 47 417 -69 -326 -275 258 841 409 -49 115 332 -114 -553 9 47 -55 270]
[639 478 -128 -95 -262 422 -332 -144 -43 -116 -346 10 -650 -58 -33 170 358 235 236 -370 -73 229 -647 419 -204 190 -397 -157 15 50 132 -355]
[446 -273 303 -245 479 210 -470 339 228 -244 540 176 47 532 132 26 250 144 -802 488 -227 -194 -137 404 99 200 -341 303 308 491 345 311]
[632 -331 153 139 36 -80 -151 -237 -5 -202 -524 -259 38 63 -55 587 -969 -87 -615 471 -135 -143 345 -41 -153 -6 443 -43 -210 230 -5 -467]]
