[[-158 35 -241 -181 -119 166 288 -84 -331 315 -386 236 -559 622 -252 39 48 276 -12 246 447 84 10 -358 -37 33 63 -222 316 -190]
[-334 -399 -45 478 -206 -24 -44 12 -101 292 -273 196 387 302 -344 162 -129 611 20 -111 396 52 187 -252 -174 -403 200 307 203 191]
[154 243 423 -183 162 74 -247 246 103 -26 -554 221 -347 -6 89 19 -27 22 -261 249 394 335 146 404 269 -24 -389 28 -648 -159]
[534 6 -275 69 -670 64 183 20 253 0 589 140 -107 -241 -26 -487 243 -390 -24 -105 348 69 -19 -572 -11 -65 227 -108 127 -222]
[-51 -322 418 529 -195 -226 197 -24 304 -492 -4 44 243 -530 292 -166 389 110 434 172 66 407 -44 441 -284 -212 242 277 346 -77]
[-191 464 97 -651 -158 556 -185 76 -360 -46 -102 -42 21 603 -222 -185 46 -116 -41 160 -389 -157 244 538 237 536 -223 -4 -761 243]
[-406 -205 -3 50 592 -519 313 160 89 239 -348 -218 96 301 -207 457 473 -167 176 23 -89 83 -379 -637 -25 172 111 -618 281 -113]
[489 301 429 -313 196 -616 -190 -139 -437 -31 229 -115 -304 -115 722 350 -67 -118 111 378 -127 -198 -137 194 122 -229 -80 88 821 -63]
[220 -396 195 -270 -301 -215 -270 -220 -557 205 282 -209 -200 -229 113 -339 206 -187 550 247 -28 -351 273 -326 203 134 -70 -164 124 -115]
[64 464 611 -717 -98 375 -81 281 -479 400 82 117 -20 221 188 -213 157 -156 -766 265 296 -37 -313 -197 -99 154 -100 9 -464 -54]
[266 782 -108 501 254 86 33 114 105 -137 -456 8 -98 314 -44 1 -531 394 199 361 262 -15 43 367 59 97 33 -216 -14 -245]
[538 -38 -11 180 -207 -325 -530 -93 -221 -152 -505 -133 70 88 178 -58 -72 387 270 800 202 237 3 617 34 -198 -359 -132 3 492]
[-142 572 -2 -169 103 -687 -334 189 152 309 -134 4 171 255 -378 120 -273 95 321 -43 317 -24 631 -525 77 235 -78 -380 155 -500]
[98 -231 632 -918 -28 -352 156 -12 -200 307 -253 476 -260 569 18 10 380 -21 207 251 213 120 486 303 -264 259 -368 -383 -74 128]
[358 263 -533 489 -865 19 84 184 10 -149 -160 175 -224 315 -354 -302 -80 10 -25 54 243 144 -635 205 193 346 -248 -107 -433 -168]
[192 -374 -70 -518 -208 21 617 -409 12 718 -144 355 -505 117 161 -183 167 68 -295 91 259 124 -385 323 335 -10 -453 -113 -556 -273]
[2 -291 605 49 779 -611 322 -53 -339 -350 -214 -154 -319 -245 -141 -220 143 15 -56 496 210 343 -5 -171 -629 0 -256 -571 -174 219]
[-602 -149 48 86 266 136 -78 22 -181 835 283 -69 583 678 221 -38 -317 -175 8 -34 346 -699 -190 -294 148 -142 164 -7 68 -270]
[124 -276 -27 -55 432 -38 41 137 463 18 -5 -625 -122 570 -210 174 75 -595 -420 33 -730 -256 -103 -42 208 -270 48 -422 308 622]
[172 91 -495 -42 -600 241 88 19 8 -330 -2 136 -218 -74 -61 -359 621 101 428 268 -55 297 -41 -501 -1004 235 -263 -168 -112 -205]
[-503 98 180 -196 201 87 -91 -60 -725 10 -49 216 -102 409 -634 -29 523 260 -258 -780 124 261 -264 -647 -83 -11 411 312 49 338]
[-284 419 -655 128 -479 -215 39 236 -141 330 -505 62 106 589 4 319 -30 -429 64 18 -141 -514 242 -17 -111 287 -231 -368 151 -109]
[-613 -495 193 486 -86 99 620 68 -384 -469 -242 206 -43 326 -82 -177 -81 66 367 -781 290 430 75 931 -103 -79 -209 222 -54 693]
[365 -64 617 706 -492 -221 -94 -237 539 -527 -308 -56 570 422 9 -405 310 -152 162 276 402 407 -62 -29 531 -154 509 168 -225 384]
[-519 87 103 207 456 303 -727 272 -259 36 -780 -33 350 -163 -467 -579 86 -133 35 411 -588 409 -40 151 -468 -21 -212 -197 -456 108]
[-52 -62 -21 -84 -528 -164 -665 560 -364 223 82 466 134 -21 -264 271 385 35 -79 -595 -42 813 -372 -173 -231 70 448 12 -367 255]
[497 -503 236 -340 -296 94 -363 31 -448 -125 738 -437 -185 68 120 -306 476 -822 -130 -301 96 23 -384 276 -4 362 221 344 -498 -41]
[-314 125 -286 -121 67 -833 -365 -142 -235 291 13 6 1 -368 -701 264 -284 253 460 170 -612 -257 -373 -55 197 -302 -304 549 394 396]
[-412 -354 507 -578 -94 -159 434 41 664 -382 -143 -435 576 -203 -271 -275 -41 190 137 97 -146 -45 386 174 -78 -229 259 3 -583 148]
[-101 332 189 216 185 598 -405 -239 -272 538 -197 105 -572 -229 2 -69 -113 -115 -114 -204 388 455 150 -183 -39 -348 -388 -527 -303 -555]]
