[[353 140 468 291 -200 -225 -17 349 -30 57 43 98 14 67 134 -156 -158 -213 -516 358 -16 619 -110 361 -128 545 492 -450 -459 25 102 67 171 -71]
[-32 294 311 544 -200 -86 -20 -212 66 -476 -58 9 46 615 346 -340 -632 272 315 337 235 -80 -45 422 -306 -96 76 174 -405 -475 434 95 242 18]
[484 273 470 577 -459 -365 -95 175 277 -246 36 -298 99 18 180 -43 -476 479 457 394 -61 502 191 -72 400 330 117 448 -384 14 489 -20 86 8]
[-39 575 342 -21 325 84 680 452 239 16 -159 -202 -59 -125 -101 -338 -14 273 59 310 -307 455 -51 45 455 326 267 -141 -110 82 215 -483 1 94]
[-331 -176 -143 -321 588 130 279 -325 60 712 -126 -276 -548 -253 -487 -531 347 38 164 -41 57 -348 52 147 113 -7 3 -410 230 -368 -637 -76 237 -7]
[-542 -119 74 -43 -400 -34 -126 -134 213 -105 510 -238 -56 -276 -23 -68 -90 242 608 50 122 142 -302 -169 235 -222 -548 198 242 108 360 -367 735 -159]
[-427 -43 -221 -172 -2 -74 -385 -78 294 771 -334 -65 67 181 285 163 652 459 177 -57 84 -129 -142 -265 341 -128 -138 36 116 525 265 -3 166 -167]
[-312 338 -189 -322 759 485 141 238 -288 180 -337 -37 500 411 -38 193 459 451 -123 -199 401 -246 -121 68 398 -626 -61 -418 221 -180 -576 -211 28 -137]
[-58 406 361 326 165 -277 -78 475 -155 -30 -440 -234 631 85 226 -92 170 -212 536 187 361 71 0 49 534 -341 210 376 -687 217 308 -109 -177 -122]
[-230 246 188 -167 -162 482 -252 -38 143 307 16 148 603 357 194 506 -288 356 -646 -660 147 -165 90 136 235 -90 85 -369 363 -10 85 440 -24 -232]
[-87 -568 13 428 240 95 -123 -52 220 460 1 -213 -452 -168 144 211 302 131 -319 571 -229 442 -79 119 -212 -59 -358 -52 63 223 95 -380 182 33]
[609 198 -549 -252 -161 -345 -85 -54 -224 468 -119 -174 -281 59 35 -225 -256 -248 -850 60 97 -4 191 -488 -485 409 -67 -332 78 11 -432 561 -53 -103]
[-75 -245 22 -174 134 -848 -45 -285 77 343 -766 265 -385 81 -137 22 611 16 -313 -101 441 -356 -53 614 -72 301 585 -126 -434 -230 -20 61 -362 34]
[427 227 -136 153 -743 -179 233 -131 361 201 -337 -27 -204 127 -77 239 209 479 164 126 175 416 293 181 316 434 -401 -200 -29 -130 -73 -213 452 202]
[-2 -204 -108 46 -103 404 -542 -62 -72 488 228 -139 291 -249 132 696 831 -228 260 3 437 435 -9 -133 412 -493 -163 -220 -258 396 33 265 73 567]
[186 -74 -419 -198 -203 -83 49 164 314 316 255 723 339 97 -187 630 379 3 292 -220 352 -103 196 26 490 70 88 -36 30 -38 67 623 73 287]
[-527 -188 332 -507 -79 -347 174 92 328 -154 934 -202 -65 -589 -568 -440 66 129 -45 -157 -459 700 183 -67 546 442 385 -424 260 -82 147 -31 -335 258]
[638 -20 251 143 -249 -305 -528 93 -277 -143 196 295 427 446 644 113 -45 295 132 -169 529 1 -719 -286 1 -44 186 -144 -147 568 365 -385 133 -850]
[196 -213 -506 -99 423 -299 -24 522 300 298 231 -568 63 -29 47 278 -325 -146 -248 91 129 257 400 240 151 -270 23 316 -323 327 -44 307 -819 285]
[344 585 270 -210 98 -248 -11 -29 -172 554 -505 240 -51 5 -168 -350 646 -54 -261 113 -52 96 179 -133 493 695 -322 -239 -362 181 -163 -529 -501 -275]
[157 -278 419 -377 185 -357 252 -418 182 -169 186 -352 -169 -97 122 216 -592 664 51 -204 58 456 81 90 -169 -212 -133 -297 288 37 -381 -401 -338 317]
[-478 -318 -440 281 384 320 -440 118 -66 575 129 -678 67 -403 348 -184 194 237 -45 -72 -508 -169 -124 248 242 -24 264 120 228 135 -584 -144 65 128]
[92 711 -118 -419 100 101 53 -104 -63 444 -19 -101 -308 480 -67 450 82 667 70 -247 262 -189 -17 -629 171 -274 147 481 -7 -246 574 -15 -80 -209]
[80 220 346 755 120 -158 381 310 223 -711 -366 231 -488 -84 70 34 26 536 -199 360 -155 129 -752 101 -115 572 9 281 148 44 424 -216 -298 -342]
[-5 -4 -150 917 -237 -544 -592 279 116 188 218 -430 179 -157 229 -559 -212 -150 135 245 -451 546 109 -271 -731 182 152 681 -629 244 63 208 -182 -611]
[252 128 -221 836 109 193 -21 -208 -95 45 -101 -162 -369 107 21 -418 -467 -332 285 707 295 -766 435 -351 62 97 -23 -159 -333 -381 -39 293 -188 391]
[-177 464 -314 -501 -53 98 268 247 -20 342 -525 35 -140 -189 -38 643 141 140 143 -105 79 682 68 -311 354 -34 -62 4 400 685 146 186 514 -434]
[147 -232 -311 -17 627 -72 -55 205 273 -583 -495 827 12 -241 -275 707 293 -90 -82 -69 398 286 380 -237 241 -57 -447 10 71 -134 -527 -265 -308 -77]
[-574 475 -96 -624 -247 624 81 164 71 275 -427 -5 67 865 443 -178 -432 612 -147 -234 -214 -415 -30 -270 168 -466 -383 -96 -33 -488 -342 -244 -79 67]
[90 5 404 -413 -577 -42 -777 50 145 266 -49 -205 97 -68 -8 456 -12 852 -434 336 130 -136 -51 -42 22 -93 -238 -171 96 -66 276 9 74 -636]
[170 491 -184 113 -675 4 -685 -416 20 -160 -140 372 241 169 130 -12 521 584 153 185 -81 348 -63 129 76 -118 200 260 147 214 70 90 -330 118]
[197 69 -503 168 -341 -827 -205 -62 411 602 -159 -208 -569 -806 82 110 522 391 63 -348 -76 -282 -262 -729 189 199 145 44 -244 -74 434 500 162 -327]
[-108 50 85 -679 715 -87 -141 -87 -357 18 -467 263 -216 -210 -344 -256 -189 83 667 -417 250 -377 269 24 -79 143 68 421 -39 -134 221 -93 355 33]
[83 -8 -108 505 435 106 18 -428 -175 46 -277 -235 189 254 -146 109 -96 -600 136 318 -414 437 304 -471 -570 142 781 -196 -482 41 623 27 -401 243]]
