[[2 27 -17 240 33 134 157 301 -193 -89 -283 243 435 351 29 287 316 342 -34 178 -52 399 -142 622 -126 173 -318 -176 -281 -11 30 -465 326 390]
[193 140 111 -111 380 5 -47 -317 -116 -488 -16 -118 192 424 112 -453 -270 -576 188 203 101 97 503 -130 -388 -155 -401 275 476 158 116 -101 -173 -151]
[569 -456 -110 5 184 -178 131 480 -175 -233 55 243 11 410 79 -18 36 116 -354 214 74 134 73 803 -27 146 84 545 498 -283 -97 187 214 202]
[-189 652 -373 -54 195 -207 -199 -242 392 -15 35 -121 -55 -226 88 -319 -189 -642 -9 -109 -279 44 178 355 2 -346 -228 -234 -669 -219 237 252 -192 23]
[435 -21 -254 -238 -26 -182 -421 143 25 -151 -318 167 -219 -480 -434 255 -317 -689 43 -41 -290 -298 -54 243 20 147 280 78 35 -581 -413 861 81 -470]
[286 -194 -718 40 281 -434 -122 25 -439 -239 94 -2 129 13 249 45 -219 -396 -114 -286 -294 -300 -200 -43 26 375 -144 -50 -228 -731 185 629 -27 229]
[26 -300 200 378 -292 33 -275 -30 -493 -61 -175 -37 70 -48 67 310 159 165 -67 146 -333 122 -924 187 489 950 -496 -241 -4 -287 -281 -35 283 -9]
[-273 455 222 -141 -225 -142 117 -145 -295 229 422 -228 394 551 312 117 440 79 -163 435 -110 325 -305 46 437 -243 -115 -602 105 305 368 -328 313 220]
[-350 418 118 64 -31 20 -147 -241 295 -274 376 -92 203 -474 234 -226 139 -867 71 281 405 193 -101 110 478 -274 -333 -416 189 553 103 365 -149 -323]
[-138 225 457 -77 673 -213 -120 -777 295 -513 317 16 42 17 495 -426 -279 147 265 -433 -111 -218 127 -205 121 409 -515 -38 -28 -76 41 62 -342 144]
[104 -139 -547 61 -13 162 -109 52 162 -178 217 -458 -518 -132 105 -73 149 -388 -379 149 251 -420 -256 -354 127 239 -489 -18 246 284 285 421 -561 249]
[-492 520 639 -238 -327 253 495 242 -255 -162 61 197 335 138 59 197 87 483 158 451 -198 328 -219 -367 343 -161 168 99 -249 490 -139 -447 538 171]
[141 -423 342 -345 487 -186 222 -165 358 195 375 516 -239 389 263 -485 -278 98 426 24 620 -184 679 -519 -209 -73 250 762 -64 -100 1 -515 -12 -101]
[-150 321 468 -537 -587 -145 221 -516 -68 -77 -190 -308 -49 -310 -232 -155 -271 185 -787 282 -163 -145 65 -285 277 -133 457 70 104 -53 137 271 164 20]
[108 -299 -385 -286 377 363 135 -136 -330 -186 -450 374 406 -170 65 287 200 -404 -120 505 495 -84 123 -339 -257 137 -604 828 -87 -51 -42 288 3 375]
[-280 140 412 7 -595 626 39 -33 51 -19 -548 -284 -330 -310 -56 -271 3 -655 -19 109 538 -258 -216 -448 361 219 54 -734 256 340 -268 -6 241 -366]
[-377 -121 793 10 228 -161 390 -190 22 -348 -231 294 -384 -108 -387 -200 -131 -57 260 -210 333 -336 179 -146 -401 158 343 224 -152 -269 -172 -339 211 217]
[-21 -660 166 539 -281 253 -35 -531 21 246 -190 -343 -216 -292 -224 209 -180 682 -217 191 -57 -140 -387 49 111 -507 375 439 383 -28 -503 146 144 -303]
[-255 -50 340 44 -280 -18 218 492 266 -22 -288 707 -57 336 -412 97 -103 141 350 -272 -807 -39 177 653 164 197 45 219 -643 -150 -471 -261 -57 -51]
[26 160 -31 424 -306 143 227 -84 428 232 87 -79 -84 -581 8 -468 -253 537 234 481 246 137 -469 -415 186 39 409 243 -248 350 -133 -950 -327 -567]
[-468 415 695 417 -442 87 205 555 -165 -246 345 159 394 341 -150 205 322 276 201 -94 129 112 -178 150 440 -448 -417 -29 339 334 -314 271 355 207]
[784 197 -427 -3 134 166 -58 455 48 -400 566 17 109 409 -177 185 123 -98 356 374 127 -88 53 142 91 -339 739 -141 141 -690 -68 156 83 -196]
[-159 82 -608 -385 -185 -60 587 127 -38 -296 -250 500 35 104 -80 -545 98 -740 -604 93 42 -138 56 77 -194 -180 3 87 -44 382 275 241 439 53]
[-64 -161 -681 386 217 189 156 324 -107 80 -106 288 410 223 -280 238 271 -535 453 644 14 165 509 51 -24 -128 -100 211 -11 -300 -2 -15 51 630]
[-104 103 -380 64 -662 -117 -495 129 -269 188 526 -174 201 31 -257 308 -55 -369 87 47 -309 477 -100 259 408 176 -39 490 246 -350 -600 654 -149 52]
[145 409 238 -381 118 -15 -363 97 0 704 178 233 -884 -475 -413 54 166 96 -456 445 121 -27 209 -263 224 -145 103 242 158 -540 130 -82 -361 222]
[192 265 -355 122 157 -438 392 359 -274 246 644 -305 -73 -191 283 -573 506 -73 -34 383 118 -288 179 -67 211 -353 373 215 -51 -347 64 889 348 250]
[393 136 -209 -19 531 -150 -699 -479 253 -370 228 -258 -231 541 -32 -65 -6 -236 -106 467 3 739 -112 345 -268 63 -511 -610 -394 -15 -330 -4 -168 -190]
[-129 476 -286 408 120 -32 -114 5 120 -25 -162 -61 -60 290 -12 177 314 -55 110 442 -200 438 -66 562 -381 -450 -65 298 507 -587 401 -264 -119 180]
[-300 113 -295 150 -64 -673 -310 229 -650 -126 110 -316 101 35 -218 -259 -346 -734 597 109 -471 -447 -210 -536 368 -345 136 113 268 17 328 -358 122 -137]
[111 142 453 145 240 -536 94 -367 -118 93 204 35 -521 946 308 -596 37 -629 150 -228 -423 -267 211 -363 -188 -35 123 -140 -59 321 233 272 202 -242]
[156 -339 -348 -123 -229 -166 -320 -432 93 -244 -357 -539 41 -373 -74 -294 -627 -13 -69 -357 -315 -122 -718 -437 -311 -211 -14 -632 -643 -168 125 -294 -106 14]
[-369 -421 275 -88 77 394 -95 -116 239 -185 -94 -210 243 452 347 -9 333 -1 353 -393 -315 200 747 -630 -503 -188 -24 98 162 32 94 -762 118 -312]
[-67 11 317 5 -32 34 524 -46 -328 -199 54 176 -763 -3 41 315 103 713 219 138 53 275 -315 441 323 101 59 205 205 -99 -690 8 118 -251]]
