[[134 -231 -84 -203 64 -171 -29 419 -188 17 273 -11 226 201 279 5 528 244 272 204 240 184 424 256 -278 285 -423 256 -198 378 453 327 -366 422 472 77 -41 599 -37]
[-596 30 487 169 -185 239 192 335 253 -218 241 -32 -460 -21 -173 72 199 -326 168 -379 -569 -225 63 -97 -189 56 -35 -102 529 -503 -262 -387 424 -106 698 128 289 -58 395]
[-471 486 130 51 -330 43 -132 41 -472 -4 -531 474 -292 247 -261 181 124 87 255 313 -413 300 -170 149 -92 215 -336 19 52 -707 -416 -513 -45 227 -435 -149 -165 -605 274]
[-243 -418 501 -391 204 -101 97 -629 304 -282 -288 -258 -401 -468 -544 -176 -410 -2 -103 -338 -260 -731 55 -426 12 0 616 -347 71 466 29 121 -36 -281 -52 -566 255 30 -166]
[-522 265 -493 158 149 284 -51 214 276 -558 152 576 -140 142 193 33 512 -544 32 118 -200 -299 -409 -368 -91 299 -293 -43 90 -622 -458 -502 -448 154 265 391 55 -376 397]
[893 -102 156 329 -129 -141 -147 -195 103 73 -180 -482 105 -67 295 410 -524 8 -252 438 296 431 71 -101 92 -107 -198 -248 -120 132 -208 212 683 -148 -748 855 -94 -600 -37]
[476 -222 501 -272 484 -438 211 -430 601 -216 -139 17 83 -176 207 -476 162 131 -333 153 -45 -525 70 -33 189 347 565 -65 -9 211 366 469 -622 -650 -250 -92 -375 -316 -532]
[-39 204 -167 48 -443 -280 479 262 33 -480 -130 268 -223 362 525 260 157 147 194 630 -120 -279 -658 209 23 510 -132 -248 -35 31 -27 -214 -171 -280 -334 609 -675 -101 140]
[-348 -94 -251 -280 107 105 -137 28 -567 8 137 156 679 465 152 89 17 -503 362 -594 254 542 87 -384 -271 20 -19 -133 219 -438 -18 105 -99 785 518 206 165 -20 267]
[271 -20 -344 -136 -144 -272 275 -68 -853 85 -438 -154 528 146 598 6 488 474 641 -88 -62 128 -211 312 -349 11 29 -88 17 -286 -60 -21 -445 493 -291 -611 -281 107 -180]
[-232 -561 -389 8 -225 -51 -404 -26 696 -57 80 184 -372 -89 87 -51 -330 -159 11 487 278 405 58 -404 -3 122 -613 -394 -72 343 -507 -302 104 -293 118 64 122 -90 341]
[10 -27 225 -22 -53 -64 362 424 140 -702 -628 146 68 -160 190 422 275 39 638 -334 -692 -457 101 516 -513 209 308 -477 135 -296 256 21 -84 -21 367 326 -593 137 -171]
[-215 -272 -289 -295 -283 129 337 -594 -139 -133 573 -298 364 389 469 92 -240 -256 -274 -307 134 218 -242 -295 144 -76 38 -779 128 597 -414 -29 1026 -390 -141 362 174 180 500]
[566 155 -361 418 616 -93 -817 248 62 -390 -707 -288 238 -302 -393 428 248 237 287 557 -207 -154 -105 -395 -87 -370 -387 178 -331 -16 -181 310 -186 688 -486 -262 159 244 -64]
[-60 -27 -365 -161 -40 -211 291 -5 109 -209 -59 -119 -427 -13 984 -376 631 135 -93 281 153 -335 21 113 -69 440 -187 -813 138 -140 104 -403 -400 126 52 327 -221 -46 -212]
[826 665 339 239 194 -65 -97 39 -677 461 -424 -66 414 -169 336 -133 -420 -22 -149 26 -380 248 -174 -152 255 -81 376 234 68 -1062 -197 -64 201 -4 -518 159 -594 -13 -260]
[61 -563 -395 170 279 220 -45 73 377 -762 202 -601 613 464 272 155 833 -428 20 -570 -127 441 108 -317 -141 -151 -76 144 312 422 -296 447 -192 42 1074 361 371 101 606]
[578 -184 167 7 -248 35 351 -503 -17 -119 -264 -841 357 143 -203 -35 -741 139 -184 247 -269 92 177 -143 110 -100 156 45 -346 260 28 602 267 -219 -198 -139 165 651 187]
[-83 -98 630 552 417 266 -384 458 491 -50 179 130 223 -514 -290 343 713 171 173 -262 -93 -20 566 325 83 -58 -334 102 315 517 931 409 709 -266 541 -31 376 554 -64]
[-179 325 -366 383 -636 137 116 -88 -15 35 -475 448 11 112 -199 706 -349 -81 711 253 362 450 75 170 83 -447 153 -75 70 -496 -80 -128 988 64 -736 81 -153 -304 71]
[-183 479 400 378 -140 -76 -751 107 142 -256 -509 -319 -452 -221 -292 -227 146 -11 104 247 156 89 -573 -161 322 -258 -691 -11 444 -126 -508 -285 -310 -51 -154 -174 28 -701 63]
[126 -506 193 170 294 144 -112 -676 -274 187 190 -248 -173 -715 158 31 -66 -205 -511 61 210 -440 132 -908 -81 -472 138 -16 -359 -121 138 224 323 -85 -580 -26 654 369 -14]
[-123 -810 31 -301 -760 169 -124 -257 -568 369 -104 -143 -317 118 -468 -19 -767 94 -1 -343 -61 44 411 -438 -48 -104 248 373 -136 -115 -293 -178 -94 -352 -164 -495 349 66 -88]
[-98 -449 -386 -112 308 -81 333 -387 223 470 764 130 -170 164 114 -560 -150 -199 -203 440 721 223 109 383 399 248 545 -257 47 594 366 135 59 156 186 236 392 19 -86]
[114 -72 -440 -39 -373 634 36 -165 298 70 -129 -395 158 365 363 4 -1015 117 -95 -5 132 523 -119 -600 233 -62 109 -171 112 236 -86 -183 701 -462 -165 223 -54 -47 -139]
[317 -206 332 -21 -37 274 -425 31 116 329 354 -180 299 -324 370 208 350 -174 238 -813 510 275 481 69 -506 -605 -151 -274 215 15 1039 -46 127 148 796 -6 11 181 -595]
[38 910 -391 -128 -434 252 152 -315 -388 9 184 -109 254 -16 389 302 352 244 -338 -121 -74 182 -917 172 229 -658 79 197 108 521 -178 -385 143 -135 -498 199 195 -398 -49]
[522 -569 -195 -257 222 212 -206 141 288 -306 -137 -309 -488 -136 -359 -32 -67 -109 -248 161 682 192 862 -240 27 239 -48 49 -283 729 -139 276 -198 36 309 -479 242 200 -546]
[459 -143 -446 214 -538 -51 5 -108 -377 580 29 75 685 493 216 -23 402 148 145 -191 271 550 426 -178 265 62 -130 144 -447 109 382 100 -365 223 -175 154 -292 161 270]
[-406 -479 173 -578 562 134 392 -45 578 -11 375 110 -340 164 -109 -71 81 -197 506 -7 -110 -704 181 472 -707 447 117 -184 152 -140 118 312 -616 -293 744 -98 108 -553 -49]
[-431 166 -978 -523 -333 183 -370 97 -464 207 -248 429 -144 596 420 -48 -185 -344 -107 213 661 160 83 -427 -379 668 -235 -94 -264 -275 -165 64 -385 143 90 -346 -326 383 -122]
[562 -4 -82 245 162 -225 308 78 -253 -108 -35 548 522 219 419 -80 194 198 307 74 -421 53 -200 672 127 -22 -82 -6 -868 -842 -403 75 -356 -161 -574 -18 -365 241 -393]
[-198 307 675 -143 -69 -225 -44 387 -405 226 -173 216 -314 -247 -790 282 -192 -172 -124 -395 -423 -120 504 14 112 234 -78 550 222 -104 133 470 -253 23 971 -94 134 -128 -465]
[320 215 438 -17 87 -18 233 -177 17 359 428 -77 423 183 357 -332 -307 105 -280 -870 115 240 161 468 -227 -150 776 107 -544 134 615 566 -372 -14 -106 -307 95 -273 -182]
[1016 0 -573 197 273 -230 -56 -7 336 325 311 460 -131 197 266 195 286 133 -252 483 287 -248 400 92 -51 275 -60 607 161 293 106 20 -362 -349 46 958 -272 -81 -446]
[-319 -186 -55 -147 129 683 400 -279 252 -231 -34 65 -31 -208 -92 143 -288 -441 -736 -540 -183 121 517 -387 152 -190 564 -237 -312 -170 -439 202 681 375 695 864 132 -600 510]
[557 -233 30 470 -484 -2 189 113 -747 -438 544 -658 -263 -369 218 179 368 32 -1 -313 -287 -225 9 52 89 -125 -661 883 123 233 130 -72 757 -242 -108 396 -112 760 450]
[-239 191 251 -882 485 -158 -479 469 401 -811 -271 353 -172 179 26 -294 355 -133 -18 223 -449 -630 606 46 -232 758 3 -64 -468 -106 259 392 173 -183 275 428 259 230 -270]
[-192 263 202 -236 137 -33 215 65 384 -184 -261 -185 -112 -44 -106 -409 -205 281 150 191 265 224 270 615 -476 477 290 -275 -397 691 397 345 -553 -635 386 460 -382 175 -55]]
