[[117 -311 -258 248 -229 202 322 295 397 142 411 315 -235 -19 164 552 100 555 -353 -634 60 71 149 -3 -352 2 -147 -101 162 430 -29 -251 -103 -233]
[-120 -250 -628 482 76 -179 -88 142 298 -4 249 -289 -159 351 115 -76 177 576 -301 -345 90 156 360 59 138 31 -36 -294 76 -541 -272 -502 377 60]
[-553 -252 466 225 50 284 252 74 148 217 3 413 -621 281 209 399 -245 -578 -167 -501 -97 -402 356 -168 -137 231 101 281 203 644 -244 114 -231 -147]
[-55 -263 -320 428 573 37 473 39 -336 527 -53 -160 -376 410 287 172 211 -124 2 -443 -402 -282 244 -176 -689 -317 -9 -96 -115 395 75 -7 191 84]
[-362 8 -702 55 587 -282 362 -153 339 -350 -104 -310 -440 317 77 322 195 -313 -88 -893 -158 -536 271 234 130 237 -82 78 -137 -112 162 -308 197 258]
[-520 39 31 239 577 -292 398 -248 237 -187 -69 -453 -105 123 -362 98 -82 -46 -103 -266 88 -650 -22 188 -128 562 -23 -763 117 -439 -341 28 -59 141]
[52 279 295 60 17 92 344 -93 -969 287 -344 -299 283 -360 -356 175 164 226 -353 557 -101 57 -145 -182 -84 93 -334 -403 -311 50 473 -265 -232 -88]
[-366 -297 541 380 -113 -72 396 -41 742 376 3 394 -164 382 -348 -52 -59 385 67 -168 -101 62 249 -430 -230 259 -70 -276 307 -162 38 685 132 -401]
[-64 103 641 4 -75 -254 250 551 521 2 227 653 13 187 -38 282 -604 489 120 15 -186 -159 577 -246 -153 119 261 37 643 -176 -456 515 -327 14]
[560 -97 -273 -444 -33 -100 126 110 -609 -211 147 -187 -199 354 -21 463 -49 110 151 406 -80 242 62 208 -229 -764 -17 51 -254 173 -167 -156 440 682]
[171 463 -425 -151 171 -346 193 -268 -7 198 -399 -85 6 143 65 -191 1099 -126 -531 50 92 106 -419 -17 -32 -26 -200 85 -175 -18 727 -264 37 -653]
[-88 -71 75 138 597 103 340 -352 -84 52 -153 -432 -157 -84 18 235 442 -362 -724 93 311 -196 -367 109 -239 594 179 -59 -125 -229 264 529 -32 -109]
[403 -548 -147 -94 -580 -183 -148 -200 266 -258 -32 -382 -287 -360 12 181 113 99 77 -243 -136 156 242 168 204 -59 -322 853 52 -346 -20 187 188 146]
[153 103 -420 387 -331 -86 133 174 520 431 340 373 290 125 360 121 135 599 80 203 94 208 -66 -278 -236 -830 -15 -627 -274 -120 290 27 342 294]
[373 355 38 -776 12 -4 163 -192 34 -689 140 -515 -4 430 -424 197 87 213 -103 765 -123 23 -3 -93 219 202 58 55 -107 -265 174 335 56 -523]
[172 389 463 -505 -431 -428 653 -497 406 -60 -98 165 345 -118 -279 347 359 434 296 -69 654 301 -107 158 111 -316 -391 24 238 11 -127 503 -53 -24]
[-231 79 318 129 -726 530 202 302 -231 145 239 137 84 350 67 -98 -86 429 97 -294 502 -46 252 -296 550 -78 70 -289 223 78 22 -273 127 84]
[411 -1078 313 -179 -198 7 -539 -21 -297 300 1 -102 -520 18 74 115 -106 311 -323 -164 148 171 53 -7 -548 -5 158 -206 507 121 -59 153 344 201]
[-181 -352 -100 -164 -300 -47 308 377 145 579 -122 147 -307 78 -423 10 321 -319 312 -396 -156 -44 -563 -47 -190 29 78 100 -268 379 632 -274 -385 -137]
[-361 -213 52 584 -126 314 443 355 626 569 236 28 254 -180 176 -62 -717 -324 332 -687 552 -291 -16 -363 -299 78 -262 -135 -130 364 -634 97 -485 -279]
[589 90 -636 -83 -324 35 -589 -285 -427 97 -125 -492 244 -280 247 -523 -58 -59 177 101 126 -493 550 -8 211 -965 -249 -137 -280 -443 65 -158 138 -85]
[-375 150 356 234 209 62 -162 478 568 78 -145 -92 298 90 -325 -156 -241 -42 225 649 -114 190 -281 -90 533 79 -480 -433 -180 -361 -121 -190 92 305]
[150 -107 -219 160 695 89 83 448 380 408 167 35 -40 -50 -131 -99 128 237 612 -483 525 -284 -29 -129 -397 -163 174 -501 402 -80 643 63 -35 -35]
[257 209 410 -165 -455 618 -79 -94 71 -388 378 308 269 -48 291 793 -333 86 -62 146 -109 524 295 -125 -33 -343 -288 -80 69 573 -139 -1036 -70 12]
[476 259 -259 -75 -497 -276 -381 447 -146 -294 -546 -216 -147 -862 215 381 11 179 -509 -414 20 338 -122 123 346 260 -451 71 -102 -201 572 -100 349 335]
[197 -151 251 64 -157 -56 -524 -112 376 98 350 -73 -240 30 -250 -126 593 -180 231 345 -152 -506 -228 -87 336 169 118 265 -73 -454 -92 978 441 105]
[-152 323 285 -188 519 -656 -5 189 -19 -129 33 140 384 257 38 259 66 -790 119 115 469 371 554 -70 826 -113 281 394 -74 -121 381 -92 -185 353]
[-231 238 369 -153 -245 -352 -638 76 363 -513 183 39 -276 -373 72 -561 -66 -751 506 -678 -671 -447 -148 -71 488 76 170 411 -39 405 -152 150 -266 426]
[351 -158 380 -314 -142 -109 117 218 -32 -385 -425 98 -226 -17 142 392 319 517 157 475 -341 -67 513 -289 562 155 -80 90 193 377 301 187 -16 -299]
[103 -28 138 -602 646 101 501 -85 -763 49 -332 -134 -526 227 142 676 -51 -652 404 -43 -684 10 528 -388 751 -108 221 324 -176 252 669 183 -241 119]
[80 454 -23 -842 175 421 214 -57 -43 97 95 359 -260 -13 53 266 287 -506 46 128 -595 -330 297 -217 7 -279 116 -576 -404 176 111 156 -49 183]
[-250 -289 -261 -306 31 -149 42 134 584 -621 6 606 -80 -512 -339 -204 -311 1 -218 -473 -509 -99 183 -183 224 41 -268 128 702 466 -23 9 -354 -457]
[-401 -158 181 150 -612 -155 -207 -180 -96 -71 -282 -252 -376 -112 -66 428 556 -53 -517 282 294 -205 412 -143 47 158 -76 -774 393 -311 -437 312 -270 -64]
[-355 405 189 -244 25 415 46 163 -453 -384 270 -353 109 215 451 -119 -253 104 943 148 -297 -265 -334 -167 -578 -736 380 96 -278 -61 186 112 -161 430]]
