[[-303 -237 -115 -185 -609 -16 -46 68 295 -181 -360 -551 -38 -28 -289 -144 74 40 160 -413 -189 -378 -194 -29 -182 529 -171 88 23 -410]
[164 434 201 536 165 -261 323 238 -474 -262 -207 490 82 282 -68 -169 144 536 109 373 -71 59 304 -58 83 107 -333 -276 34 -427]
[56 64 229 -799 398 367 -617 57 162 151 340 -402 -63 -114 255 32 157 163 149 -204 47 216 65 227 719 -419 47 313 484 104]
[261 -192 -314 437 -3 21 404 -459 412 -7 -773 423 230 -121 -630 -363 34 339 249 -5 56 -74 -234 -643 -371 363 -273 -166 -102 -379]
[-96 274 83 271 -319 -294 395 -41 -526 111 -514 449 266 450 -242 568 137 204 37 -155 196 49 -96 686 -341 150 296 -374 -143 -111]
[747 30 419 236 765 -46 -312 -98 -77 -128 -226 325 -481 -155 -363 -439 -253 501 75 513 -127 408 -39 -73 -295 -92 -339 336 -137 -7]
[-354 -58 -279 -474 -243 -20 124 134 -7 267 672 -332 308 -649 -98 344 -1 -173 761 19 -245 -446 73 -153 322 105 -332 217 336 151]
[-544 88 -524 526 -380 170 -388 230 76 -366 -339 -258 -27 686 -144 206 -106 144 -214 -403 -25 -488 -25 -6 -31 -250 80 -208 -300 3]
[331 -45 80 -306 311 307 588 32 -24 311 -355 264 3 187 -462 -244 553 -122 -312 -458 321 -251 -419 -192 49 -67 153 -332 183 -417]
[340 139 -542 149 -81 -348 47 482 -704 -425 140 -403 217 99 374 -221 -276 227 311 -13 -596 -288 573 83 -58 -163 -470 54 248 -26]
[-391 -122 141 297 -23 -86 275 625 39 154 122 408 -67 -398 -69 707 -181 -592 -299 218 -246 -556 17 -687 69 -87 139 -398 96 58]
[-498 -147 -339 137 -286 -599 -187 38 -235 -392 -207 -124 135 -331 -189 78 -336 344 255 57 -395 -13 534 -328 -754 -39 73 -210 362 -273]
[-53 185 297 718 -211 -137 -122 -126 102 -262 -141 -110 80 -87 -231 -391 18 -139 -329 228 232 573 205 -829 -514 18 -319 -208 118 -403]
[-539 -104 -269 407 -375 517 385 254 48 411 366 413 -57 191 -311 -320 35 -305 -486 418 -166 -621 21 189 153 311 -429 -46 -580 249]
[-108 -279 -44 600 93 -132 -73 39 -550 -244 -40 -28 384 688 66 73 -197 -164 -831 128 -433 -24 -13 -677 -521 -261 -169 -176 57 -9]
[60 -119 31 801 -467 40 93 235 319 -244 573 554 -388 -244 457 492 -155 -321 -79 -71 211 -488 286 -363 250 323 157 -44 -334 189]
[-175 -65 248 -114 196 447 -404 354 182 86 242 -837 329 548 455 -135 322 -735 -295 29 216 -191 -178 634 292 -436 -39 283 323 -56]
[-460 285 116 263 -605 -443 210 -469 -738 22 154 685 4 195 -116 103 -203 129 87 792 -73 39 15 -8 324 337 7 -104 -52 416]
[277 -323 29 253 462 -175 -122 183 -216 106 300 -114 -595 610 -241 482 239 313 -146 168 -80 -226 -278 127 77 121 -208 -288 -335 8]
[-39 -176 -61 -99 -79 -99 60 398 201 -315 -32 -230 53 -300 22 432 -438 -689 -45 -451 -377 -743 -471 695 106 -134 739 143 -282 -227]
[514 25 161 -105 677 499 -22 -201 -120 -145 404 191 478 -993 -22 -165 -140 445 -10 307 -193 6 510 -55 -354 -247 -342 -15 632 -354]
[229 -140 -51 -223 -44 69 46 254 -191 522 712 -71 343 -56 766 26 390 116 64 32 -355 -617 692 35 288 273 101 22 -64 471]
[273 145 -521 241 64 -28 -281 -291 376 -409 -173 -285 465 -13 61 -524 -111 105 -305 -298 291 -486 -639 -381 -18 -380 406 0 23 538]
[350 157 -317 -106 -519 91 469 -383 536 758 426 -323 -270 -325 -70 58 282 120 -71 -283 506 348 -13 -73 27 156 -164 245 368 424]
[253 -308 -155 38 710 -270 -22 -118 460 -148 -86 -217 949 -135 229 474 -96 -304 88 -482 -37 229 9 -602 352 -369 -194 164 62 782]
[-282 385 -162 -446 143 307 24 677 216 -293 -505 72 -139 -573 -260 -72 664 519 669 96 -680 -577 0 -703 -196 -107 -56 -359 -169 -502]
[-42 -310 -166 -210 250 -140 -140 321 144 382 -244 -91 369 72 -480 395 -176 -142 -409 -290 219 -166 -189 115 -984 174 671 676 35 205]
[-140 242 82 -379 104 266 -33 -701 626 275 169 444 -279 31 -490 18 479 78 -252 -272 232 733 15 22 -223 333 442 287 344 498]
[-297 65 -185 -133 -957 445 478 55 -152 -119 442 -234 -50 -11 -870 262 -214 -164 -445 -277 488 -513 -31 -129 -259 -46 409 -10 71 574]
[578 -81 -69 -162 -220 -665 -126 55 312 235 -576 565 8 93 246 -235 -89 -464 -120 93 132 -451 -194 332 -554 -100 347 -204 67 25]]
