[[180 -63 -3 469 -369 16 286 -284 -20 -660 68 -438 -220 202 -330 -263 -24 -77 -372 -208 291 -193 220 -214 -142 -106 488 -406 -401 124 -53 -145]
[283 -56 190 -220 223 519 -47 247 -99 465 -21 -454 64 -149 -393 416 -76 -541 -133 -88 58 540 -102 14 -147 11 -580 148 299 61 471 -18]
[201 65 132 -22 128 107 -65 98 -249 -331 -337 517 125 212 227 -191 187 678 563 524 -269 -174 -239 158 481 10 229 -164 618 228 68 205]
[-259 -161 35 203 -170 -142 424 -437 173 -10 35 -144 77 -524 -14 -435 240 -142 -55 -583 123 -187 -96 -246 -631 -62 71 101 -126 443 -413 -499]
[-80 -260 312 410 136 396 -28 90 -172 199 240 823 303 -156 99 -44 -27 443 170 -52 -290 -352 108 -116 213 -391 -168 -480 -154 317 -513 -6]
[579 -120 -247 -328 171 92 -280 -428 161 -211 -172 -982 -116 -286 -274 -2 119 -350 41 482 533 4 118 174 -224 339 -243 -149 5 -249 -137 -168]
[-5 57 703 -90 -170 678 258 255 -227 370 -688 393 -314 91 -195 486 88 331 -27 -2 -359 177 -40 -50 -311 39 -146 304 94 158 236 -210]
[313 123 511 -489 121 205 -484 403 174 474 -585 -160 -272 249 -316 54 284 336 -541 -123 -511 159 18 324 123 51 22 96 455 -11 597 322]
[468 62 -189 -491 257 -98 -400 -48 101 -308 -240 -188 -501 661 -530 66 542 -190 60 339 -363 108 13 336 -42 430 -476 125 -315 -282 -61 59]
[-227 -66 -683 -839 19 -246 -211 152 403 336 -143 -239 -169 -765 -71 40 -553 87 -293 567 437 166 -90 478 48 84 -184 221 1 -370 119 523]
[-258 240 51 480 58 354 -208 298 -486 606 8 -52 509 -255 263 227 -181 -221 -112 693 -79 163 -443 41 148 -407 -343 -85 65 -579 110 154]
[-37 -91 -298 -321 195 -72 -155 49 -68 769 492 532 573 -26 210 -693 623 -43 -8 -411 -322 -394 -321 394 162 -461 218 6 -43 -192 -762 2]
[-715 -186 64 856 -278 144 -158 167 -318 387 117 114 -218 -208 229 276 -237 -161 171 24 -230 209 140 -943 99 -507 26 221 32 -158 57 58]
[65 24 -461 -430 -276 -339 -262 -133 -37 147 -143 330 -322 752 -661 -8 -172 448 410 165 -313 204 289 260 -61 -95 516 217 -146 46 -146 169]
[-131 137 -66 191 -90 -372 -448 161 -303 12 423 178 265 688 -42 -89 -201 -36 -244 -245 611 48 -163 549 -2 71 -53 90 -488 108 -342 -32]
[-54 246 -389 120 -45 323 16 -165 320 -232 -205 267 -261 6 315 499 409 -342 211 193 -238 -114 -268 294 -158 -21 432 275 -593 -975 -136 38]
[661 -331 -98 276 -632 -55 518 31 -185 -152 344 441 81 343 136 75 -41 552 287 380 -270 -123 489 -609 126 101 549 25 124 352 -187 -20]
[711 -292 -366 -91 830 -53 -645 -41 293 248 326 -48 79 -132 -133 530 379 49 -118 22 -86 215 -54 -303 -38 -62 -708 -41 377 -186 328 559]
[-499 -514 -170 277 -311 88 -473 -620 101 -278 469 143 331 -461 -15 73 -612 -141 233 383 444 92 615 -69 258 -96 154 93 -744 241 -216 168]
[-461 419 -283 -337 164 236 217 358 42 428 -100 24 48 -34 -78 -147 -45 -18 389 716 -354 14 -133 -356 -124 -248 -47 -174 631 352 116 -338]
[-51 -102 -114 445 -374 208 -327 283 30 223 -540 132 185 314 767 354 -305 391 391 -29 -121 -116 380 561 1 -99 326 207 182 -727 -333 -172]
[14 352 -454 -104 578 198 -309 253 455 -184 -126 -163 347 -226 318 112 -280 272 560 -176 -317 -329 417 145 301 540 -32 -136 119 -26 -2 -74]
[-208 435 677 -639 33 -34 -468 -31 -32 -132 11 445 -80 39 -46 -101 434 320 70 -567 -326 -802 688 -548 78 251 -18 10 -330 -117 -258 -57]
[343 -751 -99 -193 -233 937 51 80 -162 -339 -31 852 89 -240 -286 207 -106 24 160 -276 335 -11 -348 -102 -200 -357 -375 31 90 54 67 -408]
[15 -345 563 -270 -485 -13 537 -275 21 -155 243 214 -146 -222 458 -226 -235 383 -425 -455 -318 252 511 79 176 228 242 -369 -361 -8 103 -424]
[60 220 605 559 153 99 255 -304 210 387 -342 81 46 -46 -105 207 682 -182 -445 -182 -301 234 -308 -139 223 -108 -628 -120 502 45 364 459]
[107 -230 -33 68 31 -357 315 181 56 -453 52 -293 -219 533 -210 -279 74 -354 580 169 -139 483 -221 307 378 -57 625 -346 -182 -831 -5 -193]
[-162 244 -261 -270 219 -465 104 18 222 657 129 -540 192 -9 26 83 391 -106 955 159 249 -132 -45 29 106 -351 602 312 503 -14 70 -415]
[720 -350 106 144 78 614 -124 88 347 -205 -53 230 312 -396 -27 43 62 -260 329 78 -166 505 -30 -640 444 84 -615 -154 182 199 -413 -210]
[154 35 -45 352 -45 134 -107 -30 -411 -505 -422 -791 -375 -299 -84 -99 52 -261 -9 179 30 365 -253 -280 679 483 115 -710 176 377 -396 124]
[-435 -197 -297 44 164 -139 392 578 171 220 -109 51 -4 15 -342 514 -49 -263 180 249 -836 67 360 9 -37 271 -275 581 94 -205 -425 -184]
[415 311 -255 -145 96 -208 504 249 -250 491 -702 241 47 -201 502 -250 485 580 -421 743 -11 -499 155 446 -86 312 337 37 654 43 184 -1]]
