[[-558 -62 192 58 -27 -5 188 214 -59 19 -249 120 -302 -37 -177 241 -254 339 -34 -162 144 -127 295 -869 -332 -130 -193 222 294 110]
[-24 5 130 361 63 -508 -455 -111 14 309 -13 162 -417 -102 -214 -276 -327 -44 -299 -546 -133 88 141 -665 -477 266 49 -4 -13 595]
[109 163 432 94 90 -339 -48 -836 -171 92 163 -158 294 -384 -79 -491 -220 -54 92 -245 -250 -223 -214 271 -187 18 396 162 -564 153]
[68 213 217 -187 -481 -388 539 87 35 -494 -254 190 295 8 441 28 -130 686 -231 233 -250 -249 -53 200 -499 -165 -202 354 -50 -446]
[803 310 -236 63 49 -434 8 -363 79 105 -77 -234 -10 389 356 73 -437 360 -364 -373 -89 -193 -181 -21 -134 -80 -173 663 47 304]
[23 227 10 111 58 -642 557 -433 117 208 278 -190 255 -2 606 323 -228 183 252 -229 -247 -55 -87 -440 -5 656 -223 460 333 32]
[269 30 22 -239 -658 -696 359 -272 524 -154 -159 -252 349 -85 387 141 -431 88 229 75 -310 -233 265 455 578 373 126 492 -129 -67]
[-14 -159 -110 -115 -369 -79 68 790 642 15 -56 -346 527 -221 753 -185 -167 37 -252 554 6 -109 189 286 46 13 -86 -146 -277 -644]
[-265 -27 323 -291 271 -334 -110 152 155 -34 182 -307 429 -637 708 -117 291 279 -74 -344 139 399 75 255 -216 500 -29 -541 -189 -189]
[434 513 -348 203 114 11 267 -700 -144 788 718 147 501 59 -328 -443 -89 -61 242 -428 -153 39 -745 -176 197 339 565 186 37 146]
[208 -179 -570 -481 -73 450 75 97 687 -84 271 -415 203 100 -165 229 362 -94 435 -73 40 -292 -255 242 731 -330 399 -173 545 217]
[267 101 122 -178 150 445 -268 274 -260 717 68 -175 -106 685 228 467 256 -413 -254 451 18 -277 -21 205 294 -25 -295 117 268 -369]
[340 -196 491 -312 -457 233 -47 95 287 453 303 -134 618 -447 124 -305 -1 153 -121 310 -85 -206 -643 -394 8 -245 -5 66 362 -175]
[-590 272 -325 233 -292 363 174 30 -159 -452 -134 283 -287 -36 -178 277 491 653 -200 -74 -421 -25 121 200 -595 177 -273 72 -66 -281]
[-255 -171 157 -103 -199 320 -233 578 671 204 -522 530 -309 -533 -22 193 178 555 -342 -173 -225 301 148 272 -226 -153 148 -64 60 219]
[-816 532 -235 125 151 -188 161 -107 -50 34 458 21 284 -201 -2 -453 -349 -522 367 -146 518 -54 -231 39 380 98 -4 -491 -321 -17]
[34 86 250 -217 18 499 575 61 -55 -209 344 520 -308 718 206 535 283 -346 -177 53 430 -407 -376 -537 122 -87 -529 166 539 61]
[278 337 -536 189 -118 -739 -188 259 -209 -503 -111 -52 -136 -83 -322 1 -97 -399 -74 38 -337 83 119 355 350 81 -140 -756 -401 342]
[162 -25 -187 -245 133 -113 153 -11 -414 449 -428 23 -649 86 -215 -161 -67 347 246 -385 -124 222 455 442 -147 378 -66 367 115 39]
[-1 147 232 186 290 -171 253 238 135 -377 39 -163 274 624 61 271 281 535 -750 -291 489 -166 -83 -220 -356 -382 -631 280 -210 -217]
[744 313 -1 -295 -734 -94 -156 462 412 -130 289 -146 -155 424 -621 -153 51 -180 -25 -450 -87 -62 -152 -93 48 205 -218 57 -72 656]
[-25 -466 -566 -120 -255 -504 -731 -260 -218 -208 39 33 -263 -431 168 23 284 66 391 -236 -114 -26 -285 -224 309 374 -428 -159 372 746]
[-148 -253 109 -65 85 -175 -560 -297 -303 213 444 -494 130 167 73 -10 -133 -515 -660 27 218 -331 -153 451 120 -564 475 -187 -652 433]
[92 -200 550 -242 285 81 -9 574 -28 -493 349 -586 72 -433 -192 -486 -62 518 -28 49 284 -51 94 -59 -177 -364 648 -199 -45 164]
[27 -304 272 1080 7 -412 -233 313 -300 -569 191 126 89 -472 275 -71 -146 6 -11 245 -304 -264 -154 -838 -415 -135 -187 -177 -314 -598]
[508 5 -85 101 20 -218 -210 -133 -440 73 39 -251 -10 907 352 -229 -621 -356 225 -475 -438 68 79 -55 -594 212 -105 -174 151 48]
[298 -21 101 -334 11 -91 -269 -279 42 237 222 49 -448 -104 -192 621 -657 203 132 -792 563 -193 288 -726 717 983 -189 -57 272 130]
[-176 -18 -38 20 -160 280 -91 804 410 120 185 -282 -281 -19 75 -217 -293 -159 90 -572 720 27 672 404 140 -388 697 -334 515 579]
[44 -155 620 -25 143 -372 -320 174 -59 -100 -413 393 235 20 -372 58 -48 -310 -84 -379 -226 252 -286 476 -325 575 -51 -125 -670 -322]
[276 -24 138 -66 310 -30 -714 154 -256 447 -573 149 -597 249 -211 290 -237 -85 -157 -520 350 -71 -666 -276 570 -59 280 -675 140 524]]
