[[175 -316 -185 264 192 -120 -484 24 252 -77 -487 -135 34 420 -12 187 335 -75 667 -413 -335 184 235 418 -44 88 156 356 34 -78 -128 -58 -366 318 29]
[-271 -377 136 -41 358 129 -328 -80 -205 -259 -290 -1 1 -50 -751 16 314 -302 140 92 -53 -28 -124 -648 312 185 -7 -459 -45 406 120 31 -63 -506 -28]
[-337 -66 93 135 410 -136 -536 -105 473 -545 -549 633 80 324 -56 12 -44 -107 241 -57 423 -215 -144 -541 56 -114 -461 91 -230 9 -345 230 -160 -234 39]
[604 -116 -179 129 -469 500 397 -52 -271 -7 223 -402 -402 -326 -56 326 -401 -325 -24 -209 155 -371 105 149 -425 361 -344 253 195 -214 188 241 -209 289 20]
[-412 271 -149 -395 -121 -76 579 -224 94 445 189 231 204 -343 395 -246 -77 503 285 462 -248 -145 -245 475 124 -162 512 71 -381 -227 -78 189 212 -378 250]
[-484 -222 251 -395 473 434 -203 -522 -332 -93 269 413 347 -313 164 336 222 248 151 -86 456 109 -455 -240 402 157 115 -452 -402 -89 -323 145 24 -91 12]
[-145 121 -272 -264 -295 155 266 -468 186 -301 115 -320 95 8 725 -6 -240 -52 149 -159 -241 90 90 -143 470 414 70 142 264 -481 142 -365 27 698 -241]
[-62 34 240 -141 -397 396 152 -522 32 204 -220 160 136 -127 393 314 -322 -203 288 -55 -156 356 290 152 -144 193 -1006 450 69 -731 420 262 92 395 47]
[89 -197 610 -73 345 99 -198 363 87 488 -444 104 -3 -53 -264 -119 67 -75 576 12 -534 92 -252 772 -78 -647 443 -33 -257 240 958 -123 41 -310 153]
[-5 506 487 -235 4 376 58 -347 110 -144 309 204 -415 -19 502 272 -294 26 -10 306 350 -829 -834 246 -271 -144 229 315 146 477 -258 250 -178 -572 206]
[522 -180 -94 499 -125 218 -220 323 -256 128 361 -422 388 -814 118 432 -205 -25 619 -438 96 -334 144 317 -14 50 77 -260 -186 -392 430 -121 -446 194 -251]
[204 74 77 -615 -217 381 650 138 -138 189 46 182 -387 -90 81 -111 -636 -71 192 -104 64 -247 490 542 124 175 83 -273 -32 46 244 151 134 293 415]
[304 -181 203 48 -21 47 84 69 237 -162 50 -57 -428 295 206 295 -338 -485 -369 -493 573 -432 91 286 67 -384 -511 -20 -646 -540 35 -213 96 713 465]
[65 -164 -381 265 138 -51 -249 -235 -123 -199 722 -111 -359 174 -321 71 -126 -339 -157 -88 596 -366 641 -459 92 417 -654 -344 -264 221 -352 -448 -454 -393 -33]
[150 -157 -842 -257 -25 -30 766 -42 -214 166 -200 -561 420 345 -64 -709 65 84 335 -274 -392 217 55 337 -483 476 218 695 -109 -35 -8 36 -279 -59 -288]
[-50 183 152 140 -200 -247 -204 -482 588 -110 -199 -19 -539 85 321 -137 -154 399 27 79 -541 -102 -369 678 -62 -587 -481 383 445 -404 579 -518 -198 173 56]
[-94 -743 -133 -109 254 -174 -89 -494 -349 215 -39 573 -57 -479 -426 298 407 301 235 181 61 -7 169 38 455 195 -778 -75 -258 36 -168 256 457 -418 487]
[124 -47 476 -64 -189 535 -63 -156 -542 -125 -359 -261 175 42 46 504 65 -535 171 -235 -516 128 -625 349 -412 -223 -111 476 -478 -545 -251 -116 -107 228 437]
[-81 320 -438 145 -226 -247 259 189 -483 605 662 -43 199 -225 263 -187 -368 302 195 435 -94 -117 -11 206 42 -404 -308 -20 -142 183 393 -290 167 -504 710]
[777 -218 441 -946 286 802 -2 -410 -509 105 -14 -310 -329 -386 13 342 -285 -231 504 -34 -209 98 -29 536 322 324 -196 528 172 26 241 -277 -215 -254 9]
[-140 47 303 -66 216 -761 -513 414 -60 153 -563 -55 275 733 -550 -77 652 -73 -230 514 507 159 117 -769 -117 -488 -123 389 11 293 -477 500 -100 133 57]
[105 175 126 -235 -194 -55 -108 -29 127 -121 126 -727 273 -534 831 -48 -147 -419 -111 275 -444 -91 -434 265 1044 141 951 -63 -407 205 -148 -193 30 -498 -187]
[330 -280 175 -518 171 -103 173 -22 262 -658 -129 50 -121 -42 -183 249 -3 -817 463 -318 422 -760 -174 -363 468 100 31 -155 -27 -365 64 -260 -490 -404 44]
[134 368 652 -583 -60 -200 688 -451 -423 212 -261 121 111 79 442 -142 639 207 -537 -19 176 -70 275 317 127 388 67 -311 707 99 69 -73 380 -33 128]
[234 124 -17 -46 84 -336 131 208 339 34 -12 122 -273 -609 871 72 -190 72 213 85 0 -216 341 -289 108 -15 351 207 470 -250 -349 -920 -221 323 -454]
[177 199 -106 264 -260 266 -324 436 -202 -230 214 -888 -2 221 46 259 -194 -460 -262 -223 -52 99 -96 468 -576 154 -81 877 -50 300 647 125 -29 91 14]
[216 294 189 121 -202 -432 -560 759 101 -492 -642 -222 141 132 525 53 -237 -693 -26 1 200 -97 394 -34 -440 -699 -426 -246 -154 8 15 -78 -218 121 698]
[520 351 103 -66 248 142 -404 -382 363 -667 170 -156 377 240 -472 278 -167 226 274 -778 163 -68 -274 -98 -260 -44 -96 -63 -167 253 -564 -174 -705 -218 -199]
[-390 -362 354 -362 233 -607 -92 -206 -123 -195 -438 400 323 -385 -996 -162 155 227 -257 9 -353 536 -146 21 231 303 -91 65 -312 -509 -219 567 198 -338 433]
[202 698 -257 74 471 -655 55 503 165 220 -25 -285 -21 431 426 69 -98 -62 235 -171 494 7 897 -141 -506 -306 -84 177 -327 -334 73 327 -202 -101 433]
[-507 78 -30 312 -249 -130 -569 198 194 102 -235 -460 148 748 330 -49 50 418 35 683 -242 -107 12 165 -209 -789 -517 782 -384 -58 -493 -102 -803 -366 188]
[613 135 411 103 -335 305 43 293 181 362 -640 -162 -352 397 160 47 -465 -165 396 -641 201 572 -88 602 -504 62 -517 39 290 98 295 10 49 627 616]
[95 -202 157 622 -731 -838 -141 -163 411 -307 -610 -202 189 173 47 120 440 86 -158 469 -811 196 59 41 -28 61 -304 -81 -114 -154 66 -404 -306 427 -49]
[561 756 185 249 -528 470 222 30 415 -154 103 -247 -479 -451 -71 -262 389 -33 -494 191 45 -307 -271 -416 93 142 91 341 923 115 597 176 641 -28 -163]
[302 -369 -199 418 -464 -37 -228 -44 383 -83 165 74 55 -118 -17 -199 -69 -14 -808 -155 232 -390 -89 -1028 -79 286 -425 -191 -135 453 131 322 233 17 -72]]
