[[-86 183 -11 -388 458 -299 169 59 816 247 350 97 -159 -78 118 382 -148 353 -95 69 209 287 -86 -62 -1 -381 63 -55 -1 -550 -239 -85 -109 -91]
[-243 -92 -270 -109 185 -853 63 -116 159 77 7 -280 -309 -391 355 173 262 492 -281 12 46 -31 -371 401 -173 407 405 -316 129 -449 -534 -217 169 53]
[-345 325 -77 372 -635 -466 -695 101 -81 -99 330 -149 -133 -256 -12 1 139 -475 413 -235 -70 -267 91 -143 -195 192 -28 -321 587 -286 -37 -61 200 -1]
[413 -165 -96 -103 -201 -306 -33 -377 -733 -85 27 -523 -185 273 -212 80 42 -132 -413 -143 -147 729 -93 339 -186 425 130 301 -136 295 303 -332 327 -347]
[-771 91 -603 115 -327 -194 -334 471 17 162 -47 101 -22 -672 -365 -146 321 -40 -20 -147 -467 -3 -297 291 231 -525 69 -430 536 -85 -402 261 -1 295]
[-125 -103 -476 239 -317 538 -79 182 -222 120 -479 -250 204 -519 5 -418 41 145 -167 290 -35 60 -661 -9 140 -135 -627 -265 -494 -39 -254 102 -388 -125]
[-230 -379 -249 -3 -210 322 -297 -131 -218 130 -322 -128 -329 -729 241 -315 459 87 -869 -359 -60 180 -380 389 59 57 -393 -172 -292 476 -351 -11 514 -123]
[511 -110 64 404 -370 528 -280 327 -21 -92 -7 289 167 272 -10 198 -92 119 193 901 -98 -452 267 -207 86 536 378 -71 -54 -151 129 64 -304 -58]
[-213 175 253 -138 167 -42 226 71 422 473 65 128 387 -592 -57 -502 -212 169 360 40 495 -90 78 198 -271 -457 -275 -234 -722 -541 -121 335 -579 38]
[46 72 -17 -618 252 -492 150 -466 -296 -158 209 -69 65 -137 -364 -190 -105 -329 141 90 201 489 -564 646 46 -128 549 261 -187 -107 9 293 68 -119]
[-619 444 -89 138 772 -521 361 -8 539 -295 231 295 -256 -136 113 -635 311 -108 118 -63 18 -479 274 54 -30 -143 174 9 565 -552 -389 121 492 -1]
[449 -383 115 -506 -471 418 88 -203 74 110 -340 -207 -349 160 -31 370 67 842 -549 152 80 453 -284 -87 -47 -33 144 -57 414 566 -35 -695 -163 -329]
[220 192 375 65 47 476 225 65 528 -301 72 -510 -164 244 -242 15 -89 95 -135 624 -70 1050 -220 -307 -297 -598 -565 281 102 -139 -164 12 170 -369]
[-141 368 -164 -310 -176 43 109 -99 472 48 197 161 129 153 -307 445 -425 -199 -215 -1094 -162 564 119 -246 530 -691 217 -135 861 0 -47 -271 -96 -600]
[318 -364 -20 -208 136 430 -169 -292 299 257 -442 -16 -292 -83 291 -177 -316 -133 -150 -274 0 -268 -228 -429 284 563 -63 -222 260 273 -571 -196 117 84]
[165 76 -273 89 490 -168 339 -178 -402 40 -345 -315 184 -153 383 -220 331 -49 471 34 2 183 -421 -282 -238 637 -290 38 -436 -160 745 -388 -402 -227]
[113 191 49 367 -248 -447 -643 -363 -359 -497 -92 308 -159 -477 225 344 378 -177 -156 35 -366 408 -403 87 -74 148 313 -141 467 654 -12 177 227 -347]
[-165 353 -603 -457 -345 108 179 212 341 -154 -80 -69 -118 -964 -118 -336 -147 146 704 55 -462 -59 -153 -3 196 109 393 -539 728 -655 -191 122 -149 67]
[94 -1 -284 -762 -28 -288 51 -680 46 252 -141 173 -271 -574 -135 -512 137 104 72 381 -95 224 -229 124 -428 491 84 -650 -195 178 42 306 36 -155]
[18 -261 -94 158 -79 -1000 -255 603 -222 86 171 375 -221 140 -24 506 332 309 -536 19 -283 152 195 970 333 -258 492 163 -126 -214 -432 393 -548 195]
[-82 -130 166 305 427 -815 324 -325 -188 -129 -26 -150 75 412 -33 554 333 179 -650 578 -235 370 137 -242 -497 477 730 479 -272 -412 160 206 493 -100]
[-132 -256 -236 -298 58 359 -724 13 549 156 118 166 -201 72 -70 17 288 -16 230 -604 26 266 -494 -410 -306 -235 -865 -467 138 -272 115 -162 -506 120]
[4 -77 322 32 -25 84 -476 -155 -46 -787 -150 -401 -145 606 100 182 123 -429 317 220 291 395 -407 -178 89 385 158 342 -138 -754 492 -567 -443 -50]
[-399 152 -495 379 115 -340 107 -139 -684 -580 -190 -378 181 253 79 -352 474 237 -415 247 -427 -338 -105 -245 -221 -52 -555 -424 -380 -371 -536 -76 -324 442]
[63 -181 235 -75 -461 264 -96 553 398 -238 -451 -135 180 135 82 208 -260 -173 255 11 -171 113 607 -173 -34 78 -37 293 -108 991 245 -16 305 463]
[-193 -251 217 -704 -293 -57 -770 348 204 141 9 -327 -230 -214 165 -626 110 -463 7 -114 -98 199 90 309 245 -699 -227 85 414 70 -52 -256 338 369]
[302 548 514 -37 292 68 70 -608 479 130 324 324 -418 -291 -414 -357 -168 230 -19 443 -55 -129 219 -183 48 46 -84 200 -91 -5 74 -220 -213 148]
[-281 107 432 -209 -37 -111 656 523 -310 -40 -174 159 233 -446 -620 -442 1 388 332 -55 88 99 441 -409 -143 -483 -182 483 -34 486 -128 168 266 124]
[-326 13 -69 -109 393 -759 872 156 -85 758 444 -116 -18 232 -49 73 -102 520 -55 -11 12 542 -623 289 -123 13 -40 307 -358 111 33 -160 -55 480]
[-257 -216 -654 -262 432 -201 207 234 -758 -168 -248 238 386 151 616 -595 502 78 343 -299 -529 -486 397 64 -237 912 16 392 166 -464 138 38 51 352]
[-145 88 -331 37 380 -432 470 -280 -640 35 32 -699 -255 244 622 131 157 112 62 -43 -372 165 -144 -24 153 526 201 -455 -560 643 470 -108 -547 490]
[225 -59 -70 -189 419 703 328 -153 -300 -74 -92 -746 354 143 68 233 287 321 14 224 227 670 -176 14 -50 -428 -408 -17 470 374 597 -123 -266 90]
[208 402 -203 240 -453 49 -563 -22 -516 -11 40 -315 -561 -169 279 494 329 -426 -604 -29 -185 524 -482 -71 419 -342 407 200 190 -17 -54 289 812 206]
[296 -107 276 -264 197 -413 287 480 223 214 -407 27 -229 -6 509 347 -258 1161 -370 459 84 -501 -325 -209 -383 113 333 4 254 98 -50 415 11 812]]
