[[252 116 -216 629 143 464 -203 68 6 176 -188 146 -141 -433 -202 -42 592 -140 175 181 -170 236 -116 204 93 -413 126 43 -99 185]
[-607 -46 -59 -209 -12 283 -11 -11 275 -784 -424 253 15 348 238 149 -277 83 110 -317 574 -253 -195 162 22 -35 -121 -113 -102 155]
[-552 -108 402 410 59 115 -147 269 -136 -301 -507 -284 5 -135 -210 191 228 225 184 123 30 -503 334 435 -39 -367 -16 253 -248 -188]
[-14 -16 161 -387 -147 44 -186 -340 614 419 -226 -15 575 441 -197 -142 -150 164 409 -326 497 -175 -114 -244 81 168 -225 -20 112 73]
[30 87 55 162 -343 -136 194 -49 156 -516 -138 -389 141 267 383 413 70 -137 -110 -637 846 -48 -43 -341 286 398 33 -344 -406 193]
[-152 -22 -43 -97 140 103 597 180 -61 -587 90 470 -118 -208 -12 -576 -37 -148 -92 236 86 -7 -599 703 294 -436 329 328 155 -201]
[3 -120 6 -623 50 544 60 -97 60 -121 536 406 436 -363 -442 -84 -153 108 -220 326 322 -95 -463 289 19 -4 -393 200 33 19]
[526 159 99 63 33 -382 592 44 -142 -349 362 -652 107 -155 92 239 -112 373 -958 168 -61 -99 92 323 104 282 -153 -256 346 -34]
[-305 340 -348 206 176 227 -497 -416 594 145 -262 378 418 308 -646 -125 -222 110 -227 130 -101 161 -16 186 -2 -117 -49 -237 -198 659]
[348 -157 70 -229 331 -607 677 342 -470 -15 -31 -676 -457 -276 216 -157 132 56 -415 -128 -150 -456 287 21 -201 508 -608 -41 -44 -271]
[123 -239 253 775 -177 18 -615 -32 301 -415 174 -213 658 -178 -374 244 312 -270 -425 142 53 86 227 -190 105 -157 -234 -474 96 222]
[-440 -525 108 -394 -408 11 -62 160 612 -280 -700 -4 40 661 -286 -1048 -105 -382 65 -235 265 -22 -164 208 -167 78 -78 291 44 -301]
[-710 388 190 22 -490 -234 253 220 -227 245 -156 -364 30 -57 -277 198 -288 444 -762 291 -504 268 -204 297 -213 74 273 48 238 -145]
[182 -19 -10 -267 -49 -364 -254 -462 -309 -306 493 543 159 -243 -465 286 245 -67 163 455 -204 156 241 68 -320 17 88 -89 -408 318]
[-237 176 511 184 -128 -336 570 224 98 307 -318 176 -134 286 295 305 790 510 513 -467 791 -163 -263 90 163 -480 213 -151 -58 -207]
[-67 509 298 -363 344 -174 -92 -25 -114 -108 -221 -249 -466 -76 77 410 375 -256 284 -140 395 -2 399 -258 -293 -14 137 130 -634 628]
[380 327 139 -209 90 -199 601 -549 243 304 -157 88 -63 164 586 -451 193 14 374 -203 353 -74 265 -663 382 -119 -80 160 -214 409]
[464 76 -153 -223 -276 -62 372 73 532 519 -14 -608 162 -507 436 -345 -5 84 241 217 53 -292 140 -118 76 57 -143 506 -217 -475]
[393 -345 510 -260 447 -705 -34 98 366 -388 -201 -338 -96 -168 142 -95 344 -575 472 158 357 -514 -182 -345 70 60 286 -300 -525 -161]
[-293 153 466 -466 -497 -15 -435 175 243 161 -310 -540 273 566 35 -453 -555 -248 220 90 -511 -66 688 -198 186 -486 -438 320 698 -457]
[-830 -88 383 -160 -289 84 -258 -134 -14 -576 -76 -24 -240 733 156 -296 -66 87 -505 147 -58 -333 -61 484 513 -61 66 -53 382 -345]
[374 335 -639 -644 42 -347 -50 -255 -704 72 44 198 -145 459 158 -434 -328 -24 -675 327 -506 -149 197 461 -402 722 44 30 267 357]
[-353 -228 -223 -544 355 322 141 252 13 -269 -63 588 -57 -60 -168 329 126 499 425 186 -276 353 87 218 -312 137 -379 419 -695 -111]
[43 46 -21 -377 619 248 -157 -300 -804 -46 145 -334 -627 -316 345 -19 396 13 345 159 -960 134 -198 -331 46 -206 -253 98 -364 93]
[182 620 -495 25 -5 -154 -427 -291 84 -199 -97 221 -661 -219 -240 750 91 81 428 -28 -157 53 -546 -161 236 35 -93 -111 297 334]
[-50 137 192 -571 173 -136 634 96 235 -884 -56 -132 -105 -253 204 -177 176 467 -369 -306 -190 -90 300 369 -328 -62 216 60 -477 72]
[-333 -347 659 -300 31 -137 55 142 9 88 -718 176 120 5 -190 -388 -78 -340 447 -17 -530 -600 36 106 -263 -705 80 -109 -64 474]
[-281 31 709 434 -45 -113 -316 15 -61 -649 -135 789 -325 248 -57 606 -296 137 351 -312 -235 204 -149 -436 9 90 235 -140 -401 251]
[53 14 802 47 -57 -549 -438 271 -360 -146 -75 -444 -543 -279 44 9 146 -72 642 77 75 42 332 -626 506 223 -327 -22 -181 -153]
[188 -315 357 188 -600 -18 81 -151 277 10 135 -724 224 -396 -352 -210 229 396 526 261 -29 -246 309 -354 -139 281 290 -227 551 -261]]
