[[-4 192 -411 -461 388 -302 -298 -19 311 373 -296 -607 -254 -276 70 84 616 -359 626 -463 -408 -17 700 -6 -259 191 -113 75 -135 -119 79 126 178 -415 111 24 -33]
[-37 -50 -163 -416 246 -66 -132 -217 -655 117 -31 -367 206 -188 -250 -324 90 -108 339 -59 -215 273 693 -517 -680 137 95 298 41 -368 257 -475 530 7 -218 645 -162]
[-489 -206 -496 -394 39 -112 167 160 461 88 248 134 -26 -217 -67 443 328 131 198 15 -690 -59 -666 60 -114 245 -472 -101 -17 -186 -350 43 144 -89 -128 -732 265]
[-31 109 -379 -141 101 -547 87 -279 282 496 198 -599 129 -422 -361 -105 -23 -122 411 378 -302 -337 321 -210 -362 572 -169 -330 -560 -218 17 -11 -463 -163 292 -544 257]
[403 -439 386 587 198 -234 226 -316 -154 -44 70 111 -114 386 255 -70 -646 -326 -37 88 -274 -335 -126 -382 566 236 296 -461 -159 500 -193 293 -642 -29 -60 308 168]
[25 26 -229 490 237 -458 273 -513 -137 389 241 -177 -63 -52 -300 -288 213 -146 -331 62 -511 -251 -391 -605 -671 254 159 -114 110 353 -453 261 -235 -94 -121 65 -113]
[-110 772 313 -126 190 411 283 -75 -115 -145 -546 267 -123 174 -328 40 556 62 -354 -400 79 406 -299 371 16 -41 46 317 278 269 55 93 302 -300 313 -586 -395]
[160 -319 4 171 -598 322 209 508 -217 -44 -47 65 -96 -33 -16 -397 -108 -141 -138 538 396 -266 -342 -596 -625 -215 210 107 179 99 -324 -509 317 392 -585 31 -48]
[54 -499 3 -341 31 240 -33 -103 -68 249 299 -284 261 -245 14 -307 -136 -174 205 511 458 -50 7 -161 56 113 646 417 -615 -305 126 -575 -173 590 -445 252 360]
[-101 -76 382 226 412 93 209 356 -39 -604 -344 765 -342 -17 59 -65 -278 -365 376 -332 -97 -286 -829 222 36 -85 -132 -384 228 493 -132 82 193 -717 -147 -88 -281]
[39 217 -349 181 47 -718 174 -477 -99 713 -323 -548 -255 509 355 130 304 -93 383 -71 -130 -226 370 -651 1 -83 -242 -4 319 216 -434 212 -142 -19 -82 463 -3]
[417 -329 -171 -25 34 -129 -371 2 -775 301 215 -336 -117 106 481 -29 479 113 -797 -346 334 213 325 115 -523 -466 485 372 49 -99 5 -406 194 812 -134 225 -212]
[438 -164 689 259 506 -428 -355 -518 133 202 319 -77 -126 -67 679 212 -797 -80 -299 465 215 -414 -419 735 473 -179 495 -342 -202 489 -70 -11 -690 189 -119 170 106]
[-364 2 162 213 -56 263 -187 -718 386 602 124 -155 318 -61 -214 343 7 399 -418 187 -49 122 31 -110 -54 388 -223 -147 190 -278 -133 446 -317 284 -537 -211 106]
[-27 -180 39 134 -272 -383 -827 311 65 272 447 447 -46 -85 256 328 -815 716 95 -217 525 -224 73 460 -157 49 -447 -391 -488 -211 -66 -190 -66 -250 340 -261 19]
[115 -246 -24 -546 -34 60 -391 596 25 397 -7 -383 -344 46 190 -449 143 209 73 24 -301 488 439 -589 -235 14 304 -74 -478 -328 -184 -220 102 152 -622 395 387]
[563 -39 -96 -20 425 -66 92 -500 399 10 -305 -364 -720 -310 -37 240 -242 -826 304 218 -27 -470 -427 123 -125 157 53 -486 120 303 334 -147 -277 -186 525 -491 -163]
[388 365 133 -625 -512 35 64 257 -459 171 51 -610 -227 427 -376 53 -102 193 528 402 173 448 65 -274 16 323 -309 415 98 -376 155 -622 702 -198 324 -596 412]
[-42 -370 -827 -252 -332 -318 501 156 376 324 90 306 -178 -268 -301 -89 71 324 -538 350 485 -655 -812 -103 123 -47 107 -69 -245 62 -667 -120 -543 492 -31 -342 339]
[296 -124 306 -281 46 488 48 48 -613 175 51 -446 185 -381 -178 -79 -425 -128 142 301 132 -39 686 647 7 605 25 185 117 264 395 -295 142 232 -106 294 270]
[462 -546 -111 299 -502 -237 378 -684 -221 325 -156 -83 205 84 -341 -191 -240 -348 -490 619 289 -17 -287 -387 -285 -5 -7 152 156 -264 -282 -223 183 183 -16 -218 304]
[-523 268 577 193 -304 461 220 -41 84 139 -193 182 -252 82 122 614 -369 8 -176 380 -285 -270 481 161 160 532 -107 319 -308 493 -181 -48 -305 -199 -6 -312 -398]
[242 -630 236 340 724 -761 50 132 -245 -169 157 -319 -345 -429 -238 -525 641 -617 -272 -122 -94 43 121 -572 -564 304 -117 -311 -218 -598 61 246 -257 -79 -119 254 -139]
[-393 -387 -122 26 90 -384 -265 -380 -619 276 153 -63 464 -220 -431 315 -408 -209 221 -23 -568 -26 73 93 -258 -10 -273 -1 -53 -5 -394 -298 -161 -338 -524 274 124]
[-266 -656 -238 183 -37 131 -39 -389 859 -53 103 249 -48 246 230 471 -154 24 201 -718 -83 -179 -262 82 265 153 -307 644 -817 -446 -32 145 -1 12 -180 -228 207]
[-410 579 -226 323 315 -78 -286 248 -175 17 -87 19 34 4 -533 -412 770 167 266 327 -79 409 62 242 -132 208 -81 433 116 136 -155 -78 283 -493 457 -23 121]
[281 112 -195 90 -152 106 308 370 81 -440 393 163 475 -17 500 423 -185 435 -37 230 482 595 -461 614 280 -498 -780 -223 -43 -503 458 97 81 462 299 129 -176]
[-234 -380 -113 -328 -287 -369 405 -150 199 -226 488 449 -76 -40 -445 113 -443 167 274 270 372 -530 -181 479 -299 -227 -500 -4 265 -490 180 -407 26 329 -317 -229 60]
[193 -225 -31 -111 -554 168 -147 -13 -63 84 -325 -213 135 -403 551 712 110 271 -497 -148 -4 -526 144 15 -210 -870 -3 64 378 140 226 -199 447 553 -316 -172 -51]
[166 -141 -301 116 -193 161 -115 542 -471 -287 1066 -36 428 72 -48 199 -297 515 22 -408 -278 23 -19 446 -604 -97 -131 101 -1 -208 -340 -394 40 92 350 636 -164]
[130 162 -303 118 136 -136 423 -213 -457 -378 229 507 110 -201 -160 -16 -607 -322 56 371 366 -289 726 -475 195 13 -62 -215 111 -174 148 50 84 52 -181 358 -236]
[238 192 -53 -109 -392 159 203 303 -241 -28 -27 -371 -184 -661 216 200 -281 -153 602 -288 393 -475 979 353 -416 262 481 85 -475 -301 413 -516 75 -7 -345 155 -205]
[-96 -2 789 605 -1 -266 27 485 968 -93 -379 184 -103 356 26 -182 60 -264 -321 260 466 -138 35 367 378 -238 601 -201 68 131 -550 276 -184 -136 -390 472 318]
[9 -241 -51 -83 10 -173 110 -369 -451 -115 749 -123 228 -512 -102 235 -79 6 -70 768 -690 -495 -376 431 135 488 -233 -320 144 -425 486 -481 -26 -204 399 -34 99]
[-451 453 -354 -100 323 -158 -342 -191 -114 -170 -439 144 110 426 -452 303 438 -451 642 -628 -69 216 -197 121 -84 -334 -599 -276 336 -539 651 126 453 60 153 20 61]
[-220 -111 210 -488 -394 269 -215 537 -906 -693 440 -71 312 16 307 178 417 1 -110 -20 682 645 170 280 52 -171 -70 550 160 -403 735 -36 -234 368 -324 348 1]
[608 482 299 80 -35 453 351 575 -614 427 -499 651 -129 207 433 -71 -437 218 -968 -139 -169 307 -148 162 -466 57 253 138 342 271 -385 -72 622 331 -97 -125 -356]]
