[[628 305 -94 -201 205 109 -374 19 -78 147 149 -2 -270 -353 -497 30 94 -185 -659 -145 480 -129 -214 196 -35 199 -151 379 328 -275 -230 30 6 118 -377 215]
[159 98 -200 132 -359 -232 32 -236 17 322 -322 -522 -458 193 -262 -106 88 -106 -67 -659 154 -377 -101 -368 -191 411 -297 -117 -435 94 -120 284 -561 -299 15 -30]
[231 214 -254 -497 -153 220 -54 69 542 2 -151 11 -133 442 200 199 -91 238 -108 342 -474 -7 312 -429 247 108 318 -130 -424 335 93 373 598 -132 623 192]
[-168 295 57 652 -4 -343 -115 -145 90 30 -102 130 740 -629 -32 -375 -37 -161 -139 -416 -397 433 -504 129 -240 -229 -455 -133 -326 -342 -179 -203 197 8 -199 23]
[-294 458 -95 196 -128 -13 -226 169 -62 -89 -208 134 360 -121 -569 129 -519 163 337 -288 -272 648 -285 -306 -93 266 137 -323 276 -24 34 340 112 -150 -218 -647]
[-26 96 -409 607 523 71 423 175 -197 432 345 205 -115 -632 251 -350 -74 13 -307 193 463 47 -738 418 -262 -291 -431 266 -76 -748 -45 -374 209 197 -328 543]
[-248 -341 -169 548 324 184 254 158 -612 576 38 -560 189 -119 659 -150 147 -69 256 -106 -99 84 245 268 -65 -98 -380 -46 -120 -711 -111 196 -354 -255 246 223]
[-427 7 -621 161 26 -225 -55 -63 41 138 186 240 49 -702 -525 -607 -374 101 -284 533 441 314 -313 530 -287 -165 185 268 187 -79 251 -15 485 98 -193 -104]
[142 83 -155 -42 -361 114 398 155 1 183 5 60 -201 -65 -71 -326 -401 25 -24 541 348 -949 162 293 -2 81 412 549 -170 21 464 -16 255 137 510 96]
[447 112 535 -533 -540 171 -42 65 181 -422 -268 103 -129 678 30 458 185 219 -305 67 40 -229 -184 -166 334 279 727 262 305 -107 152 -119 -264 492 615 185]
[-113 -296 -252 238 342 -155 -221 233 -203 241 -364 -537 102 -226 -233 -22 -235 161 -240 -639 554 169 194 -46 0 760 -441 -119 -178 222 -423 262 -98 189 -208 -178]
[532 555 -232 -468 -412 503 -447 -106 286 -118 1 -40 232 72 -271 238 134 -170 83 120 34 -293 688 1 -142 -459 155 226 -348 363 291 406 -290 -343 106 -161]
[907 138 209 -140 285 193 279 450 -29 0 485 117 -361 36 185 220 -334 403 -30 231 40 -396 102 244 197 148 -85 332 762 137 14 -36 67 335 -659 -461]
[672 21 500 95 650 87 -273 223 -163 295 -23 -268 9 92 116 11 510 -221 -140 -316 -191 -232 -165 343 -248 81 -275 -273 163 -324 -373 350 -254 -262 -633 -549]
[-691 -657 -246 404 259 -65 -53 198 88 66 120 -231 634 -59 44 -242 -28 264 -33 -177 -158 505 -387 535 -281 31 277 -89 -457 -814 212 -244 492 -375 303 -102]
[217 -572 -639 -170 -68 227 24 294 -167 228 14 -815 -397 267 -167 440 392 187 -342 -438 217 72 -70 -396 245 -125 57 -110 213 -414 -231 -71 -486 336 -15 -44]
[-6 -104 -67 225 362 5 -209 -278 -156 116 151 -466 280 -525 -161 -386 225 -957 -389 -172 31 152 149 475 138 -689 -163 -12 364 163 43 -80 -668 111 259 126]
[78 59 453 -228 146 51 -67 412 -311 -390 49 159 -188 -669 -3 -286 45 -559 117 -121 1345 -280 303 556 -313 311 -107 114 112 813 -131 -39 -603 121 -80 -346]
[912 82 255 93 475 449 -253 368 272 89 -3 0 529 -738 702 266 398 -514 -645 -361 -122 61 -231 411 -124 -348 -157 410 -39 -125 135 -297 312 665 87 -442]
[-119 -194 489 -84 469 42 -199 784 -208 182 575 193 633 -645 -24 169 280 -89 210 -332 -265 205 -160 260 446 -72 -301 -87 351 -490 -332 -484 -75 -283 -165 537]
[-368 78 -32 258 150 287 444 -509 -69 325 93 -200 -904 -7 -578 347 -48 -696 330 -198 689 -421 -205 -333 -166 27 -401 -30 661 -334 -44 -383 -90 -21 -524 -191]
[-45 846 -180 517 -35 280 295 -151 -75 238 143 230 119 186 221 418 -365 264 389 469 -540 -128 86 -13 -138 34 -277 155 -300 -369 -128 950 237 110 -24 -541]
[-43 212 117 70 -256 235 178 133 435 -216 74 -202 327 293 592 52 759 -367 -240 -126 -782 495 84 -397 174 -214 -557 -640 -244 -23 148 281 34 -117 250 -341]
[-81 425 -483 -429 -24 -212 -223 254 471 -816 631 613 102 247 -307 -117 -417 38 -520 3 -649 681 -107 -104 -215 -365 -202 -204 -60 -8 186 230 250 -44 272 -66]
[222 -124 -862 299 375 355 -121 14 343 135 -418 -322 -498 -159 -536 74 -465 -25 223 -71 847 -353 17 -135 -73 233 383 179 -119 107 277 -121 -87 -323 48 -996]
[-509 -166 314 200 181 -212 897 12 288 240 987 252 -25 -93 739 -342 407 -32 268 735 -180 -471 -77 267 -323 10 300 75 44 272 635 138 134 -123 -123 48]
[77 -378 236 92 341 82 342 -401 -332 360 -153 533 -654 201 719 156 -55 169 -194 75 -242 116 -250 146 19 -514 4 120 -4 -246 -358 352 69 472 -554 -11]
[-281 340 -692 815 545 -298 -155 -180 -541 -134 -252 -61 420 -302 -197 -271 15 -159 64 -15 -41 550 -700 116 149 -367 429 -443 414 -408 213 -82 115 413 -125 388]
[-421 272 -246 267 -397 57 -412 -1116 479 45 -46 302 -138 -131 -275 -484 -233 -572 133 -16 332 401 -37 -490 -89 329 88 -191 319 415 278 179 -494 -223 -358 -392]
[-234 -540 -82 20 545 -248 -614 316 422 249 0 -136 470 36 225 274 -127 -115 355 313 -471 -197 -255 -227 189 78 394 -78 -592 -3 -122 111 1303 -79 49 422]
[395 -218 120 -375 -104 -140 217 157 -196 97 -295 -362 -160 559 -8 110 89 -95 -166 284 194 -904 -371 603 -194 200 -212 69 50 -355 13 328 -707 185 -220 451]
[124 189 113 -348 -295 -177 -601 289 284 61 -209 -743 119 -657 -242 8 -533 -191 -691 -380 -233 96 8 549 195 510 317 -242 303 -382 -485 155 430 47 163 121]
[-285 -184 -93 760 -9 -653 252 291 281 207 467 68 -25 -579 698 -449 -170 -59 -147 302 179 -445 -137 264 -452 17 -254 404 91 383 -52 -690 486 -66 213 -200]
[502 -518 451 630 -74 431 45 -192 -299 -231 295 161 -379 37 644 -79 104 -94 133 -76 292 -162 0 199 290 -462 -324 522 516 491 -384 -179 -672 345 -346 249]
[-194 -433 450 472 367 -328 -566 201 -108 -332 152 448 426 147 -35 257 -415 -216 475 -215 -893 34 341 -53 -84 -102 -2 -527 -51 -172 67 -333 351 -156 -490 445]
[-46 -468 -195 224 197 171 471 3 -708 399 14 -303 -101 -71 -188 284 -225 229 235 -186 -344 88 -288 -505 290 -320 -261 -583 187 -330 600 83 -509 -423 98 446]]
