[[323 332 299 -111 424 -506 -85 87 54 64 103 261 -167 114 -762 -423 404 194 -284 -143 -120 431 -33 -293 60 530 32 -61 369 -111 375 198 -133 95 64 490 -44 -1]
[432 224 -302 197 -86 645 -10 -133 404 -352 -423 349 197 391 107 191 141 -331 -9 -402 15 -173 313 -29 131 -221 65 310 -803 -174 17 194 338 -73 -183 -402 -282 0]
[44 285 25 66 237 -180 -460 -54 255 -23 392 -253 -123 713 -235 -740 446 -327 -77 -257 -115 364 636 -60 319 -193 -27 35 -118 -66 -442 152 487 -305 261 486 38 47]
[230 -40 -16 -532 177 -293 -233 -3 69 72 817 131 -166 186 -421 -22 556 240 -129 245 -111 467 91 -140 110 -9 42 -997 286 -23 -613 -314 435 -151 53 98 65 15]
[-138 -138 -93 -266 123 -227 507 139 -12 443 -662 -12 47 -285 60 -457 -231 190 -158 -440 40 600 -535 -122 -671 490 -42 662 493 -17 5 -31 -455 110 -330 156 351 -7]
[-303 107 491 32 -355 -299 -842 -189 417 -183 370 25 -562 378 285 -158 12 -379 -53 317 -199 215 350 60 264 -61 187 -43 173 265 398 -236 -151 -288 365 362 -215 -95]
[-177 -118 26 167 -321 38 -45 -514 313 -141 61 458 -155 365 319 648 135 -421 -289 184 -518 -99 210 -312 -36 -354 -575 18 -710 209 -114 -96 293 -279 -475 -25 -607 -100]
[505 163 -261 -207 -248 367 15 96 -689 -403 65 -138 -112 -41 -623 475 -60 246 -292 153 514 -420 59 -11 157 466 490 -874 236 -344 -1 268 66 387 -138 201 -424 42]
[80 2 -59 -539 784 124 670 296 -182 290 -107 623 188 -261 -44 -71 345 286 74 -81 -348 292 -486 -494 -70 70 -336 14 -133 -267 159 -652 2 600 -35 274 -289 59]
[226 876 164 639 -62 39 -223 178 597 91 -72 188 -103 -136 -625 359 193 97 37 -250 395 -39 190 -165 203 -206 159 628 -5 231 103 694 -164 2 174 -41 -57 -118]
[-56 -466 125 -70 -69 112 -99 352 -790 -248 484 -417 266 -81 741 221 -221 16 474 64 246 -264 -119 464 207 -550 9 -193 377 129 337 -178 564 -127 440 241 62 421]
[-170 -525 183 -471 77 106 188 323 -428 -46 662 -9 147 347 526 362 -406 158 288 110 -264 -87 -162 -279 64 19 273 44 86 60 696 -800 323 14 89 -329 347 97]
[-40 -303 -121 -355 -334 435 -448 -173 196 214 -209 299 76 -161 335 -133 -67 235 19 -179 649 -524 -108 217 -183 -57 -146 -574 -29 210 -485 124 -47 -309 -204 -221 58 11]
[-107 -219 1044 63 136 -270 -171 36 -346 -72 143 60 185 -352 -46 -407 -460 185 -78 -144 -63 105 -204 245 205 280 -237 -183 93 -283 679 66 68 -312 370 495 -562 220]
[67 -251 -189 -91 238 279 96 -34 -584 -470 -1 -506 256 -137 574 1 409 -234 138 75 634 -158 -115 293 352 -218 -698 170 -284 -57 393 172 -38 140 -129 359 -41 305]
[-247 310 79 -436 -19 -70 -323 -63 711 -187 29 -278 148 640 -30 -358 433 55 -113 -294 393 413 -104 -520 -233 -141 232 704 624 -112 135 529 379 -399 27 470 430 223]
[-256 -193 112 -167 395 -43 456 -190 240 338 268 123 464 -228 161 410 89 66 -17 765 -623 -76 -260 -156 623 -250 -483 -1013 -189 -137 194 -14 -255 80 233 26 -303 312]
[-193 369 -382 -193 -419 -406 -253 57 169 -205 18 400 164 61 107 341 146 501 116 -173 -49 -38 -595 414 -479 -446 401 340 640 -14 -514 -123 32 -180 155 -541 690 -67]
[327 221 -12 -132 -101 -54 -448 -348 92 -257 -24 281 -135 -86 -80 112 -429 471 -148 143 -527 -561 23 -93 29 134 544 -176 -9 -13 23 453 -473 -234 394 -592 222 133]
[110 -287 -489 573 -352 -545 -99 -89 395 -19 -462 22 90 277 349 -879 103 -484 206 -61 -150 5 262 650 237 -51 42 656 214 3 12 -401 -255 -49 201 -745 227 -94]
[380 -108 -32 -229 452 55 202 158 441 173 193 -490 121 -418 -127 122 162 362 -5 -252 249 1008 124 -3 -566 -326 -39 -558 400 -176 -112 108 16 -294 366 48 428 707]
[-44 243 -45 152 -933 196 -175 -458 575 291 -20 178 338 336 -42 348 -12 -360 -22 -120 6 -144 256 128 521 -52 44 -161 85 -169 -353 310 632 -831 471 139 -367 -91]
[-69 -80 -177 -176 164 -270 -611 -464 -72 -87 866 418 -522 -77 463 -589 536 192 105 582 82 65 -94 -147 -209 -56 -534 -482 504 31 -123 -575 111 -495 407 235 -108 226]
[263 163 -64 117 -73 -331 87 -171 275 388 -37 691 -13 47 -1022 526 44 -302 -289 -80 133 -590 295 -213 -97 -131 -19 -653 -651 202 156 457 -323 110 -293 180 -212 -611]
[313 114 -122 -649 115 16 365 -63 970 -244 -140 97 52 -9 177 -339 269 262 69 152 -125 332 159 -244 109 -137 -108 213 6 333 986 -123 -689 257 136 -98 -187 244]
[498 192 -314 189 241 397 -336 493 -765 119 170 541 331 1074 -15 -380 6 -441 159 -296 37 18 844 -458 562 266 -24 -195 281 -167 238 -133 498 -137 157 450 62 335]
[-177 33 252 -701 -170 -457 -380 -215 263 -459 49 -458 12 650 -2 -654 -788 30 -139 96 234 390 224 -10 407 462 46 146 275 341 10 -78 -133 -134 -254 -138 486 -113]
[-89 367 515 239 -2 -212 -171 -495 599 512 -149 74 -90 -114 147 -500 -491 491 -103 283 86 227 -448 416 306 -101 224 205 457 271 294 21 -475 -467 530 -55 -67 430]
[-760 -509 -99 16 6 88 105 71 -802 -165 -177 -374 -147 -303 -108 -209 -238 295 -62 283 -128 -620 -742 -66 350 47 72 404 5 -125 336 -116 -372 239 63 -103 -409 -158]
[252 -219 102 -290 672 58 -140 137 512 258 -96 136 421 578 -16 -280 -50 115 -500 -191 6 209 -168 -250 -10 485 519 -619 173 -359 -508 -315 399 165 -248 316 -258 -139]
[-26 -259 -184 -29 -202 -460 344 252 -24 -557 134 -265 190 36 -832 -405 -132 198 -113 1013 135 23 -265 -13 380 191 -128 -698 92 -397 -134 482 58 279 -45 385 -460 -321]
[-400 -589 -36 -130 63 -128 -441 -725 147 -389 -249 -242 -454 -270 101 281 -74 56 -69 123 -55 -299 409 409 105 502 -412 -573 85 349 -189 19 -491 -524 -226 -170 -165 -25]
[23 465 620 -121 405 -38 121 460 302 532 93 598 -392 336 25 448 351 -178 8 -10 389 -201 -264 31 307 57 -34 -214 -137 -108 424 -279 -143 -1 637 622 -6 -239]
[263 -286 -43 -717 -44 -215 586 479 -184 611 262 -268 -32 -596 -181 194 509 300 390 176 376 576 355 294 -283 204 -168 -46 201 92 -462 -466 -124 -13 195 -618 68 105]
[-371 80 423 -112 -172 -11 -499 334 7 57 162 -393 422 -439 440 -113 -555 -478 486 240 804 -141 66 205 222 -431 99 236 -208 341 77 -650 -162 283 214 4 -32 412]
[-415 146 76 -592 71 -350 -164 129 41 187 -65 740 -13 -608 -303 -304 69 804 -369 189 -1 549 -263 74 -651 31 249 -397 405 -375 346 -539 -472 -41 -592 156 -403 -120]
[-529 -225 131 -407 771 197 -201 280 75 429 323 59 138 -23 246 -835 -517 -115 65 308 -85 182 97 213 554 39 -541 324 -210 338 -593 -837 -95 -441 -333 -174 -54 -83]
[-254 506 210 -173 -76 -127 631 438 279 -275 -267 803 -10 -173 274 -132 593 -368 -395 -76 -420 746 -422 147 -291 9 -439 817 -192 105 247 132 -390 701 -168 219 280 -497]]
