[[182 -327 -171 -103 150 225 -228 -309 127 -347 52 -135 26 -323 -270 315 -255 151 -74 314 -317 -135 -562 -431 167 87 248 245 -475 276 258 -253 224]
[220 -364 -539 17 222 -185 -128 -170 235 90 -95 24 -173 175 -693 137 217 -72 -675 279 -209 -509 -360 -162 15 -226 -213 -208 -281 414 -226 448 242]
[-367 -395 35 -589 -315 -376 116 7 -203 214 167 111 370 -153 433 453 -53 206 129 323 35 29 120 -1 336 19 -39 188 -472 333 444 240 502]
[175 -111 -418 -236 -137 -184 61 -419 -4 -31 -296 322 699 144 31 -54 450 618 -703 402 140 -289 -8 -144 -250 296 -27 303 63 728 -41 184 174]
[-261 -720 -260 -546 -79 -202 -413 702 89 0 -212 338 -152 208 -190 243 -262 -238 -25 -218 9 49 103 155 -239 61 -94 -488 -617 -82 179 417 59]
[-363 365 -108 226 -24 -35 368 -478 -446 58 174 -937 -57 -27 617 121 70 432 -101 184 166 284 -350 -65 -219 460 394 180 40 138 288 9 384]
[-208 574 -115 419 402 -328 76 -351 48 413 -298 -687 -319 262 473 -486 62 -558 273 -2 -33 -81 -86 -325 112 72 -178 -708 81 -287 -128 166 -224]
[-409 -114 333 -486 -118 -240 44 -108 406 -95 -705 8 -69 482 128 -593 -172 11 217 -222 -506 213 32 8 111 368 54 -255 266 -560 -97 125 -102]
[-547 340 -241 72 -370 257 87 515 -265 288 -191 -4 518 127 -44 294 -278 -349 117 247 439 759 353 377 -283 172 -242 87 105 255 492 -133 -120]
[-452 223 -64 126 226 -306 -174 -280 -252 240 61 -378 -342 124 158 216 -633 -288 64 469 250 298 -771 340 525 86 -137 545 -398 106 328 356 547]
[101 -608 272 486 -340 -401 -329 -335 -261 200 520 614 98 -88 -1 266 -381 346 576 187 -335 177 -296 223 629 -434 -172 473 -318 -67 58 97 91]
[306 -613 186 534 197 95 -362 89 -206 59 22 838 158 -263 52 183 277 300 -112 387 285 -122 -543 196 -329 -379 -557 368 -183 -61 -68 -151 -53]
[418 -189 -179 541 225 313 -49 -528 -302 -59 -31 730 170 78 -84 218 349 -242 -520 171 2 -186 -483 -135 -730 -23 -5 127 -36 375 -709 49 145]
[-604 275 -559 230 160 -232 1 -295 -446 301 54 -227 421 134 883 106 630 688 481 315 79 266 -117 -392 231 77 -337 -22 374 -88 322 84 24]
[-80 755 191 967 -259 220 -374 -196 -61 -59 182 -887 -213 -192 25 224 -669 -239 -272 -196 200 -41 -379 -30 -139 -93 -40 -58 53 165 259 -396 -88]
[-740 503 -325 153 26 27 46 -360 -142 -352 24 -491 835 -113 53 -125 -380 480 109 347 -319 548 -117 -530 119 135 465 -228 300 360 51 -218 -373]
[-320 607 592 -70 -9 -301 788 200 -172 -3 0 -107 -377 -432 -205 -347 218 319 -744 -50 -89 -299 103 43 -19 -419 -296 -134 256 18 -2 50 193]
[421 -435 -259 -289 -363 -150 -167 -142 -89 -61 107 226 744 -709 -132 -278 -680 -82 239 168 183 22 237 -493 28 -103 441 -395 -58 299 211 -191 -316]
[-273 -499 169 -358 363 413 95 -43 395 -300 -414 -665 -468 391 -26 -469 -67 -292 -301 149 -51 329 -83 96 -214 448 221 -7 -421 14 284 -618 -400]
[-131 313 -583 257 319 449 -105 83 -16 483 -142 -207 204 -650 -370 155 218 507 -28 649 -29 417 123 -125 -360 -276 -11 -355 421 130 33 49 -113]
[-304 183 -9 103 -45 134 139 -150 -255 -538 -58 -236 -105 382 -195 -124 150 980 456 164 -285 -126 -454 -348 -171 385 454 20 -218 -292 621 -213 189]
[-574 947 -225 74 330 -26 61 269 242 -84 210 -25 558 124 191 -177 -224 312 161 190 454 -132 -374 -339 -343 480 245 300 -75 456 643 -161 -298]
[-349 699 31 154 -376 211 -270 83 202 -278 -729 333 443 157 -204 -510 141 408 -246 153 -372 158 613 -289 -72 -374 -537 -247 -19 -138 -304 269 -759]
[321 195 -166 -161 46 -195 -31 14 73 -636 -585 515 191 578 -82 -482 -98 -564 -227 352 -284 100 -157 -289 390 112 368 60 -613 347 -126 346 301]
[121 335 -465 -335 -317 207 250 438 317 264 -401 748 -126 -327 -352 -533 137 31 -524 -102 392 -59 378 157 -377 -197 198 -190 276 171 -461 -264 -282]
[-140 -244 163 -471 -552 -335 -256 -308 -240 -895 469 3 -621 -102 277 282 199 127 -33 -275 -67 124 -55 -99 334 196 -144 535 53 -378 138 -84 445]
[192 -331 75 9 -531 -370 -204 -138 35 423 352 -18 -92 480 -536 128 208 -125 -83 804 516 236 15 5 437 -265 -90 207 -369 680 170 156 259]
[-154 -548 -65 -382 -415 -125 -94 295 64 211 112 -5 120 -33 -77 139 -209 1112 136 -3 -435 313 253 109 173 377 -25 669 207 622 -81 -563 55]
[281 -121 -372 -247 357 -401 343 -793 568 -5 111 -283 -506 -2 377 -169 334 -516 -358 257 494 127 -707 115 -71 -321 134 37 -90 176 -355 228 303]
[-396 -84 -175 294 -58 12 263 572 193 594 -547 16 -402 198 -161 330 -515 -453 -463 22 65 11 427 325 -752 201 -63 23 -426 -185 -343 598 260]
[528 105 211 -413 -291 -362 37 -126 -560 275 201 -74 807 189 -64 -139 -380 220 70 344 227 -182 249 547 62 -473 128 545 431 582 126 28 12]
[527 133 18 63 -22 276 386 -471 759 23 -588 434 -152 -115 129 -279 180 -557 -334 687 451 237 151 565 73 135 -425 253 609 49 -147 -7 -373]
[359 184 -385 -253 182 -505 205 49 -288 489 799 -176 -918 -5 143 273 56 -330 -341 -127 533 267 -192 215 18 -3 66 81 -762 -215 152 -60 471]]
