[[335 -388 -19 174 115 -55 -416 131 200 35 -145 -157 -623 -234 -198 22 348 -133 -390 -129 -40 249 -32 171 214 -602 -101 603 580 -149 119 334 166 569 -187 220 -26]
[-270 83 542 -540 40 330 -1 20 -11 -181 258 -122 47 -111 210 -520 -547 267 328 -483 -377 1 -123 -246 -40 865 327 147 26 -293 2 60 -151 -499 400 18 -327]
[47 -8 -253 -357 -217 -254 181 57 -340 -45 -95 64 707 79 128 360 287 66 -248 307 8 6 239 -552 -780 -577 -598 -218 357 126 3 80 -372 -26 -129 59 -27]
[40 -243 981 311 43 59 -306 271 165 233 287 -221 -269 -63 -246 -811 -292 319 -503 -330 468 165 509 271 -88 73 50 449 -23 -235 -261 14 95 93 142 63 -129]
[351 286 -383 -456 205 -293 -230 -6 -218 316 -209 74 258 278 349 349 73 67 229 238 -696 284 -103 -61 416 166 -533 -437 -327 302 -6 -442 236 293 228 284 156]
[-270 -476 -1040 -26 -218 -216 23 -387 -307 -203 -204 253 -199 416 9 70 439 -487 -138 266 408 30 219 26 82 -530 -5 303 675 -165 -187 263 -500 416 -201 -210 -112]
[-186 -264 151 183 -336 379 -157 39 -49 138 108 -74 -519 -724 -167 -304 178 -125 250 -626 -330 554 167 39 -857 -289 199 446 409 -378 632 511 -221 100 106 -102 -16]
[133 -132 552 -414 506 -59 -169 117 -99 -620 -453 358 -85 228 372 -3 -489 -84 494 -230 -263 -217 -427 -564 87 150 232 -13 369 -53 -410 -178 -237 -315 105 -484 -272]
[402 -194 -116 907 -40 -421 -581 495 424 385 -551 165 286 -74 308 488 158 -31 -173 -217 -113 225 -219 374 386 -498 92 -242 181 193 257 -244 408 382 197 -118 327]
[58 167 -319 251 238 126 -61 310 875 812 199 124 570 -57 244 521 -17 -1 283 218 183 160 45 491 28 220 -409 -362 -65 252 248 -517 454 41 204 122 152]
[-256 -6 159 332 -88 368 203 -216 1116 -162 144 -369 245 -68 -95 -25 -153 70 55 183 811 -575 -445 -21 469 205 153 292 -91 -30 640 -51 270 -304 232 75 408]
[-404 -2 331 -535 -306 -108 62 -199 -124 86 -242 393 -18 76 101 -210 293 186 -131 566 353 -443 428 -327 -587 -840 -40 -61 32 96 -297 91 -205 -195 325 -685 292]
[510 42 131 -296 290 -405 226 -13 -390 -735 -191 239 490 559 -9 20 -97 212 118 -210 -263 -60 -424 -180 -367 -176 -183 -650 -583 -367 -162 -229 -395 191 -121 79 -6]
[-187 24 -135 -103 2 -13 -15 -491 -439 376 -104 -338 -332 -214 18 63 122 149 54 -204 -336 -162 -46 -57 738 -16 136 -2 -284 338 383 -1 486 -430 526 520 -151]
[-196 295 -247 27 -292 -414 -237 398 -40 -14 -299 16 81 -246 87 393 352 -204 -45 297 231 232 -297 78 -395 -567 -40 269 717 155 435 -62 115 283 -157 -963 -98]
[-53 -466 36 -121 355 -247 -345 -100 -376 17 -381 -124 -661 20 314 -153 499 -285 199 8 -237 45 531 -251 196 -214 289 389 275 116 -611 252 -103 5 -785 12 147]
[-423 14 -167 803 -1194 19 -35 -619 -261 -37 306 90 396 -378 262 -221 -168 -128 -518 56 364 179 259 -285 -100 -312 213 102 256 13 448 8 -367 409 200 322 244]
[-76 137 -365 -342 255 -357 104 -520 -481 5 0 6 -120 65 10 950 112 -315 -16 185 81 -93 -244 -221 -116 -572 -373 283 421 -98 -130 -400 -539 198 -686 -90 37]
[-269 -214 95 143 -306 161 -296 -225 -109 492 553 -2 -197 -258 -94 110 117 129 -911 -184 343 314 -80 152 -619 98 282 611 832 -295 -126 -47 -13 -160 500 236 -431]
[126 123 -51 -54 197 885 325 193 38 -442 302 280 -302 -526 17 54 176 -179 281 87 -536 -399 -384 -351 -521 358 189 -32 -8 -283 -478 275 482 -743 -447 -364 142]
[-717 436 50 -213 299 71 377 -281 32 359 -25 -171 -67 -175 -154 33 15 -453 618 170 168 -80 334 271 -412 -493 226 331 -505 228 373 -352 -412 -608 166 -242 30]
[171 -574 120 -728 445 -23 -302 -180 408 359 -646 26 -505 332 114 -75 523 -191 -217 -59 581 -9 131 257 195 -423 -233 117 -90 86 187 310 128 268 -52 -399 -43]
[151 -117 -228 -13 -55 -156 -269 698 721 195 164 -175 415 -29 491 399 550 34 -582 229 342 130 372 260 -622 -271 -84 -204 -166 -209 -272 268 794 -49 -6 -476 -111]
[-212 138 -32 -696 -121 37 -228 33 -163 -518 496 -776 -118 -21 -385 -197 423 -46 -577 549 59 -218 162 -447 -37 -20 420 392 307 -236 -416 527 -202 -550 22 121 583]
[260 5 -44 -212 -19 -91 -340 -167 -340 -822 -118 5 400 -333 -133 210 215 64 393 231 59 63 -385 -501 -342 96 7 -33 610 519 -87 49 172 -361 -997 -353 248]
[30 -449 -182 142 488 -314 -539 97 -517 -557 7 -189 399 258 269 87 97 45 179 -398 264 31 406 -339 251 8 -382 101 -161 90 -279 42 -336 -338 225 -159 153]
[-209 377 138 229 -226 -758 -518 313 -308 438 -722 421 134 -206 109 195 -14 120 -136 -256 83 75 -141 276 -242 -708 -396 353 87 463 -126 -442 -193 124 418 -124 48]
[-178 -295 -587 18 -203 87 382 215 121 -82 92 547 746 283 386 224 -223 -163 197 262 262 -65 59 196 341 -248 127 -729 60 115 -431 376 292 -713 -312 -416 105]
[307 466 357 708 120 110 832 60 -250 -86 362 -209 -222 -326 -674 247 -215 -168 -74 110 573 -161 -35 155 -370 -384 73 -335 -185 -142 -492 -553 244 592 -281 -281 61]
[66 -651 -31 -51 -58 691 -349 -121 228 -96 358 -185 -243 -256 10 202 -102 -118 -394 -397 27 241 444 19 -665 738 -9 203 555 -108 99 79 -892 -497 -207 -20 -125]
[380 -352 25 33 -341 240 708 -389 -21 -591 -94 -136 1 61 -378 -9 524 -307 -43 6 -134 -170 -647 -350 -799 -687 -502 127 15 373 377 493 301 -83 -319 93 300]
[634 -270 11 190 -165 -87 122 412 -225 -312 -302 295 -227 -430 545 180 443 -154 236 -135 43 572 -269 -41 -666 90 345 141 428 -130 542 386 -241 356 -251 -444 -262]
[341 -308 68 -134 377 -587 -70 330 446 254 -697 318 -49 555 92 -157 -548 238 -770 -144 -155 368 533 -88 53 -294 -358 -276 -33 -141 -841 352 -207 305 156 -7 -412]
[-99 -326 419 -350 -90 -208 -227 238 453 -264 500 -524 37 43 2 -228 -110 320 -297 -24 -120 315 -228 -122 565 380 -151 350 -107 318 854 -200 689 75 -256 324 -77]
[-574 293 175 -431 154 61 604 73 -50 -33 627 -407 -22 175 277 -332 -540 765 -19 -226 17 -194 122 -147 -82 295 -145 63 -40 -250 48 -2 471 -198 -666 86 -87]
[105 58 -130 -89 115 -77 13 -213 530 2 303 376 194 -132 -106 541 -42 -168 153 338 879 -950 -656 244 -226 -312 103 -228 -465 257 -144 -181 -97 -162 -227 -385 -475]
[197 488 -413 -120 144 -237 647 -356 58 -381 93 64 866 -61 -18 504 807 482 -190 -107 -91 -35 -423 -289 236 209 -119 -897 5 224 81 -261 -6 221 -430 608 -504]]
