[[381 -307 -493 272 59 -339 151 -203 462 -619 -21 -309 436 117 -110 115 257 607 184 361 216 -55 274 515 -162 -185 -276 -105 114 -398 -175 -369 -430 410 -259 -57]
[472 -67 -177 145 -264 229 352 51 217 20 -22 -51 -524 670 -116 -144 97 652 -517 477 -76 347 332 757 -231 -78 -86 -166 32 -286 -12 -301 -481 -156 -102 35]
[433 -554 -144 207 -319 -273 404 -290 401 -5 -657 206 -339 -328 -103 -485 172 279 130 60 -4 337 127 512 -7 98 392 -409 -106 -209 -279 211 83 -289 -225 106]
[-236 -181 213 -146 489 -509 -214 566 -399 245 -600 -77 -392 -392 281 -103 -616 -349 179 -167 234 716 -159 -192 63 84 149 74 50 307 182 -75 529 -31 -123 -22]
[229 -36 176 240 -161 -515 -47 179 -73 -14 205 -481 -620 230 -16 -253 -316 233 -297 245 20 442 290 586 177 -16 -37 356 -186 -347 -966 -837 -236 202 -437 38]
[-117 238 511 -35 -295 -200 146 369 -429 372 100 -566 -480 50 34 184 -553 -200 331 242 -68 -137 -514 42 -147 64 53 612 101 883 -388 -344 608 -2 -68 254]
[-101 212 357 -53 662 260 94 413 -85 75 52 196 -360 375 -155 263 339 -50 -511 -80 253 284 -433 138 395 -348 -460 -552 301 -477 484 157 -19 -391 21 41]
[-92 -221 -210 -143 166 -184 43 -192 -431 364 -415 122 -464 -392 -87 88 -378 -768 -42 -450 -298 619 111 417 250 272 21 53 -516 -432 -180 465 -254 -420 376 -50]
[-75 38 88 -88 380 -116 -319 118 -471 -110 346 501 -388 -101 84 -660 -17 171 -638 282 710 530 3 338 19 -70 -79 -381 334 88 56 -210 552 -220 -42 -28]
[-140 506 251 42 -94 525 543 199 -381 391 -286 -116 -128 535 185 393 -172 -551 84 -41 -236 305 416 266 448 -14 3 28 -133 144 506 -242 -394 -394 211 405]
[-637 582 -34 434 47 284 19 559 -471 427 315 106 -251 179 487 35 -260 -328 -298 -229 -779 127 526 -180 224 -353 329 201 -481 165 -217 -684 -61 183 -58 -62]
[198 501 -260 -300 217 86 -383 581 -345 530 48 111 -142 73 171 -107 94 156 -761 524 -366 74 -340 -117 -264 -59 -290 70 -196 481 338 -43 772 42 -187 -84]
[501 -716 -263 615 100 94 -30 171 234 90 -323 -128 -357 -289 -173 -52 -688 476 323 -60 46 234 -308 414 -842 -97 328 -468 -39 507 205 21 203 315 -224 145]
[-150 49 307 -318 -254 -34 269 -475 -421 246 241 250 55 28 209 170 -9 -294 222 194 283 -180 737 234 366 376 423 300 -383 -96 -343 623 -414 -609 255 -205]
[724 -319 -444 216 153 481 187 101 -117 173 110 -61 -39 429 -68 145 415 194 -254 44 -185 -91 -40 536 92 -319 -1050 -334 148 291 407 -295 -1 309 38 266]
[-557 -222 74 -78 -80 -477 176 3 137 -593 -289 -294 3 -407 568 578 -574 132 428 -101 287 124 684 -368 130 -150 -55 554 -267 104 -49 -1 -427 562 -213 6]
[177 528 -774 580 -401 551 375 -342 165 -362 163 -45 364 335 -344 -358 70 16 -151 173 -117 416 250 -175 -444 -162 49 -272 -170 270 325 -87 -161 17 -61 -157]
[-194 96 -503 61 -544 883 140 -158 21 -236 398 -298 50 267 -57 469 -29 -548 714 -536 -405 -170 74 -278 207 285 268 252 81 451 502 5 -300 -200 352 -340]
[-151 -108 -524 153 -348 -350 -99 -535 -433 -319 158 -83 189 -478 484 -218 266 -230 -91 -564 -371 282 206 232 321 14 -364 778 -308 -275 -75 -35 -124 -25 -212 -270]
[-14 -210 -436 -567 -134 -671 -55 -77 368 -261 -49 -155 538 -177 -27 -444 310 -134 554 -112 -13 12 545 -519 264 86 360 -267 191 317 125 -967 -97 409 -147 33]
[455 33 -423 325 386 152 487 154 -356 -200 -552 454 -363 -77 397 -694 -84 -5 -64 86 111 533 788 -247 -8 256 57 -349 417 361 132 -395 562 -235 87 -331]
[199 77 299 271 159 -173 -369 -3 -67 408 -187 -10 792 376 119 593 130 23 -89 210 -45 -70 144 297 202 365 -358 60 -576 -953 484 221 -591 380 397 2]
[-176 -236 601 -5 492 612 -164 -219 -656 -317 47 158 417 34 58 -201 -227 -674 -482 -517 145 -420 29 -158 361 -127 -501 -255 813 -231 323 -49 303 -368 600 320]
[355 -819 -34 336 -495 -189 649 -402 10 -383 73 -254 -232 163 159 -347 -173 177 86 -72 -288 92 140 26 -168 366 -485 48 -278 -858 -358 127 -662 -305 -63 -224]
[-238 -97 65 -727 685 -745 176 -143 -128 -249 274 -416 455 304 35 704 -266 469 618 268 251 -316 -206 55 158 -363 -541 -60 178 -457 -508 -230 -257 62 -43 66]
[-177 216 261 122 423 170 170 -350 2 522 -60 -432 87 -211 -401 127 -88 -337 115 -527 -310 -549 -285 -703 -91 75 521 -119 -477 -18 112 268 462 355 432 -121]
[-414 486 -36 -141 571 514 590 -97 -305 -211 -261 -417 479 125 79 358 -358 -449 -26 316 348 263 348 -58 -241 -430 262 -131 426 83 269 118 -392 149 340 -601]
[0 -80 -273 413 202 70 -383 -278 -341 -78 556 226 -425 -312 -62 -386 60 -549 -933 -587 150 -274 -270 -585 175 -466 -117 198 -84 224 383 5 381 -181 -37 37]
[120 -390 -123 339 153 -210 -464 422 -356 -508 -260 133 -120 -534 675 -316 -429 -196 60 -226 -154 -395 -76 -286 -131 -279 230 -17 67 -374 -17 -259 441 484 -642 199]
[252 335 -125 7 -122 563 -152 -253 370 -240 278 -167 493 110 -754 -152 104 -231 -658 136 310 -124 -484 162 302 -549 -315 -392 -225 -259 377 -347 -254 -77 -98 -301]
[125 -159 135 -284 184 208 308 -92 -608 687 87 198 663 -761 455 -339 -18 166 132 -316 -231 -237 -198 112 -71 -182 56 -104 -711 348 -99 369 386 -336 234 109]
[-654 -342 -169 -231 -188 -317 517 169 -126 -368 -953 170 -9 100 102 644 -392 -547 798 -299 240 -85 -157 -365 -129 -104 -140 -242 -103 326 214 -149 139 -124 431 432]
[144 57 413 586 43 -186 -203 45 130 -39 119 -436 48 -295 22 117 212 583 467 -421 137 -130 158 -360 -807 -165 526 348 344 -93 -745 -197 186 21 -336 32]
[-134 336 138 679 -227 299 -312 -126 -100 446 -238 -15 -130 306 -210 -37 -452 -81 20 -309 -226 546 315 125 348 619 502 -730 -492 -42 -169 348 -271 -754 101 -455]
[334 97 -442 -131 -495 -124 -255 -210 532 123 -441 -402 206 660 148 -409 503 144 -43 188 374 -7 301 -22 53 39 -382 125 208 -327 -251 -25 297 398 28 -578]
[-378 -260 -245 -441 -603 431 310 493 -272 158 -1 189 83 5 -438 -176 -77 -451 -203 147 -255 -46 128 -171 229 652 7 336 93 601 -282 -97 514 -435 -4 -320]]
