[[-58 -15 299 -568 -7 -346 -117 42 -452 154 -67 -22 -177 -587 -84 300 349 -62 -195 93 -541 11 382 129 265 433 -345 -18 -284 144 -45 314 -70 34 -182 -310 -109]
[82 20 -227 417 208 321 -175 48 33 -543 -181 133 -307 277 212 396 -610 32 -576 -61 289 192 -137 -237 -328 -205 130 114 69 -26 202 144 -372 -102 229 178 435]
[107 -73 -342 93 -418 273 619 167 -672 111 -43 -582 48 -303 -236 6 303 187 -343 81 249 -34 215 278 -26 181 -111 381 -56 128 -313 -336 225 288 -306 -216 10]
[-219 20 42 -214 0 -547 190 -267 459 458 -256 511 313 -76 5 255 189 22 511 150 225 167 133 -566 -47 -288 132 2 -498 -84 147 566 204 372 -524 -137 4]
[-264 219 129 175 176 263 -331 -238 -253 276 309 71 -468 639 198 127 -23 -70 318 149 -257 -47 -107 43 213 291 127 -259 41 443 89 -662 616 141 446 312 234]
[-28 -417 -620 119 232 443 350 -167 -644 404 436 194 -117 197 52 237 -112 -9 -53 -88 56 -277 522 -425 -156 385 458 539 -279 -64 -170 90 443 253 -47 -76 502]
[-375 117 644 -140 -100 -31 -746 47 49 185 173 -279 -222 631 -800 -138 79 -224 46 612 -186 406 135 532 192 150 -186 -489 -154 -12 -307 -655 346 -109 249 96 -272]
[230 586 144 -268 -412 118 457 86 -160 91 -53 -34 -99 -156 -78 -183 333 -92 204 -140 -168 -120 -22 -447 493 640 111 105 292 69 -202 -68 -214 -705 210 -118 -164]
[111 -936 -506 -165 -218 -218 50 413 -309 -312 54 206 -112 -338 -189 78 -320 276 -542 30 374 -67 190 -222 -229 25 512 323 -227 -577 101 58 -500 637 -598 -750 318]
[-257 112 -180 132 196 857 -17 -101 166 326 371 -302 -24 293 -399 -283 80 326 277 -346 104 34 54 525 103 -33 -450 -118 -82 -37 74 -467 560 254 734 706 96]
[-346 -528 -369 -142 154 266 -363 75 227 -685 86 -285 133 -110 -370 -238 -452 138 -359 -698 225 205 81 303 128 119 192 192 -27 -253 -390 293 -133 -423 366 596 -23]
[-44 151 -44 598 -326 192 316 -269 -125 150 32 -89 -679 535 -181 497 71 82 -11 203 80 369 42 314 -652 -240 94 52 -488 -255 229 206 22 551 -97 -147 211]
[-31 235 -566 641 6 386 351 129 -730 -145 -271 534 55 -253 316 273 -437 -271 -378 -92 298 -5 -60 42 69 214 632 202 268 286 -252 -281 411 -216 203 1 228]
[473 559 191 -456 58 -56 31 -236 501 145 -434 -198 524 -230 104 -184 0 -158 311 -110 240 -17 -178 -663 -592 -630 64 119 408 168 338 489 -520 95 -162 231 185]
[213 494 -830 -486 -493 406 -30 -129 -107 -116 28 -117 175 -259 -338 -508 -236 136 83 -227 225 -33 -546 188 503 237 452 177 303 -188 12 -711 281 73 -55 -60 -47]
[359 506 -289 -279 -92 365 -169 88 559 -240 -407 -84 83 525 -662 35 -140 -143 91 40 424 397 -48 -397 -286 -127 77 -199 -206 -810 441 258 -879 215 -661 12 349]
[-78 -42 -699 -116 111 63 480 303 -262 355 163 631 -547 -396 -30 458 -206 -183 -791 411 -114 -274 55 62 -278 -77 -163 661 -420 -292 -299 532 -52 77 -300 -460 -23]
[281 123 -167 -518 73 -248 -66 316 -57 -71 120 32 577 -381 415 -10 238 -61 250 268 91 -469 -313 267 -455 -267 321 240 178 -50 -189 400 -190 -5 -750 297 41]
[549 729 -160 251 -9 -51 -186 51 -856 -201 299 319 73 -321 387 -56 -223 -38 88 -355 -573 -175 70 544 -153 36 -395 -40 304 -307 99 318 -281 -153 113 235 -47]
[4 -442 -819 -240 270 -1 -157 176 -11 -71 -121 415 117 -413 213 317 -203 381 -374 -961 -614 -72 -63 284 34 205 -99 440 -453 -182 169 625 -469 324 -255 -318 -455]
[-156 -409 -101 -102 154 -275 -539 -263 637 -493 -74 -361 333 -29 31 -588 -191 2 -649 40 409 377 109 -214 252 -893 294 -408 228 -263 223 -234 -200 -314 414 -77 -220]
[244 -115 560 -640 104 -406 269 124 -252 148 -37 519 424 -552 152 -622 -129 -46 1000 -147 -168 -563 -55 -458 131 -31 309 -168 -66 -14 -177 462 -237 -150 -292 -216 583]
[258 -125 37 240 98 -188 127 -419 509 -504 217 -328 372 -423 377 -109 428 335 -180 89 43 242 100 170 -188 -639 -76 408 -154 154 -60 67 758 -18 -452 400 -365]
[93 -43 -364 347 78 -295 -313 -155 219 94 253 1145 -40 -410 539 -136 -40 17 -81 194 -85 -236 -269 -259 234 -257 -200 -98 -279 -97 870 -141 325 97 -271 338 92]
[285 52 97 283 -83 9 -794 210 17 -111 294 95 -22 4 -36 -6 -86 199 -288 427 -782 -229 212 252 -213 211 -205 493 164 -515 41 217 -508 259 -460 -49 -64]
[-114 -140 433 -380 -539 -21 -3 48 -845 137 242 74 -233 85 347 -621 -45 318 673 6 -694 60 282 105 482 960 347 137 111 484 -326 -191 -121 155 234 -50 142]
[-409 -299 540 64 -302 -140 -320 -100 181 -258 -283 -29 -104 109 334 14 -464 -146 172 327 181 412 41 -179 -172 -47 -31 -562 -195 -210 125 231 175 718 -211 -751 560]
[270 200 -92 -246 -142 187 77 228 -465 86 -210 -329 -642 34 463 416 -476 -500 71 -397 57 5 -272 -281 88 92 -295 223 299 290 -547 116 -44 89 7 41 213]
[33 329 -144 95 771 -194 -30 47 370 -643 35 215 202 -331 675 -208 -44 -468 -776 332 6 -409 249 575 0 28 -241 96 179 -27 -47 260 -166 -127 28 462 -404]
[-257 154 -101 548 227 -530 265 274 -585 360 -235 79 -678 164 344 158 -374 272 -575 10 166 -3 95 163 -688 -138 295 80 -85 200 83 -713 157 700 -116 -550 64]
[285 439 651 -98 250 102 -304 -355 -243 332 168 -470 -132 329 213 -110 392 -108 136 86 -217 208 -16 -237 581 -179 -654 -145 -189 395 45 -44 -270 -118 583 -472 -622]
[128 -114 290 -387 -194 -415 -193 -168 -338 119 330 304 29 -782 167 -304 -87 -410 462 -133 -382 36 -120 -118 -304 -214 -68 726 -79 -623 -137 584 -97 -304 -305 -477 270]
[-25 -258 195 -277 24 250 -341 -245 989 -55 -44 -322 703 -326 -122 -97 -768 354 79 163 566 373 -373 -147 259 -345 139 -220 -151 -279 -49 253 -279 235 -187 -251 47]
[-98 627 -671 -343 -86 -14 762 -308 -589 442 -716 486 -15 -75 204 255 -273 521 -520 326 400 90 -202 -305 -22 17 -107 152 48 185 -270 -29 32 317 61 123 286]
[-59 -294 -129 210 -252 209 168 225 168 362 -126 513 -457 -250 -58 -18 434 110 -533 364 -45 413 308 -32 -48 -189 367 180 -578 -375 -640 -11 227 18 332 -232 585]
[253 -795 56 36 517 306 -209 593 -485 222 -132 -356 -191 -335 12 39 -51 10 -643 116 -215 -127 -194 39 -474 82 -238 -537 -388 -49 50 -385 127 -33 309 169 644]
[-490 -269 421 -199 355 -606 102 355 474 -31 112 877 -288 -6 -206 479 -124 277 -632 -109 383 284 37 -610 94 34 217 278 -13 -113 -367 23 237 44 -30 89 560]]
