[[-119 514 -215 25 -205 -129 -144 250 205 241 136 -255 -162 176 439 -171 -421 39 -338 -367 -204 184 15 -234 236 342 -118 279 -196 -145 -228 -190 -273]
[-185 122 212 143 -55 100 -338 89 79 7 124 73 -86 234 -248 -314 -209 465 -727 -421 -126 409 390 -220 -188 -74 136 131 -138 -43 50 -147 -363]
[499 184 39 -716 -95 244 13 -167 -8 -3 -437 213 162 -252 -234 -78 117 -116 480 63 270 -25 -145 412 315 191 53 164 48 -480 333 -296 271]
[-164 336 -226 -242 359 -9 -186 109 -641 -195 179 -25 168 -236 513 -59 43 -143 -118 270 321 -16 -347 757 46 -117 -265 259 -348 -596 81 -1 -76]
[108 -170 -23 198 129 -63 465 10 242 -73 -220 129 -404 -168 -204 -22 -120 441 347 314 -694 -168 288 -22 -355 -446 514 -735 36 695 36 -95 -42]
[290 463 -507 -335 -308 -362 -526 200 -181 171 -143 -57 234 -234 -51 -71 335 -285 154 -531 21 -225 -53 50 202 -89 -210 542 373 -418 -341 -395 -235]
[12 17 -735 232 215 -388 135 -123 -342 -105 -146 -56 -261 -128 65 -273 97 -136 -60 -275 -208 -439 268 -181 -450 -198 80 267 36 727 290 9 -236]
[-54 -120 -410 -44 881 29 104 152 100 -149 -97 174 138 -165 -294 -463 -4 192 124 -373 -345 -11 316 -80 -601 -373 -13 -315 518 46 -33 -176 197]
[-649 -130 -355 -129 722 -496 52 11 -622 -438 126 -161 40 -341 -149 -354 529 -114 -21 -167 -577 -299 136 -320 -359 -282 85 -128 -139 22 -84 271 -146]
[590 -162 -39 16 -110 78 509 99 493 43 -95 -92 78 -29 -42 -362 -408 118 168 -281 125 -839 203 -177 61 -89 127 119 313 255 137 -22 -190]
[306 166 -245 -377 -174 -511 -198 333 -316 -71 56 131 -224 -626 242 220 -36 201 262 -123 -101 -6 -521 42 274 -709 202 310 -318 42 408 -200 -3]
[-662 -132 -603 -228 264 -331 -49 329 334 276 305 -111 224 2 -116 -127 -112 254 -524 -411 -156 -465 -355 -444 148 -351 -63 92 72 123 -1 434 61]
[477 348 -627 -122 23 110 83 173 -44 43 10 646 62 -493 491 -390 -333 -271 420 -364 51 218 -112 -167 72 -42 -90 558 -229 -383 -181 -139 -361]
[119 -176 -35 -38 -261 -234 604 -302 -109 -281 -304 -151 -183 -91 -277 -27 511 186 514 -88 -73 -111 590 -388 -122 -533 769 287 313 181 -428 290 10]
[71 17 187 -219 -77 110 77 218 -385 251 -227 -307 116 -177 289 -280 436 -47 -216 -158 48 -764 -718 402 -24 224 -340 263 -182 403 235 -100 -117]
[-316 -43 113 -321 -18 599 -302 -183 336 -97 557 79 -112 -10 253 -462 -486 -99 -367 316 -520 -282 275 -53 187 540 168 -192 -3 -144 206 465 -460]
[-91 524 -435 -196 237 -120 -55 -360 -1 44 834 -368 59 389 554 -173 -10 -487 -208 112 492 -418 52 -161 134 -21 -202 32 920 -380 -512 2 -202]
[-89 -552 -308 125 175 -444 -2 390 470 389 -390 78 163 -380 -439 348 -74 35 593 13 -582 -429 -503 -797 -2 -158 41 -174 -54 -711 -252 -57 114]
[596 3 300 -567 -260 374 9 -58 239 398 -402 247 -239 159 180 224 487 -501 118 492 240 -186 -399 37 -93 28 689 248 405 314 317 -197 102]
[36 -374 -143 -680 97 368 246 -218 218 347 -682 -472 244 554 253 232 -245 -117 110 258 202 84 -514 521 -119 199 370 -1 284 124 278 -260 323]
[89 571 -402 533 568 260 -145 -59 -446 110 -297 567 349 -105 97 -223 139 -206 738 375 424 -38 185 219 -140 399 -108 -99 -192 -843 241 -439 132]
[251 -216 -92 223 603 674 -163 -298 359 -17 -259 531 -556 658 -359 28 -156 -103 267 -80 -517 -97 574 367 -628 84 216 -193 368 23 454 -419 176]
[-71 537 297 -202 -37 -145 -459 400 311 -54 -305 -398 28 -641 -219 -344 -292 368 -55 -131 -51 -442 -60 -130 98 -467 491 311 -111 333 341 -416 65]
[-242 -36 80 -266 -15 -84 -288 -31 142 -199 570 -268 205 324 -272 -159 144 -228 105 -51 53 -421 -284 -478 2 -586 -2 588 537 -145 544 -203 -385]
[-507 -595 -87 -3 71 293 387 448 273 -31 88 244 -177 160 426 118 164 -32 63 242 -87 690 194 481 -5 -52 138 -352 89 216 191 -53 209]
[66 -537 361 267 579 572 -711 -8 -413 175 -118 262 -63 -248 -52 -153 278 325 146 -434 419 794 -398 473 -63 52 272 238 348 -367 405 51 244]
[4 171 -567 62 -377 -74 104 245 257 -266 98 52 267 -337 -294 127 86 172 -543 -814 43 257 528 76 17 -158 -293 360 175 -428 506 -169 -25]
[-77 -2 41 -205 119 1050 -514 -711 31 3 -19 470 -243 144 -98 -69 403 -154 -33 793 74 147 -334 104 131 34 -725 491 -403 -437 247 104 165]
[260 620 342 91 101 -42 -525 -396 345 156 257 379 338 27 -193 49 55 380 -25 3 226 402 -23 -509 242 149 -574 368 -416 -119 -151 -463 74]
[-460 456 -122 -782 -242 -16 -597 -227 -409 -534 13 217 -107 -225 -142 -4 22 15 -424 -234 103 403 -423 -500 -18 -32 -514 476 -60 120 -58 48 -433]
[-634 -88 70 -145 194 356 -540 -303 349 -222 -316 200 361 413 198 -23 66 -123 10 -128 -15 102 68 -5 23 252 -407 -366 -28 -675 529 -169 -96]
[-1084 -37 -332 42 293 263 -71 -266 -237 -551 125 -241 -178 138 -40 -53 -483 43 -720 -58 -567 64 139 51 -221 212 368 -61 285 16 135 -82 526]
[-56 -284 490 788 -167 -378 220 -91 545 -510 155 -245 577 133 -356 137 407 -325 517 444 -81 -128 -233 -109 22 807 -74 -422 -130 91 -107 561 309]]
