[[132 147 -185 202 443 -330 126 -159 420 -466 -68 -233 652 -94 198 32 171 288 -109 260 407 225 311 315 -155 75 -487 -66 317 -193 -261 -84 -365 47 -363 -279 49]
[-431 -125 -105 196 190 139 303 463 237 -208 154 -224 303 -421 -216 -434 -51 11 188 64 246 149 227 806 61 91 -521 -359 -386 372 5 -79 63 -377 -314 -624 -218]
[399 372 173 449 183 -508 -136 -425 643 -205 -488 -146 185 257 319 428 -455 155 -256 477 93 95 -271 57 606 425 -140 109 432 -486 -60 -58 90 -40 -214 284 -57]
[205 224 -345 -47 173 -92 -453 -353 217 219 -374 -294 -425 50 278 193 -578 252 -206 18 -39 -736 -367 -157 44 116 542 246 -646 -64 71 -401 331 -255 305 176 -36]
[612 156 201 267 -86 161 -333 -119 -110 -408 -147 -334 -245 280 403 348 49 668 217 -568 6 -18 50 32 -735 -384 98 50 -134 -17 19 51 -662 195 76 144 35]
[693 339 56 263 138 -203 41 191 126 -154 36 184 -201 228 494 132 504 -29 -366 -236 466 314 -196 -445 123 275 -7 -46 711 -341 -637 -8 198 -314 -226 358 -223]
[-78 -423 156 178 -83 603 188 55 -302 -114 -287 305 342 -169 -406 -66 112 720 400 -185 132 45 469 620 -189 -298 -780 66 155 36 -46 301 -132 943 -85 -49 -9]
[-359 -153 -357 -79 364 -410 -74 220 540 190 -58 -136 -678 -227 -10 -250 -1 -24 -220 -90 438 51 -283 -170 -262 379 -170 -572 -606 -357 -155 -405 -101 -249 -192 -506 26]
[-273 -118 -149 -201 -113 -73 223 622 569 564 -560 127 -419 -126 -350 -84 -220 -49 -279 4 -52 -394 -65 -113 296 -132 -138 -404 -381 404 -442 112 375 378 -32 -557 17]
[-275 -151 -67 -527 -141 -429 105 83 700 -321 -43 -303 26 -339 226 137 93 241 -378 269 187 301 -7 151 604 107 35 -670 -66 168 -354 -454 53 -812 -390 -692 27]
[67 199 405 14 -687 194 104 117 7 -90 207 -187 244 338 87 343 41 232 -267 -116 377 570 -246 132 69 25 -270 -12 20 -358 394 -521 318 -377 -118 385 -32]
[-123 371 -522 176 32 -26 -247 -64 84 -96 -466 334 67 -108 -86 273 75 -253 -319 -31 156 -423 219 171 306 -415 273 164 529 -116 -817 -15 238 -65 462 156 136]
[-451 595 24 472 -190 -338 16 -347 -221 -321 -102 -461 307 105 84 443 -596 -416 124 495 -240 -355 197 -376 -8 -266 10 277 159 -371 632 -128 236 -435 578 748 -72]
[560 116 -838 -138 452 -419 -634 -60 315 -244 -18 -249 190 605 170 -121 -260 -485 -568 585 -239 -406 -143 -129 263 -166 654 249 173 232 -133 -96 160 35 -85 142 -34]
[-334 190 -857 298 44 214 -412 1 -231 -430 -309 -76 263 121 227 -300 -331 172 496 -112 110 -116 374 121 -923 -301 49 -57 -277 133 -252 -22 -320 396 179 47 -399]
[233 -329 617 -9 -381 -243 10 52 -234 -171 -134 -32 -768 -35 -281 -337 332 201 49 98 294 212 -87 -428 759 -143 -124 -216 334 125 -223 75 779 156 378 447 -333]
[-999 36 -185 118 -201 445 217 480 553 -38 -430 134 369 0 -285 -131 -335 -173 -270 536 164 624 -151 98 179 90 -574 -376 769 -56 -30 -215 183 -138 -33 -540 11]
[-496 -26 -59 -268 131 272 89 -230 3 255 -228 322 -522 -161 95 -121 357 -572 56 229 312 -43 -12 352 808 181 374 -144 83 -6 -102 -65 248 -240 117 621 -87]
[-539 -598 179 237 -182 213 42 301 -162 307 95 -204 -615 379 205 -245 -226 529 162 220 94 106 -614 493 -135 -95 -214 -96 -311 158 652 -417 254 -33 38 465 -374]
[-545 -147 568 -229 -244 720 333 317 89 116 125 -308 -392 165 -16 188 425 -110 274 -557 -365 310 57 -410 -334 -311 -618 -853 -408 403 470 -354 -66 -529 -111 -221 355]
[-531 773 94 274 -724 74 640 490 89 85 -266 -163 133 203 -267 -293 -286 -642 171 -62 228 -216 151 143 66 46 254 -407 398 160 57 661 267 -8 349 266 -167]
[95 197 196 -163 -239 -370 80 -460 223 6 -658 -333 -188 -394 -197 369 -641 544 14 -181 -402 -224 -443 -864 131 -77 -105 357 -847 -651 164 -87 -137 192 -115 -11 -142]
[-58 383 521 465 365 -368 42 -157 -147 158 -38 -177 -152 -270 321 190 412 -557 -35 593 189 -150 295 -102 358 -342 -392 153 1197 342 18 34 -274 417 414 89 -156]
[637 58 80 138 136 686 250 460 -497 -226 116 146 -150 658 -171 66 -130 12 116 -449 -374 -157 302 117 -478 -348 791 371 562 43 186 664 51 663 150 -90 -32]
[-523 10 -155 -634 -262 -500 246 -454 -811 73 356 -49 226 -217 152 248 -39 141 349 -513 -172 234 343 -516 41 33 454 565 -7 -302 225 -215 -487 -282 -253 -193 -225]
[-264 260 -530 -587 406 -22 -122 -246 -319 12 187 -21 356 -528 -105 122 -151 122 396 285 347 -372 329 2 182 288 320 394 -188 357 251 -373 -114 -31 367 87 -732]
[-31 312 127 206 134 -40 347 165 224 512 516 -25 302 -141 413 123 722 -291 -176 580 280 259 333 -771 -299 -543 -71 60 638 116 -623 362 337 203 162 -54 544]
[15 -12 166 -224 454 28 -152 337 117 489 -718 97 -35 -269 -251 165 407 -176 -563 269 370 134 185 -411 -467 520 140 97 48 1 -402 -32 -315 246 150 -144 571]
[-407 377 -427 -92 220 28 -348 253 280 381 -247 -277 125 302 -77 137 169 -71 278 188 34 264 94 -199 -155 335 18 -501 -610 434 322 -357 -286 421 -258 -1071 195]
[353 89 -673 -340 -537 425 -586 -357 -809 77 464 -203 -34 -29 -12 559 -30 411 -248 -619 247 81 292 -409 -225 37 542 106 97 -55 6 -314 850 122 416 507 -297]
[358 -320 396 542 -371 184 424 -60 155 187 -454 65 4 -189 -92 195 -322 418 343 439 -89 -175 -284 399 -158 312 307 138 -239 687 538 72 311 -60 731 35 -369]
[-691 -649 56 282 623 -239 -217 32 -199 -278 86 114 61 415 12 388 59 -276 -196 61 -539 343 216 -191 -571 -241 -197 -581 285 299 142 243 -934 598 -225 -294 101]
[184 -285 -337 -191 316 190 -410 313 -275 216 -240 -137 251 -89 -14 -231 109 -180 -95 -48 539 -334 179 -14 616 -226 453 200 -620 -283 -229 153 637 -358 -128 247 -238]
[392 394 235 -364 -440 -186 216 137 -212 481 -267 -262 12 -32 5 18 382 31 -176 362 -185 -117 -390 -792 573 -189 185 -383 20 -412 -106 54 -6 133 271 401 198]
[-305 126 -35 -14 -602 132 -11 532 -600 454 -557 179 -518 -32 491 761 -47 301 181 -576 570 -473 -217 -155 -140 -276 161 -222 -636 469 -607 -576 -319 -19 -10 315 38]
[34 224 -582 -176 236 530 -363 -116 269 173 -401 436 -195 292 -197 -315 -316 -663 -206 208 658 146 -516 -510 -175 -394 -58 127 240 -383 -70 -282 233 -211 -164 625 94]
[-87 -201 -275 -353 -60 87 -265 -641 -242 -121 -207 427 154 -708 -226 -243 -201 32 236 263 568 133 528 79 867 -440 112 582 479 -130 -1 -115 -287 459 232 614 624]]
