[[430 -235 -173 -223 23 247 -124 78 21 301 58 58 383 256 36 72 -384 230 209 -154 -143 420 -303 -205 34 -644 536 246 324 -3]
[42 233 13 546 390 26 108 354 113 32 -112 61 16 82 -70 310 242 -302 582 -234 36 -318 -112 -266 56 576 -602 -138 -476 -228]
[-247 -404 102 372 -130 -171 -257 -330 -405 -70 146 74 -298 86 -315 -485 146 -272 -359 378 -211 -423 692 128 -221 -227 23 -145 -462 23]
[-10 -280 33 74 126 3 -98 609 112 -106 195 -85 -327 -198 -94 -298 315 29 -80 528 -167 -231 746 -182 472 -399 369 94 57 -157]
[155 372 153 496 95 -31 222 274 255 243 -106 3 701 123 -264 -466 162 290 -32 202 -111 16 -335 -381 299 -106 158 267 -646 -231]
[-231 15 -282 -256 -321 368 -100 -90 124 -91 -366 111 -217 -641 58 860 -108 -298 252 -59 -357 201 -266 -32 35 347 -56 457 301 -231]
[319 165 135 328 76 -876 222 -167 196 -563 -102 309 5 29 -387 -914 47 -77 -260 147 -95 -114 327 169 273 159 8 109 63 -79]
[373 192 204 432 -78 -131 -235 246 400 -18 -649 -26 -328 -611 -192 708 -27 286 16 -84 57 125 25 -593 406 -4 -341 239 198 1]
[-250 164 -25 -331 121 437 486 91 -196 233 297 -319 -93 190 -186 265 203 -196 292 -319 297 -38 645 677 -6 45 327 -344 -443 7]
[414 305 7 -663 392 -557 413 166 22 -81 7 120 796 -223 195 -665 145 337 520 -321 -140 218 278 141 575 -249 608 6 -241 -338]
[-152 -122 65 -164 5 -666 -24 -11 -447 -1132 -283 -84 -575 -587 102 -19 175 68 -171 -177 6 390 510 -73 164 237 233 -347 252 -15]
[-158 -55 -33 -683 -302 374 -140 23 204 86 -64 -359 -74 -27 73 484 -430 -511 142 347 -392 93 -544 541 -243 -415 -77 313 340 385]
[209 -254 -42 240 -248 728 -1171 286 591 411 94 -17 -9 -293 257 617 64 -52 -217 36 308 -123 -68 -366 87 -64 -49 449 532 -346]
[202 -484 -326 -149 31 126 -14 -182 12 846 -301 5 -477 -933 -345 488 -318 250 8 481 17 -74 688 89 133 -292 668 -20 657 249]
[-310 -28 240 -594 -186 195 -459 199 242 31 245 -38 -196 -85 334 -753 -31 -406 85 -220 -323 208 268 402 -386 -266 371 192 -329 145]
[691 122 -11 -348 176 -336 -49 183 -266 288 293 -33 134 160 -467 -339 346 527 -591 209 -435 -30 83 -311 400 -1050 -34 82 -105 41]
[-204 68 -288 237 -724 16 4 -10 223 323 183 499 -132 292 -340 -108 237 706 -183 706 157 -200 -89 95 531 -556 101 369 39 -41]
[369 62 192 343 529 -278 407 202 680 86 -542 112 541 -219 212 0 -91 -16 173 -191 330 166 -385 -346 -586 58 -431 -208 298 585]
[413 123 125 28 102 671 249 -323 -173 -281 704 10 470 587 -185 -309 53 -151 -477 646 -380 345 217 191 -69 -686 472 129 118 57]
[-202 235 210 -461 -111 -506 304 -613 353 64 -805 -293 248 167 -219 60 81 372 -268 -246 -43 77 299 699 110 -87 -393 204 251 -103]
[317 433 -479 -33 -400 -215 370 69 55 -36 -29 -150 -598 -705 -106 -206 122 157 -260 159 147 621 140 -324 -2 -384 139 -349 471 375]
[283 195 -163 -80 204 -132 -552 243 243 -5 232 585 -454 -77 -534 -182 -631 196 -141 -10 97 410 278 194 322 175 231 -277 272 268]
[339 316 -161 244 -27 -407 -865 -187 -319 184 -118 107 -473 -357 116 -171 189 -694 353 440 194 -274 -116 -159 -207 206 -443 329 -579 -380]
[-209 -264 -29 62 327 -71 256 -206 -2 108 -771 -119 -223 340 -349 -525 -288 88 212 586 -28 -35 -446 58 495 -234 806 655 300 146]
[-458 -87 267 -479 381 46 382 644 391 -562 273 -463 -88 -162 -57 174 -264 12 323 -328 -114 -579 588 265 34 329 -313 -312 -13 -540]
[96 -159 -94 208 363 105 -528 359 -812 44 317 -172 -425 112 -273 -480 23 488 190 317 34 169 120 -266 -508 311 -136 -358 271 -155]
[109 -516 74 -278 -113 685 402 181 -97 394 444 247 61 130 590 -472 -460 435 -476 205 -144 153 -268 146 -362 546 73 -309 379 380]
[527 -62 -421 -542 -401 197 241 -256 187 -221 424 -440 485 -413 -110 -63 -372 110 -503 3 -2 383 -93 9 483 59 202 934 49 -683]
[-396 -221 164 247 207 627 -103 91 -149 -120 292 460 326 236 189 -46 -436 -193 -469 -300 674 90 -368 -27 -455 -417 87 -143 465 -13]
[2 -205 -465 -8 1043 -352 -322 349 -3 120 341 -154 -120 243 277 -104 -518 -362 -294 32 -175 -233 135 292 -478 -78 -277 170 230 354]]
