[[-373 -383 524 -65 -502 19 -57 142 -267 -257 -177 619 444 147 -376 98 175 -22 155 29 59 -552 206 313 -475 77 -239 -49 256 305 -183 385 53]
[94 -116 1 -337 269 34 -26 -285 -37 246 63 105 -7 36 456 -171 334 266 85 347 101 -351 -594 -247 306 165 -848 205 230 -150 570 -519 2]
[398 -788 349 -150 -291 31 179 118 327 -115 -152 -500 -42 -89 -239 403 164 -505 -41 107 338 -59 -2 61 38 7 609 -369 -139 -55 -216 400 -364]
[-477 -95 372 -358 17 201 270 -84 125 117 29 -165 -353 -89 -388 41 349 -286 -127 536 132 -457 -185 -237 -15 95 118 -249 -484 -155 -327 535 -362]
[-101 353 -548 -33 -256 283 40 456 -113 -20 107 282 194 238 -128 130 162 164 -351 -294 112 -264 232 134 -645 340 173 106 -404 563 -418 4 -289]
[-333 201 -256 280 -175 -492 242 289 399 406 -122 198 -290 -245 177 127 -430 -212 -156 -254 171 177 -10 71 -459 242 256 367 -240 374 -510 201 218]
[-522 -14 -7 306 -175 -457 24 -142 -70 -158 224 860 516 -698 169 133 -506 -215 301 295 -90 -426 -289 93 -149 -243 -101 -106 474 239 440 -8 450]
[-364 -137 59 148 -105 -96 909 188 871 -136 372 452 -146 -374 -152 343 -362 14 -47 74 202 -202 -97 32 -280 -1 148 -514 -609 151 -403 213 -454]
[-565 -418 -64 -115 381 70 444 -694 241 538 210 406 -462 20 545 -227 93 -145 416 243 -4 168 -157 -288 -219 -466 -522 -161 -89 -249 53 158 169]
[-72 -339 648 227 78 -415 79 234 290 20 -402 -745 265 -80 -384 -10 -157 255 -101 -366 288 -115 412 322 177 17 118 191 -356 535 -249 -116 -61]
[509 352 -496 78 278 25 -304 534 -213 217 -79 -213 -489 -265 153 106 -24 51 -87 97 423 -85 -223 -100 329 489 -69 405 -58 -563 -11 472 338]
[-211 291 103 -237 -181 47 306 450 438 117 35 -106 189 235 -966 -31 20 264 -52 -267 2 -142 -304 -22 -140 250 833 -104 -205 389 -173 -8 -34]
[480 515 0 -33 507 -19 80 249 302 -596 -219 -317 -269 54 -512 144 -2 560 305 -284 117 1043 -136 440 376 178 -14 -487 268 -562 -47 118 313]
[-57 241 261 -152 -602 199 127 495 -368 186 -363 603 -158 194 -293 34 -209 374 -136 65 -518 -399 242 88 191 -112 -515 224 41 -52 46 481 455]
[298 -389 400 -58 -218 176 -389 -130 -269 -172 -291 84 417 104 -173 -475 423 -644 -270 -28 -152 -104 276 -91 -266 431 -326 -54 223 -770 -123 724 -169]
[592 -561 445 10 -861 -378 65 -474 54 -249 104 409 197 -115 -72 -95 -343 189 -403 -323 -172 154 -37 -58 -159 -128 -444 -86 172 -124 -51 138 -16]
[-49 27 497 51 -133 -489 547 -30 222 91 214 60 3 -413 5 210 -228 -368 298 533 227 -231 18 -60 700 -67 18 331 -199 41 653 -857 -482]
[-572 -72 -41 315 243 -23 -37 -475 -179 277 352 400 278 -64 148 -110 91 178 -216 -110 170 -430 397 -168 -428 309 -228 -472 -132 579 -525 6 478]
[115 -323 -400 417 -76 -181 -279 -244 -494 -151 165 -95 102 538 400 -134 -454 -246 -44 -172 -83 -342 736 -6 54 -305 158 119 581 102 -43 572 754]
[-339 -547 421 442 64 396 504 -175 414 -95 -753 -500 -113 220 -24 210 44 -79 95 325 -368 536 167 378 -460 -594 441 -753 -323 65 17 71 0]
[-131 -272 -256 -500 441 0 -148 -341 177 -176 648 581 665 564 -291 -530 362 511 108 -282 -275 191 56 181 152 442 -575 -118 -51 -64 -21 -399 226]
[606 -106 -259 176 22 -110 100 149 -236 111 -107 -668 50 75 -230 -402 -266 -133 -185 480 -61 186 485 419 669 -155 1082 69 -22 -719 256 -71 -15]
[-242 -732 -133 -249 -493 169 711 -186 178 -94 -40 -316 -74 304 -393 -328 -146 -287 -9 -605 279 -245 77 -573 -396 -178 -294 -202 -428 123 51 219 -504]
[-2 -24 -181 -217 -166 -544 253 13 176 -278 240 514 -754 -169 20 -175 -589 369 218 189 208 -320 -731 463 761 64 -237 81 -174 -596 709 -147 -48]
[-132 -42 -576 237 -86 -6 -280 157 233 -453 -172 -617 230 -134 -411 90 -106 724 -571 -374 -160 409 414 -178 244 -132 -184 -122 -502 -419 -381 149 -89]
[-140 -101 -221 -55 157 -411 -922 -389 -39 420 -147 471 372 316 182 -125 -25 -224 -181 -271 115 -148 269 87 -47 -2 -1005 369 55 130 358 -57 207]
[-145 462 -508 39 379 226 -22 138 -381 -297 -29 -518 164 137 -267 -205 351 226 496 190 159 -1222 -199 -319 -139 318 153 394 -61 -170 130 -294 -14]
[334 -57 -21 139 -134 27 -164 -301 3 -111 329 209 -648 660 -359 -575 636 250 -80 -158 -235 340 149 -355 -20 -242 150 341 28 -539 848 223 70]
[674 -336 -210 -189 66 -132 -97 425 585 598 89 -319 -441 -696 602 78 -269 -290 92 -404 -287 139 -64 268 -321 -288 605 203 237 -333 199 11 -61]
[662 -428 -248 -321 336 20 -62 31 403 -210 -112 225 -415 461 807 -86 354 -248 49 -126 499 -331 503 -313 363 151 -202 550 -241 -173 372 -329 -430]
[250 -250 13 140 9 -32 92 -27 -274 -119 473 258 354 236 -67 -223 -399 58 -588 -472 -442 8 62 -106 -223 146 37 -103 914 -242 -216 182 -520]
[435 169 -311 348 -271 518 -169 175 481 284 -264 -243 -541 -450 249 199 -2 367 -241 -155 249 124 -246 -252 -151 -402 372 599 -3 538 318 102 369]
[-220 -118 498 104 -57 77 13 -233 -399 59 -956 -48 -574 -336 -1 167 -288 87 423 62 269 319 209 99 154 222 314 -214 222 455 -46 205 86]]
