[[420 15 -349 297 271 -85 -29 449 490 392 -379 -407 266 130 -121 -140 147 -155 -296 -331 -438 259 -168 -8 -309 -479 181 -199 39 -9 -137 -450 3 71 272 -246 -2]
[-22 1 55 -355 -198 -177 -298 -187 -6 7 633 -602 210 -50 -158 -328 -470 -409 -43 60 -322 -176 86 -331 205 373 -469 186 274 -105 -25 349 -96 11 228 506 39]
[-484 73 225 279 664 -75 50 -330 -185 145 421 -434 -244 -81 -243 -461 113 -363 322 -394 -67 239 104 78 -111 -76 -666 39 13 -312 337 -99 -34 -422 96 -98 -23]
[183 -235 137 -334 -440 -396 150 2 650 -31 104 -218 -154 150 242 308 -510 -375 -179 -512 -424 -168 253 -359 42 113 415 -141 -150 62 -122 324 49 714 265 350 212]
[-357 -178 127 -87 363 70 192 -388 284 -6 -248 279 82 24 -137 -97 554 -229 713 -489 166 191 64 -30 211 -258 -294 -70 -279 669 489 262 -388 145 281 -78 -41]
[324 -402 -99 -43 -63 -4 401 -4 561 143 -429 456 626 167 79 -109 170 323 340 -3 -460 66 -593 180 191 149 -219 196 423 -116 -263 231 -101 -337 162 125 47]
[79 58 -108 -23 -159 99 -638 205 393 10 26 -118 140 -367 -244 -88 -358 -198 15 -69 -251 184 610 -152 282 -152 342 -582 341 531 -126 -111 174 944 -16 136 283]
[137 -45 -43 -166 75 -183 -113 -230 378 175 -163 -287 307 -215 -533 -662 409 20 200 -358 -102 445 -81 29 117 -28 -44 339 784 -709 71 -143 -527 -122 32 295 264]
[-107 -363 -298 -468 -160 360 -150 -324 42 -169 -350 456 77 -3 -292 -119 -46 809 99 148 -53 -45 -769 389 -269 143 209 506 414 376 201 216 -576 -334 -25 229 -226]
[14 340 -165 -61 336 194 -459 -319 37 221 -499 -594 -23 163 -388 -150 305 684 144 -87 447 184 77 190 -11 -371 325 14 216 -28 421 -796 -130 -132 635 -445 -341]
[117 9 -214 794 371 239 355 306 26 188 79 -301 359 152 388 499 -57 -628 -208 -34 16 501 164 -118 15 -170 237 -191 -244 -44 74 -256 0 559 -676 -261 -37]
[-303 -65 147 15 -275 180 228 -467 -70 -214 161 260 39 -102 112 -654 191 69 279 -43 -565 147 -83 -325 -304 516 -482 -75 33 311 -350 275 591 -171 158 14 258]
[251 652 451 -56 18 -675 241 317 -84 493 -275 -229 -793 -235 -81 37 98 -202 245 -655 69 159 354 463 149 -256 371 -303 33 -479 -247 -391 -186 -179 99 -459 236]
[23 -255 -182 -318 -223 -454 -574 427 -205 230 198 -227 321 324 -464 146 -8 286 -242 491 -213 -484 -114 -245 -584 -352 320 3 47 -449 -163 -120 -228 -399 112 542 -29]
[190 476 -67 108 342 42 321 -227 -224 36 613 -795 23 28 -75 -593 -374 -360 -115 109 675 90 404 -189 241 96 -327 35 177 -337 179 -216 -34 168 -541 147 579]
[-256 -126 -4 31 -517 131 -260 -127 -63 -449 -33 -442 632 376 -143 -200 -143 29 -629 438 137 -249 -15 -292 -261 456 599 377 117 -396 42 229 -370 10 303 -41 -452]
[-116 579 229 -63 127 291 -38 -468 -284 -129 26 28 -917 304 47 -27 -273 -106 -88 147 146 -243 -478 -2 -262 195 -303 -29 -512 527 181 -29 -300 141 -246 51 354]
[403 -37 206 265 -239 -389 390 -106 -105 -42 -82 268 -267 428 370 397 -758 345 24 579 -618 -706 -95 298 22 -225 153 -529 526 88 -346 -67 277 153 -104 274 291]
[83 125 -350 121 -44 -242 25 144 162 -506 425 -431 285 -50 94 -438 76 -32 -150 249 710 369 -293 -332 361 112 -104 235 -120 -675 -110 53 25 -187 -469 606 -52]
[772 142 -166 -261 208 -584 679 221 533 -18 -255 -119 -260 -198 376 -20 778 475 -22 -278 -132 146 -320 -119 401 -252 84 -192 -189 -510 172 89 436 -249 267 -388 -69]
[381 -461 473 -425 9 -497 -83 249 129 164 442 176 92 -268 238 282 35 -183 526 306 -133 -28 -128 -171 347 62 -128 -289 86 75 -34 841 302 -475 -377 599 622]
[-512 -403 64 327 -89 322 25 -556 -91 -71 121 49 -143 -72 285 -286 94 320 -20 571 -281 124 -520 -206 -674 -318 -301 -26 53 -182 -166 590 108 -792 -289 458 -17]
[-628 672 40 -358 -36 214 -213 18 -745 357 297 -256 -136 -104 8 -149 94 -110 -247 307 159 144 -356 -257 -201 -63 144 247 11 -375 793 -39 -788 -361 -463 -148 -14]
[-59 221 -74 465 453 -60 -280 417 -363 168 -303 -152 416 -207 -67 -37 -134 -268 710 5 140 373 -376 123 -208 -839 -421 -220 537 439 260 75 -363 17 -353 -4 -117]
[94 422 47 -434 -470 145 49 -368 379 -37 -58 215 -389 15 14 248 42 -122 802 -284 -918 -116 257 -269 167 164 -445 127 409 -356 -327 611 194 316 192 196 277]
[-647 -242 -165 -779 -166 -229 148 -386 -682 582 94 -483 -55 401 0 -509 198 41 226 -194 -318 -378 197 -277 -38 -114 -808 240 -156 509 253 -480 -252 -94 355 352 354]
[-284 514 109 20 -52 248 410 72 -133 582 732 -86 -315 169 103 -481 -39 -265 -62 -277 -6 -417 587 -23 -367 -163 -251 -393 -47 -21 -415 -83 498 -5 574 2 -134]
[-523 -266 458 -142 583 336 93 41 492 188 -553 -34 -289 304 -64 -94 -360 -505 -27 -323 -531 93 -187 306 -203 -82 -159 -179 833 -509 382 442 29 123 127 -49 91]
[469 -233 -400 85 -425 -41 132 -128 122 566 375 -74 228 -160 514 427 -404 -545 -148 17 -732 160 98 -797 -189 -183 175 51 -238 -45 141 -257 269 676 302 -341 -99]
[-315 -177 -487 -126 324 30 -408 405 89 237 -130 -428 185 97 -419 -120 23 -596 8 -106 -104 -81 117 248 -236 163 237 91 300 49 -275 -663 -830 -127 26 -406 126]
[-502 -258 356 -213 279 15 339 -722 854 -623 491 -615 162 -195 101 -141 -36 192 4 -622 439 267 -38 -27 -270 -207 5 170 -337 90 400 67 -215 -282 604 -167 -410]
[440 -115 -198 -494 -44 226 550 -345 571 -186 -243 376 246 396 205 -95 648 442 117 -440 212 190 90 395 190 -337 511 195 -348 -107 -343 243 299 160 339 7 148]
[171 -3 479 -173 -90 100 177 213 147 -381 40 150 -250 -151 154 854 630 484 45 251 664 123 734 60 361 -75 -82 45 -582 -110 342 589 189 -338 644 -260 -292]
[99 197 -269 -201 79 416 -604 701 133 -545 -237 -99 728 -97 -573 -421 125 -597 -20 543 159 -189 -164 -99 -186 -203 -160 -229 317 411 -326 108 -255 470 416 611 514]
[403 270 129 -569 -280 31 -519 318 -328 -382 560 306 -354 -113 -3 250 -714 -67 -244 -31 -365 -652 -90 189 -333 344 -119 42 -366 169 154 302 -211 126 -378 -63 -622]
[-225 396 -138 -527 553 -80 -125 280 475 -371 -241 302 183 -190 -314 -418 -747 324 118 245 -70 -93 -20 -53 -226 -45 70 -41 20 223 -170 12 -219 257 449 -41 212]
[57 175 -189 -216 410 83 416 487 -73 -469 28 634 -239 -366 579 128 181 -197 434 -581 108 126 157 -334 900 -352 163 -158 -88 277 50 266 330 628 -82 204 -84]]
