[[-70 332 137 0 -372 -132 117 -80 39 -916 259 9 106 102 170 -178 169 -216 -171 -41 224 208 406 552 -477 291 44 10 343 -123 341 435 -312 190 125 -381]
[-634 -465 464 163 515 253 52 246 -331 295 -62 -203 62 49 -87 431 204 443 150 -75 -33 -277 -219 -220 249 -229 -66 -397 -519 -120 388 160 -36 248 439 1]
[-101 5 100 189 60 -141 -326 -34 170 410 -279 -532 -182 142 306 384 314 -37 -143 334 -616 191 -268 -90 32 147 -181 409 441 358 -442 -609 -326 -225 -443 2]
[459 105 -416 -354 65 81 -82 -326 -84 -701 105 -175 101 162 -533 -64 -249 212 151 -129 52 177 329 -397 79 104 194 -718 -54 331 -98 -271 344 7 -515 379]
[-319 -278 113 320 -349 -192 -136 412 514 -340 207 -127 -295 311 694 385 527 -167 -189 183 431 -308 430 292 20 -255 4 261 111 -516 106 109 -322 383 -403 -407]
[191 -189 79 2 66 375 -140 -125 19 265 -284 -437 66 94 -360 528 108 560 -370 504 332 -326 427 -607 312 -234 -253 150 -675 176 -133 -194 -216 594 -367 -13]
[-589 448 370 36 -250 -319 -141 201 -321 17 123 -451 -87 81 464 170 401 29 -421 674 -69 -314 108 -293 133 -114 -135 -212 -444 148 21 -156 -276 795 -49 -385]
[482 -475 -351 -46 -41 396 -104 -535 33 -187 -112 -224 -622 -374 -64 302 90 355 -128 73 -314 280 492 -39 -179 214 -502 352 120 256 -89 -378 -446 366 -91 358]
[218 -2 -322 -110 -339 124 65 -281 121 541 115 849 -204 -56 123 54 -340 267 -212 359 400 -325 75 -832 223 -382 426 721 -208 -91 -145 -556 519 665 33 -14]
[-425 -563 47 -111 240 479 56 241 77 292 -272 480 244 443 169 266 114 205 201 -309 527 -332 -479 272 187 151 698 -78 62 -806 292 -178 -207 -57 334 190]
[-338 -314 -313 -232 285 -160 190 -232 -630 -460 -260 -46 -327 -200 -92 340 74 346 -198 405 -320 407 -558 -346 307 397 230 -315 254 363 -248 -551 158 326 487 368]
[-397 408 497 -239 387 -140 -236 -618 -616 182 461 -272 -12 383 -129 173 -183 385 -162 -482 -506 -379 -405 -607 311 79 178 -492 -402 226 574 -134 677 -298 216 11]
[864 -493 -82 -362 -563 577 133 -76 389 546 23 367 -492 -30 -378 -108 -23 127 112 178 321 -46 132 -318 -8 -427 90 233 73 22 -538 -495 -162 296 139 -47]
[-744 -23 -139 -24 267 -462 -249 -166 -173 -461 103 94 -410 -320 230 45 517 23 -580 66 27 -30 155 486 319 -191 -248 -317 117 -610 441 192 -336 112 -117 447]
[164 316 -232 415 184 -210 280 -15 471 -153 -142 -38 322 176 -285 90 -355 10 60 381 254 245 928 -387 274 -699 234 -81 4 -101 69 -264 86 -18 -485 85]
[590 296 -53 381 -249 -281 235 240 41 -217 -33 409 -156 -347 524 -255 -414 -91 -165 632 -111 -165 727 45 86 5 171 701 -217 216 84 413 244 -13 20 18]
[-270 -618 758 -145 267 45 34 427 -642 227 -68 214 -7 96 -297 301 -43 289 28 8 36 481 -818 -44 218 -687 -101 245 282 31 73 155 351 -571 243 -217]
[90 -43 128 423 238 -130 228 -181 -21 -11 409 44 -291 -227 633 -265 -728 -281 -166 -587 -76 -223 256 193 194 270 -273 267 392 -188 374 402 255 57 -13 -431]
[-646 -68 650 454 608 -29 133 184 223 1032 32 -204 20 269 -181 -129 263 50 -198 212 298 -250 -412 104 49 -240 -287 63 -324 283 -358 -162 -149 415 -147 -297]
[-295 578 115 -83 -454 -173 336 -311 -84 112 -282 -122 -175 -553 -165 -115 -595 -574 -486 634 74 47 119 118 -90 -81 -326 -318 315 -14 -198 504 -670 118 284 -364]
[-324 200 386 12 57 -52 74 -66 -224 -165 306 414 -864 125 281 -94 -164 173 -51 141 -2 -721 146 147 223 -583 -742 94 -246 -186 520 388 -136 342 152 19]
[168 -234 -104 229 807 14 35 707 144 630 -536 -356 170 -490 188 256 -95 -128 15 133 -242 30 -286 149 -49 794 81 -275 217 -25 -371 -132 50 279 216 397]
[206 -314 -311 134 -303 54 184 192 363 308 57 508 458 380 41 -222 272 209 579 37 -456 202 -535 27 -16 -336 282 372 581 -65 26 -102 411 -140 -437 -156]
[-168 -311 -506 18 38 288 -695 -257 -83 366 151 144 -342 91 195 -246 -505 -156 156 -204 324 -778 143 -291 98 -272 702 -246 -509 -297 -223 -531 203 168 -204 195]
[261 -296 -110 -128 -405 -21 97 122 254 -95 318 249 280 127 -439 133 299 -2 -498 -50 516 461 95 -17 -162 -554 -164 845 -395 -771 50 861 -188 -108 -606 -261]
[-314 -163 18 149 -212 -55 -441 364 423 -177 369 109 182 261 -33 -67 716 -247 -139 246 332 97 -75 -650 168 -304 888 -356 308 15 277 -125 -446 503 55 -294]
[-36 -401 315 327 153 -87 260 45 -11 598 129 118 -167 12 94 267 -7 573 -140 714 -104 -61 221 -330 -260 -56 34 -246 -85 330 -569 434 -154 584 60 -568]
[518 -159 247 -274 -48 811 386 -367 -451 87 199 217 -329 58 -471 334 -484 118 -226 -399 -162 204 361 -251 -152 409 414 44 -321 750 704 -184 322 -156 178 1]
[494 413 5 -174 -99 -348 263 813 348 -79 555 -106 -3 111 707 -621 125 -578 419 -147 -74 -151 140 -165 -484 -47 -167 -304 371 -209 -419 -134 -309 -390 -225 -562]
[-371 -178 311 -117 637 613 -200 -15 -366 -90 70 -177 119 224 -349 -164 -172 -88 168 96 413 -233 -656 445 544 -114 160 -311 -646 -208 135 109 226 -796 256 288]
[-318 516 -107 -118 23 31 244 363 107 368 -429 -769 703 -188 412 133 330 -289 253 -164 37 -9 -597 -299 -307 388 -21 67 249 359 -82 -231 -317 64 401 452]
[-341 -103 600 -219 493 -196 64 988 2 679 -152 -13 404 11 -122 -367 -325 -290 81 71 -27 -631 -105 -421 425 305 239 -231 -512 -345 26 -126 -135 273 289 291]
[16 507 -353 -58 -299 172 -85 -169 -17 581 -218 -444 -570 -113 -344 -14 -313 221 -69 549 -591 903 406 -197 -709 -247 -357 -304 -456 453 21 -770 -31 132 -371 -30]
[203 182 -152 -550 -274 -129 -178 900 304 -485 353 -124 270 403 184 -250 -215 -113 -162 -247 367 -135 346 23 -187 -438 205 -425 -84 90 381 -500 342 -128 -215 -9]
[-547 45 238 485 105 32 -15 264 -816 182 -266 -73 295 -70 -242 -722 136 -229 -350 127 -25 460 -171 -297 302 0 -573 -139 -348 -122 200 130 -311 475 323 -209]
[963 -407 145 -451 17 407 -95 -137 151 386 -299 99 -408 -253 172 91 -123 173 69 -87 26 -387 609 51 -137 -122 257 -103 -529 -548 227 228 191 -153 504 -485]]
