[[293 60 -150 -254 -135 342 -262 -205 135 -91 -208 -165 -259 -251 238 4 49 -112 -196 66 -403 148 -149 299 -622 127 -157 -82 290 5 260 380 3]
[-88 331 -48 527 183 119 234 -167 275 -754 488 530 -398 -112 206 250 -203 412 -223 -112 72 -201 -98 101 -278 84 321 273 262 71 -207 108 77]
[-58 142 43 536 107 267 94 11 -812 30 172 124 -255 -302 578 24 -384 140 -384 -237 151 -27 272 334 -299 -97 -102 553 -202 104 228 387 19]
[-203 -247 72 -36 -177 -348 241 -521 280 616 -388 60 229 -92 -393 -330 545 -17 246 -46 -507 -292 186 -145 804 196 -237 153 157 -239 -230 -133 -205]
[241 54 83 -371 -175 -248 259 353 568 114 -351 -301 -98 841 -28 229 259 -365 190 87 315 677 -176 -97 -97 -180 367 -21 -254 -60 -54 -430 -305]
[66 -123 -480 -226 249 8 132 -136 -40 -509 178 509 -172 193 50 -104 -77 -290 15 -170 233 53 -489 401 301 439 -3 -129 209 -281 187 -115 561]
[281 259 -430 118 -499 -76 426 -100 464 -392 -179 770 -349 302 195 -130 -137 292 169 251 33 -181 -236 -131 207 -404 29 629 -337 77 41 -230 62]
[-120 161 425 753 118 -294 85 425 -453 -118 303 278 -340 595 13 271 -143 -200 -406 -191 438 -280 197 420 -596 274 140 185 342 -199 15 -230 -167]
[311 -108 -422 391 -320 105 -476 -95 -753 -299 -100 149 -419 -233 -118 -150 -467 -100 243 22 120 60 222 807 -131 310 -358 -277 -73 209 322 109 110]
[-34 -75 439 489 90 302 54 38 -284 232 95 -160 -28 -50 -401 156 274 485 265 96 641 698 45 -242 100 -324 82 -256 -67 305 -197 82 -46]
[-47 433 -302 644 -538 249 118 -311 -263 121 214 434 -833 438 174 -217 8 368 -153 -408 -249 -176 31 250 -123 -17 -76 387 -149 210 29 693 -41]
[-42 -539 104 196 29 -385 -178 -142 -315 262 313 89 445 311 -538 193 462 -155 -120 311 266 -38 246 -428 -198 12 -385 -389 -405 -334 37 -3 -313]
[560 -597 45 126 508 -98 -718 -150 -363 -56 -151 -47 153 214 -434 341 519 -477 371 333 -20 269 14 423 39 324 -816 -276 166 5 365 -124 285]
[506 -170 -91 -486 -291 217 -191 364 81 -384 -359 100 -676 338 -254 78 -19 -95 291 43 -282 -1 282 338 192 96 -503 -15 -336 -26 95 -396 7]
[-212 -343 367 -45 110 130 253 13 -329 23 154 607 109 -379 -311 -55 220 142 -326 -311 -168 108 -50 387 -133 -347 146 -113 395 -324 -10 483 -78]
[429 223 189 -103 67 46 -41 296 -210 41 -445 260 693 -64 19 122 175 -43 -112 396 12 -785 670 -271 279 11 -85 239 -509 -7 -70 -222 -64]
[102 -45 -24 300 530 409 8 217 -509 -90 360 626 -18 616 173 174 -311 173 -177 -20 526 -331 491 393 319 -60 33 178 111 -635 -157 -23 95]
[253 -101 2 99 -222 138 1144 -203 -49 96 205 -83 -178 643 72 -289 592 -145 -249 -107 37 -200 -231 -569 190 217 57 25 -241 174 -167 -150 -43]
[-419 14 101 -349 4 -77 -847 -147 530 -4 -128 -553 113 39 -103 -295 -147 -298 210 665 544 554 -192 218 209 26 184 -506 378 66 181 -331 -279]
[-375 9 -13 269 -270 -454 -120 -115 -217 159 -14 71 32 455 -399 -316 539 -287 -38 192 -306 315 313 -105 584 953 219 195 -409 -170 -329 12 -590]
[404 92 75 -392 -462 308 -136 -394 -387 361 -777 -382 -537 -455 302 -128 -292 -117 23 206 -349 -789 521 306 514 10 -148 -277 -323 32 120 370 -312]
[-323 564 -545 12 83 176 -224 297 -383 -172 659 404 -7 81 535 -911 -534 488 125 39 650 0 254 -184 6 88 427 75 129 136 169 317 226]
[-81 484 709 359 294 -299 -258 674 -28 45 -252 118 470 114 285 -47 -231 60 221 -579 256 -38 95 -569 -392 -86 474 427 16 281 -162 493 467]
[76 -158 -509 -238 698 164 -115 -77 -6 -253 798 95 -440 -358 81 164 -15 85 695 45 -539 485 -317 514 -151 398 -127 -511 -36 -369 -287 311 315]
[105 63 34 417 -418 -327 -50 -453 951 21 394 575 -779 -142 -69 50 359 107 -304 339 -308 223 -277 589 7 306 117 -131 233 -243 -93 -56 -644]
[0 -49 132 -210 425 51 -16 702 147 -129 -354 -204 425 -85 -477 -54 290 -160 779 256 -215 -148 -128 -566 343 -253 384 -198 208 847 -248 632 33]
[-61 -559 -707 28 -249 257 88 -392 437 -594 200 134 -131 242 -242 108 685 575 316 -67 -471 41 -549 -62 235 -278 -60 455 -124 534 36 305 -302]
[65 429 -365 -269 -310 130 104 -501 500 -322 233 -605 -80 177 40 110 135 514 -75 287 189 -179 -349 501 -297 -63 284 -512 162 100 -313 138 351]
[-291 186 -510 -83 -555 -10 -252 36 356 446 -541 14 -563 -177 -132 -277 312 204 -94 -331 -6 -318 -211 697 108 56 -294 -315 390 -348 -449 192 -191]
[-523 -62 -226 140 86 -121 -383 -129 -241 382 326 -658 111 158 -85 397 -228 -482 -222 -247 215 -50 324 -557 -295 -98 -299 229 223 347 -431 -169 -424]
[153 301 458 148 534 -263 -335 431 -163 -777 403 -88 435 33 82 117 29 562 -258 418 -210 -151 -14 347 -305 253 326 -622 543 677 -194 -173 -309]
[149 -118 -353 289 0 142 -762 130 208 -90 268 457 -93 39 251 79 642 -82 10 289 293 78 235 702 -89 66 -12 -217 613 496 113 202 278]
[-145 546 335 89 527 123 -43 678 -280 -299 218 323 217 -237 630 278 -231 361 -70 26 368 -45 -235 202 585 -217 275 395 335 -296 131 113 -429]]
