[[373 -209 112 -121 291 -225 -146 102 367 -238 -201 49 -43 156 24 -198 -251 569 -108 353 -285 -36 167 -513 -500 -241 31 -405 -344 366 -83]
[-388 -559 -309 -115 359 75 694 -216 -206 208 324 105 175 -200 -121 188 194 183 380 -26 -48 289 -69 457 37 442 -204 -140 212 -556 -5]
[496 483 393 -33 -434 38 131 568 161 -284 190 300 423 -126 69 -308 2 -432 218 145 -263 399 77 -236 -187 -557 15 -76 -330 193 37]
[85 -230 58 147 32 27 -92 -103 472 -152 8 -124 -554 293 75 220 -277 -298 -116 -543 457 -538 17 283 -572 168 244 219 -166 29 -148]
[71 158 701 -47 -100 619 148 161 -117 -186 -15 -104 -60 -386 428 98 294 245 -35 85 489 -100 159 -55 -419 61 324 -73 -266 472 -114]
[80 -596 -296 234 -38 -443 346 -407 417 -22 -125 122 197 108 545 121 -508 -12 -88 642 -292 -211 -264 193 -83 -352 -117 -343 -32 -354 -39]
[242 -662 569 -36 -51 29 -220 -212 241 33 -334 -202 -483 -103 554 -4 41 -417 -323 142 775 -113 -120 423 -228 139 186 -244 487 2 -92]
[758 -26 418 13 -284 112 599 -21 34 23 -161 390 -20 -123 327 74 576 -250 -303 325 144 -172 -434 -231 248 -309 13 -186 314 -267 -26]
[391 -516 -403 -199 -104 50 -469 406 376 -334 -219 111 -97 379 -298 -368 109 126 310 -295 -521 -146 77 358 -348 295 -256 249 -237 163 -8]
[316 273 67 -153 -246 27 -289 -366 -406 -148 -205 -815 -167 332 -80 -43 794 -103 12 -259 137 -610 -277 58 155 434 141 419 29 453 -47]
[454 169 -21 96 -194 -15 -580 491 636 -126 -178 408 97 -278 -181 104 51 -390 211 -604 -171 -395 163 -251 -95 146 -413 708 -402 -415 8]
[449 -109 370 37 -354 -142 202 -564 1 -223 -287 -203 89 -217 386 -584 340 -157 -148 96 185 -283 189 356 380 -349 58 104 59 670 298]
[489 182 142 -136 377 -302 2 -640 -22 401 -29 -234 -97 475 -15 -126 17 90 -78 -712 -45 -172 28 14 518 -377 -189 -158 474 -326 129]
[-183 -189 -358 381 -232 -133 -315 -194 792 -116 141 114 -354 -268 130 -339 -65 -138 -199 -22 484 -499 -303 112 -127 -24 13 257 34 191 -388]
[227 -420 74 -243 707 294 455 -354 446 389 539 189 -43 -170 -365 160 -382 496 -7 -381 330 -649 -122 34 70 -363 -195 -383 36 25 -65]
[206 115 528 -129 -518 4 30 -225 -277 241 382 -430 -17 275 444 483 -600 -517 -255 18 111 13 -180 68 -15 -237 -445 -169 -188 141 150]
[152 -317 579 175 -63 433 -15 326 221 -295 -126 820 60 -291 142 -178 502 -702 -126 -160 -176 21 178 83 -408 39 401 857 105 -153 140]
[-234 349 -24 27 394 -88 -491 577 -104 945 831 54 515 102 -575 -496 -294 -215 306 226 -269 391 115 25 133 -117 10 -29 620 -339 8]
[239 29 216 266 119 201 308 96 -458 54 -77 -296 364 510 -162 33 728 355 -80 -17 -184 -186 225 161 370 333 20 -417 486 -403 -331]
[267 242 304 -140 1 -283 -257 -89 -294 253 637 -335 366 -413 688 397 98 -598 395 220 339 421 233 453 138 -51 -479 -143 226 60 527]
[-41 77 449 321 -124 43 179 -19 -271 396 152 278 600 226 -576 90 -671 -340 463 -139 -772 43 254 -67 97 -223 -47 -187 437 -202 84]
[328 -18 -366 -153 -510 155 180 559 400 6 41 -111 156 117 494 -41 -590 163 -88 164 366 -253 213 163 -265 -454 -270 258 -153 7 445]
[203 -300 -360 -484 -431 -70 28 -387 -29 -310 79 275 400 569 61 -28 151 -743 323 -702 -420 115 -24 565 -238 38 432 55 586 -70 514]
[115 116 52 -583 500 -221 -78 -566 196 -222 581 -12 201 533 -575 -309 -364 51 -122 -256 -158 -180 318 196 -296 21 -96 -284 72 231 -455]
[161 234 -126 98 -577 221 280 226 -53 -75 -133 706 -281 -7 -20 -471 205 -408 96 637 -494 186 -599 489 218 352 -163 -272 652 -546 218]
[-460 -510 -247 98 101 787 305 378 -2 86 316 -192 -89 63 52 114 -313 209 510 549 52 -34 -50 -19 -360 434 281 276 254 789 -444]
[-157 258 -9 326 49 -328 -3 156 -223 364 409 -353 808 -111 640 -444 54 -538 385 -258 -37 152 283 -303 421 -434 -727 286 179 30 -18]
[223 492 277 -123 -204 117 300 -61 -279 343 176 -42 912 -254 -213 601 256 -146 126 302 422 38 -107 71 -386 209 88 453 91 96 263]
[-577 358 -14 -81 -220 -384 -848 -42 887 -443 -35 64 -46 401 -148 159 -20 -99 124 -153 31 -252 -58 -370 -477 -26 189 537 146 -446 -318]
[33 -428 473 -502 -56 318 7 31 164 -174 -546 -107 -490 105 -251 36 769 410 -889 -519 -130 420 316 361 -483 333 99 -196 -159 294 -21]
[75 -271 428 147 552 -557 320 -160 -468 -399 -187 49 -124 125 389 288 90 502 -686 353 486 -19 -504 -387 -8 -86 6 -256 510 172 -101]]
