[[249 327 38 338 228 348 319 -38 -472 -22 -137 59 -338 9 407 261 150 580 -207 315 274 65 -208 19 -146 55 448 245 262 18 153]
[-232 -272 -75 330 -140 -11 228 338 39 204 -610 -17 412 263 -421 43 -481 -55 196 -539 69 222 -200 58 -268 145 -36 -151 -363 78 28]
[94 -84 524 -349 -669 -320 -495 50 293 -147 236 541 -118 118 99 -364 -122 -44 110 507 -340 -259 -254 -48 13 6 -22 -403 152 73 -28]
[-387 168 5 -95 451 103 -127 -334 -217 125 100 -406 -197 -206 -83 -603 162 -119 212 -583 61 128 -459 287 -157 171 456 168 -8 38 65]
[87 323 -206 327 527 56 -30 391 -431 278 -725 -238 125 92 -171 283 -285 89 -447 325 220 -414 245 40 169 -65 -80 -299 11 83 489]
[-318 77 -289 -378 -152 -432 -368 -346 448 -103 53 190 7 -391 -324 -77 410 -299 -22 213 162 -129 -89 315 223 150 -30 -778 432 -13 405]
[30 -46 -478 -20 -56 -341 374 252 118 167 -217 222 407 -93 -339 300 -23 213 324 -251 -280 360 528 -39 168 -83 -141 -305 -420 -153 840]
[72 -251 235 269 -194 -261 -174 119 -284 75 -103 210 275 669 -165 -282 -251 -278 -60 -56 -1043 -543 99 36 63 -6 -301 -514 50 -392 39]
[-345 -237 -110 -548 -312 -383 -266 -410 -164 -114 41 -136 20 327 25 -340 81 -259 -347 176 -328 194 352 -117 413 -175 -340 -211 620 -393 241]
[185 -16 530 309 325 62 185 -345 444 265 -113 226 -28 -155 147 527 -281 -224 -199 193 299 -675 232 143 -50 63 295 -300 194 -174 186]
[643 -801 475 131 -561 147 231 37 -47 -98 -249 -167 175 -121 246 45 -607 -418 174 -110 272 277 155 -81 61 -328 21 88 -329 -126 -601]
[134 -115 -349 -248 110 -38 137 477 -40 -82 -312 -651 49 -510 -101 416 21 -218 -265 -290 216 445 -167 -128 -120 -165 -181 -630 126 503 357]
[59 -16 -160 -270 -440 -329 -68 -499 212 248 -545 151 376 105 194 -332 -817 94 95 132 281 -267 -210 410 488 -160 204 -412 48 188 772]
[69 -227 -250 438 163 494 459 -544 -35 -654 -28 331 -302 104 123 171 257 -462 360 -465 438 -243 -402 494 11 -15 845 19 -86 -94 -127]
[-1009 -10 257 24 6 142 433 -7 20 -126 -595 -47 -168 94 -146 509 128 -57 -548 -133 52 -10 45 437 -188 -49 723 39 420 -98 249]
[31 41 -500 -752 679 -32 126 424 -310 134 553 -69 -31 -538 117 -109 61 -38 -175 -201 -207 -447 223 -383 58 149 -687 14 -305 366 121]
[-64 -207 -100 518 116 -63 -57 641 -80 -293 -79 -297 101 17 -122 -477 -188 -436 491 -180 83 547 -243 -144 548 -396 304 736 -460 113 32]
[156 -261 -10 -257 -340 -739 -535 290 -59 -88 261 84 -274 -560 330 -637 210 181 358 -133 80 -3 -268 -454 189 -160 -170 392 -362 -218 -248]
[-240 70 -266 603 -309 414 464 378 73 -409 631 526 155 815 -139 539 657 360 87 366 46 229 -18 97 360 249 85 2 -8 -213 230]
[-127 340 -21 -244 141 345 -763 213 5 -239 590 -230 -257 255 -470 84 548 -518 -66 33 23 253 -325 -259 208 484 112 541 308 161 27]
[662 112 -427 70 350 196 -462 333 -138 -180 -202 -182 -556 -388 -377 296 87 -246 -317 150 44 -2 28 -679 388 -398 444 -280 -170 -35 184]
[276 661 282 -93 326 -298 276 -275 -118 -262 581 119 -138 -308 412 442 -29 61 -112 -237 -333 93 353 -600 -110 430 -94 467 342 235 263]
[-478 -181 -437 -74 119 -509 157 -120 85 -167 -714 378 563 478 -223 207 -366 155 -418 -397 -181 140 486 163 82 124 -163 -437 298 -33 -398]
[-861 141 -62 -289 -180 -456 -56 239 -165 -396 -98 128 15 395 -562 -532 -205 -364 -203 905 110 30 -75 -117 -58 -147 -82 339 -258 549 18]
[-564 552 -398 -34 496 218 -569 -37 -314 -466 -26 -276 -92 603 -477 322 125 19 82 -55 816 378 -38 279 284 237 -441 -110 584 -93 29]
[-175 -421 -343 52 269 226 69 -211 -326 -337 -358 -91 426 -171 -444 -244 298 -490 170 -151 -162 -258 -142 -272 -150 115 7 -1034 -457 54 -271]
[-317 -9 -126 318 -764 -151 419 -674 -26 -178 -54 135 160 -47 17 15 -56 610 283 197 -470 157 118 112 -42 660 307 349 494 103 554]
[-110 138 103 -594 393 96 357 -264 -457 60 241 -484 -657 536 374 -215 40 -313 -202 57 131 228 217 165 199 -539 600 55 -58 -131 -657]
[225 -668 -13 186 -59 330 -234 -89 39 -184 -55 387 -117 115 485 -119 -68 -456 -146 188 90 130 388 -331 -103 377 -68 494 254 -854 142]
[-278 540 355 -303 -119 106 306 -198 -122 -61 -698 380 49 -422 157 -118 233 165 -467 1084 -235 258 278 117 327 415 -210 52 281 -406 336]
[-368 -473 -396 -276 -219 261 -97 -783 -174 623 711 300 -198 156 85 -59 -131 143 322 -662 83 111 76 -159 475 -16 -424 455 -24 -211 295]]
