[[-344 -23 220 64 188 151 -132 184 311 -21 456 -307 140 83 -106 210 414 -133 -393 -172 35 -405 3 5 -263 -774 76 -380 123 -444 -146 -121 -187 -374]
[-78 33 -408 231 763 90 263 308 123 -4 608 -36 -38 -323 -282 -377 194 -224 -277 -168 -68 -434 40 -171 -427 -451 -259 199 -299 -66 -309 -80 352 -212]
[66 209 257 32 -609 117 -210 239 340 55 -541 1 247 457 150 -166 299 -184 125 -117 -453 700 87 90 50 -341 -294 -17 219 283 92 -265 -106 8]
[-31 124 -429 262 357 251 -48 -20 61 535 367 311 -14 220 318 -519 -245 -348 148 -235 68 195 283 381 434 -162 -357 196 124 273 -421 83 597 -33]
[-382 -336 426 319 -200 -346 260 33 423 -239 -241 72 175 510 104 361 632 -43 -296 214 190 -84 54 -400 23 -65 -508 70 61 -74 -131 -46 -384 -80]
[-149 65 59 43 -256 271 -204 -177 -221 502 -193 -15 782 361 142 82 133 -533 -173 761 101 499 -30 224 103 -424 38 145 144 57 -261 -205 -115 180]
[167 592 -183 -121 -524 -302 38 177 57 77 -10 -349 358 67 -592 -64 267 149 -100 748 71 -65 -148 80 -248 117 -44 392 490 -239 130 -114 -80 89]
[-291 -119 -230 139 356 425 704 -512 -446 362 -132 5 20 -541 209 -287 -172 -111 124 517 -236 -274 -61 94 264 259 169 16 -764 610 204 -27 12 348]
[-341 25 -90 143 50 75 128 -172 615 16 -376 460 58 -52 367 -275 87 48 259 -364 80 154 181 308 114 121 -151 164 -640 461 241 459 -214 519]
[433 306 -107 186 53 59 112 164 95 -372 -348 288 -114 24 -265 -359 -361 -334 -82 130 51 380 49 299 -910 136 -102 704 -171 -380 190 7 32 108]
[579 372 79 3 -82 -53 224 244 444 -73 323 630 -211 99 -235 -577 30 320 141 12 -160 -187 -212 165 -603 -157 -190 25 299 -143 345 250 -276 -6]
[130 -173 309 -73 -485 -789 231 -633 428 -80 138 -72 -243 -195 -61 139 304 497 -34 -309 316 -354 -137 -158 -420 216 162 251 206 -319 -391 258 -275 -107]
[106 -168 -594 556 -284 -480 172 512 -158 -679 309 100 43 -28 -470 272 314 -31 -304 446 390 97 -242 -472 -2 391 -13 -99 120 -413 -99 -364 95 -111]
[-228 221 212 -89 -250 -53 41 -510 229 257 311 -209 430 194 -15 -512 257 486 -344 178 263 -713 -89 -122 379 -322 -368 -33 235 -93 -315 296 33 689]
[-219 109 56 175 -542 79 113 -303 467 84 439 416 98 644 299 -471 724 386 251 -146 174 10 390 266 90 -532 60 321 342 -496 60 6 122 -65]
[-19 719 -20 420 -79 108 -41 -105 53 -468 -488 285 -83 -70 5 110 70 -132 -426 299 317 143 -67 144 92 -295 -248 -541 -118 -141 214 204 -764 435]
[-92 233 470 -60 664 -147 -503 517 396 280 216 155 736 -18 -73 -682 -213 -109 -273 -594 -334 3 -395 -430 -598 -381 -63 -213 -127 -98 -357 386 241 314]
[-473 -172 281 380 97 -287 330 127 298 539 513 337 9 -336 188 -51 91 167 144 431 501 -451 -42 125 -180 -283 425 351 128 -206 218 516 258 -275]
[-348 489 -250 -102 93 -3 -715 249 -121 -19 -26 -425 295 592 53 353 -114 -287 16 239 266 205 -169 646 -62 62 -371 -154 347 72 -273 -428 -17 -689]
[352 -29 45 -587 61 167 -6 -14 -451 155 -185 -394 499 -834 -120 310 -501 498 -282 -32 72 -466 -193 119 -449 525 -27 134 -602 534 195 -43 379 387]
[173 76 -411 -461 -134 120 -62 -210 -109 159 289 -244 388 -343 38 -122 -487 -612 -919 -190 304 10 -66 464 -558 520 494 72 -616 -471 -337 208 222 310]
[-327 -35 -595 -167 -216 -102 -329 6 85 -313 -145 280 378 731 50 -320 118 -167 0 48 239 177 -300 207 141 69 -89 434 446 45 518 196 110 4]
[-103 277 357 -1 -1103 473 473 225 277 117 -416 -460 434 -550 -61 -219 113 -301 -382 170 -47 463 107 -234 -180 88 146 -441 172 -51 231 -223 -175 -102]
[872 -242 -32 -330 312 31 -194 -429 15 334 417 269 258 -572 154 174 -39 199 211 -307 -10 314 -10 -417 29 -137 458 -405 338 70 32 -141 432 -671]
[-451 115 -111 158 -430 445 391 108 134 -455 605 558 531 513 200 64 365 -101 -593 -58 1 -574 -148 558 316 -295 -359 195 -161 -384 223 -49 -156 23]
[-485 -150 105 -407 202 -400 167 168 -86 -219 -331 -36 296 299 -21 29 371 647 0 -157 -194 -111 180 210 -546 138 -496 108 -403 -412 117 -151 -126 401]
[-286 458 302 352 357 116 76 7 -57 517 401 499 -301 -774 -406 -17 311 -208 409 41 -309 -622 22 -431 -96 -220 6 126 258 21 -525 100 -23 -227]
[2 -451 -204 271 -318 107 580 87 678 163 138 6 135 133 351 50 -60 240 212 88 252 -317 -211 534 141 -116 -389 -329 237 -209 181 606 -278 -447]
[-42 -705 322 -323 368 -11 -43 -213 686 -136 -16 513 126 -217 43 126 76 191 276 -64 -164 539 251 -674 -208 80 59 536 156 213 -292 114 378 344]
[-290 301 379 -376 193 166 218 426 -168 -253 -629 -366 -248 525 -103 -387 252 -572 247 688 -309 402 145 -501 -295 522 26 420 -91 169 403 -328 549 533]
[-64 -676 -302 158 -482 432 265 103 5 -276 -165 585 116 678 -75 48 -7 -62 -135 -1 -841 -559 82 -245 385 -57 -153 -82 189 214 -81 -90 10 207]
[-563 230 347 428 -34 -550 225 -193 -232 -269 183 -8 -33 210 -268 311 -249 585 -429 342 152 -115 -36 115 435 87 -82 47 466 -136 229 128 531 -597]
[-670 -135 220 -54 509 -203 304 139 95 247 117 380 -575 1007 -207 580 -261 60 71 196 310 66 264 274 283 -122 245 98 260 -603 -228 87 -92 55]
[-219 100 -68 -213 -158 414 315 -299 -128 62 -181 -30 224 -361 -115 -119 670 481 44 330 138 -463 462 687 -327 37 -46 -10 -21 -189 -527 155 -102 190]]
