[[32 297 -299 200 322 48 -121 -247 -333 -52 146 -17 83 156 274 -148 245 110 -24 -392 630 -203 -749 -361 -603 195 51 452 429 -204 67 -20 267 -209 14 -4]
[481 201 -361 341 102 240 -258 -195 -137 -380 -347 272 440 -355 164 252 330 -149 -294 69 -148 -504 -598 179 -702 353 232 -112 202 207 522 -17 22 -410 -218 45]
[-220 -589 568 -14 -275 -343 -44 599 248 161 242 158 -362 561 -6 -77 165 -88 -193 381 -177 717 139 83 331 -404 108 145 36 -148 -349 289 235 -377 349 135]
[-58 -337 239 -324 83 441 23 532 -429 310 397 -54 68 277 -248 -29 322 91 421 596 -247 -19 590 -332 128 -80 342 107 429 -473 -331 254 -143 3 -15 4]
[-365 -377 6 -338 6 -102 130 176 -71 -301 -323 19 -329 -264 666 -356 -173 -76 693 -905 105 35 127 -77 398 -94 -393 69 -432 77 -403 -150 -161 484 247 -17]
[228 349 -521 394 -150 232 -142 309 -326 301 443 195 115 -161 -255 127 63 -383 -208 366 156 278 31 271 -509 376 259 -145 490 -745 46 302 628 -537 -13 113]
[161 -401 169 85 216 249 208 -126 -198 -470 366 -476 52 204 -105 525 206 -37 204 -17 -124 -975 -405 -393 -43 377 293 -78 357 -53 44 295 -203 387 -404 -226]
[-102 -268 -165 -71 -361 -479 127 -199 414 -21 504 -331 -290 493 50 416 -108 -438 -213 463 -168 -336 183 -426 539 -255 -52 250 -144 57 195 431 -31 13 231 403]
[-191 204 33 59 65 376 99 -205 -61 200 -142 -11 -55 367 -581 69 -226 916 282 -92 148 188 213 -81 -232 -40 -9 -27 371 300 271 -103 -837 423 409 -307]
[-7 -308 175 77 168 534 349 -19 194 -138 -531 330 -58 34 299 93 -11 289 -320 -251 -89 389 142 92 -550 -839 -80 -73 -523 519 289 200 -371 -95 62 137]
[-158 3 210 -489 118 -482 333 94 -24 83 232 -27 26 -282 -604 -255 3 -190 604 479 198 265 132 52 489 -204 -151 -518 467 -314 -785 -75 545 183 -22 -14]
[434 -52 -81 -300 -413 662 117 380 -137 -132 161 -73 343 177 -28 -162 -537 -122 210 133 -507 -242 204 538 354 587 -25 56 -203 -61 -269 84 -145 -53 -374 34]
[301 -281 218 -102 39 -284 140 399 -322 -109 -78 -530 -291 68 -62 -51 -159 59 70 664 156 -38 -46 193 1023 159 -258 -119 86 50 -464 240 559 57 -170 250]
[-523 -257 119 -407 -350 155 418 -525 -309 266 317 410 297 168 -444 -309 89 -271 601 345 -102 341 578 -564 154 -440 89 142 349 239 219 105 -394 -87 176 252]
[63 741 -223 -302 347 -103 -232 104 -202 127 73 -616 104 200 -259 -72 -333 1069 591 -216 803 595 -52 -184 -246 162 -407 -309 501 -106 -97 -113 37 -79 156 -165]
[-64 698 -346 267 -16 -535 -6 205 -346 -549 -169 -315 -13 20 -182 137 233 283 152 230 269 104 -310 344 -80 291 150 -520 763 -215 38 19 260 -414 -392 98]
[-304 -428 -460 527 -136 279 -285 -403 367 -86 180 -76 -323 335 433 268 -157 -199 -100 -602 247 -108 -100 -73 -314 -171 -316 597 -252 151 -278 859 207 337 516 -5]
[-242 -47 72 -672 -354 146 -92 211 30 -185 190 12 216 -293 61 -324 435 -285 708 77 -761 56 665 -516 28 -235 -165 -9 19 -38 -674 -142 521 -473 206 476]
[-120 -216 -433 160 -118 -617 194 88 123 -206 -84 471 -484 297 319 -193 85 -258 341 -436 839 -147 -218 -232 163 190 -446 570 515 -297 320 480 193 475 582 -54]
[118 460 174 648 -23 128 182 35 -622 -605 -176 492 -169 -25 -142 -287 213 -24 -352 60 -30 298 -264 694 -230 1055 -72 243 272 -65 413 -241 194 -193 290 -25]
[246 156 161 -179 146 287 -58 -295 827 -182 17 -201 -90 -172 10 -26 53 -67 -1018 335 -258 549 -144 149 -357 -133 -56 -95 -160 150 -91 453 644 -191 387 342]
[221 547 -184 -339 245 101 -56 -142 85 58 -203 -345 226 192 -463 -61 -522 557 -251 -470 129 -171 -491 151 -349 -193 576 -152 -6 475 485 14 -609 -245 138 -265]
[367 -301 577 415 -402 54 794 645 224 -451 -265 -379 -409 -38 -227 165 -115 178 -523 -363 -48 58 53 71 559 -170 -183 -4 -810 637 149 15 136 -447 -732 -414]
[-92 13 -124 95 -173 -640 2 -174 295 394 189 -654 2 265 -106 302 360 207 86 488 -86 463 -224 -607 761 -162 143 -231 541 194 292 19 -609 447 267 -63]
[758 -77 88 -87 63 -101 -40 561 153 490 -346 400 -42 -237 -178 361 225 -586 -217 508 -103 341 -222 127 135 -116 -264 -292 -177 -559 178 472 528 94 -145 457]
[-152 516 247 -411 -301 -81 0 -320 165 124 667 -164 286 268 417 333 67 -409 -238 -118 -451 309 -50 -306 410 138 -317 269 -331 315 -264 16 -56 -175 -264 428]
[219 -18 64 171 139 -167 -252 955 -354 220 437 -915 -287 445 -70 -141 -157 122 110 -91 184 -170 -656 -213 -133 287 -353 309 -30 -401 13 326 371 -251 10 -397]
[155 -134 372 -62 81 505 419 148 91 243 -262 767 645 630 -41 137 327 7 -209 705 -260 356 505 -20 -85 -11 13 1 -100 504 64 -371 -314 17 55 -471]
[156 -492 494 381 7 -558 630 63 32 -32 294 -85 -281 531 502 -14 -506 64 -282 -37 -362 10 313 -56 840 76 -120 596 -415 440 -12 583 -297 201 391 81]
[-636 93 -448 -193 -25 -313 359 -745 -185 -210 5 -187 3 226 -135 120 -315 128 233 622 623 -300 -251 -167 355 164 -143 591 -43 -78 -115 -224 191 607 135 179]
[741 579 -511 241 412 180 -249 -241 -255 296 -371 105 105 141 328 -198 358 105 167 571 148 -337 94 209 -466 -388 586 414 694 18 -19 283 198 -231 -137 336]
[-775 -32 -6 222 345 -197 128 -260 32 -307 741 263 -279 24 27 557 295 202 53 26 178 170 -9 -399 21 -544 -214 -32 -37 -196 -403 198 793 -141 -159 305]
[674 1020 -151 104 -142 -166 -298 -632 -171 -187 329 -380 340 370 483 330 -107 -66 -622 122 -206 -385 -374 325 -116 -149 -183 325 -258 399 22 -523 291 -476 211 -51]
[-224 -179 118 223 -124 395 547 31 432 254 414 81 -479 268 -485 383 -379 -16 138 209 -154 -12 191 281 439 -229 -433 -254 104 -757 -547 588 433 85 569 607]
[-494 -43 -11 202 -220 -215 123 -123 -163 -189 275 247 280 106 130 -233 318 -21 827 -516 248 209 -153 -446 -14 323 196 78 -333 -277 -262 108 257 -28 940 -566]
[330 -337 67 -201 122 -491 145 -334 274 124 7 -573 -251 26 483 595 257 -52 88 173 167 316 -78 565 154 -566 -257 -811 -308 -166 -24 218 494 128 -80 119]]
