[[-79 -104 -108 -96 -408 -48 163 -328 -217 72 -286 -11 -173 -228 154 463 -225 12 -90 59 -400 509 -492 158 -25 164 -213 -147 204 897 -230 -43]
[-488 71 59 304 423 233 -242 222 269 -35 -201 207 -138 147 284 49 373 -118 -197 458 64 -622 440 387 -259 537 -47 7 -478 -458 319 -293]
[-170 -155 387 346 136 -533 65 -538 112 109 -376 231 -298 217 318 14 99 44 -27 267 -187 23 366 111 -287 318 0 -490 -362 158 -682 -316]
[486 177 50 -311 -266 411 -110 317 -158 -69 -633 -441 219 -434 52 269 -18 160 296 261 -222 442 -290 -152 -444 -578 -289 -212 92 374 -461 -76]
[364 182 329 37 354 97 -393 22 615 -475 606 -23 361 -239 -125 -318 180 310 100 -28 606 356 92 -221 -276 -783 -340 -3 137 -385 -491 -64]
[420 328 -210 819 284 447 -229 -104 -375 23 -521 -278 -110 281 -52 -117 232 -263 217 -441 -165 -147 503 -51 -317 149 53 -141 -381 -249 387 -1]
[278 418 -271 431 -149 284 114 -234 -248 127 157 -353 417 224 135 -324 -8 221 174 -108 -308 221 -68 -459 -307 -277 29 -774 -161 459 -236 -372]
[226 16 -97 333 256 172 131 378 182 -292 -551 5 381 243 -654 75 -172 -641 479 -587 179 -202 18 -131 73 11 412 -38 -30 -84 355 380]
[-700 -507 -196 129 475 282 -180 321 466 -308 832 542 568 -371 163 165 -31 -112 -370 384 -272 -289 -246 19 21 247 557 319 -72 -340 288 -93]
[124 -381 80 171 478 216 10 340 -51 -57 -96 -228 473 -187 -104 75 -203 -193 390 440 -93 -576 -376 -26 -275 21 481 -403 -302 -347 858 232]
[322 -18 -109 440 297 730 -21 169 -533 172 520 290 -47 -111 111 -226 -310 5 -216 327 -152 108 -621 -169 44 -33 -66 -237 28 -481 319 27]
[9 202 -15 -153 -311 403 210 338 -40 -78 -278 -188 -324 376 1 494 -402 -314 149 457 -797 -518 -519 -218 12 175 -108 -670 -244 75 -279 -332]
[-266 320 577 379 388 58 -117 492 344 -402 -483 -2 -429 425 -230 292 527 -586 351 -361 23 0 43 78 151 -100 -495 -248 -262 -457 46 -224]
[-391 -316 169 -137 304 -312 -359 -359 117 -8 240 55 -362 -82 454 157 202 -276 233 94 -336 89 -146 -161 -610 -506 -217 136 -286 -760 -497 -199]
[-702 -433 -149 -110 -209 -645 -160 -170 -184 297 -338 11 169 319 -428 -50 75 -110 155 15 -115 106 -71 166 -293 6 685 -353 257 548 -293 184]
[300 -151 -66 47 289 -565 -93 -293 -356 112 319 -243 -430 529 125 -155 200 122 -43 -773 -454 1 -266 -47 -233 -396 127 -580 -67 316 23 -171]
[-57 -21 -313 244 118 -541 370 102 -414 -276 -274 -292 320 170 100 341 407 -33 -384 -959 -259 500 -143 -343 179 305 777 100 33 394 -96 12]
[-229 -204 504 313 -205 -202 72 160 197 -220 5 792 -79 -28 -571 -137 -100 -256 40 649 -28 121 -339 54 281 135 -46 240 806 179 328 194]
[-405 -179 210 -603 323 46 -130 -116 391 -159 -409 -94 -261 -58 -1 -62 343 -312 37 219 -101 -734 340 215 -107 -161 -83 -768 -130 582 -603 -349]
[546 -170 282 34 160 -186 28 14 -374 -479 -310 180 -279 531 -321 -17 69 184 -274 48 529 913 -610 420 7 284 -325 -6 104 250 534 -61]
[87 -500 -262 187 278 -365 -549 -367 83 -545 798 -213 326 121 -97 168 -443 -143 -250 -676 160 -339 -204 140 146 -195 32 -230 406 -118 -175 827]
[-375 -10 -73 834 391 -222 -198 -221 -186 116 -547 402 147 591 12 297 -236 -154 -30 -521 66 -115 166 434 -37 -30 181 -473 -147 -715 -225 -166]
[-55 -839 748 -323 -9 -406 132 184 -153 198 357 -114 494 87 453 -735 -232 -49 123 149 -256 45 123 -261 -330 -473 157 247 -182 -130 58 -101]
[101 59 430 -111 168 -360 -267 -195 150 -91 142 161 -52 -214 611 -109 -350 626 -309 631 -306 -8 -591 -76 -575 644 106 149 -123 499 -521 -377]
[-214 -457 -184 -229 609 122 116 4 304 470 -512 308 -177 -130 48 102 -150 -358 -97 -219 -546 -636 -190 71 -162 328 208 770 252 -175 -201 -174]
[156 -308 433 -462 -307 -165 -564 96 -169 -379 348 -283 -172 239 44 -596 -365 482 149 -111 462 255 -11 60 171 163 159 -213 236 -601 202 523]
[-109 527 -147 322 196 -223 -345 12 942 -203 -116 -67 273 -188 365 -56 -419 51 141 -359 670 314 813 463 354 522 -167 400 -60 -3 132 755]
[-271 329 6 -136 -178 131 590 -450 -443 -64 157 -153 -342 -380 256 -102 -445 -116 -169 -14 63 313 -108 424 166 360 168 87 26 7 -278 -141]
[489 -122 -256 232 174 -249 621 -222 753 44 -205 236 -411 90 303 161 -310 -136 164 -47 836 -73 -354 155 247 -84 -150 -288 449 214 -468 28]
[-113 540 -431 384 -335 269 294 109 -16 -249 119 407 -148 -280 -595 -152 -228 334 -516 153 -63 711 -541 82 -227 -111 -92 222 253 438 -248 358]
[-72 -247 120 282 693 149 -514 427 789 -398 -12 237 -330 -295 -471 -112 -345 -247 548 -61 -127 693 6 -556 -319 -253 -280 -184 -393 -775 -384 123]
[315 455 -157 -41 -208 -241 -188 36 238 30 622 -319 224 25 -15 -833 1089 -103 25 122 636 399 242 -73 98 -573 111 -289 176 -94 295 -287]]
