[[106 491 -51 209 12 -33 -289 -51 -272 141 500 373 245 3 266 479 58 -379 -226 -230 -121 97 -279 -137 -212 -172 -134 -452 -426 194 -527 75 172 117 -543]
[-92 265 -400 -102 -177 -99 -282 250 123 -26 -236 480 -255 -258 1 374 509 263 541 -199 -334 246 -228 -69 -128 -169 -168 -352 -440 -50 -845 -15 -6 105 -19]
[-146 163 -229 -396 -392 -311 191 -311 112 35 -73 -200 -153 -195 -90 -220 -126 647 -92 -127 -553 -157 259 322 310 -202 199 -8 -398 -566 -426 22 -66 158 745]
[-120 571 10 -563 -187 48 297 334 -452 209 107 522 -311 -62 -71 246 200 822 -269 -263 257 -102 158 -68 441 -469 186 -276 -381 -136 -704 -67 -17 19 -36]
[13 351 158 169 82 283 104 159 -534 -141 -541 -160 30 147 -281 -288 447 317 576 16 484 -149 235 -453 138 -226 -50 96 552 -104 703 399 -268 -790 71]
[81 130 -254 609 -297 -331 -467 60 -151 -124 -620 146 574 293 -268 0 362 -412 -75 -289 136 241 -351 -326 -141 281 -200 -888 231 -65 -22 21 -142 147 69]
[278 190 -652 125 -445 388 123 387 175 148 -425 806 -466 -97 -281 472 -27 155 -238 -303 425 304 74 -12 -580 -94 64 -154 389 -202 -276 -96 84 514 -277]
[20 -197 276 661 708 3 -54 -198 562 132 116 -474 384 110 11 -575 -168 -193 574 779 40 -512 265 243 203 137 -292 -55 343 173 369 456 -189 -748 329]
[-139 -624 288 114 -245 199 269 -158 261 -221 -711 462 206 25 -470 38 325 212 298 -414 -135 467 -147 -471 -529 208 -175 116 125 -409 183 -133 -266 580 -139]
[-174 -95 320 6 -207 -359 -80 -160 19 257 -473 74 -114 -347 -238 234 -394 52 27 -606 -616 621 -66 -246 60 -53 113 -227 -155 -266 -855 190 -385 281 -160]
[-74 -259 -187 -380 41 299 -2 340 106 12 76 570 -380 231 -300 60 348 334 144 -215 110 -301 622 -486 -439 -299 -74 660 -322 -209 157 -378 -30 23 219]
[2 518 349 -81 114 -415 -177 184 -429 78 520 -493 222 309 -329 -278 229 -494 -411 -138 -317 -310 306 -238 21 -150 -63 -274 104 85 77 381 195 -243 -438]
[-410 4 278 34 -149 -85 30 -240 -481 131 -48 -27 410 494 -146 -345 -232 -147 -624 -160 521 -505 -234 -375 288 121 -140 243 -466 -511 -196 -207 -358 753 26]
[189 -443 462 112 627 149 -24 -40 326 -202 621 -607 6 227 243 -94 -476 -556 566 319 344 -424 -487 288 -39 -123 -343 123 465 495 -398 155 290 159 -484]
[-73 126 -2 147 352 67 106 210 294 310 -376 213 -236 -357 -128 -238 -134 -247 -25 -125 415 340 -342 -467 24 555 -128 166 -25 -119 -216 338 -582 -250 352]
[-127 157 -220 132 -352 -245 -213 -385 453 -262 -429 -239 -944 -636 138 -327 -78 -60 58 50 -572 67 -382 226 188 -127 207 296 92 -66 210 98 -105 -364 684]
[205 -117 -277 218 26 412 -89 68 191 -78 -514 220 -374 -602 -15 -235 242 115 354 719 -254 -233 136 1 356 -426 -76 550 76 136 -147 -113 -640 -265 474]
[601 141 154 229 141 -28 416 -175 -404 -244 257 140 -484 462 -290 -53 -519 331 -41 -282 382 12 308 -110 -485 122 -95 -85 448 -333 250 388 54 -486 171]
[-76 -97 -246 -554 -67 -504 65 377 -16 90 1 417 51 -229 279 298 -95 717 -13 909 -531 310 326 643 251 31 90 169 159 194 -584 -283 105 -133 365]
[-97 543 -150 -250 -356 74 -313 355 -298 -233 -275 129 -145 512 -235 84 576 245 165 -112 108 219 203 -473 -311 880 -107 480 274 10 115 25 76 -187 43]
[88 144 -516 387 -289 182 59 620 -88 508 13 44 -235 -64 161 -76 -66 -214 -150 -364 280 -6 4 -136 27 -386 71 -113 -393 155 363 306 -275 -679 411]
[-115 60 228 -85 461 -79 -333 -234 -27 -286 -453 -147 -290 55 -33 59 49 -4 190 324 53 -140 -496 -835 149 137 -14 93 -218 374 -975 149 -198 72 494]
[-130 276 -548 -102 -260 213 178 312 254 496 51 19 -324 -3 -19 245 -480 -127 -400 229 -25 -389 868 65 -167 75 -91 192 -375 622 -169 248 -295 322 -414]
[-522 477 258 294 468 -231 7 -219 113 84 169 13 420 -362 -248 88 477 98 -266 150 13 -899 -356 -450 -25 -232 -2 -85 127 -331 -579 584 -120 -95 265]
[292 -148 301 -163 392 231 203 159 -360 287 159 -503 85 -397 262 -45 -137 525 276 -121 -96 -243 160 239 491 -110 -17 -234 665 109 376 29 -187 72 -458]
[308 -248 -770 504 81 352 31 489 -118 -218 -402 -126 -694 -78 -381 -190 15 -466 228 -176 -98 784 100 -81 -356 -146 -447 142 28 -204 -384 303 45 -301 427]
[-120 -420 257 247 110 4 318 -250 245 304 903 65 258 -100 206 -246 173 178 197 29 -167 505 205 405 158 -48 -193 -508 -298 107 295 -47 525 390 -156]
[-719 91 135 -504 -676 -303 -114 -302 -329 78 -78 -90 -102 -261 259 -381 74 1196 457 -52 405 -776 -381 117 354 -455 -231 -187 80 -143 -357 -102 7 107 23]
[-6 -423 56 285 227 -456 -108 -547 -268 270 -371 -394 113 -237 -8 -172 67 -32 -443 412 -751 -20 -61 29 277 66 124 229 509 -98 336 349 100 -998 99]
[-20 45 281 434 266 -376 -513 -91 -78 -653 320 -308 72 226 223 -36 -164 279 192 33 17 -356 635 -33 85 43 80 325 394 -415 -200 299 405 -356 664]
[540 42 -10 -137 294 341 755 -143 292 321 118 507 -62 -815 -22 191 -799 324 -616 157 -77 12 364 204 640 153 -151 -66 30 -259 -178 -47 -25 118 -708]
[-111 220 -395 -237 63 74 -350 63 -286 37 155 -202 -295 271 281 -346 299 804 452 295 329 -186 219 -250 195 -480 222 -484 -719 -137 -225 -286 -515 -88 248]
[294 -261 -570 613 371 313 -61 -189 -47 -18 110 438 131 165 19 -174 -627 -613 -304 -269 573 209 348 -332 147 -133 117 -455 307 217 -65 54 26 211 -527]
[-337 477 -265 281 293 418 -664 534 131 58 305 174 -136 7 307 591 128 270 364 19 310 303 277 524 500 -156 125 -144 16 595 71 328 -45 -305 -514]
[39 666 -41 273 123 -161 13 346 -546 359 512 345 413 -366 198 -203 10 212 -17 97 -87 -656 345 -240 134 -976 -107 517 -518 291 31 206 43 100 -187]]
