[[-126 -344 -336 21 65 -33 111 218 159 -46 197 13 276 -606 765 -270 -275 186 118 142 477 464 -72 -77 -253 -40 123 372 337 -30 590 -252 56 607 115 -181 246 111 61]
[-372 96 -94 -165 -423 -285 -203 -121 -290 71 -355 449 256 40 -274 -186 -378 -185 19 -329 575 598 85 -465 -343 158 -314 663 -271 132 39 -65 262 -69 -104 161 24 -532 174]
[-421 141 -255 349 -112 702 55 -83 174 272 -185 37 10 226 21 251 409 -193 177 -107 -5 802 160 96 -461 612 -86 -215 -442 -304 291 210 230 -506 184 -82 -250 -94 139]
[-404 484 -207 -168 -93 -52 -252 162 -373 116 50 221 386 909 -258 -226 -138 -318 82 -44 -658 147 5 -166 48 1008 -624 89 -463 107 72 91 -150 -226 81 -317 -594 -544 -27]
[733 -627 -232 -80 -68 -96 53 285 -111 112 239 -105 -517 -577 -287 -266 489 105 -281 525 113 -160 -259 205 22 -553 556 -51 511 164 -307 243 -98 610 -372 696 -167 387 -126]
[-198 357 -651 149 397 97 569 598 179 -119 526 -130 -98 -59 235 -398 411 125 -224 25 53 402 337 -268 163 449 -204 206 335 466 274 303 -131 713 25 89 -213 46 36]
[-31 -84 151 -184 -702 -433 4 -232 -53 333 247 344 -598 -203 519 284 -70 223 -356 11 639 369 135 -22 -827 -96 125 893 176 -274 8 14 244 -52 316 323 -105 -110 26]
[376 -48 658 -22 413 111 1 -108 -155 -420 323 -522 992 -188 601 -704 -358 9 691 75 -264 -379 186 -92 80 133 53 59 124 -86 736 -97 -524 313 -87 -258 491 344 -13]
[628 -449 78 177 92 502 -478 -322 -373 168 13 504 600 7 547 -345 -158 -263 104 301 -337 619 -97 -246 38 683 -380 382 -2 222 36 36 -19 197 81 220 -177 -164 -173]
[101 -296 403 247 -119 -73 -73 -260 -120 -261 -82 768 375 201 137 -429 -406 -166 204 -72 -562 -349 -553 -585 70 416 -423 240 -71 48 263 -802 -35 -27 -264 -18 -19 -80 -45]
[313 -53 -342 22 -184 678 -256 -190 -352 318 4 -331 -642 -47 -236 302 698 271 -572 159 -128 219 474 146 -206 -405 367 -319 234 -404 -202 111 -15 -599 -308 -23 90 -35 -51]
[70 -75 -188 -255 86 388 -130 -151 -365 -27 148 374 -576 483 311 -88 -379 -62 -331 236 103 -163 -301 -480 -3 235 -400 514 -227 331 -401 -73 -167 684 -29 -213 -499 -662 28]
[106 -459 -310 891 27 181 -354 146 -174 371 -191 198 163 -305 590 214 25 5 287 364 -173 365 51 -257 231 92 306 -113 91 -465 151 -382 805 -418 268 -385 129 494 -122]
[-499 621 -362 261 14 -390 287 -273 -561 266 -69 239 232 333 -745 -55 -244 236 -316 -453 -482 -170 92 -466 332 66 -492 336 -429 -46 83 -450 303 -52 -276 -367 381 226 117]
[321 147 -95 -270 -337 230 -157 482 -237 -304 -249 196 135 -70 32 -790 256 279 499 784 -237 -336 8 -176 14 87 221 362 407 -197 222 76 -381 191 -645 -69 -28 -148 -50]
[-286 -164 -846 360 481 245 415 182 361 -93 -32 -587 -54 58 -375 -51 768 138 -283 -696 303 -50 -139 131 -162 464 258 -492 -231 -173 283 -106 13 318 205 -159 -222 520 47]
[299 304 403 23 -44 -386 222 -21 -127 -91 -444 399 100 -247 -274 -97 442 185 -309 -290 435 272 -223 -256 -179 -84 61 585 -349 94 42 -299 68 -159 106 475 -145 551 -238]
[-173 465 294 -11 -123 -131 290 -583 -153 -110 291 -10 -22 -309 -190 -331 -468 207 232 40 544 471 222 -24 297 243 -584 663 219 468 -291 96 -60 184 -395 232 678 -279 105]
[-50 -168 -933 -404 -714 -188 -373 64 -132 296 37 489 -89 -95 -528 -626 -648 383 32 324 262 129 -851 301 68 -67 -165 -82 -141 -236 343 -118 -304 752 -563 -291 249 -387 485]
[-51 288 -733 -223 -468 -457 -617 534 -385 125 -237 99 -79 74 -1010 -32 462 87 280 -30 322 -16 -125 -178 1009 171 -195 228 102 256 -254 440 168 -423 -595 173 83 -171 -123]
[-141 -730 -641 -367 -409 -333 -466 190 -444 -227 80 35 99 -356 52 -117 -403 480 58 268 277 234 -35 -30 1 187 -101 501 200 114 -108 -188 555 346 -19 475 -19 -374 -267]
[-298 -387 217 -226 -100 678 -29 324 -116 450 -161 -763 221 -214 -253 88 180 -366 642 713 165 145 -303 335 115 478 151 -618 111 -61 368 407 -635 -166 -535 -19 -176 -154 112]
[-203 -729 -570 9 344 -317 126 39 -196 592 475 -20 -50 -700 139 361 -382 -347 -226 636 35 -27 -347 381 323 -39 208 -276 654 -209 101 341 234 406 -116 187 -279 85 -106]
[366 -57 -8 -301 331 503 382 417 -627 -470 -494 34 355 467 42 -652 221 145 516 435 -373 405 644 -968 20 121 -75 178 158 285 -218 164 -45 600 -201 55 -130 -345 -56]
[-414 125 179 -127 407 -225 -118 -86 -486 81 -511 -69 510 461 125 -31 -668 -422 143 -394 36 623 -205 -369 -231 192 232 -124 -637 10 3 -189 -257 434 402 -85 -29 -75 395]
[-439 166 -144 -478 317 -442 -817 143 79 -169 63 19 -75 34 -296 229 39 -79 -486 -485 -27 -593 13 -200 -87 -684 304 -133 88 358 179 -174 -871 -404 10 -469 151 -449 139]
[207 78 -80 -385 2 -81 -148 329 319 -344 35 416 87 -842 400 283 -21 65 -600 -38 -78 -2 100 506 910 -390 -478 -424 32 608 306 41 243 104 -27 78 467 54 -60]
[555 322 425 -230 -412 -401 347 -299 -193 191 395 844 -561 668 -545 -166 20 -341 -97 -222 -34 -85 18 324 186 203 -346 401 -254 808 -421 106 -304 650 -512 752 113 -165 180]
[271 -14 -394 -88 251 213 75 333 -300 -215 -961 -265 -117 -273 -255 -125 67 -422 -103 -67 314 -197 250 -232 324 -143 124 76 345 695 -859 490 466 464 210 47 -389 -182 541]
[420 -434 478 -163 406 254 -525 -94 -100 -395 -134 -19 343 -49 497 -522 -26 208 -172 -194 10 -468 24 -741 -42 -243 -46 -376 -453 -147 416 -16 -115 -474 -464 -371 -247 -20 -178]
[406 -203 -22 -287 -404 57 25 288 336 526 -103 -219 -115 -337 260 370 333 14 -9 269 -477 297 172 391 -322 -357 -26 33 24 -112 -369 479 -225 -463 -179 911 11 426 -269]
[81 552 429 -551 -348 -479 294 -3 418 57 238 -65 -808 -352 88 -550 226 -159 43 344 -121 -119 391 459 71 347 10 13 512 -150 -182 490 -423 -7 -524 268 -568 111 -97]
[-289 -283 -221 7 -792 -671 -317 152 -393 -612 211 104 216 240 254 -762 -396 77 -40 -149 570 98 -104 -400 -148 166 141 243 425 -319 191 -615 631 -312 137 -492 186 59 382]
[541 -207 -121 -534 109 15 -215 -118 -382 -110 -22 -113 640 718 -222 -53 -188 5 -65 -560 21 -549 53 402 730 -207 -484 -323 -227 38 -570 -260 -528 -152 162 -73 151 -375 250]
[366 -4 89 237 280 -176 -109 -139 -227 -193 -118 -92 190 -205 -29 379 77 221 -185 329 186 -306 -243 -970 467 206 -54 345 513 228 -515 -482 -188 81 -308 -684 76 5 -463]
[-740 68 157 -231 224 352 309 -14 438 -496 -56 -316 -595 780 -253 -222 397 99 174 -571 26 456 -135 438 -111 394 -85 38 -71 -105 -105 -347 -56 425 -335 -193 -88 57 279]
[-214 45 -93 -127 241 361 94 2 -465 -214 33 -411 700 97 -2 -296 -363 -277 162 -275 329 586 265 -456 204 876 -172 -15 -892 439 -80 189 145 -463 641 -432 -167 -293 373]
[504 -137 467 405 91 -12 92 294 -569 -395 134 -198 439 -47 240 -296 -416 -41 639 465 -203 173 183 -248 609 67 4 337 464 20 -191 -48 -685 246 -438 -529 426 -482 135]
[335 363 -92 -136 654 200 30 -853 -162 104 -46 -1122 -164 437 -240 177 -85 -324 -47 -285 -136 -107 21 -394 599 -93 -770 -29 -282 121 -339 -238 -88 37 -71 -353 148 10 -191]]
