[[212 -81 47 92 62 71 203 -142 390 -257 -41 262 159 -205 700 420 10 -116 14 -15 64 125 -223 244 127 127 -121 -39 235 -110 589 253 223 466]
[-171 6 151 -82 774 -209 254 -16 -20 -23 -4 418 -2 21 -187 9 -84 339 -225 334 713 413 -179 45 -96 342 -193 -62 -213 244 28 27 530 197]
[303 -194 -78 -287 -337 -125 -69 -317 -255 -109 -223 -611 20 347 -542 90 -21 -231 372 175 -423 200 -362 -588 -347 -488 -110 276 -212 -70 -231 236 35 -146]
[-98 173 45 -115 681 -187 -187 326 -430 -97 -63 622 -211 92 -760 -102 -404 404 -105 -585 225 85 -38 -623 -339 -211 -267 97 -183 -446 58 -1 -38 -5]
[104 -215 333 140 -352 99 -179 207 -139 -141 61 -30 -15 -26 -747 605 136 668 -268 -264 -230 -14 -67 -382 -501 -883 -1 -119 117 -470 -537 127 -183 33]
[-9 -153 77 -464 558 -329 374 -226 -36 98 -78 -281 -244 395 -250 -249 -37 26 532 367 194 766 137 -517 564 -218 469 29 -209 212 283 -412 276 112]
[46 -626 123 -262 49 264 147 -156 272 268 -128 -85 -271 -285 -413 77 487 873 -214 105 77 365 399 -239 74 378 299 -31 350 56 -235 -496 324 284]
[-282 -270 277 318 408 -440 3 234 105 130 39 -323 425 406 314 -69 148 4 -469 -113 327 -545 184 438 -1 387 -337 -52 89 396 -611 31 -215 -632]
[-198 -93 -366 421 545 82 69 185 238 -2 22 -282 206 537 323 32 203 -80 -54 332 -34 -223 -155 155 32 786 -313 -57 -440 285 -414 103 -435 -97]
[-197 -364 -316 249 223 -28 -413 543 -544 19 -35 -325 36 -41 28 -352 -86 -29 -240 -306 -182 -252 -76 -464 -362 955 -449 242 121 -441 473 -3 -228 -367]
[-88 79 253 357 215 -92 464 349 -98 -250 -143 94 -17 334 880 122 -32 -163 -597 583 554 16 351 448 -300 881 151 -223 -149 153 -60 317 130 -266]
[-3 182 -355 -641 141 25 450 -183 23 257 -397 -54 -846 -5 -27 -764 328 273 108 734 -208 -66 27 -541 238 334 503 166 -204 32 -294 68 -133 -39]
[536 -87 7 301 -177 278 26 15 232 -110 5 125 691 -237 573 388 -297 -240 -389 -845 -50 -202 807 448 -44 90 211 -151 272 -300 -364 553 -216 241]
[226 99 -86 -372 -331 -346 459 -65 -103 -57 230 227 -79 -249 48 -217 -403 -125 252 -85 -91 -315 107 -278 166 -719 368 389 285 -291 -650 -105 -683 -141]
[489 224 -8 460 232 275 -253 -501 -151 -315 34 506 287 -194 -657 -270 -593 -248 104 162 23 243 68 -504 -820 -119 -26 333 -491 -129 -151 123 -86 77]
[117 74 50 -163 451 87 -53 350 -244 -54 -203 928 43 -405 -494 -622 -287 266 67 495 -178 -403 156 -333 38 -54 665 185 -206 -179 -546 -210 -337 437]
[-19 -68 285 -423 -594 468 371 -175 -12 -95 -453 -23 -494 -515 505 -435 214 -325 260 313 -167 -671 332 148 390 406 528 -100 -145 392 666 304 225 354]
[108 159 -311 192 170 75 249 -68 -273 -47 -127 600 -413 -222 565 -723 -316 71 -322 212 25 394 -18 91 -424 -11 456 -99 -202 -24 297 -234 -405 140]
[891 -51 -198 -408 359 86 134 -521 -75 -275 -89 -163 -514 120 212 -336 271 -338 418 445 -445 400 47 -187 -197 -58 540 -16 -482 428 2 -433 283 136]
[-169 685 -232 -681 -707 -167 -285 -301 -318 316 -586 27 199 227 -160 -905 236 -268 -227 342 -444 -198 -337 381 625 -457 187 -71 177 632 0 -294 -219 16]
[498 -291 -196 -58 398 273 -334 105 359 -260 -35 207 -377 131 427 257 149 272 136 -90 -209 -66 -281 -84 -44 -853 526 -38 10 -377 557 506 -187 80]
[-383 156 163 410 -443 -459 23 -33 -265 454 -24 -102 190 -145 -94 -657 175 -591 800 568 -67 127 -472 2 356 -53 590 440 -25 -35 182 -196 -151 -341]
[-207 388 -223 15 511 -108 56 -272 447 142 382 81 -398 -23 -535 -183 324 -128 -476 16 291 -460 134 341 -47 525 -725 -6 -42 142 -73 -513 122 101]
[104 365 -695 -289 46 -3 -195 -98 -474 -43 -98 -564 310 128 -47 14 547 -65 419 -29 -79 440 -297 -118 258 -602 172 -356 -343 -375 614 -131 -14 -11]
[497 -533 160 -231 -153 -134 52 -161 -31 367 -464 -317 231 320 230 -208 393 -297 121 420 -247 271 -416 -485 265 367 -220 437 586 -358 -73 -265 -666 228]
[-21 263 95 -119 -397 398 -194 -540 -23 95 217 -148 129 -584 -266 163 -110 249 256 515 2 -233 514 -159 -202 255 -512 141 -18 452 -332 -164 -680 -147]
[-280 -16 360 -295 659 -187 376 -106 -808 233 225 -186 255 26 -352 -183 -119 -378 53 -38 259 1 -455 -80 -12 -514 -53 308 -21 242 203 417 -328 308]
[-140 452 -168 486 -230 72 -216 194 515 -573 343 481 -504 -70 -236 357 581 70 -244 189 -70 276 -7 -57 202 315 241 -611 372 -214 241 -255 -66 415]
[-229 -357 179 207 206 -121 248 -306 123 27 54 487 -261 -591 -261 700 6 187 -50 -82 148 -355 -318 -378 -392 173 38 201 -31 -532 561 -193 -256 -61]
[148 -225 50 15 -133 39 -103 757 33 -305 245 589 -117 538 114 361 -202 -106 118 -148 -8 -376 651 241 -25 -382 -127 -338 -31 202 231 368 15 201]
[186 -126 -113 -401 -54 -539 123 -794 160 557 -74 265 -700 -124 310 3 275 10 -222 115 238 333 -496 -201 -396 344 -281 489 -264 384 -227 -8 488 208]
[67 411 672 -287 274 278 -281 -41 19 121 251 55 12 42 -209 -801 -251 212 133 -378 -178 89 565 -10 124 281 192 -394 503 -83 -185 -202 230 128]
[82 642 518 -203 104 -633 -2 441 53 -198 275 -143 143 -10 702 -15 398 -21 -329 42 584 -90 -211 -236 -412 570 -460 -454 -5 155 -66 316 -3 -423]
[392 213 368 -182 -148 -375 18 -238 -606 -210 -152 304 337 -176 319 -483 -149 -475 56 100 -488 429 -339 -395 380 -382 326 12 -209 -1156 471 337 -179 -105]]
