[[-251 83 272 -28 -77 512 11 375 -104 -86 107 343 -624 -116 -79 -590 -53 -36 365 -224 459 -534 474 55 157 -411 41 171 -129 -58 -222 -108 0 -21 -150 -399]
[141 528 116 -173 395 -197 -179 -526 323 322 -268 44 420 -2 238 415 -249 452 -1 201 120 -326 137 -111 -323 256 -26 -273 156 466 248 -116 211 -501 115 392]
[371 -77 212 -180 -269 -360 -418 160 -2 -382 -18 -272 -35 -3 234 494 464 -435 -182 565 -309 424 -276 -410 -74 69 640 83 -64 -198 145 -100 -324 591 414 -158]
[402 437 433 -385 -476 198 -416 246 674 24 -4 131 38 206 148 -54 99 83 412 207 584 -230 731 292 319 212 60 -305 -109 61 81 -105 483 171 451 81]
[198 -336 103 -522 191 -135 -366 40 271 60 627 -98 559 335 122 332 -32 -208 19 -185 287 412 45 148 200 529 -276 103 75 268 695 -117 42 118 123 79]
[-305 -372 -112 -121 370 -335 173 143 -261 -68 259 -536 43 239 120 -111 515 275 -397 -49 -91 334 -132 45 301 -330 386 30 429 407 38 207 -612 -8 -464 -252]
[471 110 1 -81 -206 16 -307 -92 205 -547 255 -123 71 102 -22 155 -166 -476 -339 -267 108 465 -465 238 -473 302 317 -112 -446 113 -47 141 295 827 413 170]
[-221 358 760 -213 199 231 -94 -179 232 121 -65 -55 118 160 470 319 -420 142 -42 55 -194 235 -487 -257 -133 -451 850 -344 88 631 82 220 -83 -212 -67 18]
[-23 307 130 -160 -272 418 66 102 97 -88 -308 405 214 -237 139 -347 42 382 190 -92 341 -118 206 894 380 -531 532 -269 -366 61 139 59 386 -641 108 -270]
[-165 417 26 -260 173 88 -469 231 511 -444 43 -205 -355 36 -323 143 59 123 482 551 577 -413 411 -145 -235 312 -39 113 114 133 -270 -140 848 380 6 -36]
[-600 130 65 444 52 246 122 42 -435 40 216 420 -740 196 -251 178 -687 -387 -112 -209 -82 -197 -43 -122 -208 -78 -366 288 -305 562 -402 -287 409 210 -687 -71]
[-109 359 95 -136 102 292 169 198 273 475 -128 334 193 134 249 262 -103 97 -567 -349 -277 283 -417 -265 -517 349 -238 -281 -272 913 96 -322 -59 -203 -29 495]
[-566 165 554 -422 121 313 -479 44 540 -257 -221 21 -144 -228 136 -481 41 289 -199 304 -309 -186 -477 -441 -324 -460 388 -286 -32 215 -552 -264 -212 333 -139 -126]
[-40 123 456 -437 677 -470 168 -444 33 277 359 -617 334 -144 -393 874 -102 451 286 259 159 55 276 -103 -11 -87 -199 374 337 -34 330 -124 69 -270 14 66]
[341 236 -637 -18 70 -98 93 392 129 376 -75 -461 -436 211 -227 -684 36 122 414 23 394 -101 -179 -75 153 125 357 -197 66 -304 -417 470 -20 428 -301 147]
[-134 366 827 -11 134 269 491 -167 -34 80 46 -136 353 -74 613 -138 -617 236 -108 -366 574 -364 154 -9 -445 -615 413 142 209 37 -267 212 -305 -37 537 -454]
[-129 291 -619 -62 -173 62 -310 270 376 -152 73 -345 -610 1 -164 -396 788 118 224 151 686 -80 88 202 -294 -219 357 13 -591 -157 70 57 511 -312 159 144]
[-494 234 116 301 -475 404 382 -591 117 186 151 88 -14 479 80 237 -162 -93 467 -188 25 -103 391 -312 139 180 -639 -127 -48 154 482 149 -161 -669 -362 162]
[-292 -636 -226 -60 300 -236 126 7 -231 -136 -301 -48 -237 -63 645 -54 -22 27 -51 314 -125 156 -333 -403 163 78 612 324 -2 -625 223 268 312 -138 280 0]
[-4 385 -203 -121 -540 -115 -148 152 465 286 88 17 -49 -402 9 -499 430 -241 -321 206 24 -44 555 -116 -98 -482 -42 164 49 -461 327 -289 -107 204 353 -202]
[382 244 -212 91 256 393 -262 176 103 372 -167 -275 -207 -56 -436 384 574 -110 1077 350 -237 -624 114 -554 -568 501 145 16 -124 -579 -9 -116 10 93 113 -211]
[-510 -639 592 -59 -406 -39 316 712 56 -308 531 -15 -1 244 30 636 -258 -225 449 -60 553 199 351 -30 748 432 -539 -242 461 -129 -241 158 273 -56 -378 -267]
[-32 -692 313 -112 -367 -67 112 -4 248 -137 144 -145 -238 604 -43 371 319 -186 -371 -296 -150 510 435 -56 494 -52 -873 434 -149 -7 -138 -535 -610 -43 -69 913]
[-144 -287 -159 357 -152 608 208 -705 -58 -156 -592 92 -247 232 -139 -542 -145 -208 759 -17 -543 -361 -180 407 235 -632 -57 -124 13 -122 -337 -59 47 -631 -636 -597]
[-84 -237 -172 149 318 5 121 -160 349 -396 88 -359 -559 -44 -154 54 51 504 -245 61 -152 -585 429 -176 -344 -96 -91 -474 46 343 -426 413 499 0 -128 -455]
[187 -671 -450 -341 47 -682 66 -281 -34 38 48 -131 -94 327 -246 382 250 -171 943 319 75 -50 -359 -186 126 779 97 -249 207 -571 333 298 16 430 336 -292]
[-190 327 409 -207 226 638 366 197 145 263 -87 -225 392 402 294 -106 -30 124 -591 -605 155 231 169 77 -147 479 -33 -573 193 -48 338 210 480 7 81 522]
[90 59 -106 109 150 -389 -415 -398 -620 270 -239 247 8 -698 448 -93 -861 -185 135 -564 4 -18 -662 -111 -234 383 385 -67 205 -11 54 500 -369 379 274 114]
[238 397 165 187 707 -128 140 261 -253 328 56 169 -72 203 199 -145 353 983 -487 -96 -504 -398 365 -140 -227 204 -416 -60 234 23 -228 -399 -232 -110 40 157]
[425 -25 -218 480 41 -108 189 -474 416 437 -262 -21 413 -280 5 -724 -9 636 34 280 332 -137 463 374 65 512 -64 352 -20 -656 61 54 482 -73 144 37]
[-29 82 -50 24 -655 -438 0 238 -602 -643 -117 84 -71 60 258 -427 660 -2 -566 196 639 104 631 125 377 -752 742 317 -133 -195 -404 44 573 284 256 -132]
[-422 10 -271 422 -28 -445 487 15 478 255 -297 177 -74 -133 -18 -229 -53 359 -774 -240 -430 -319 24 166 -299 59 131 -336 -531 483 -90 249 -230 312 -769 355]
[-23 -122 -437 95 -98 -714 -174 179 393 -348 -512 116 135 -333 136 97 634 127 -11 -204 -368 425 23 -276 206 339 974 -48 277 -426 673 224 -479 -52 309 -153]
[-374 381 395 -210 -234 -212 35 -147 143 -203 -466 -457 286 163 234 585 387 553 -285 -86 196 39 -194 -417 117 -178 -208 29 78 318 325 -631 -337 -192 -42 522]
[164 -369 -656 615 -424 91 189 85 -366 -60 -52 -761 285 229 37 -214 106 212 514 274 179 155 15 503 -57 -33 171 303 291 -174 -98 -79 575 -530 -79 -250]
[-452 40 -297 -199 73 236 -246 207 -18 233 497 -231 260 446 195 -337 316 62 -207 -396 -327 -254 -1292 246 3 135 -61 -131 132 283 -161 311 -807 350 -518 -197]]
