[[-16 -177 369 248 157 -114 -463 -71 295 803 313 140 -320 -278 202 -287 172 -187 -442 -96 9 70 52 223 -389 -116 -399 -165 -101 -32 269 22 -26 314 -1 -357 116 294 10]
[351 718 -717 -11 91 270 -435 -289 -247 -594 -214 114 460 144 -737 -143 -208 -139 357 233 53 3 214 -198 -335 30 133 -220 194 -360 -456 -246 111 -6 -399 -175 2 -213 -18]
[309 176 218 422 342 -430 -486 545 -104 276 601 408 -68 -45 -554 -115 233 44 -37 209 563 133 -12 -480 -510 -389 18 -80 123 -102 -122 -74 289 287 -245 -592 -559 -240 -17]
[-133 358 287 472 66 195 -23 -1 359 616 406 -111 142 67 -217 -39 -125 -201 507 228 430 -434 66 -331 -570 -65 -77 -537 218 356 -99 -472 360 440 -31 -775 -25 279 -106]
[331 -449 2 -260 524 -268 -115 -329 166 -326 -442 -84 -263 -417 -363 -45 -101 346 446 -17 -9 29 18 290 43 90 -250 409 -109 65 106 128 123 354 -124 455 346 -235 -356]
[-338 -180 1 -21 86 247 593 78 -97 -130 100 396 486 747 373 156 -68 265 27 -190 75 144 215 152 389 153 127 -556 101 497 -226 -241 -618 -229 205 485 -71 306 300]
[-624 682 -473 32 -13 123 -402 -66 -124 4 126 321 162 171 -283 -171 499 -193 -279 -585 -203 385 80 412 -73 199 -99 173 -81 -285 -410 -18 -595 238 -50 -531 366 158 300]
[-457 270 -111 254 515 306 -244 295 305 404 224 -513 -140 -157 -451 -228 181 37 -183 161 -89 94 -150 -477 -400 -454 174 21 368 -509 508 -214 402 771 -114 -848 183 -48 -33]
[78 -405 -145 -350 434 220 -24 -384 117 572 -78 35 127 11 186 -439 -367 147 -300 28 240 123 -93 -100 -338 -778 -86 -352 -103 526 367 -348 -19 -92 -201 -310 366 668 219]
[-106 141 -68 278 432 264 -238 -197 420 288 -241 -338 394 -105 -417 -282 -172 12 -29 -468 -470 -298 390 143 -439 669 -306 337 161 -561 323 -27 278 584 -658 -540 762 -89 0]
[99 -741 206 19 -36 -21 -703 -116 -223 -568 107 -279 38 -353 264 -173 -183 202 142 152 -82 65 -324 1 -117 -158 -67 -179 -374 -196 478 511 203 -430 -192 107 -52 116 170]
[141 322 -4 687 10 -7 -488 -251 -229 -120 576 89 721 -262 102 411 -190 342 -127 -36 -335 -152 127 552 -164 379 -516 -127 -39 -300 -303 53 -267 -101 -560 -167 125 -186 79]
[544 -91 316 77 -249 43 240 267 -521 305 -40 -227 -32 246 50 520 -232 180 -930 -10 -524 -24 -58 158 545 293 -30 223 230 330 -119 375 -205 -701 -448 888 -223 -368 209]
[15 326 -292 27 31 3 656 209 486 72 540 162 -40 9 334 12 -288 -404 -321 253 229 -405 228 -100 243 88 -190 209 -144 -14 -22 -143 86 39 32 115 394 42 -123]
[94 49 -190 415 -315 145 -194 -499 -19 -146 -410 -276 73 -11 165 -521 49 -492 211 361 -156 135 -309 -193 17 259 332 99 -595 -253 278 -11 286 0 439 104 112 -139 -498]
[287 -429 -130 344 489 -367 -368 192 79 -613 50 4 -11 -302 -336 22 628 -90 481 -239 -85 268 205 -633 388 35 79 80 -445 -439 -88 252 -103 499 49 -275 -260 -230 -155]
[-273 -368 210 -157 -191 -37 84 106 290 202 391 -316 -169 131 511 -370 -171 238 -167 537 80 -226 -684 579 -21 -295 84 -177 -547 -325 582 17 188 110 101 -143 -149 342 -182]
[5 -38 329 788 -332 66 552 -239 384 -317 413 203 631 256 279 634 -208 -245 141 -409 -137 -180 221 32 470 276 -179 -145 7 97 -336 -29 -94 -470 145 -38 521 363 254]
[-486 -374 -108 -558 93 232 74 -244 227 11 22 -25 -524 -359 -250 455 440 562 -416 -73 -521 79 -392 772 360 83 -415 645 488 -380 209 812 223 199 143 201 682 -68 -259]
[94 -250 -193 -188 555 506 -24 -31 148 701 -105 -182 101 354 177 -183 370 -8 -829 -125 -558 -253 483 252 -51 101 -815 11 -106 321 -244 -53 88 255 -491 347 406 310 32]
[-84 167 -264 49 -597 303 -332 -70 385 624 249 -1 -256 -268 391 394 441 -756 -961 76 -805 6 559 330 305 -97 -806 324 161 -157 -250 486 -35 -262 -135 156 365 -385 -68]
[438 235 -322 34 -36 -164 -367 -403 -199 -366 -199 24 -609 205 -273 -66 -458 -154 -115 319 -54 618 -261 -261 328 -820 357 719 -12 131 310 -54 -250 142 -60 334 201 -293 -63]
[463 749 135 385 -302 165 112 -206 444 107 223 101 0 -377 -76 765 -348 -624 189 327 170 -286 288 -223 -365 -29 282 -366 220 -209 -589 -307 -251 -534 1 -272 -310 -579 -353]
[477 711 -192 291 -419 -146 -372 59 -17 -49 -255 46 -230 -174 297 143 119 -401 -72 -315 -245 288 -350 -195 -105 -533 573 -15 -137 -928 -120 -90 -295 269 135 -351 -375 421 -378]
[621 -142 1 -361 68 33 1010 238 38 175 -440 -182 584 477 -253 49 231 -151 -135 -111 232 -512 231 -389 222 179 100 -161 -482 379 -18 295 359 37 -167 483 272 382 -414]
[-3 76 -32 357 -617 -432 108 128 77 544 -301 440 -39 -124 576 -106 80 -698 -208 -560 -286 -102 220 -483 -105 22 523 190 -449 427 -20 61 137 -9 -349 -545 -459 -141 -140]
[-411 557 -237 -181 93 -169 -29 -482 -358 -471 83 -563 197 -304 -469 108 -2 -179 627 348 86 -300 -616 268 -161 -184 171 -1 -351 254 -681 -1065 334 -82 -344 -98 -301 -360 -365]
[294 -126 193 -149 157 -636 408 193 -208 -276 -582 -238 265 221 -213 -283 362 -241 -136 16 -183 82 144 -632 60 -171 398 610 -422 -685 -518 23 -409 51 -131 -43 -497 -667 -47]
[-254 552 -487 582 182 203 -549 -116 166 -444 307 -64 -52 358 -252 -83 621 -411 -283 61 -45 304 159 399 -164 -645 323 54 -328 -253 223 277 -95 268 154 -870 -195 -31 -309]
[14 -15 142 -77 -761 172 -127 -64 120 507 56 -79 -103 259 534 354 -210 245 655 -114 290 -272 69 318 309 -156 204 -368 -77 -324 288 -189 -43 -20 25 -303 189 657 521]
[-173 -196 588 -60 19 -211 646 226 745 -446 356 -260 -102 396 -242 -97 -234 282 570 -544 545 -341 120 532 136 39 -469 503 88 91 -143 -218 17 1 76 -64 -31 -546 -239]
[392 144 -376 130 -110 -415 62 -86 268 -133 420 51 -167 -174 -204 -76 -131 348 110 -201 516 -567 91 1012 -495 -175 -518 477 124 531 -148 -339 350 401 -618 -87 -224 -88 146]
[-22 209 -308 -419 -172 322 807 75 -17 -101 163 374 -49 -443 282 3 259 82 -282 297 633 -105 74 365 102 -420 -125 514 448 -61 -6 29 -57 -431 114 -299 -87 -346 176]
[-539 13 721 243 -402 -71 36 440 -664 117 125 -211 -352 -4 79 -3 521 254 350 -297 130 -478 67 165 152 368 -319 519 138 -118 -357 176 -77 -310 96 192 -223 -68 -496]
[-2 7 -137 -28 -67 42 -559 -440 165 627 -301 -76 115 -81 -54 -540 364 -390 380 620 101 -449 -535 -81 -455 22 5 40 309 393 -126 -40 231 -9 140 -608 -268 -408 -105]
[189 -12 173 -693 -202 -225 595 215 -128 135 249 -206 -575 69 270 -161 -95 464 -546 266 -62 120 232 273 594 -351 116 581 -240 -47 -319 -171 -544 -373 -149 166 334 407 521]
[-577 83 -110 197 -26 113 -598 -67 223 -174 708 159 115 561 -600 -53 55 -118 -196 -118 703 -218 -249 73 204 267 -93 -437 687 229 -335 46 -138 194 99 -105 -137 143 496]
[413 183 -208 384 -191 -202 29 -193 -198 -374 308 459 713 384 -695 399 -57 85 1168 177 594 330 -161 -264 -190 242 -202 -553 -1 188 135 -59 185 -126 -96 3 -595 381 -100]
[-143 -94 -75 167 -391 309 97 -652 251 -182 -144 -508 33 602 -1 -61 131 -377 -356 99 -280 -19 523 -429 -158 211 -519 -635 345 407 -269 236 177 59 -161 -289 490 560 390]]
