[[263 281 -202 508 -596 -131 -163 67 176 -169 195 -199 -13 -205 -51 -391 -470 -338 -160 209 36 -220 -71 119 182 -352 -103 442 -47 -335 -131 699 -567 -138 -350 40 148 -628 0]
[-472 -241 209 -503 -179 -549 386 -313 -232 446 2 135 -49 -42 49 77 62 -274 719 67 157 177 179 122 -70 681 -309 -39 -561 -136 634 -178 372 187 190 144 85 -334 -39]
[-399 1 -98 -212 -523 -218 -497 -58 -461 222 -254 111 324 81 366 -307 102 -577 121 -136 405 20 -230 -264 162 179 -322 -570 -354 92 493 281 -530 -136 -453 -15 242 209 9]
[-258 -243 -163 122 278 32 -625 185 203 -226 -65 -319 255 -453 48 485 638 131 -433 -377 -25 -19 112 -21 515 340 -177 -641 174 470 352 -275 0 197 -555 86 -200 821 -1]
[153 730 -346 30 -635 -401 341 -191 -629 307 -91 359 309 -65 -75 -348 -128 175 500 22 145 -386 -52 453 -136 -93 -635 516 -257 -135 -2 -266 -91 -212 302 67 -183 -624 6]
[-339 -339 376 -825 161 497 687 -174 134 7 359 271 -661 -228 -115 -15 -101 94 299 238 332 264 325 93 153 62 471 -288 417 -348 -113 113 -84 -173 104 -53 1 -399 3]
[-334 -5 -174 -89 85 506 -301 -436 345 217 160 -110 -299 -456 -37 200 -155 18 325 -79 529 -257 118 434 -26 -194 266 -13 754 628 -161 -263 9 152 -116 482 -374 278 122]
[-296 -177 255 -394 -573 -627 302 120 -823 -213 262 -141 314 133 247 -241 210 -227 513 468 -180 273 -191 -49 213 22 53 238 -261 -474 156 595 -757 -594 -263 7 427 -57 -14]
[86 359 -456 239 -185 197 -353 -110 435 -96 12 720 137 -109 61 456 60 670 188 -125 661 -460 -115 -70 156 -9 -49 -158 -254 436 253 -300 -87 113 -267 106 -146 2 37]
[-249 -507 596 158 849 -141 -166 245 442 227 -118 -419 40 292 -178 319 193 163 -481 -354 -148 38 309 -444 364 669 -176 55 211 -117 263 -202 281 -168 466 267 -254 37 161]
[-366 54 230 -3 128 -487 -41 201 156 -256 -23 167 634 -308 337 603 642 686 -363 -66 -297 319 3 115 422 -80 -335 -436 76 193 292 -190 -620 -635 241 34 -629 359 231]
[-359 448 -395 -431 -540 -209 -6 55 -148 96 -392 586 6 413 209 339 484 130 186 100 -67 176 -225 62 -747 -374 -102 102 -445 112 607 -251 411 401 374 176 -391 387 -211]
[327 66 155 160 265 -270 806 -33 -654 -149 -538 -96 650 379 181 33 -29 24 157 117 -827 -134 12 465 -597 -300 -198 -316 10 533 -240 -490 202 -290 788 71 262 -96 35]
[-99 -641 -116 240 195 -286 -160 -282 -91 -49 654 -89 275 -128 65 39 -108 452 -16 -45 540 82 -468 73 760 482 326 595 177 284 274 3 108 -333 -62 61 -196 -25 208]
[106 -138 18 60 -177 -156 -476 558 78 23 -18 -12 178 -407 24 -47 114 -433 -275 -537 -752 409 -76 -532 106 206 -251 -663 -447 -337 -360 -379 361 204 -466 -123 504 360 -261]
[-287 327 -453 -33 -404 -132 -1059 -403 62 24 217 -76 -73 -97 -195 -366 -230 -272 -230 -593 232 -154 -142 -339 142 -342 -546 246 169 -131 96 -13 -337 -105 -29 612 -84 602 -99]
[-140 -271 -404 -95 26 310 475 350 -432 229 144 588 721 -10 426 -231 395 288 558 -137 629 -642 -411 -283 228 140 47 -85 473 324 -373 -181 -393 -743 93 334 71 -23 156]
[343 -219 234 181 362 333 158 -49 -682 -125 533 175 181 446 -333 -352 58 411 -175 -352 -341 -181 191 186 408 -46 -525 -253 156 -223 -317 -526 740 -382 80 -200 88 -261 -93]
[-490 41 -103 -494 -563 -116 402 157 -661 170 -379 -76 -347 352 -286 -351 272 -258 -89 -440 477 443 96 174 36 728 187 -278 411 -374 460 -397 176 -75 173 117 316 -70 -62]
[-143 333 93 478 76 -784 13 59 347 454 51 302 4 -289 350 -144 -438 -103 192 -91 64 115 -205 -108 54 152 -27 396 -70 -107 50 41 -269 556 316 18 303 -877 448]
[54 -98 227 -117 384 -435 -20 -368 -164 29 -252 -775 -239 -518 321 67 548 -261 484 7 -197 673 -162 -249 -285 313 196 94 -235 214 38 161 547 990 109 -23 165 551 508]
[-190 -53 -250 285 122 -561 -59 -502 200 473 -496 -206 265 -455 35 -483 500 -321 114 69 382 527 -5 178 -190 471 -469 209 -526 575 348 -409 439 86 456 445 -724 256 271]
[283 274 -379 762 61 -104 -623 114 -344 -46 279 -467 577 554 -18 94 -399 19 -98 222 563 -68 -487 221 -62 -184 135 314 -74 338 -817 184 -31 -470 -752 -388 -171 97 -126]
[-317 -144 -122 -387 114 359 -232 -493 -475 -308 -576 -900 -91 99 -563 66 142 5 -64 -324 587 -386 -120 -445 -153 -298 371 -357 431 142 90 573 -349 -105 -283 281 72 463 -195]
[-577 27 135 -480 116 -205 414 8 -982 -141 -196 268 525 505 164 -652 229 -175 192 -2 168 65 -3 -657 85 68 -740 72 -263 -64 244 -120 434 -21 39 -1 614 -84 -387]
[-374 -140 333 385 -630 11 344 358 648 364 104 -102 203 -292 99 200 -109 -476 26 -561 213 -121 169 496 59 -90 -573 -104 336 425 -57 128 -412 -215 -461 146 -475 64 110]
[155 205 -673 -54 -323 -418 47 -458 -390 70 -487 -603 100 -295 117 -304 -173 -917 144 -491 575 -77 -147 -168 -137 -67 -388 485 -134 38 837 387 329 694 -382 556 71 453 -322]
[-457 108 325 524 -80 -534 -149 200 -21 -72 -400 152 301 -266 -291 237 77 125 188 473 -130 17 65 286 -556 193 -338 -19 -168 -52 431 -105 -286 204 26 -112 156 -675 342]
[-116 1020 -377 -418 -39 191 -427 -449 -27 949 -309 -302 -17 -496 277 -181 286 -515 139 -140 569 -293 44 -153 -51 3 -483 -145 -218 60 289 -34 -34 569 157 -180 177 436 22]
[-650 -153 -137 -282 474 -151 198 -169 -603 155 100 -479 -636 3 -402 353 215 208 -30 225 126 -50 307 302 420 97 -148 434 -601 229 577 -298 283 707 86 306 -24 53 -295]
[509 73 -209 60 -252 62 -282 -236 140 164 50 264 106 -293 -502 -81 -329 27 249 306 194 93 -203 145 -493 -153 703 16 -189 603 -459 -891 387 204 598 -301 -187 -161 214]
[-171 76 42 -171 -217 463 -166 83 181 -27 397 -140 -250 351 117 93 483 96 530 -279 -39 -160 -279 -567 272 283 198 -522 384 766 15 -190 -401 -476 -225 532 437 803 564]
[202 432 -200 -54 -121 377 26 112 -156 -436 -236 472 21 -164 43 -3 -544 -269 108 358 212 680 -63 -619 384 40 140 -160 -545 62 -89 20 -7 -233 150 -673 521 -664 -149]
[-178 -273 569 60 589 -151 -500 -137 329 -337 -304 -336 172 138 -53 137 -272 295 67 237 191 637 -354 -130 57 32 -109 211 -835 -19 448 331 -377 -181 464 -184 402 -310 180]
[-220 687 -139 181 -308 31 -193 -229 141 99 231 -437 196 367 -328 413 -140 68 -285 109 135 -1003 239 212 566 -2 -499 445 198 -13 195 -58 353 452 -335 755 -173 -536 127]
[104 692 -441 470 -51 65 664 229 -291 -118 -332 -249 228 -87 151 21 66 -400 422 -59 263 -546 -398 -96 230 -153 -95 -43 -552 -239 23 388 -321 459 -409 -500 389 -399 -625]
[119 52 -208 716 471 262 55 72 800 -134 337 548 -299 -518 3 655 -58 457 -390 -56 221 -373 112 337 306 -80 93 41 457 -191 263 276 304 321 641 224 183 308 -59]
[367 347 -141 69 194 -232 -312 10 453 274 -345 -236 -12 -196 -525 467 291 450 -276 178 -735 260 190 260 27 -63 2 712 -98 -241 135 13 -250 202 211 399 -135 -94 -526]
[18 -30 -418 -449 -426 -563 -165 -822 66 115 -87 61 -682 394 -63 -81 -212 -427 900 -151 314 92 -228 -83 -212 141 276 188 -149 244 -284 351 -403 231 -207 -481 394 406 649]]
