[[382 90 -457 -176 234 -24 -137 339 -101 536 -266 -60 -294 -142 -373 410 -58 57 -292 -124 -63 313 -719 11 -28 91 226 107 72 -176 -447 442 -207 484 -302 -5]
[-162 -364 -572 -280 125 -343 518 30 346 -150 -369 -17 -241 614 -234 121 -293 -112 129 -157 179 160 -81 -20 423 -285 479 28 358 427 85 233 -148 446 -97 50]
[-400 -830 -84 77 285 -449 -210 90 -149 157 -194 -195 379 -27 -106 -116 -31 495 479 -136 208 -186 431 -192 -241 -334 -145 -301 396 48 312 -28 -226 347 -32 161]
[-533 89 750 313 -229 -482 -343 -171 29 -398 -558 -452 226 -60 54 -126 164 540 -28 79 -257 -121 381 164 -730 -194 -231 -237 380 200 -5 150 290 -17 -143 -39]
[-317 -19 871 -448 136 -65 -83 -188 159 131 -197 -134 207 254 -41 -165 392 163 88 -182 40 19 415 -67 -232 -681 -113 -521 787 -234 9 40 -48 198 -343 111]
[368 -239 -44 -665 -173 290 790 -93 -66 -488 -116 236 39 307 366 198 -112 -70 231 443 46 230 245 376 24 -210 542 -120 101 -117 -190 -82 -144 -25 152 -150]
[123 -535 -773 -36 -21 -298 617 -290 -175 90 -612 -367 -69 157 -144 11 -249 256 118 154 -382 -258 -446 29 -417 -305 385 126 346 29 -32 301 -488 149 -81 -597]
[-122 -291 -107 -53 145 131 640 -837 384 51 287 235 -24 108 198 -201 237 -247 278 -313 -437 49 64 83 160 271 525 194 323 167 302 -399 133 189 445 -188]
[-58 -776 -384 -76 269 292 18 -9 -414 550 329 -105 -47 -214 280 245 676 266 97 -48 10 176 -508 -24 61 -167 265 145 144 -164 320 189 -28 857 -60 -508]
[-237 141 474 43 -598 147 -515 262 -447 -178 -381 39 -98 -198 335 289 63 167 -538 -340 -395 -366 -158 90 -22 97 -433 352 -267 391 385 183 232 -348 167 227]
[192 7 33 169 -341 41 698 -14 34 -214 -564 165 83 385 623 -31 -162 45 -567 249 -556 -421 -411 284 -31 39 398 560 444 652 -259 -96 166 12 7 -80]
[134 -64 -159 332 -348 74 199 -619 -22 -284 266 326 53 -399 -175 179 302 -57 -188 116 -31 12 370 518 28 38 -2 -71 -494 -94 183 -230 -181 -592 754 -216]
[429 -227 -195 -266 405 336 -504 476 -201 462 484 -429 -112 -142 312 -210 175 91 215 481 -7 -195 -270 -37 -317 -742 160 -264 -116 -444 -387 -227 341 142 -636 -245]
[107 -262 -735 -445 1175 -446 317 -185 329 400 170 -4 -147 -18 -436 -349 -243 -45 418 -362 -319 10 -722 -189 -56 108 187 -222 -122 26 1 53 89 -44 48 284]
[246 790 -225 455 -89 142 -179 -2 219 -177 171 -298 -496 -238 95 65 329 -130 121 132 -500 24 -414 5 -573 -229 349 746 -74 -329 -584 341 455 185 9 -220]
[-143 977 259 220 -260 23 -147 35 -189 369 129 411 24 448 434 -300 283 -380 -469 -166 585 -573 -481 -168 153 -219 -437 25 242 -353 -288 226 -123 60 -49 -216]
[-275 26 -345 -54 -373 -28 45 -260 -412 464 203 1 116 -37 -207 6 56 -172 -288 -85 345 -111 -51 -240 -523 330 -453 -301 -340 -263 -385 -219 -567 -689 -74 -201]
[412 172 -230 -58 618 304 -72 -23 -269 336 251 122 94 -403 542 -631 362 -240 491 -545 226 -363 -341 -180 -516 213 79 -77 -124 45 -65 -655 369 -456 229 296]
[499 682 -5 -60 31 -263 -587 -13 -60 147 -273 -224 -381 -398 -185 555 -26 -14 -64 271 -948 -94 94 -216 -184 -358 360 -31 -79 -616 -19 319 -167 -341 -266 -20]
[-677 492 -28 -188 253 -98 193 -330 254 -262 -54 11 -347 353 -270 -233 -56 -629 -239 -546 569 184 257 -125 398 329 397 -640 -238 -349 -293 -119 -220 -401 -348 135]
[13 -20 339 -31 321 -622 -207 272 234 362 337 -395 48 249 56 -287 34 27 853 292 -140 -265 -329 -632 53 -579 -316 -263 82 -400 131 135 -276 184 245 61]
[781 -263 -461 -166 144 500 -466 -343 -169 -80 -155 356 -158 -470 -52 52 -500 -45 704 -446 51 -199 -56 -72 238 -183 439 17 76 -600 -470 -129 -110 67 -178 99]
[636 326 -188 83 -228 -246 -614 243 -118 454 -913 -495 -298 25 -823 620 -33 -288 -452 18 -377 97 211 -58 -191 311 120 -256 -405 439 -67 -154 -90 -96 211 11]
[635 -519 -413 -290 427 -45 472 -48 169 185 -99 391 10 -70 55 -7 -82 541 556 176 197 55 220 -38 26 -699 -567 6 306 -349 -57 648 -499 360 -43 -408]
[472 -66 601 52 -104 325 237 25 152 -377 -439 12 190 377 -461 10 -314 -350 -361 -294 -41 78 -744 -420 -142 3 167 439 -78 -214 -226 -15 -387 -398 -237 119]
[254 48 -406 -749 -259 -268 142 56 -12 -73 -13 -68 -691 29 -683 -95 -585 -55 -352 -85 -394 8 237 194 320 -613 -303 -307 178 249 388 290 -331 149 -280 133]
[290 571 -153 102 -24 314 -166 37 -306 306 190 471 354 -435 363 348 -142 298 -111 -664 246 -103 62 269 723 556 11 -268 -96 300 607 -493 283 -316 373 23]
[-273 -561 -166 -781 226 94 255 -181 639 -193 107 -61 -308 159 -280 -502 -648 -399 39 -393 290 -302 -271 -139 106 -12 209 -545 -339 -117 510 -399 -131 -214 266 598]
[-264 482 485 -603 -496 495 181 -537 122 108 -566 170 -633 136 433 -234 246 265 -71 234 -316 -29 -180 350 -163 74 -174 -255 438 -165 336 -57 333 -236 -180 -610]
[231 -225 -717 642 -97 590 -468 334 111 -85 -251 -85 -560 -291 -69 10 -40 -356 522 263 531 -150 -492 -451 -259 -80 -77 -158 -570 -377 -443 -25 -225 -225 185 -704]
[-10 139 199 338 100 -324 441 -253 136 -503 -142 446 -212 41 -390 -397 357 61 -136 -167 -269 66 791 -64 339 610 248 356 -104 71 -247 213 130 -287 636 369]
[82 -401 -766 116 241 -97 -106 759 -336 385 41 -94 -527 -625 -227 183 -134 334 -400 -267 -283 403 -348 -42 636 -126 32 -568 -512 14 481 65 104 -101 462 458]
[-185 -416 -171 -582 -283 -467 469 333 -272 68 96 -350 340 392 -313 157 -460 -334 -18 158 78 345 -109 -247 -223 -284 392 -357 259 -611 -28 247 -215 475 -158 -1020]
[124 181 234 -174 -835 24 -83 -13 -248 115 714 194 303 302 483 -106 549 294 -26 329 -517 46 355 116 -249 -391 275 90 -16 -310 231 -618 -535 -275 565 -380]
[499 -187 -313 -342 -162 -307 186 332 460 478 -265 225 421 622 -99 -316 -308 401 341 252 -34 -375 -94 469 267 -853 -40 -566 226 -35 -625 521 -59 194 201 513]
[44 267 413 -11 -645 -67 -124 -824 -118 264 -579 32 -270 -192 214 -165 322 17 381 -207 -67 165 -234 -134 80 -160 233 -339 -7 308 316 -194 104 622 242 -39]]
