[[-313 222 534 -368 292 -315 -431 268 201 -28 -237 53 -519 -418 566 -442 -455 35 -162 181 145 356 -411 -408 -236 -31 29 39 -210 -108 -130 -468 -141 -398 -481 251 -125 193 128 -150]
[-257 510 735 161 573 703 406 -56 -4 -481 -273 -1 -39 98 -360 123 -123 596 -82 -412 186 77 -268 -67 170 -153 107 -10 206 -6 130 369 -286 201 -309 -293 -150 220 174 -252]
[85 291 434 219 70 545 488 -100 172 -191 -15 -158 67 -46 -430 32 -192 355 138 -236 -363 -393 260 361 -306 -647 201 -439 209 -242 590 146 -382 -77 387 -648 62 -70 -699 2]
[301 8 -178 -107 -77 52 48 86 -59 299 261 403 -119 67 -366 -342 -127 367 277 -53 -427 -448 -66 527 73 -170 -106 -643 330 58 201 36 297 408 6 -911 -83 54 -533 -20]
[218 366 616 123 -155 391 70 -31 -257 -466 -156 330 522 -228 -464 -142 219 426 -412 -71 2 -153 -112 193 -675 145 28 -101 49 -535 301 571 -9 -696 -489 -419 153 176 -526 -251]
[-641 -305 170 198 -97 -12 -179 -140 725 -279 137 -596 -617 -625 160 -70 139 -315 75 84 -178 299 199 -254 129 -763 -417 -234 -229 -52 172 -455 -718 83 -227 283 -210 122 -359 -10]
[341 -155 -78 -740 363 -528 -275 287 213 714 428 73 -59 147 518 -589 -806 423 -348 -113 -56 256 -478 335 224 -416 272 73 -258 174 69 -330 278 -206 139 60 -77 91 -58 304]
[375 135 -225 -201 155 -127 -87 112 -310 43 113 396 565 211 25 72 -210 496 32 122 -111 -29 -336 703 790 87 461 -311 -170 154 -64 -132 161 2 348 -132 -676 -340 184 50]
[-56 123 155 -353 56 262 321 -188 -757 -277 -493 164 -633 -160 445 107 35 -13 379 30 49 -18 38 486 644 328 -8 -194 -195 -5 -140 126 -359 425 146 -203 -287 -73 633 -127]
[-72 183 248 -249 -111 -254 143 -82 96 -186 276 -113 -40 86 661 -160 -197 126 -95 -403 524 -350 -212 286 -28 -797 308 -175 11 -284 180 201 -116 -456 537 -629 -101 166 11 -30]
[163 -138 -18 262 730 -520 141 -330 300 -222 -167 239 -14 -85 -478 130 131 -117 -47 141 248 212 -20 -391 447 207 232 -119 47 -17 300 -602 -352 338 -328 483 17 43 -56 29]
[-31 -246 -739 -453 -291 230 -37 446 49 335 -336 -179 4 -348 -421 108 -128 -17 256 317 -63 -9 708 328 121 -101 94 187 -510 560 -179 -159 267 -139 622 136 -531 -393 417 63]
[-221 71 85 -664 103 -33 -16 312 417 -16 98 321 -368 -843 507 -140 238 149 229 -195 304 129 125 564 395 -352 115 -514 -593 -34 335 -650 -126 74 478 -681 -204 268 24 58]
[103 705 147 633 -191 331 249 446 10 134 433 -9 869 358 -622 -480 -353 458 50 -252 -294 -44 248 419 -610 -122 18 298 197 76 350 712 188 66 -9 -459 -280 154 -325 -1]
[215 550 -102 151 -254 128 -74 117 -128 808 294 189 661 308 138 -273 361 318 -286 -229 -478 251 -165 669 -161 -108 -120 216 462 366 167 176 38 388 428 -107 11 405 -448 210]
[201 -291 -291 -240 169 457 -121 253 5 175 237 -532 235 -121 471 -106 -67 -60 -231 43 -407 23 240 -380 -413 -157 55 -313 -587 312 -15 -797 278 -60 727 301 216 -881 -178 314]
[267 -700 -280 382 -47 -275 204 -83 435 -298 51 -9 20 354 -192 615 -117 -212 431 45 -409 200 -28 -131 628 242 126 -518 458 -97 -60 -299 -610 475 101 -588 -84 -157 -202 -39]
[-394 -225 118 394 -402 -410 -142 176 96 553 -86 -167 20 332 256 -23 492 -526 -140 -120 181 -204 440 344 171 -52 -159 430 208 141 -30 199 310 -128 -2 678 226 262 -47 149]
[-190 1102 21 484 454 201 -114 -66 227 3 179 1 263 110 322 252 150 -52 -85 -3 183 -459 87 -696 -144 -172 446 130 524 -1 584 59 -212 308 755 -59 747 218 15 41]
[-313 -307 301 -106 411 86 -120 -93 -78 474 -257 57 -602 441 815 -204 -256 16 42 -380 321 -80 -1137 159 1002 -470 -227 215 -222 -105 -193 159 224 490 -304 -71 10 463 297 262]
[127 -2 -184 -469 316 -322 -406 229 -150 460 114 293 417 397 345 -675 241 190 -381 164 -85 818 14 -616 -306 679 -11 22 415 162 -106 -789 108 -261 -80 543 605 -166 -156 195]
[-469 692 345 410 250 241 510 -68 580 -605 480 -136 -328 -653 -184 349 -163 -114 501 103 788 10 423 -29 82 -331 -90 -349 -73 -331 -61 -60 -423 -192 -106 -139 -493 430 0 -449]
[365 397 -109 230 438 527 328 -255 -27 168 65 15 110 753 -512 582 -271 536 13 304 -350 92 -553 345 82 -652 132 -186 788 -373 331 186 -56 -193 138 -570 455 -49 -382 107]
[390 536 -149 -292 404 -431 59 -141 -157 -153 31 193 -146 -3 -40 20 -471 207 139 561 -196 -420 219 -479 -101 -176 281 -912 384 148 -248 -772 -71 -301 231 -712 142 93 115 -40]
[484 8 -285 -689 -17 -219 410 -539 194 186 50 -115 -374 -543 387 -1068 150 139 -90 -99 640 61 12 -235 -610 -433 -83 162 -25 -257 85 33 -56 -524 66 688 -21 36 -125 117]
[-262 -275 197 25 9 370 145 16 -417 177 -35 -480 -83 808 -350 -135 -6 -389 134 113 -252 -130 337 -456 -127 -11 -468 -50 -537 -2 191 -51 -22 95 -433 427 4 -28 -139 240]
[-46 167 -102 -255 306 854 -156 -502 143 -202 -73 -270 85 63 -977 -442 299 458 -405 -546 -386 -113 330 -221 -108 -716 72 317 -341 65 67 52 -181 116 126 -280 441 118 -612 271]
[-562 484 221 108 -695 360 104 -120 -390 -572 -311 -75 -391 -272 -99 354 -95 271 137 181 427 -409 393 -321 -250 -435 -276 113 -388 -381 762 372 -265 -364 81 -248 274 360 194 -205]
[47 1141 478 -74 278 47 -158 -102 127 -807 -69 -4 -70 -162 -158 135 -54 218 -337 374 10 306 244 -276 -135 325 129 91 -739 -113 389 -213 -35 -160 -485 188 132 -187 51 389]
[-145 -197 149 -259 -90 -157 580 327 423 938 286 -607 467 148 331 7 -145 -248 132 -5 -578 339 456 151 -478 52 266 -119 -222 490 291 -404 -32 280 176 106 146 -285 -441 632]
[461 301 534 -371 480 32 461 -351 -201 20 -240 756 121 149 265 372 108 348 70 9 -270 -253 -489 -36 522 474 -221 -146 -2 306 -128 91 -141 316 -442 123 293 -105 122 181]
[780 562 336 -592 95 262 304 266 -159 -514 -645 -177 -516 -513 -144 222 -286 -32 -397 -204 282 40 -22 -547 -363 476 374 -74 142 -392 98 342 -128 -389 85 -338 235 150 94 -210]
[-67 -770 -176 -87 -313 -126 530 -124 92 -173 -247 -545 -236 589 138 644 -11 174 799 -192 -150 -172 -77 91 -59 4 181 37 -177 -195 -154 507 -284 -226 864 -134 72 31 914 221]
[193 302 -179 -451 -88 -330 271 415 540 38 276 572 36 -801 -156 -502 -382 572 166 -345 -78 193 -323 543 -298 18 112 379 -131 89 70 -94 -79 -693 4 9 -143 465 -449 -199]
[-10 -27 63 -59 94 -130 386 88 430 439 421 20 116 4 -53 -160 -637 -159 14 -90 39 -28 364 -776 -328 -232 628 126 -879 -128 69 -860 37 240 750 -398 121 52 59 33]
[-206 -86 353 71 224 283 118 541 647 254 60 -604 59 -47 69 -401 -81 304 -117 -410 355 359 6 264 -27 382 -209 -177 -567 367 38 290 -10 201 -740 -733 -30 375 517 137]
[-402 -201 -54 667 112 429 616 313 -326 33 53 101 646 446 239 369 -114 -108 459 -645 477 159 55 -602 -636 245 272 319 -228 65 -267 99 -42 141 169 -170 155 269 170 200]
[38 243 673 -32 -3 120 -26 803 466 -628 -457 250 -386 25 -48 298 171 382 179 -29 383 -68 -250 261 117 -362 418 -59 330 -163 -147 242 30 -113 199 -776 103 -430 -71 -49]
[-736 162 415 -154 -160 469 -11 73 476 -61 678 -356 -253 216 318 -645 127 344 -222 72 -65 -194 -169 -529 -485 26 -338 125 290 -254 -384 -39 -123 -248 -629 -118 -247 307 -643 -169]
[219 -388 -613 -451 -475 253 201 62 -34 475 -132 384 200 282 -187 -25 317 724 -94 -313 -369 172 318 521 57 72 66 -442 247 257 -199 -140 81 776 -99 410 -590 -220 316 -218]]
