[[-154 233 -7 -192 285 -126 -361 -85 -88 112 -334 -663 -144 -200 -30 353 -137 -215 -82 -49 234 -10 107 240 92 243 379 150 462 -219 -1 -216 305 438 -744 -370 -217 -40 -151 -215]
[10 -114 64 507 -316 351 65 215 185 -88 107 -310 114 -128 525 -407 337 652 -248 105 -87 -413 -273 -31 670 -64 471 162 92 -291 -99 472 127 162 445 129 -131 -249 251 191]
[709 193 -104 852 285 8 276 -216 464 213 -225 456 354 170 4 -291 37 426 356 47 -264 -85 -391 -274 229 -118 235 73 50 -53 434 227 34 178 -99 311 -361 -424 268 116]
[105 149 -474 -593 -182 119 -19 337 -402 -65 -383 -869 58 -228 -226 -96 -8 154 -442 175 -294 -476 244 58 564 28 227 -490 468 -288 -366 455 73 -106 -211 -319 486 -43 -156 -51]
[-38 -243 -560 -187 -310 -255 -250 116 23 159 -390 -895 -140 -457 -28 -175 -84 43 -445 257 34 47 300 229 120 829 -151 413 590 -275 -7 70 -60 -686 -65 -157 425 -57 -519 -33]
[-472 -250 -435 265 250 -48 920 185 -118 -124 208 163 -4 353 2 269 286 262 229 54 116 -350 -384 206 70 91 67 -292 -23 368 50 -160 25 277 303 162 -696 -62 334 -85]
[452 210 351 -223 -593 -30 -48 -197 -64 -112 -368 194 212 391 -527 -18 -155 -163 462 -683 -56 375 341 -395 99 -414 163 263 206 -230 184 -363 30 88 -301 313 -143 183 94 121]
[-99 -256 -78 -775 -464 110 -343 135 -368 71 127 47 -305 -186 -599 89 -132 -31 -217 -230 -758 24 298 -475 101 -117 -24 -16 333 227 470 -470 -56 -257 -394 94 816 -40 -385 54]
[192 -197 200 -209 -340 354 -140 -208 277 -118 304 238 -92 -21 190 262 -261 -26 -256 10 -385 551 423 -72 -25 -539 -84 342 69 129 462 -262 148 -859 -579 -127 -236 -369 -94 203]
[-290 508 254 91 1069 -282 -606 -197 416 369 -367 298 2 253 -61 -15 -74 -330 327 202 381 24 -81 285 -737 77 32 136 207 213 241 -303 209 235 437 52 461 -77 -230 -193]
[-699 -71 -94 -376 -194 531 -267 -110 -411 -422 357 -597 -466 247 254 364 -168 327 204 -699 232 36 400 252 25 -280 732 252 -35 230 244 -539 666 413 489 -46 -460 -293 -109 -97]
[29 -48 281 -939 -123 -470 423 239 154 -123 -31 466 199 -103 -381 245 258 -42 -105 -153 -287 -317 -62 -236 197 -172 104 -27 -413 -271 -436 218 -152 181 80 -155 122 304 247 -37]
[-244 728 -198 -824 754 281 -307 7 -93 212 185 -133 -381 120 58 177 -279 -67 24 -60 11 -56 348 -287 -369 -234 253 -343 123 681 -156 496 83 434 -366 182 646 -81 -214 -340]
[407 681 439 273 -314 445 -113 -439 -6 380 122 389 130 129 104 -16 -777 373 680 -385 493 446 68 -351 -389 -30 62 -7 37 -85 528 203 -144 -1 -5 175 26 31 1 151]
[79 -586 481 -556 -395 -318 -119 -163 311 -142 -116 -551 -228 -156 -55 212 -128 -107 -46 135 -407 627 504 -408 221 30 227 773 591 28 -438 -50 -372 32 -696 -79 167 179 -34 -125]
[336 -281 414 -115 -172 306 -126 66 -73 34 -105 -157 278 -214 130 -111 216 -157 18 277 -583 288 449 -399 -193 95 -177 -190 146 -168 72 569 -503 -120 31 -407 214 -315 -244 426]
[-364 -161 444 -509 -326 -271 303 215 25 -293 12 -78 677 -16 -90 681 45 -405 -300 -407 414 -133 250 416 368 604 -185 41 78 -493 233 3 -129 63 -472 -273 -1146 431 -193 38]
[215 -227 -251 534 128 25 605 125 234 -12 260 19 230 743 -49 -117 539 -294 78 503 -127 -144 -359 -349 -229 -458 66 -214 417 709 -338 79 -50 115 643 -9 -191 -523 -25 214]
[-355 -60 -241 -279 335 -162 -185 64 431 189 -335 -48 -3 -197 161 -432 631 405 -254 74 -199 -31 -376 533 466 -462 566 -48 256 88 232 -6 425 -120 -709 382 -114 -66 -42 -234]
[-289 234 3 519 -401 419 -18 -9 88 170 151 -289 -374 -366 265 -383 -31 -358 -551 177 17 -43 -25 298 27 209 -246 63 -328 -558 -33 506 100 -975 785 -615 95 -526 146 402]
[551 -461 182 85 -804 359 -100 -297 -516 -172 369 -102 75 256 4 -395 270 -193 -295 -379 -1028 -140 -153 -414 284 -668 590 -551 -337 -52 -430 736 6 -200 86 129 -299 -301 -149 355]
[91 288 -276 -334 230 -74 42 215 515 -303 351 167 20 -73 243 15 471 62 -471 268 81 -251 -56 1 173 355 -234 439 -60 88 217 321 269 402 452 331 779 233 -538 297]
[13 -142 276 -666 167 -29 106 -7 -553 -96 508 85 -131 -122 -472 296 194 36 -44 372 -551 31 457 -316 -737 111 -376 -21 413 122 143 65 3 -43 -85 -232 968 228 80 150]
[-230 -325 33 673 -257 231 735 295 330 311 -31 -130 130 35 826 105 27 197 -74 626 215 163 113 245 279 298 -215 253 344 -349 -348 -435 115 110 351 -244 28 -14 151 482]
[-980 323 190 102 104 581 -271 114 201 356 371 -608 -162 49 617 -353 -270 132 -451 -193 475 -132 743 545 284 375 -297 707 523 -204 296 -34 9 -264 -121 252 -313 -775 -175 -146]
[-294 472 455 -230 -44 464 -455 -217 -639 -172 246 -508 -557 -422 152 381 -72 4 -348 -36 -582 187 591 21 286 -774 651 7 554 -289 -20 -205 564 -136 297 -222 354 105 266 53]
[661 40 374 354 228 -345 -709 -307 269 417 522 490 -40 -678 -453 -243 -271 73 117 -122 -321 244 -471 55 -616 89 97 327 -453 201 -3 -338 83 263 847 -166 188 -515 177 -159]
[428 527 -46 -453 -271 9 322 171 143 -158 245 235 -237 -332 127 11 140 748 265 -282 -359 323 341 -186 66 359 356 415 408 -61 322 -53 1 -350 -340 123 -440 131 548 -29]
[130 -268 365 621 350 523 381 -414 -402 79 621 308 -261 -225 209 18 -264 388 -176 88 -172 263 -295 -850 -91 86 -289 -59 -18 266 577 580 -277 414 131 -23 176 -169 -20 565]
[-358 38 -324 264 352 401 -84 -9 -699 339 456 -136 -649 -382 635 -187 264 -45 -414 -19 -361 -156 -255 -183 34 668 -458 433 -163 246 101 -164 421 306 -340 85 237 584 352 -24]
[342 590 53 -478 498 -67 -154 -207 209 -249 -420 52 -8 147 -192 -123 247 -387 162 -395 -700 55 570 277 142 -179 395 -479 -211 -554 283 52 852 268 -503 -277 293 -964 314 -228]
[-872 -161 407 -172 203 -623 65 28 -218 -225 174 -175 -774 595 295 0 337 -6 56 -296 97 186 -146 -6 317 -107 473 -220 -23 578 -438 233 261 527 894 620 9 214 -266 -155]
[-230 232 -240 131 330 11 647 -442 80 166 20 381 -331 -288 -433 -21 -269 -110 308 307 -20 918 -22 -424 105 -259 470 30 43 387 523 -517 -10 -115 -720 340 83 281 156 70]
[-190 -4 -381 294 522 -474 317 -214 391 -248 -412 195 616 -28 57 -112 -253 179 517 341 477 116 -119 -171 -189 378 -119 -672 -114 397 443 -144 -292 304 -365 351 110 324 221 -120]
[-162 -614 -267 219 294 600 -137 -403 112 -431 652 428 -227 72 289 -255 -52 301 -413 439 -423 33 10 82 -54 -103 -767 48 -54 549 364 -192 14 104 -3 130 -345 -170 434 -129]
[-116 160 66 -60 -244 392 -159 -452 -153 -133 210 -576 -114 -68 376 311 -722 -158 -486 485 191 361 31 199 -497 -126 328 -406 116 475 75 343 -363 -309 512 420 -104 169 109 -300]
[-350 -353 246 214 631 514 541 -113 575 -208 298 136 71 581 -32 127 647 321 92 173 -404 -419 132 77 455 125 23 391 495 525 265 -271 -48 197 -148 -160 -58 126 366 235]
[-394 64 271 -90 478 509 165 45 -469 198 648 626 251 56 29 -70 280 175 -204 210 -152 431 430 -678 -288 37 -846 -473 -525 616 -61 -247 -309 57 -219 -225 -18 200 127 -365]
[-248 555 594 -145 116 140 806 16 451 129 -766 184 762 148 174 -107 199 328 122 28 225 -74 -179 18 356 -124 443 -124 -278 97 25 662 420 749 420 -247 85 -19 69 383]
[-390 -646 92 568 -640 607 -5 -47 -209 -139 176 247 35 576 312 367 -32 -63 -203 283 -280 568 79 317 -376 -171 74 994 643 235 172 -305 544 -537 352 177 389 -95 482 204]]
