[[-51 -83 -115 -267 226 219 -110 43 -334 -364 149 65 -447 -412 -67 -450 254 -340 122 -207 -116 -92 -495 81 -381 -203 -79 -245 76 -43 609 -362 28 -334 170 -478 -120 -18 272 91]
[-371 -143 164 405 -296 8 74 146 394 140 397 -56 -543 511 526 74 -207 325 -263 -91 -286 -436 6 -70 107 -374 -269 -317 -448 92 -290 -32 -123 159 286 466 477 -599 -436 33]
[-586 345 -270 60 -93 -387 219 -253 -380 -380 146 118 -296 402 416 -715 289 130 309 -216 328 -155 144 250 27 -487 -9 -606 -335 368 411 -422 -174 -124 225 24 470 -298 -82 77]
[-380 13 268 -481 228 -232 -89 -678 -146 -231 -375 127 -41 104 -167 -372 -175 410 99 -117 15 -251 180 -60 168 321 595 374 -251 321 300 -240 476 397 -299 -340 268 609 48 39]
[902 -283 -217 -55 310 245 -140 591 -26 165 239 -95 449 -481 -293 -102 392 -419 -117 -609 -305 547 -135 225 -6 -317 -6 241 753 23 -198 -169 114 -509 -192 -649 -300 22 -321 -162]
[342 125 -36 380 70 -189 454 506 63 -207 206 101 -3 152 62 -605 -203 -329 555 -182 9 736 41 84 115 -445 -480 -1062 32 470 104 -596 84 -52 25 -248 424 -526 -170 14]
[433 -134 -198 -210 96 119 -119 -74 45 136 -78 -287 116 -442 182 -117 -582 -450 -574 277 20 381 588 96 159 -237 -590 -737 427 186 -275 -542 -221 -353 259 -110 334 -315 -138 -7]
[-205 379 -243 299 60 518 574 464 -450 -601 339 148 -172 537 685 -183 763 165 -258 -209 423 30 -500 420 -300 118 -72 96 -266 1 536 53 -502 -105 -72 -34 -366 -423 -297 103]
[-326 -186 -73 -174 221 458 -9 72 65 11 -61 -151 329 -209 -205 -216 23 272 -391 -543 90 495 -362 -8 -499 -33 588 466 -18 328 -62 562 461 324 -278 -150 -866 159 449 -22]
[417 -239 59 -394 -49 -99 -33 -299 373 -349 -561 307 -221 -33 86 -287 446 -148 -27 388 158 297 263 -115 569 91 -479 286 -102 49 333 -957 43 456 -235 -133 251 634 5 6]
[605 -674 -182 213 -4 -257 -635 -308 89 205 202 516 -615 182 -97 177 617 -150 -567 -5 -234 46 268 279 247 -302 -23 148 -186 -60 544 -469 143 -363 200 70 271 -31 -473 -6]
[114 -17 -102 36 -259 473 -402 203 -129 -285 -32 -459 247 96 359 712 80 -260 -537 -62 82 -380 -7 -310 698 592 -551 304 260 16 -607 -338 -433 8 -234 266 492 71 -278 -206]
[-338 -169 129 299 -66 289 -568 235 -10 750 67 -719 432 -230 371 678 -263 -207 -465 -664 -503 -196 448 -314 -9 -521 -150 23 294 534 -912 206 -217 -541 560 376 -165 -108 -193 -636]
[-320 47 149 28 -1 129 -251 148 384 297 61 154 555 -64 170 -470 818 185 776 -427 -405 250 -193 107 -146 -789 312 442 228 -59 -348 438 -639 -265 45 -83 -17 390 -201 -240]
[97 501 325 177 121 -158 509 525 -311 114 -585 -317 382 -518 -483 315 280 93 504 -348 424 8 -199 -181 -451 -265 -213 385 49 -330 256 451 -146 -104 -4 -5 -697 -90 77 -156]
[-211 171 -610 395 -273 100 0 -417 -305 -326 301 224 321 150 512 -66 376 -641 -358 577 602 -325 -165 266 343 344 288 -111 129 181 40 584 -437 55 -97 372 378 -419 53 -94]
[-588 341 72 -317 314 353 191 -631 138 -85 -20 -426 -302 23 533 -633 -145 -60 -683 294 365 -349 -343 -11 -221 -584 5 351 -303 -361 -118 -250 -713 498 483 125 5 -194 -156 116]
[-589 17 -159 -250 -75 213 40 175 115 -234 -34 -84 24 612 -105 -57 308 324 185 -353 418 108 -184 -331 605 163 -247 232 -525 -221 -293 -295 -384 895 77 -43 -371 -310 235 9]
[220 -605 -160 -228 -95 -99 -125 411 387 86 466 -371 -337 -150 -130 66 -234 -35 119 -361 -222 -31 95 -259 -79 -991 -266 13 195 -817 -288 -164 -12 -48 95 -226 -330 -958 -692 334]
[289 236 -420 -505 59 -429 457 -142 328 178 -14 79 537 13 142 -363 363 13 -296 -10 313 86 -237 -261 415 -231 272 637 41 217 -615 52 545 135 -370 -284 -8 217 837 -184]
[-88 -51 248 70 158 285 454 154 227 -251 -119 29 -24 66 51 -991 102 270 281 35 221 141 -404 777 104 -418 -252 -299 361 339 97 -853 158 93 -30 -285 389 99 -229 410]
[177 379 -226 143 69 -238 218 25 -36 21 536 -609 -155 -129 158 224 146 185 26 -227 -162 -422 83 656 -3 122 84 213 340 19 -486 907 27 -39 -267 368 -168 1 -65 155]
[235 -220 405 -72 92 562 693 758 -171 -88 268 -13 -312 109 -48 317 -40 395 -388 -207 -64 189 -433 5 -885 -165 529 155 -117 -555 172 314 86 -222 -197 -11 -10 -153 -149 -45]
[-265 324 -454 167 -377 276 -488 -123 -187 -386 -155 2 339 20 150 348 -365 480 -202 -370 -146 -142 -240 -67 -682 -394 179 -153 73 -131 -315 280 -419 -691 -360 -130 269 -371 -12 411]
[-401 608 71 367 -107 -215 261 65 -239 447 27 -221 36 -31 614 148 -66 763 409 139 467 -419 -48 -63 -65 -61 313 395 -680 237 43 561 222 -146 148 469 -764 -349 233 218]
[-250 -470 614 -259 177 -83 44 30 119 157 144 477 -802 103 222 366 314 -319 -95 386 -992 -591 55 354 -130 -315 128 -82 -297 -92 354 -280 633 -100 499 101 -75 -377 300 -82]
[509 -283 -370 425 318 16 214 393 -228 158 -9 -152 -102 441 -343 238 -230 64 -123 -733 138 -372 -231 586 -68 229 -147 -163 588 40 -97 -72 42 231 -21 -242 446 -448 -361 40]
[-409 167 133 -726 -214 -370 251 -512 -237 -473 -437 533 59 -183 -524 -102 -497 -356 308 150 168 -124 206 -67 -3 422 197 -302 -45 51 703 4 56 284 -523 151 669 -164 -290 204]
[6 668 -225 -255 45 -7 547 -520 -404 -845 -117 -69 97 265 -614 -449 -416 253 -213 -51 41 -283 -254 199 -75 388 188 120 189 69 415 -779 87 -17 82 -100 264 328 6 133]
[-248 287 -376 307 275 586 183 320 -377 -347 726 -699 -81 499 130 66 -538 -81 -232 -488 -361 144 -38 -180 -79 -138 -540 -338 -447 222 240 198 -142 -84 536 -402 -629 -438 77 190]
[-3 430 -437 -283 -246 -262 386 329 -182 191 89 150 173 -499 -150 -96 -211 178 85 60 357 488 363 8 -504 -501 280 -350 606 338 -277 301 -435 -239 -332 -126 -443 356 489 -350]
[-269 548 -339 124 -172 84 319 133 -503 -69 -74 -81 425 -336 -86 -338 454 -113 -508 75 801 106 242 -3 386 313 435 175 617 172 -786 -259 -583 307 -270 146 109 203 146 90]
[534 -577 50 -251 -221 458 -18 537 -524 -468 153 -551 -200 -244 -448 75 242 -275 226 -26 -216 -107 -77 -194 -178 524 153 512 563 -215 105 -121 -41 -1079 -179 -201 -163 757 -277 264]
[-879 312 -516 -598 116 -424 26 -698 -341 -144 -128 -139 245 328 -409 -353 -160 373 165 73 -225 -33 -238 -265 -367 512 518 567 -196 -130 -70 176 157 96 -319 -10 -334 -296 666 234]
[363 272 -36 55 175 -301 -39 -517 103 40 393 430 552 56 -286 -20 416 821 90 34 407 138 579 -81 182 524 2 -96 -173 -2 46 333 -536 -468 49 78 288 109 -620 233]
[555 175 482 -107 -87 17 105 -327 165 361 -97 -294 -69 -190 347 464 -8 279 -1148 217 -487 -57 164 405 -427 -356 0 377 79 371 -163 194 -550 -12 -109 333 -247 -490 -443 -231]
[291 217 290 -46 276 87 -120 -7 -256 365 -30 -726 -283 -532 183 655 316 -491 249 434 16 101 99 -192 186 -83 -17 -96 355 -569 146 -103 145 -548 101 -117 478 69 35 245]
[64 281 595 509 92 17 -108 -774 141 107 -263 167 48 115 258 -84 -637 -380 468 258 -332 -562 682 222 244 7 396 -245 116 19 -206 -318 -76 -47 24 621 429 66 -450 70]
[540 112 -1 23 264 -305 532 -92 206 167 438 182 -221 -149 684 158 594 -652 379 -292 -870 -423 -749 -210 -207 -386 -245 364 432 -259 -476 -29 -458 -90 195 5 -314 142 -363 75]
[-33 -22 -163 159 144 190 284 -18 111 -150 -64 -203 508 495 -176 491 69 598 -201 -544 -6 89 25 190 -175 320 774 408 -461 746 243 358 160 -600 -615 -269 -709 -79 -144 3]]
