[[-112 -134 117 -129 -177 -50 586 175 870 -110 -194 256 409 336 -237 88 226 210 -213 -424 -143 465 -201 235 -70 -9 159 255 -526 -99 283 -29 -329 113 57 -153 -73 -216 351 -2]
[-145 136 -575 -417 -260 -180 155 181 9 346 290 -60 462 334 -9 -522 -322 603 -329 -503 59 -74 19 250 -45 -321 83 718 -305 -139 210 -117 -190 99 338 362 -71 -262 -5 -32]
[-253 -264 -26 -200 -32 -590 539 395 -147 218 241 -359 167 77 -819 -223 -112 105 -155 -360 80 87 16 38 -91 -621 350 -40 -184 253 783 56 8 219 197 247 -485 -353 -15 -25]
[70 -101 379 296 -48 -476 -497 22 -565 -400 -718 58 65 241 -134 73 -229 -141 320 184 162 -314 -384 -592 -450 334 -221 -460 339 294 -183 368 -34 -42 -361 89 -108 424 265 179]
[-149 162 568 184 -255 -381 236 306 -350 204 235 -399 52 -97 -66 143 303 -96 -28 124 88 136 -646 -606 -352 186 -524 230 494 -206 174 205 -243 -57 -516 370 -6 142 369 195]
[-13 -301 372 -122 30 -319 -62 -136 -3 300 291 -137 -263 39 138 348 269 -397 122 242 -6 238 -368 -341 -609 38 -256 -144 854 459 76 -43 283 43 3 543 443 -346 -185 89]
[131 122 364 145 221 40 -57 20 -136 140 302 -213 99 -157 -10 -183 172 409 -208 91 96 -470 718 291 -282 378 159 215 -67 -596 171 -217 -310 -74 110 -90 75 597 119 287]
[-275 -153 401 301 -77 -184 263 102 -490 338 512 -627 215 -106 223 148 1 118 -534 -683 488 306 371 36 101 -93 201 155 479 82 410 189 -43 25 318 225 326 -183 244 205]
[-494 -20 -51 269 -429 497 -5 37 -13 49 129 -41 -88 -432 172 -246 250 -468 -438 158 470 249 -570 266 480 446 -456 189 426 -65 -786 252 -15 148 -77 107 428 -195 -1 -81]
[270 -20 160 -59 -102 -499 -262 -554 -281 -142 785 -554 -158 74 -307 9 -6 -160 95 282 -227 -33 398 -116 179 -202 474 -145 354 69 533 7 265 238 -78 55 387 386 170 67]
[210 -100 67 -183 -197 -232 -602 216 -347 549 -375 -86 298 270 431 -189 -101 72 -536 54 -50 -55 468 -113 -720 134 -45 448 672 -75 -632 194 -584 -62 508 295 93 56 -269 76]
[418 185 111 -227 -98 -235 143 -292 43 -34 398 -460 116 -191 -193 -334 104 -214 -75 -169 -65 658 173 282 561 61 363 346 -636 -504 -218 101 -405 -158 592 -241 310 -589 44 -94]
[-380 103 23 367 53 72 477 -368 359 -332 216 388 -112 -174 -702 -186 105 -262 223 278 136 613 488 -238 652 195 274 -738 -646 -274 237 -90 258 -92 -236 -150 -58 -462 -105 -306]
[523 68 85 -75 156 -41 296 229 52 -402 -501 139 560 523 152 362 491 501 923 -109 -124 -52 -811 -33 -93 221 -419 156 -251 187 128 -395 -287 43 34 44 222 334 152 222]
[76 -4 350 109 -96 -325 -121 -382 273 160 887 78 -492 -417 60 6 -81 482 -332 -566 195 183 135 135 -154 -427 220 337 427 338 715 116 137 129 473 79 199 422 331 202]
[-138 -470 90 -214 -106 205 499 229 520 -39 -483 -412 163 137 -208 365 617 -545 -147 286 225 -515 23 13 -142 120 491 -14 203 529 289 -231 -179 -32 -251 -81 -294 419 -409 82]
[175 34 516 284 199 142 506 665 -91 569 66 54 -389 -336 -893 440 542 -221 -316 80 -257 281 204 281 40 325 -124 -209 59 -663 228 -432 -5 146 260 -94 -667 146 174 -238]
[180 62 587 574 333 -213 495 474 -24 448 -3 -309 -211 -670 23 -17 705 -472 -110 -151 17 408 71 -146 337 659 -217 -201 436 -142 -386 -95 -243 196 708 -174 454 204 142 -54]
[-130 -61 17 168 77 -421 -55 232 -764 172 -234 -367 189 42 186 -258 -748 429 -709 -239 -275 -940 496 227 -145 -256 -17 -89 781 -2 240 830 109 172 -23 112 -258 -138 228 -72]
[-414 396 -332 -366 -682 636 -192 402 78 70 -10 175 502 219 415 -261 282 -26 90 -217 -84 -137 -540 -382 -137 -338 -60 401 377 239 -616 273 -500 -16 8 269 171 546 -231 84]
[-539 -51 -30 84 88 83 228 180 250 89 -106 581 391 220 -244 -91 146 -595 -246 -297 -282 104 150 542 562 281 544 -383 -171 177 137 335 527 480 368 -97 334 -600 602 63]
[146 210 345 -45 -58 57 241 39 128 -128 109 -573 -548 119 259 370 390 33 -273 489 -281 75 480 123 618 327 626 382 12 -583 455 -429 -105 -117 -53 -396 -71 387 526 138]
[10 59 -103 150 -226 256 174 -401 550 226 -59 436 -41 -482 30 -237 320 -220 -23 247 129 -41 65 -8 -7 -249 -349 -215 -283 -1 -516 -768 -104 24 -96 -80 164 478 -370 159]
[616 609 -220 -528 29 727 -332 -653 -543 547 627 -61 -207 -399 -92 -167 146 139 273 217 -252 -30 -391 226 546 -359 -351 325 -364 -437 -437 -268 277 -290 -138 268 226 133 194 -128]
[-101 -330 -135 -560 -221 -309 149 458 80 226 -125 -160 274 197 -728 -800 35 -25 -32 -503 5 -195 125 52 -85 -62 -31 -133 -392 -59 -240 683 -232 133 -328 369 -384 -594 -228 -538]
[-91 -107 275 542 170 -536 114 -326 514 -274 -289 206 129 417 -784 386 -93 -54 -20 -484 -54 -45 -353 -439 -474 -41 -72 -193 -116 401 727 -601 84 183 130 340 4 68 -44 -168]
[-190 490 145 -156 -183 250 -440 -140 -275 17 697 -225 -168 -321 865 60 -172 111 -343 393 -444 98 -545 805 159 -543 -342 605 632 23 134 166 215 -91 -210 14 598 -458 -251 -218]
[278 -556 104 97 -369 -432 909 8 131 -636 -145 -574 201 454 -43 -118 -321 235 446 -27 -294 -791 -92 -116 187 -312 293 20 -505 206 682 6 -97 -153 -672 36 -272 395 315 187]
[-403 -144 -22 159 -141 171 89 401 -154 421 534 395 -17 299 -487 324 633 -139 204 492 381 -678 352 183 -304 -97 -245 -653 372 -339 273 -147 271 240 -181 48 -195 -222 -219 124]
[-206 -257 -611 82 -273 81 720 270 192 -665 -236 179 177 496 -312 -491 -139 -151 82 109 174 -862 -54 -241 -139 38 281 -394 -505 -64 345 574 417 270 -320 -160 -243 120 204 -288]
[199 272 8 409 94 -183 -517 80 70 -177 -902 341 74 -48 402 338 -553 -172 -242 -433 345 159 352 -566 150 308 59 -329 -266 222 -4 -221 -632 -623 12 -1063 -156 -112 68 241]
[-258 -65 -214 -34 18 44 243 -129 -232 -11 29 -332 -100 -315 -330 69 220 18 20 331 980 213 241 127 -324 472 64 -19 -261 90 -165 -59 229 -196 432 220 259 163 38 -349]
[498 -235 568 -440 -278 -505 71 88 14 564 690 338 -261 -133 -356 -394 -202 -158 -14 687 -134 243 78 525 -390 -226 193 289 89 66 694 -181 -486 338 608 121 -191 -431 -247 78]
[-28 305 45 308 266 216 -255 111 242 204 236 525 -210 437 213 111 -325 733 -418 -330 284 -467 220 -16 -419 -372 -379 126 -435 -143 372 -531 344 378 43 -21 -762 -86 292 -102]
[251 -117 -349 -9 -122 -494 -28 440 7 -40 -144 -228 16 -135 503 88 199 145 -115 355 185 388 -246 -1258 -466 -318 -383 -8 394 246 -554 238 -38 145 -632 471 -131 -145 -268 -120]
[-108 125 -383 -527 -393 -501 151 -57 -498 311 140 -30 -77 318 -46 -348 -36 -519 -359 41 5 -646 -692 -295 -132 252 375 -309 -46 207 -172 72 543 -236 -291 733 310 88 -90 106]
[111 91 -46 -179 131 127 -105 417 19 -47 480 -627 147 -238 -19 -101 -554 931 -419 -378 -70 48 419 -28 160 -751 246 -200 -74 -12 748 477 340 183 74 -498 -1 255 664 257]
[-124 225 -832 166 122 14 -338 171 151 -37 254 838 -146 90 -51 -793 -504 -342 -455 -219 96 -102 147 11 534 -452 -18 111 -372 -89 -163 37 -127 477 -311 21 214 165 -93 -221]
[-210 -212 625 -134 498 -207 508 457 -153 -430 257 -228 553 -40 138 176 38 19 164 -196 -444 17 -30 -349 -776 -390 80 -385 -488 -35 424 -630 -417 86 265 -87 47 -176 377 256]
[-603 -208 423 -101 408 85 334 590 -69 -539 292 -15 -149 -204 -666 -95 290 24 83 110 -70 39 -247 -54 654 -193 -157 -24 14 83 -63 109 -94 565 -702 -343 -192 -464 336 422]]
