[[133 327 -271 20 238 -108 -255 450 227 -326 88 -133 -100 842 -30 412 182 -259 -3 101 48 156 -409 -432 -60 -475 748 -120 251 -132 15 -234 330 260 149 -388 -148 -19 93 22]
[-430 -114 -180 314 23 -90 -9 337 165 498 -279 -185 -29 156 372 -433 442 -653 36 361 -237 -77 -70 -578 -347 -307 769 412 -22 -278 -140 -268 -384 209 -53 308 300 -91 341 2]
[-165 803 400 -50 -137 454 192 -88 119 -129 -24 335 -215 -789 -648 237 12 245 -294 205 307 -175 -258 591 -202 272 -157 68 -197 340 12 45 352 -344 -20 -210 -703 161 -192 50]
[428 389 333 -287 5 315 -226 178 339 -281 -119 -53 62 216 -45 419 15 -58 11 79 866 -140 -511 294 -140 -917 259 102 190 15 -193 -139 307 -364 -151 58 -694 346 348 36]
[250 551 289 -214 -34 252 619 -154 -201 148 5 70 91 -331 84 -93 322 -158 -388 36 418 -517 -99 514 458 -225 -121 100 -432 297 457 30 -410 -609 151 203 -530 -31 -94 323]
[550 -84 39 -202 -27 509 447 -528 -18 -17 335 -104 127 -544 201 608 -331 858 289 -175 126 -407 91 391 451 -217 -540 69 -3 -334 -520 116 -258 -136 -7 126 295 91 265 14]
[403 -347 -241 325 -103 -372 371 -111 -227 10 88 685 195 -372 54 -624 156 -123 -257 134 -310 31 123 -507 337 251 -119 237 -636 -564 328 -239 -168 -314 8 243 533 -76 -332 439]
[269 237 -16 477 -344 49 231 -49 477 -46 -62 700 -319 -115 -384 649 -198 765 -147 730 -202 129 61 323 -40 48 328 -81 -483 144 -663 175 450 -57 204 -76 -84 276 -212 489]
[291 163 -172 671 -119 -247 284 160 -168 -19 191 94 344 392 -487 345 -247 157 23 -252 24 63 -520 549 356 -96 395 -344 -42 318 -170 34 363 -358 201 -327 -656 277 -189 546]
[505 8 262 -557 804 -240 -19 -606 -509 -559 146 417 437 54 132 -415 -291 -261 -137 180 134 -253 371 -409 377 -154 -324 -73 -307 -128 341 -216 -11 -305 -464 187 -30 -14 -33 -9]
[-647 888 240 -427 493 800 -159 -165 180 -554 461 -75 -266 288 -193 627 -309 376 34 -39 221 -187 328 -265 385 227 298 200 552 -8 -8 235 422 348 178 -643 170 -195 222 -114]
[145 449 233 -192 147 305 -54 375 -444 -287 457 447 -97 -17 -229 -722 -515 -397 -117 126 61 -338 394 -76 503 615 -208 217 -154 62 348 217 -9 -250 -71 169 -324 -393 -201 -211]
[1195 132 -402 -272 -332 483 -51 -111 301 -57 -282 161 223 -119 -315 458 -128 593 -32 381 130 -339 6 973 42 -285 -357 279 -494 52 -309 450 -106 -416 178 -137 41 -173 -12 193]
[-296 438 -277 312 416 -489 311 -75 -133 237 37 -305 216 -162 -208 810 283 256 -99 90 -437 101 -686 -440 -49 483 89 -187 222 23 -250 -448 -27 277 -168 53 -439 337 562 209]
[324 194 125 -208 -105 -2 130 60 -157 -235 416 -462 -26 14 521 54 292 -142 -454 -373 -305 -417 -605 -470 417 -98 191 -161 424 -53 323 -454 243 112 159 484 1 -166 298 316]
[-63 -274 -52 39 146 -496 340 478 265 154 141 236 -184 453 54 -123 224 -631 -87 -110 274 41 555 -535 -407 -162 551 41 -242 60 378 -76 -485 30 304 566 -436 -223 -97 -286]
[-107 -467 -136 277 44 -324 -99 -71 -115 193 -99 -534 435 393 -89 -210 461 -399 198 -390 426 301 62 -667 -131 241 24 -402 427 -219 114 -415 -576 -172 139 439 -241 -331 341 76]
[660 -52 -166 -90 -26 -744 170 658 314 -13 -31 258 -84 353 198 221 -96 258 -182 -89 590 -128 322 591 125 -203 -520 -157 -277 339 170 448 -534 186 13 292 110 -176 174 204]
[0 505 -237 58 -468 31 405 45 232 65 363 205 -74 -11 281 -194 85 74 -438 -102 -182 -99 -96 171 37 -266 -176 433 -200 3 165 109 -43 -130 185 -1031 834 -464 -154 369]
[110 616 -402 356 -162 286 -470 -9 -43 70 207 -47 -145 361 -394 611 -560 121 484 532 -57 206 288 215 -86 -165 78 -207 531 -276 -485 171 124 -263 -335 -343 -234 211 281 -12]
[-224 -20 255 68 -80 -18 295 -76 -120 599 422 25 134 50 7 -404 -204 5 133 -100 -212 -297 -563 759 55 -456 -419 -2 -560 370 -478 53 -855 -25 -224 -232 -162 149 -276 -30]
[541 -394 -366 -30 130 216 718 73 -748 -87 742 183 111 -384 32 -11 -408 273 336 -910 434 56 171 212 402 -317 -696 -301 172 -534 285 196 34 -160 -274 257 91 -230 99 195]
[-45 -448 735 -277 62 -283 -695 -678 -18 -322 -133 -135 148 25 345 -535 -662 210 -71 -34 199 84 699 875 -197 144 -589 -62 211 509 -21 349 732 -266 273 -627 419 -84 331 -47]
[150 300 -28 97 -313 201 442 81 371 -440 64 355 -152 784 -354 86 -150 257 -109 256 -609 -231 12 -264 212 -18 735 181 -333 -361 193 -237 153 191 248 138 -7 187 -616 -79]
[-572 354 133 296 325 308 59 270 -127 -36 -304 -100 -207 -777 -182 212 219 -450 -91 -47 401 367 634 -266 -591 40 -349 -600 67 -27 28 -163 53 47 -279 343 -202 -87 -394 -174]
[227 431 -240 -113 78 107 723 131 519 -109 131 257 -143 488 487 655 -13 381 -118 -80 465 111 361 -248 706 -689 246 -128 -13 -22 -355 128 540 -83 550 96 110 302 -527 -104]
[-252 -80 -400 -75 244 -210 -654 55 -146 28 457 174 -97 495 474 -324 -288 -766 460 216 -227 151 85 -355 -199 -451 506 -426 419 -70 -370 214 -334 536 -37 193 177 169 312 -842]
[68 -491 -279 -332 350 64 265 119 -299 -327 453 295 80 272 414 301 -12 -160 79 150 -581 38 593 -223 -106 183 482 124 -265 -81 40 380 -511 591 -320 213 -113 -149 -369 -739]
[-184 88 -9 155 -76 -527 317 322 -119 -86 692 150 -601 314 -113 -74 425 68 -473 -476 -320 -89 -491 140 -203 494 2 -414 172 -83 449 -89 -109 -264 42 -71 -365 -598 -49 799]
[-368 -219 -453 95 -371 -96 -284 -68 -187 125 115 156 -616 157 427 -848 119 -75 -17 -306 -377 207 215 -748 37 478 -191 -186 -50 -508 -195 -197 362 223 -505 425 678 57 -138 10]
[-56 224 -86 652 105 -494 478 34 26 57 -171 -323 859 327 230 -98 101 237 -484 409 -489 -317 -346 -567 -207 -58 281 143 5 -339 -608 -151 -174 -69 115 419 32 -465 247 224]
[184 920 -280 -140 -296 155 54 -220 359 -505 -78 114 -405 -271 -406 738 653 405 -446 212 131 76 516 462 151 -143 436 -424 146 714 -230 148 217 -113 586 -673 238 -74 26 338]
[-286 -440 -21 -200 485 -184 349 127 -293 294 -149 88 -78 251 -176 245 1 -36 -106 38 -857 179 215 -121 205 336 134 64 120 162 160 -160 -1015 537 -439 203 -357 248 -178 -681]
[-679 -502 -57 99 -421 -355 146 -132 126 169 46 109 251 90 -139 -145 -474 -379 678 -139 -262 472 274 407 -153 230 236 550 236 81 -101 227 -573 112 -132 589 -301 169 -132 -359]
[-99 157 168 299 -43 771 -26 155 553 -420 64 233 -293 -495 -4 -155 -279 119 54 308 58 -695 -328 -309 -98 -282 222 -72 31 -350 -20 106 -425 3 -145 -96 -60 -71 -162 47]
[152 193 -695 -822 287 269 -54 -93 -163 -83 -202 -8 55 -39 287 360 18 75 2 348 -260 -224 655 774 -91 -372 290 -338 -326 676 220 217 -145 2 304 417 -270 15 -25 10]
[-334 -116 -229 -421 -157 -402 234 -365 -195 234 -269 -172 -388 56 814 727 523 -56 552 -59 -531 -127 161 -639 540 -280 101 -262 289 -17 22 -189 -987 227 515 -38 242 -166 -196 -105]
[-592 -436 263 358 -221 -113 629 -196 390 -205 52 431 -107 -480 -143 -23 -602 116 -81 331 -127 -267 48 -83 397 281 159 258 -36 110 -651 -106 43 715 -234 34 418 167 65 -46]
[83 -340 106 346 6 110 -282 757 9 143 9 -37 -241 34 -470 -219 -497 329 189 -527 580 446 -119 241 177 -491 -39 195 351 241 -457 539 196 333 458 -272 -508 249 -364 225]
[-362 263 84 -179 287 -483 -303 488 243 -106 -484 133 -138 392 273 55 -334 -377 -359 382 170 472 316 -549 -174 -336 421 -413 -245 202 266 337 113 -183 -80 -737 255 -675 105 194]]
