[[-232 -138 402 289 -245 -197 -1 -44 3 80 374 -166 35 518 105 395 233 172 452 -4 49 52 -312 283 26 304 560 73 14 382 -746 412 424 0 -227 -122 -141 631 15 53]
[168 78 -407 461 -95 -66 -243 106 243 90 33 169 352 -195 390 155 560 234 157 93 -29 401 314 97 66 -251 -346 282 147 0 -93 -344 78 -600 767 292 447 -324 -266 264]
[4 -340 233 -119 301 -161 164 -647 -201 382 504 -116 -352 90 -611 -261 460 -81 -133 -260 -190 1 -621 -314 46 -448 212 134 -138 -163 383 26 175 69 -534 -161 18 -161 474 63]
[84 154 -49 626 -142 -77 -212 -587 -212 667 528 151 526 327 -248 370 445 -79 556 -247 173 -565 -346 -105 141 -63 287 490 303 106 -154 -319 457 -569 -133 352 277 148 -159 274]
[6 -378 264 -263 504 167 109 -161 51 256 -142 309 -882 -505 -409 -276 281 268 -201 -534 -82 -264 -85 -120 419 -658 -58 66 290 69 34 -106 137 449 -227 356 -359 -25 117 -277]
[-397 -77 110 220 53 109 253 272 -156 36 210 138 545 421 -253 -190 831 623 179 40 -300 247 -29 187 -495 453 -229 -49 1 -135 -82 -62 147 -278 110 -296 168 -432 -38 455]
[-96 93 -410 46 404 -163 168 236 603 -413 -192 394 307 15 361 -331 83 -182 31 306 -58 351 720 -82 -825 245 -721 -548 115 -212 53 -145 178 -39 446 149 104 -561 -436 525]
[-431 -5 -168 -486 -92 138 139 -270 -619 236 -108 -397 68 24 284 643 -266 -78 -110 -139 -8 -414 -490 -167 -148 223 508 215 107 166 -297 249 -400 96 103 -81 -155 317 56 -269]
[270 20 462 376 -454 31 -227 153 9 132 56 386 -24 -206 -236 -225 -485 -258 363 -62 -138 -142 -543 -65 338 -505 293 517 -210 95 -94 -336 341 -105 43 272 134 17 -28 195]
[524 124 88 -369 -569 11 -425 -72 -22 382 -321 -314 135 -409 -170 -411 -468 -421 60 -54 -62 -19 -298 -288 -19 -371 347 185 100 -25 648 195 -138 -190 -708 233 -371 -108 313 -303]
[-512 191 -580 181 378 -14 458 -964 -29 -154 273 -286 412 287 -659 -19 -76 -367 -107 269 -36 -123 -594 47 -135 -158 -463 -165 97 -228 368 -475 369 -27 -172 144 197 248 201 358]
[-495 289 -172 183 4 -301 560 -1006 89 -105 289 -242 114 194 -326 -432 200 -119 387 -143 -238 -199 -236 96 -316 623 49 -428 291 -320 328 470 -19 14 -583 -115 -698 342 581 140]
[-434 -426 -116 -203 -568 -201 827 -551 175 -436 399 -272 466 208 -337 -226 438 -103 203 -202 -880 549 -633 -36 -396 124 122 -150 -70 231 -287 665 -65 218 -535 -79 -654 -104 253 545]
[-513 8 507 12 -172 -199 -334 290 245 157 -258 2 99 -198 -135 -166 -278 173 741 45 408 -426 -36 713 -222 -518 -161 -434 113 319 -201 54 337 121 -680 418 -377 677 220 68]
[282 293 94 -288 361 68 2 249 -90 -31 222 297 130 307 411 385 -711 -367 422 164 461 -819 549 -74 -645 -79 -90 -68 -44 -102 -325 -246 290 320 -318 -109 -241 86 179 -322]
[-333 -188 -380 35 -208 28 534 -50 288 -442 469 48 278 512 -131 261 -62 -112 24 500 -484 645 -11 646 221 280 -224 350 49 120 -683 280 161 -435 -125 -516 -277 236 32 -277]
[-641 96 7 -222 598 -282 343 -406 -538 233 44 560 26 -70 -202 -402 -628 -43 50 -316 353 -356 76 -29 -448 139 -238 -24 68 -297 356 400 -83 -350 235 13 694 -118 -227 192]
[631 53 371 -689 -77 -410 366 72 -311 60 -107 -55 -266 -441 -320 -415 -209 -32 -383 -242 -60 -266 -184 -736 554 -1120 -116 312 -163 -156 176 133 14 171 -62 73 -131 -151 259 -83]
[-319 236 47 750 -17 -353 313 301 -623 -30 -189 -180 -285 -101 -80 -214 245 718 -243 -137 -282 718 -369 168 672 -299 -265 -56 77 -72 -261 12 622 261 650 88 378 230 -365 257]
[-71 143 -529 557 -820 -189 41 289 304 -282 164 280 352 65 206 -110 -390 -426 124 463 233 -371 -219 -210 630 -121 -612 496 -334 -249 358 -461 -641 -467 753 105 -29 -207 -160 25]
[541 148 -11 -496 -390 11 85 -469 -230 -505 -296 -558 -522 -202 -381 -427 -310 0 -32 -488 -225 203 172 -186 823 381 152 -294 158 148 17 258 -369 85 -96 -282 135 423 479 -419]
[-139 140 515 13 -630 184 -330 570 -261 587 150 -77 579 160 -233 291 -16 -124 239 624 253 -579 -615 435 -249 90 -120 210 25 84 -259 363 47 24 -87 204 -464 295 21 17]
[177 -71 -699 149 138 167 -266 -343 402 82 -501 325 -170 -680 479 363 -170 -172 56 -719 22 26 829 -47 -43 -105 -179 5 63 276 -144 -44 -656 -243 -21 -265 -435 -22 -508 -210]
[158 738 478 -344 -74 -152 401 -291 -466 -377 -267 -44 1 -336 580 91 -22 131 -462 152 43 317 -273 -38 -164 417 296 290 -163 170 -205 476 -199 169 453 -709 -305 541 589 -294]
[268 321 -114 -82 -5 83 -167 243 -503 219 -156 -502 141 -188 367 -230 -375 109 45 -179 -253 -195 133 -307 -661 -578 -84 39 596 -384 -261 -4 225 -255 589 -310 -71 -12 -250 -271]
[333 -362 358 60 131 -281 171 -298 -263 189 773 324 -369 387 -630 94 -516 -606 5 -326 252 31 38 61 103 379 21 502 51 174 -621 -231 615 274 -609 80 420 173 334 -362]
[413 -439 249 -718 -740 220 -166 2 -349 381 -14 236 262 237 -198 264 -196 -415 345 188 -289 50 -489 -225 -130 351 464 464 -55 217 -387 418 -409 204 -719 -288 518 137 231 -97]
[242 214 -4 218 -610 -10 605 282 81 -549 -398 127 140 83 161 -233 522 416 -184 124 114 113 596 35 240 35 -196 -368 193 -284 196 -651 -374 -13 526 -160 283 101 72 122]
[123 268 250 -365 -399 145 179 209 -511 565 -267 46 -391 -953 -45 -4 -413 282 -30 -632 -180 -97 294 -674 210 -834 146 -214 -425 134 260 -118 -310 -18 -247 -17 -105 -249 70 9]
[203 -102 -258 -137 296 -216 -389 98 -34 608 -74 67 -280 -31 93 -6 368 -98 68 -398 272 -545 -27 -303 326 -449 376 208 913 -134 -324 -29 141 -647 -402 -257 430 71 75 -177]
[414 -180 135 359 495 -285 -547 302 -265 -240 366 -149 -475 -292 319 182 114 99 -212 -204 -207 185 -144 184 123 -587 886 -244 -352 -251 627 52 -176 -80 59 -232 116 -262 660 -489]
[-237 408 -357 -281 486 48 -196 -718 -92 137 318 184 -139 127 -277 -113 274 -330 183 -23 26 118 -109 415 -209 99 -557 447 -140 52 699 -105 19 -793 372 293 720 -249 356 559]
[-265 66 339 -71 -33 410 509 -284 -406 -246 -244 42 543 -44 -24 685 -490 184 -13 684 562 -522 -68 -302 -196 380 -277 77 -47 -33 -355 -65 -270 283 205 418 -76 568 -115 148]
[536 -345 -449 419 230 -473 -623 156 116 337 -175 191 -284 -240 -26 -504 106 562 287 -87 218 516 660 59 351 -200 -316 -384 120 117 318 317 -173 339 470 211 85 -187 -422 -82]
[43 199 -129 -196 -225 137 164 -131 139 -570 86 -743 128 44 183 557 62 -473 81 304 27 -310 626 -664 71 -347 417 -395 -477 -168 -15 -186 57 112 -40 -201 -192 62 -335 112]
[-146 38 184 374 518 -153 -315 -837 524 -29 -191 -176 -51 -516 99 -541 -692 -1018 234 241 -215 -199 -18 86 103 29 -344 -286 326 -263 573 -899 -362 -442 -385 -66 232 166 110 -339]
[147 557 -60 16 -74 -333 0 52 120 -418 47 555 336 -433 395 62 -195 -474 158 -342 -9 -171 357 -206 619 419 19 98 372 6 396 -34 147 -764 304 127 517 -418 -764 460]
[325 370 -2 215 193 180 -84 17 999 -75 594 277 115 -451 230 379 -565 -112 419 59 587 -147 -58 348 -31 -476 -305 -221 -287 38 159 -108 -219 -238 187 -4 -155 124 17 -497]
[-307 353 -491 -224 241 408 445 197 -632 62 235 531 -433 -137 75 -541 -162 -109 106 -545 -399 -802 272 -572 -155 94 16 -214 -500 56 -202 -282 -242 263 -54 -471 -705 -340 -207 260]
[179 18 -283 38 84 30 -265 -438 -428 544 -103 -26 74 -499 -288 129 -676 -580 -11 -724 39 4 166 -285 -153 -663 -352 -88 349 168 51 60 -377 106 -244 581 -409 -111 526 214]]
