[[-55 32 -801 288 550 339 -410 130 -25 136 -336 547 -204 -6 197 -48 149 -521 548 -447 -218 -221 79 332 -219 66 174 682 278 -55 -167 208 330 340 392 -256 -94 -197 -226 -38]
[-58 -105 122 -422 -84 53 -246 133 70 -429 -444 523 -186 746 98 -356 293 162 484 60 -536 -200 427 515 10 331 -202 615 173 -452 -90 204 542 116 -53 76 511 -185 153 -3]
[-699 489 -383 -201 562 238 -352 -119 -357 281 -199 -48 -290 111 428 356 -196 -3 -5 -108 529 82 -341 -28 -129 -217 162 200 186 372 -65 -105 -201 -57 -107 0 -961 361 306 58]
[-253 -276 -157 -635 -611 -414 396 69 107 -450 -141 -242 -196 716 65 275 277 572 43 408 80 221 -142 -225 237 -413 -270 -210 390 -336 9 -15 92 -498 -713 383 -403 30 -188 -28]
[-134 -104 -405 414 -85 183 431 17 50 387 -110 -150 -583 -620 -79 -421 640 -544 -579 -673 -236 -121 -260 -96 81 -14 165 -370 -216 181 -34 169 -304 194 85 -223 -11 -255 2 -259]
[17 771 -88 398 401 35 -197 -183 79 189 556 397 614 -316 -68 101 116 -44 72 353 396 68 17 27 -559 -425 575 101 -34 3 724 -257 -20 513 451 -201 291 -179 -141 67]
[353 -353 -157 -225 299 -216 -267 132 -393 -24 591 -249 -93 475 -13 497 -446 82 303 401 72 -430 139 -242 297 -11 -372 -197 -439 -61 -444 51 33 -235 -405 -294 14 246 171 254]
[-542 -164 -187 216 88 17 -254 48 -33 147 -812 87 -542 -44 202 -514 232 429 -409 44 265 72 -333 48 305 -226 -390 372 94 -173 382 -62 -276 -425 92 424 179 -245 -20 -234]
[4 -136 -681 330 -143 -294 -199 -10 238 428 -239 247 -404 -204 -63 -383 795 -419 15 141 -276 404 -645 -211 -272 -366 128 -526 6 -571 127 -104 78 5 373 526 336 -740 -425 -457]
[-74 151 -87 465 -362 -49 619 50 489 -218 -510 -207 -374 -185 -36 -611 58 521 -177 -360 242 -221 64 26 496 216 -501 89 194 17 -328 -484 214 -385 -32 38 3 -377 -235 -232]
[36 -11 -240 471 -157 -159 824 -384 304 -9 -184 353 -283 -149 -153 328 391 -235 104 -469 -273 -423 287 410 -179 -33 -176 498 494 4 149 44 281 32 809 -348 -33 -322 -258 -52]
[-41 -52 505 300 -487 -700 -48 -70 310 -205 69 -178 596 311 -356 482 -487 -239 -196 -64 -81 326 -262 -397 -30 -216 34 -615 306 -51 -465 -88 -386 -493 309 820 -477 385 -382 25]
[72 -376 217 256 -321 8 591 -395 148 -154 458 -44 -539 -181 -518 143 202 760 -399 298 -511 -365 190 309 449 26 -509 -195 -284 132 167 308 99 27 -253 -194 1022 278 452 -259]
[391 -915 226 -27 -259 -101 73 -298 218 -424 172 -87 -379 224 -433 110 -194 18 -671 -116 -799 -263 356 274 576 -184 61 -48 -83 39 -185 630 579 -34 -367 -234 612 228 -19 495]
[-519 674 53 -75 180 -69 -91 -100 -275 418 224 -288 -501 -432 272 312 319 -134 -472 -424 234 161 -548 -165 -189 129 643 -169 24 524 194 75 490 296 98 -557 -203 -211 791 166]
[104 26 299 -355 92 178 -289 -78 250 121 68 -52 59 397 425 -111 125 274 -3 650 160 224 156 888 -168 -255 52 -85 -278 -102 -168 -844 248 -65 -157 109 347 -341 -117 179]
[384 -740 424 -276 -127 -802 439 202 -156 497 39 -258 -182 107 -26 78 526 -371 -266 370 -414 371 47 225 202 -461 370 -286 -417 -137 -33 184 176 -108 -67 -5 227 -370 -404 48]
[76 -9 139 194 116 352 -483 477 186 8 -734 -31 -421 -72 411 35 304 59 206 -465 -145 326 -315 -78 272 65 -144 105 377 -9 -218 -469 513 226 -274 415 336 -244 -23 -114]
[55 -183 226 -24 -174 -150 383 397 428 309 -234 -530 -135 137 133 114 -152 136 -422 91 325 67 -597 -339 115 -293 -415 -408 520 418 -255 -480 -351 -440 -229 735 -13 -81 -445 344]
[595 -217 -540 -588 -33 109 -239 208 243 -160 -498 54 -232 170 207 -586 -722 -193 575 -53 -286 -107 -414 76 -312 476 -382 -169 568 -548 -297 -221 221 258 -262 144 -520 -488 -524 44]
[-174 -80 -405 60 519 92 -1090 -132 -322 27 -110 379 -119 -116 130 -183 -695 -228 -90 278 120 -503 -642 288 368 326 -371 25 165 -128 -710 312 -276 147 57 -55 263 166 192 70]
[-505 66 24 126 323 -153 -314 354 160 131 -138 382 -177 -479 453 454 572 -312 -153 203 251 441 -102 28 -331 -631 486 278 576 20 -70 228 212 -220 586 331 114 -194 -637 92]
[-295 -569 1 325 216 470 -759 -86 -9 36 -396 605 257 -25 -32 234 121 -275 192 -694 110 164 289 95 301 58 -239 797 658 257 -106 -21 -610 -299 94 166 -55 101 35 -227]
[-296 -157 627 -752 -664 400 318 -32 -432 -383 -222 299 -234 -176 -5 -10 -378 133 -323 -615 52 -86 -268 -85 217 711 -298 57 381 165 4 33 -32 131 -711 317 -127 7 572 -164]
[226 -50 363 260 -234 213 -147 119 -45 -23 172 737 499 -115 34 508 146 226 25 49 -336 -533 102 352 -701 -508 119 64 -80 -237 333 129 -38 461 171 151 556 359 -41 -241]
[270 294 157 -118 488 -317 821 233 -470 -377 349 229 229 443 -372 -238 -63 278 -33 253 31 -677 29 321 -403 285 208 211 -456 -91 465 128 -158 154 -16 -285 518 -242 182 -58]
[-552 191 -132 -379 -140 295 -108 -248 -264 -127 660 166 15 46 467 425 -246 179 -2 293 263 159 8 302 -173 75 73 38 -195 285 339 201 -248 508 -366 -174 53 356 -565 -158]
[259 -524 -433 -164 -419 -163 426 -248 -364 -161 148 1 -350 699 153 298 485 120 9 -584 -47 -192 183 131 -245 -47 32 -64 145 309 -283 1 139 128 -386 -156 311 -23 290 70]
[-561 -243 -148 64 243 383 17 -8 304 184 513 168 -512 369 315 -86 65 -273 151 45 -287 -673 -42 473 -227 651 -382 159 -242 -173 -183 251 -5 145 664 177 827 -557 125 -331]
[-356 107 394 -545 -380 -126 -17 66 -31 70 48 29 116 -149 -127 118 -524 749 741 317 -178 160 -39 -386 -219 432 109 31 492 83 -377 -69 650 285 -278 -83 -566 -90 -293 -888]
[-142 373 -212 460 212 775 -249 -69 261 46 351 19 -245 6 136 -317 91 -307 -324 -546 111 -478 -55 -107 783 -327 -54 -154 48 395 -162 145 -550 617 -320 -493 -633 -223 -24 -96]
[191 -515 884 -709 -369 -328 19 153 -153 142 111 80 -192 362 111 407 -421 387 272 82 -609 555 -250 211 -438 100 -162 -143 239 -57 -561 181 620 -355 150 310 166 718 -311 252]
[15 61 909 -112 -749 -618 -550 66 147 6 54 145 422 662 -324 -251 319 614 -324 479 -230 388 -243 161 -145 140 123 253 -87 -270 602 -199 -750 -130 707 276 250 -117 -142 191]
[91 446 270 25 537 313 -383 -47 -281 299 22 197 235 -258 408 85 -50 251 -49 636 892 75 459 -13 -559 -42 290 -31 -93 166 461 195 -376 -66 -343 -736 259 -147 10 -183]
[85 66 30 -341 -173 293 -512 -14 -7 27 602 -96 455 725 -259 9 191 -301 116 477 -238 286 -414 461 -527 319 323 -91 247 -171 30 -193 -471 240 -244 -538 -269 310 -2 -345]
[-53 -331 105 -459 -7 -166 176 -310 -84 798 26 -290 -476 -784 114 263 154 -530 -373 -323 484 -190 -808 -520 123 -180 156 -163 -429 -4 -90 -168 113 -401 510 40 418 -446 285 333]
[-593 247 -104 -260 -222 180 51 264 -477 -137 893 -400 956 537 -199 928 333 52 375 -21 363 190 -390 -154 -220 -482 362 -146 -194 202 -116 442 -228 -76 -357 193 -145 71 -303 72]
[-412 -173 -103 223 -20 -424 -318 457 -431 569 294 662 -279 4 -648 731 338 -111 -1 -417 254 -376 -285 531 316 -202 78 239 140 -98 -149 412 -262 -7 -71 -136 -11 428 298 -148]
[-180 -256 40 208 756 -280 -353 -529 208 -204 191 516 -541 -253 -450 -143 -406 -284 -261 316 276 -164 -254 16 -469 -655 -162 -141 144 213 113 -71 126 141 364 425 262 -268 19 -396]
[-21 -194 509 -141 298 -216 -182 -324 513 -81 435 242 493 331 -199 58 -297 -597 -776 82 -287 6 36 63 34 303 -41 -71 205 -251 141 87 -208 820 547 -424 346 336 -121 243]]
