[[-149 210 -485 168 -321 -591 254 274 145 103 -219 211 -38 470 176 -31 467 -416 85 67 -277 -463 -65 101 66 -6 242 -141 9 -604 -199 336 44 -136 -37 341 -140 270 -587 87]
[432 -173 154 -80 276 216 218 -151 -359 107 284 -514 -322 -618 -221 22 -83 241 -406 44 -251 317 -82 -228 74 350 27 651 782 -19 302 146 380 -245 -272 -206 513 -158 404 -10]
[-86 359 -84 44 131 -369 74 -407 -375 90 -181 297 123 443 -146 -94 -69 -135 670 678 337 296 33 188 -90 -269 -416 -348 -401 -147 -81 -219 -231 -216 -81 409 444 -375 -453 -1]
[34 -791 505 -13 -27 189 463 314 -233 -162 -388 26 40 -796 -199 -315 338 302 -489 -472 -30 246 141 -126 326 197 -28 112 -179 30 78 -270 608 248 309 -68 177 490 -41 12]
[-131 756 107 64 -223 -210 339 -355 -21 160 237 225 -180 370 198 644 -303 -375 469 -152 199 -789 -612 -146 -89 -192 17 412 192 -401 -32 -8 -91 -2 -110 161 297 -349 92 1]
[-89 -570 -144 -74 40 181 392 787 78 270 347 -90 121 -253 365 -442 300 246 -356 -89 -134 474 -188 -291 711 156 503 -176 465 388 157 -337 722 -34 99 156 -103 388 -139 86]
[1 27 -548 197 -157 -453 -442 -469 206 -193 -436 -505 -414 15 -25 -185 643 -237 149 358 54 36 153 389 -358 523 100 -297 -273 -144 149 4 -86 -157 -406 -363 388 -15 -460 -41]
[29 -299 565 -257 84 308 -468 -340 523 69 240 -225 -5 -196 34 181 41 -343 227 -356 -44 137 -31 82 41 -244 -110 -116 -115 -76 -409 -654 641 447 265 -668 -46 36 81 -58]
[446 -812 433 -146 280 83 30 267 59 195 385 47 -230 356 310 124 223 -58 -193 -254 121 34 -328 -345 82 -550 162 153 47 47 -95 -355 715 -53 -300 123 -450 750 59 18]
[840 -1126 457 -224 216 126 -119 -382 18 -176 -24 -348 179 -150 164 265 23 288 -457 11 -154 110 26 156 374 40 -263 402 52 170 -449 165 -108 77 60 -636 -348 206 199 95]
[409 -197 374 -341 323 143 -364 -341 167 0 -681 -92 -642 -73 -253 -431 217 324 -2 456 249 297 -172 195 -199 -463 -394 -665 -360 -68 -79 -402 774 -46 255 17 102 460 -263 -235]
[31 -100 -364 -67 239 -34 -151 -187 -6 227 -131 257 220 868 404 -341 143 -808 131 597 339 506 -180 100 -193 -147 368 -200 -445 137 -146 -378 -632 -66 -380 -131 -60 -547 -259 219]
[-459 170 -404 59 -83 101 -400 313 -191 376 589 -130 765 397 122 -592 -281 117 433 71 180 381 364 80 -451 -248 -74 246 82 512 533 -144 -69 -537 -239 214 -394 252 -41 37]
[-400 -335 -129 -357 -79 140 302 234 -54 258 -453 23 -15 161 668 -412 474 -66 -397 151 251 438 193 79 -89 -128 178 209 16 -151 10 201 -312 -152 342 81 -234 593 -41 178]
[48 -41 113 8 98 360 -3 354 176 -173 567 -71 480 -492 -240 -71 397 -391 77 -402 29 -192 -239 152 -118 -191 268 302 583 657 343 -520 562 -1 -158 -321 -109 109 132 200]
[-68 105 5 441 -491 -89 -102 570 420 437 518 -105 196 550 333 277 -299 -90 9 -82 -130 -410 -587 -400 -33 -418 -216 60 -184 -8 -460 38 -135 426 271 25 -831 336 234 -141]
[-238 463 -453 472 -317 -552 -475 -218 167 -673 -34 -126 66 305 -293 240 438 -88 222 247 -295 -65 -99 -132 -31 -94 77 -402 -183 449 -145 -290 -79 108 61 220 100 -144 -235 300]
[-262 -265 -263 -191 -203 -292 400 -495 -619 -9 -297 39 -338 -225 -368 179 827 -649 -396 222 -173 160 -66 -184 276 808 102 189 -172 -291 -235 349 -297 -91 -109 255 462 -71 65 384]
[213 44 -392 -450 -218 290 -433 -222 -51 460 318 3 -637 440 60 123 -51 -182 -196 -119 -371 252 -17 140 -702 183 620 -76 -373 7 237 -131 -21 -316 -385 -188 -72 162 321 40]
[-259 -152 477 141 374 139 -143 220 -130 41 154 127 325 -84 62 -151 -1202 -22 -192 -370 451 -375 -119 -43 -826 -241 -484 237 -431 -250 206 -102 -295 -55 85 -15 162 92 235 -332]
[51 -455 74 -12 278 -326 638 184 -560 -265 -80 -134 718 -355 -162 -444 170 45 -511 250 -467 254 54 -495 481 396 -107 -204 -88 271 312 522 -32 -112 189 311 506 -442 20 661]
[55 321 27 -257 -107 1004 -26 577 -248 46 -81 57 -177 -309 -485 315 -255 435 -427 -316 -366 207 25 -73 168 -36 -91 330 344 -148 2 27 36 349 58 68 194 314 841 -229]
[71 226 126 468 -149 -403 250 -302 348 -124 -369 126 -473 592 662 -466 -478 -413 -415 -87 442 -951 -451 557 -242 361 85 493 197 -401 362 67 -506 -273 -196 -49 -125 -24 -444 -316]
[515 -762 -108 -449 590 68 -260 130 -92 -86 -346 392 393 469 -88 41 248 -635 34 114 277 566 379 452 -201 -289 -58 163 -367 -375 -3 114 375 -3 132 -123 126 273 -43 89]
[22 340 -126 262 93 225 -291 -225 389 -57 -22 -70 -527 -264 233 234 537 448 -2 462 142 80 -379 -64 63 -9 572 -405 405 420 -232 635 -407 -28 -290 -540 128 -43 -83 5]
[-9 282 -220 -339 211 -173 390 -619 -317 -468 -104 253 -574 125 91 -3 -297 -473 -517 506 472 -959 -465 -107 62 230 103 181 -242 -350 373 142 -151 -265 -99 297 57 -231 266 -284]
[-186 68 451 325 -375 -395 431 -309 -621 132 -261 31 281 621 -397 107 369 -309 -132 -250 -43 -349 -106 121 -315 162 -269 545 -537 93 338 313 -157 -418 48 746 -98 -572 -246 426]
[-500 -500 60 502 -178 408 -379 -191 66 353 486 -77 488 -669 -213 -29 103 247 273 -135 377 298 372 78 242 97 184 -826 -529 266 -32 -413 291 -83 -368 -115 -443 -51 -45 -283]
[-96 6 590 63 -534 98 741 65 -332 443 -637 11 -24 -645 143 -367 7 -33 -176 -575 317 321 -418 -123 -22 54 -162 -123 -216 136 80 391 -308 209 159 -357 -329 332 -9 7]
[536 163 -52 304 -423 -289 228 -156 278 154 151 253 -492 564 -206 437 -11 688 -314 -370 -338 -338 290 404 227 410 188 -17 474 -782 -19 784 142 -5 -44 59 284 -43 257 201]
[-447 508 -892 606 -350 404 -33 -56 270 51 308 41 -293 -31 -87 89 146 512 -207 -100 -132 165 -280 -455 -6 189 404 35 -178 326 -99 -324 -74 382 -100 212 -98 -851 435 -323]
[287 -390 416 -258 60 69 682 -658 -686 187 -100 447 61 -226 -232 155 -29 151 451 -179 -466 207 -199 -33 275 422 38 828 355 315 -177 -394 -55 275 -56 141 310 -284 531 82]
[-320 379 156 222 -38 -461 -101 -138 -534 390 187 279 -144 -194 143 37 469 141 502 52 -491 629 438 -119 177 106 516 -557 -97 -251 333 -6 460 205 242 682 792 -309 -117 176]
[-403 208 -250 186 -147 -477 -74 47 -128 -6 -723 381 353 -172 404 142 21 527 446 -59 -142 -400 170 -349 50 -403 -606 355 150 119 -192 127 -395 362 -52 752 -376 72 -75 373]
[-282 -165 -632 -314 208 239 -95 403 -45 -153 271 71 162 45 -109 64 -76 -128 54 -421 515 454 307 703 -612 78 158 -52 -409 26 4 -46 -523 -847 -518 267 -453 184 197 11]
[-587 745 -560 324 -185 -126 -661 278 477 537 206 -140 154 629 271 -587 382 60 -154 -128 -32 -139 -304 -220 -460 195 688 1 -553 441 196 7 -167 246 -160 -87 -386 227 34 660]
[136 -539 -107 403 -134 -96 -340 233 107 -146 -494 375 -641 9 -146 45 61 -19 364 -892 302 168 51 91 -526 -150 464 -360 -469 -63 397 12 -559 511 -486 -112 -224 341 -74 -467]
[-467 235 662 -174 -120 215 436 297 -66 -165 -373 -84 -338 -46 -209 163 -566 -309 -521 -178 267 157 -232 -318 -295 284 -241 92 -318 -441 240 445 -353 298 495 789 -259 -237 373 321]
[437 -99 -284 -439 -222 121 -14 143 -305 571 167 193 64 -290 -180 -418 -144 -139 -64 -203 -281 435 503 517 184 -137 550 73 773 395 -44 463 141 77 -121 -479 -182 -182 -91 460]
[51 66 -317 555 86 -423 991 457 -403 -132 27 -231 114 70 160 36 367 192 223 -227 -324 59 85 -253 215 380 -177 -61 589 452 -131 355 -347 126 -323 -338 -101 -410 -83 431]]
