[phase 0 initial]
[[-300 -116 197 123 217 -156 -217 -228 -187 126 -202 417 82 200 -442 357 138 -234 455 171 -28 -17 -137 50 458 423 -697 -196 321 -370 116 472 -587 439 209 343 -478 277 -22]
[-452 -142 258 189 332 -366 -380 -680 187 58 130 287 64 -274 -883 -263 -8 162 -211 -209 58 -33 454 520 556 537 -159 -481 -50 -125 35 -328 -289 318 144 225 425 -53 -53]
[398 233 382 19 614 -15 234 -28 109 69 78 521 16 167 -515 -63 -168 294 296 -312 353 737 -297 198 226 477 294 -425 -160 -44 -188 -483 -286 -18 -540 20 9 257 -116]
[-77 371 -129 70 -212 -23 -95 143 62 69 166 -82 130 -80 667 221 -409 153 431 329 -220 249 86 -427 -411 166 111 405 -336 76 -159 502 311 122 -46 -1224 315 -446 29]
[-11 271 393 751 -9 168 -129 -291 -127 152 244 246 179 -267 476 -357 -459 -150 9 155 -41 581 93 58 -219 172 157 -177 539 -577 -30 -102 326 -8 150 -587 625 248 -7]
[-130 -781 -447 -119 586 -255 -200 -324 249 -18 -345 415 -359 -198 -190 116 428 111 -289 -268 -213 -447 -559 -7 532 -407 228 -16 -116 -129 106 25 -434 414 0 637 -353 -380 -42]
[229 151 133 45 -364 -157 142 267 -267 -61 -128 461 126 -199 -64 104 415 -33 227 336 -140 346 -332 -129 -327 256 -693 376 562 -201 220 80 171 -967 -136 570 -344 762 -100]
[633 -106 187 54 426 -64 311 282 -347 341 -104 214 -134 158 859 667 -123 -186 -176 -56 133 1027 -375 -24 -229 -270 -62 -573 454 -101 168 98 -24 587 79 -298 -61 191 108]
[133 367 174 9 289 281 138 784 -82 -15 -42 282 412 -28 87 608 -593 -383 406 265 244 576 155 82 -250 619 299 -853 194 -428 90 326 73 262 99 27 154 134 196]
[375 116 -95 257 -551 342 370 182 -311 -211 57 -246 66 251 -518 -692 582 401 423 -27 -209 294 -570 112 -186 -137 -21 321 402 646 24 -452 61 -292 -464 347 -152 778 -194]
[-273 -48 59 169 -592 76 -429 179 -353 -18 -439 304 217 -208 -781 -730 328 -70 503 210 -149 -484 214 794 269 351 -534 -265 -44 -227 -178 114 193 66 388 416 520 -279 -63]
[7 -37 575 -883 -148 -50 91 514 -623 702 80 -320 66 130 239 -204 333 -446 95 -256 189 111 -82 39 712 -317 -483 46 96 385 154 -297 85 -232 45 -26 -463 183 6]
[593 -389 177 -379 299 -201 143 286 309 202 813 -579 100 -371 -43 -71 -251 272 55 -554 -459 432 -151 -144 -48 334 245 -379 -271 439 264 -635 156 -395 -165 -289 -115 641 -67]
[-246 146 -655 690 -406 -293 300 269 -281 318 -539 459 26 25 599 642 146 -256 153 645 246 324 -141 -31 -189 330 -343 -685 262 -288 -424 771 187 358 194 -179 182 261 94]
[-176 -551 619 -159 -194 -194 -413 -193 -259 -107 -201 214 -309 -248 -422 -253 387 129 -493 67 307 -54 -399 553 -192 -344 672 -71 162 139 122 -380 -169 21 -365 551 209 -377 59]
[312 211 -611 -195 396 -131 25 74 367 -265 -694 382 121 -282 -290 -308 22 785 -582 -102 596 -289 -146 217 291 -319 173 -360 -427 191 -198 -56 465 91 88 320 541 -206 -50]
[-1244 -136 -209 799 -25 -49 -245 -189 216 -157 447 -108 -89 5 -577 222 -307 -170 -425 154 112 -574 -92 445 -121 -101 484 -333 198 -135 -366 287 -245 152 361 939 97 314 189]
[298 185 82 121 53 -188 -43 21 247 -89 30 483 217 -182 -266 -279 -272 167 -676 -148 609 328 27 919 -481 -720 535 -456 128 -59 -318 96 199 -242 -344 445 740 -644 143]
[194 -370 331 100 476 -117 -25 -149 170 -221 534 264 -567 -43 -1183 212 67 414 372 -376 -283 -135 -22 59 -69 154 -84 450 -412 605 182 -525 -491 -253 292 20 -16 121 -45]
[626 -454 -324 243 137 396 -338 204 -122 -294 -61 -51 -227 -153 212 394 47 -72 -522 -41 -202 183 558 -349 354 -245 405 117 -262 -109 463 -287 81 378 297 -251 373 -582 63]
[-141 -296 909 -794 204 312 505 -579 -157 170 -184 239 -311 -87 -68 59 215 271 -157 -234 843 92 -556 234 633 -16 414 -370 -248 155 259 -428 -309 337 67 202 -210 -41 -7]
[-639 22 -346 694 49 -215 -645 -589 -151 -566 151 -42 -442 -489 29 -324 41 301 -282 582 -185 -488 -36 -144 103 242 439 7 500 -362 -70 236 454 52 -490 -113 274 475 -77]
[181 125 353 -216 -315 -415 -73 599 -51 -429 -661 191 222 -24 -115 -74 190 -174 -61 359 56 -792 227 -28 -622 465 -651 140 -111 -787 415 -198 -378 -183 292 703 -234 370 125]
[137 -75 -487 216 -153 -106 -419 -197 125 -30 -99 -734 -178 142 91 332 -427 -171 -435 -170 -35 -483 512 246 -320 276 330 79 -227 90 -780 160 -27 -77 -362 -51 413 -469 349]
[342 259 167 118 195 13 548 -60 84 -127 378 -145 -185 -81 416 -427 508 -414 159 -11 367 -14 92 -273 589 -162 -6 91 -303 -27 -99 -164 44 -268 -63 -779 83 -87 -304]
[-411 241 541 -344 -150 423 186 140 -4 43 349 -106 546 -93 -255 166 -88 -288 311 750 570 -259 -36 18 -204 -207 209 -493 424 507 -294 548 169 444 199 282 -68 0 337]
[-60 405 404 -76 110 315 278 -126 -326 106 269 93 -49 187 -673 -413 -84 -451 270 -539 198 30 -387 308 388 -35 900 135 766 123 410 -225 -382 270 -533 -176 -292 -377 265]
[188 -257 110 291 -93 149 -102 539 -340 106 -208 -79 125 507 -570 37 -930 129 170 -106 411 -6 156 56 -328 173 -86 -46 -455 -22 -304 298 -692 -136 -108 -363 13 -239 12]
[417 -322 135 255 -407 -188 -262 117 -498 466 -239 -815 17 41 368 -511 -137 -458 226 385 -307 402 88 -265 -77 -196 -698 -207 423 -120 421 382 -123 688 684 -986 -408 -29 44]
[-98 11 46 576 -419 385 326 -290 -93 94 -308 403 204 303 -129 -330 -66 -37 285 119 672 -97 -239 -295 -734 -138 105 -589 579 -301 -418 -272 -427 -92 -750 305 232 423 91]
[81 -259 -105 -213 -17 -136 -440 248 -191 451 -17 126 -58 -640 -93 156 399 -645 484 -168 -429 195 -382 410 -221 -289 -445 29 644 -53 616 12 -655 -177 504 644 -189 268 -87]
[417 128 -47 171 -87 370 299 -133 -415 -219 -348 78 551 -74 -334 -806 526 -94 -61 -114 310 437 -241 -145 -115 -365 232 363 367 10 399 -80 90 -394 35 145 -14 -190 133]
[-134 -719 -215 357 63 32 338 -162 174 263 -86 -45 -335 -498 -132 -23 249 369 -1000 -81 -349 69 111 67 -251 -251 442 43 947 167 369 -692 102 173 169 19 179 71 225]
[600 -281 -91 -82 163 -145 223 99 730 75 55 -101 225 189 -334 -62 399 452 83 -275 -417 602 317 113 -609 824 -255 -138 80 359 -81 -575 194 128 -164 400 156 -120 -534]
[-383 -406 -402 -99 44 -547 -22 348 109 588 -89 248 -202 -284 -962 -151 -134 -36 159 -485 -264 305 87 -350 -192 657 354 -585 -429 572 -19 -164 235 131 23 -169 443 -156 -140]
[814 -37 168 -254 -2 -176 -104 720 -259 322 -242 -400 -147 -379 291 -393 453 -76 -75 -231 17 -1 -969 157 -506 -333 -208 528 -68 303 629 -467 -6 -561 -89 147 -360 43 319]
[-834 54 428 530 -509 1 -590 -355 -315 147 118 -97 -127 -403 -119 4 -338 -682 309 235 -187 -468 508 125 36 570 -365 -569 277 -177 -432 238 159 -101 250 158 -446 101 383]
[-441 211 84 -298 134 -129 -205 -383 -87 -163 550 109 -100 -122 -582 -25 -405 -169 349 -418 -50 -253 512 46 968 39 -544 369 -197 104 -95 -387 -166 640 329 -129 -359 -261 628]
[678 253 512 -611 113 -255 286 83 -187 144 -81 150 -301 13 -24 -298 -31 458 454 -398 -236 -475 -375 -221 338 159 -546 278 -649 -8 -57 -863 549 -660 -767 -72 -164 -112 -318]]
[phase 0 refreshed accepted=1]
[[-357 -404 61 440 193 22 167 174 -16 -387 -275 366 24 648 -37 -280 -120 292 338 5 -516 193 400 109 -163 166 7 29 -269 -367 -176 -2 -54 200 -346 -71 283 -193 -203]
[398 233 382 19 614 -15 234 -28 109 69 78 521 16 167 -515 -63 -168 294 296 -312 353 737 -297 198 226 477 294 -425 -160 -44 -188 -483 -286 -18 -540 20 9 257 -116]
[-119 -44 36 -115 -7 -23 310 -137 298 -221 517 -652 -185 222 -892 96 -468 538 179 -537 -73 -64 117 -74 -77 449 320 -208 -365 445 -117 -280 59 38 -391 -135 118 -77 539]
[-300 -116 197 123 217 -156 -217 -228 -187 126 -202 417 82 200 -442 357 138 -234 455 171 -28 -17 -137 50 458 423 -697 -196 321 -370 116 472 -587 439 209 343 -478 277 -22]
[-452 -142 258 189 332 -366 -380 -680 187 58 130 287 64 -274 -883 -263 -8 162 -211 -209 58 -33 454 520 556 537 -159 -481 -50 -125 35 -328 -289 318 144 225 425 -53 -53]
[-11 271 393 751 -9 168 -129 -291 -127 152 244 246 179 -267 476 -357 -459 -150 9 155 -41 581 93 58 -219 172 157 -177 539 -577 -30 -102 326 -8 150 -587 625 248 -7]
[-77 371 -129 70 -212 -23 -95 143 62 69 166 -82 130 -80 667 221 -409 153 431 329 -220 249 86 -427 -411 166 111 405 -336 76 -159 502 311 122 -46 -1224 315 -446 29]
[-141 -510 -54 632 577 -87 -329 -615 122 134 -101 661 -180 -465 286 -241 -31 -39 -280 -113 -254 134 -466 51 313 -235 385 -193 423 -706 76 -77 -108 406 150 50 272 -132 -49]
[229 151 133 45 -364 -157 142 267 -267 -61 -128 461 126 -199 -64 104 415 -33 227 336 -140 346 -332 -129 -327 256 -693 376 562 -201 220 80 171 -967 -136 570 -344 762 -100]
[633 -106 187 54 426 -64 311 282 -347 341 -104 214 -134 158 859 667 -123 -186 -176 -56 133 1027 -375 -24 -229 -270 -62 -573 454 -101 168 98 -24 587 79 -298 -61 191 108]
[366 -620 451 434 -540 23 456 310 -707 -68 -103 469 -295 275 649 -48 489 -84 -92 321 -508 553 -387 -43 -283 115 -92 49 318 -426 -218 -111 683 -253 -470 18 -112 -45 62]
[69 -156 104 -267 -48 -196 -323 -135 -38 219 -506 502 -309 10 18 -446 179 44 181 -131 111 -584 -122 278 375 -191 -359 323 -750 -364 -515 85 62 -240 69 -163 102 -881 -128]
[-197 320 197 445 -79 726 172 174 -24 359 -280 168 251 160 81 -449 -25 -163 21 512 211 -40 372 29 -22 84 405 324 623 -136 -115 -298 -254 204 142 -617 -75 162 -365]
[-81 -460 -217 497 -354 332 -68 107 -120 -163 -153 26 -212 -177 -504 -612 -163 267 613 -231 -534 -381 -589 251 -51 28 330 -185 64 -363 -254 85 433 192 3 106 485 -435 480]
[154 -345 -34 -516 431 47 105 355 62 84 -353 41 -260 103 734 734 -165 -716 -643 -93 371 -510 30 -205 41 -566 69 -245 -16 -597 100 278 -83 -148 366 652 -588 -279 218]
[577 -313 3 -37 448 -59 272 267 -303 570 -37 608 -14 -35 -120 203 225 -211 523 -171 205 563 -354 -3 490 -596 102 -346 404 493 244 218 -390 626 29 -620 18 -267 111]
[300 -179 -158 -308 182 65 -500 347 498 122 226 11 528 -260 229 -597 -201 -276 -185 -65 144 -533 -125 532 6 -935 677 -145 -423 -8 -244 363 -149 -174 4 137 9 -549 -440]
[142 -333 54 -28 81 33 -61 -405 243 -383 -397 -487 -884 89 -724 285 93 295 268 -215 45 80 -279 31 231 306 148 235 -349 -278 -72 -265 -202 -405 1 764 -237 160 509]
[-122 -24 116 -334 642 -448 420 -496 12 317 393 -63 29 270 -712 481 -628 422 -554 -515 301 252 -272 71 17 206 -306 -104 33 645 -157 234 -736 617 -300 -134 -529 -419 274]
[-223 345 -317 235 69 303 203 114 194 25 -443 -619 -110 -395 274 -48 394 -402 -279 292 219 -502 192 140 73 35 -708 -122 703 -500 315 49 -276 306 1079 78 -88 538 -176]
[-96 383 310 -392 52 -74 -194 -8 439 524 -64 -630 -257 109 55 148 -67 515 -13 -410 286 512 -283 171 -125 -501 -81 175 507 -30 147 -451 -69 -264 -112 -29 -75 739 300]
[-21 -64 388 -129 -162 30 369 221 -733 437 -111 89 -8 -319 361 154 -375 -480 -237 70 -239 -126 -157 -380 -196 716 -1145 237 625 -528 157 36 259 -637 603 129 -578 400 201]
[212 308 -370 70 -175 411 -375 -51 -91 563 -212 532 384 -58 274 -18 -278 -116 -30 205 -233 -144 -187 -7 342 497 -36 -20 -83 -358 -524 54 370 118 212 200 -391 -7 -153]
[-298 -385 174 177 247 -137 2 985 106 38 -239 207 84 107 -230 432 289 -57 368 480 295 430 1 -159 430 380 158 -41 -119 -514 92 296 -796 -182 -463 -305 -334 142 -312]
[274 -615 -428 -95 -300 14 160 -34 -34 -76 50 -693 221 -594 -423 -695 278 359 -803 325 -51 -387 237 -15 504 -447 284 399 -6 1114 138 42 393 -158 414 -139 38 -122 -69]
[-786 -380 -429 -126 264 358 -305 88 197 270 83 -642 -139 -97 -189 166 -63 -106 428 -233 -115 -105 -197 -185 238 -546 199 -152 -73 256 -41 -200 -599 444 310 684 32 216 268]
[-43 -27 -130 502 255 -73 273 488 97 222 -253 256 -222 370 470 -617 -72 -140 117 -342 357 -588 -359 225 184 -133 237 -100 405 -992 37 19 -220 348 90 131 -61 325 -371]
[-211 132 -249 -600 375 -293 833 46 509 133 -6 -254 -168 264 -298 647 -163 -141 597 -86 320 -719 230 -398 -269 469 -133 -390 -368 630 -112 261 -432 47 182 -304 -589 299 135]
[25 -150 292 -189 -42 328 -225 -10 98 278 -153 382 -435 -499 -467 242 215 -60 24 82 -90 -234 -661 -54 367 -462 666 326 127 145 -162 -271 532 -1074 154 -102 -344 41 517]
[-328 -285 -433 126 -610 239 -272 349 267 -42 -107 19 -686 -226 -68 -119 -164 429 -118 -243 -496 -473 59 470 -339 -25 658 490 -671 -741 -509 306 426 16 -129 221 791 -592 149]
[-57 409 300 35 79 582 190 -256 78 -146 -469 -178 71 236 632 169 -857 131 285 -20 561 209 50 41 -669 202 466 369 89 -349 -324 147 -287 -580 -301 -180 454 405 23]
[-141 -104 164 -31 270 184 -348 465 79 -151 -261 -115 140 130 -533 139 450 -342 105 69 265 445 -142 204 581 498 274 -435 -564 204 -377 -106 81 -24 49 396 130 -529 -357]
[125 214 -300 -148 -568 -153 -366 -22 254 -23 -52 -938 18 -485 128 -709 332 -13 -164 195 -95 -618 46 105 577 -148 535 396 -710 29 -114 -207 131 697 338 -359 281 -710 439]
[438 -113 148 501 881 212 -262 -315 524 348 547 237 -176 -97 442 -10 -206 -573 -507 -674 447 -178 38 253 119 -451 453 -720 -101 -393 139 -355 317 -553 -72 -67 200 -159 35]
[-434 29 68 70 -249 126 251 -33 -579 71 -108 -588 -36 272 -495 -463 432 -138 -191 -266 397 -172 200 54 176 142 -87 144 -653 420 -153 -429 90 -180 673 10 15 -120 177]
[37 217 235 -207 -658 -187 195 -149 -31 -232 113 -484 -312 595 467 878 158 -253 184 44 -353 491 -224 66 386 -19 -227 410 -61 501 345 320 -30 510 164 290 -284 125 118]
[-247 166 325 476 401 -329 -196 327 220 -49 -5 816 -56 -238 -499 -123 -24 318 569 119 399 40 551 -10 -11 244 -376 -161 235 67 -64 -120 -306 -96 -133 311 -108 510 -252]
[707 197 -172 47 27 181 -158 251 86 164 302 222 58 -36 272 505 43 -438 64 -388 320 721 -493 -271 98 -122 -229 9 377 -124 -85 -16 -530 602 -139 -107 -579 856 -354]
[-460 -457 126 366 -22 -151 -6 58 222 150 532 -736 311 -152 -249 486 3 -121 -49 95 -428 -570 107 -341 -213 -564 266 -56 533 -87 707 163 167 -31 308 70 -324 276 322]]
[phase 1 initial]
[[-357 -404 61 440 193 22 167 174 -16 -387 -275 366 24 648 -37 -280 -120 292 338 5 -516 193 400 109 -163 166 7 29 -269 -367 -176 -2 -54 200 -346 -71 283 -193 -203]
[398 233 382 19 614 -15 234 -28 109 69 78 521 16 167 -515 -63 -168 294 296 -312 353 737 -297 198 226 477 294 -425 -160 -44 -188 -483 -286 -18 -540 20 9 257 -116]
[-119 -44 36 -115 -7 -23 310 -137 298 -221 517 -652 -185 222 -892 96 -468 538 179 -537 -73 -64 117 -74 -77 449 320 -208 -365 445 -117 -280 59 38 -391 -135 118 -77 539]
[-300 -116 197 123 217 -156 -217 -228 -187 126 -202 417 82 200 -442 357 138 -234 455 171 -28 -17 -137 50 458 423 -697 -196 321 -370 116 472 -587 439 209 343 -478 277 -22]
[-452 -142 258 189 332 -366 -380 -680 187 58 130 287 64 -274 -883 -263 -8 162 -211 -209 58 -33 454 520 556 537 -159 -481 -50 -125 35 -328 -289 318 144 225 425 -53 -53]
[-11 271 393 751 -9 168 -129 -291 -127 152 244 246 179 -267 476 -357 -459 -150 9 155 -41 581 93 58 -219 172 157 -177 539 -577 -30 -102 326 -8 150 -587 625 248 -7]
[-77 371 -129 70 -212 -23 -95 143 62 69 166 -82 130 -80 667 221 -409 153 431 329 -220 249 86 -427 -411 166 111 405 -336 76 -159 502 311 122 -46 -1224 315 -446 29]
[-141 -510 -54 632 577 -87 -329 -615 122 134 -101 661 -180 -465 286 -241 -31 -39 -280 -113 -254 134 -466 51 313 -235 385 -193 423 -706 76 -77 -108 406 150 50 272 -132 -49]
[229 151 133 45 -364 -157 142 267 -267 -61 -128 461 126 -199 -64 104 415 -33 227 336 -140 346 -332 -129 -327 256 -693 376 562 -201 220 80 171 -967 -136 570 -344 762 -100]
[633 -106 187 54 426 -64 311 282 -347 341 -104 214 -134 158 859 667 -123 -186 -176 -56 133 1027 -375 -24 -229 -270 -62 -573 454 -101 168 98 -24 587 79 -298 -61 191 108]
[366 -620 451 434 -540 23 456 310 -707 -68 -103 469 -295 275 649 -48 489 -84 -92 321 -508 553 -387 -43 -283 115 -92 49 318 -426 -218 -111 683 -253 -470 18 -112 -45 62]
[69 -156 104 -267 -48 -196 -323 -135 -38 219 -506 502 -309 10 18 -446 179 44 181 -131 111 -584 -122 278 375 -191 -359 323 -750 -364 -515 85 62 -240 69 -163 102 -881 -128]
[-197 320 197 445 -79 726 172 174 -24 359 -280 168 251 160 81 -449 -25 -163 21 512 211 -40 372 29 -22 84 405 324 623 -136 -115 -298 -254 204 142 -617 -75 162 -365]
[-81 -460 -217 497 -354 332 -68 107 -120 -163 -153 26 -212 -177 -504 -612 -163 267 613 -231 -534 -381 -589 251 -51 28 330 -185 64 -363 -254 85 433 192 3 106 485 -435 480]
[154 -345 -34 -516 431 47 105 355 62 84 -353 41 -260 103 734 734 -165 -716 -643 -93 371 -510 30 -205 41 -566 69 -245 -16 -597 100 278 -83 -148 366 652 -588 -279 218]
[577 -313 3 -37 448 -59 272 267 -303 570 -37 608 -14 -35 -120 203 225 -211 523 -171 205 563 -354 -3 490 -596 102 -346 404 493 244 218 -390 626 29 -620 18 -267 111]
[300 -179 -158 -308 182 65 -500 347 498 122 226 11 528 -260 229 -597 -201 -276 -185 -65 144 -533 -125 532 6 -935 677 -145 -423 -8 -244 363 -149 -174 4 137 9 -549 -440]
[142 -333 54 -28 81 33 -61 -405 243 -383 -397 -487 -884 89 -724 285 93 295 268 -215 45 80 -279 31 231 306 148 235 -349 -278 -72 -265 -202 -405 1 764 -237 160 509]
[-122 -24 116 -334 642 -448 420 -496 12 317 393 -63 29 270 -712 481 -628 422 -554 -515 301 252 -272 71 17 206 -306 -104 33 645 -157 234 -736 617 -300 -134 -529 -419 274]
[-223 345 -317 235 69 303 203 114 194 25 -443 -619 -110 -395 274 -48 394 -402 -279 292 219 -502 192 140 73 35 -708 -122 703 -500 315 49 -276 306 1079 78 -88 538 -176]
[-96 383 310 -392 52 -74 -194 -8 439 524 -64 -630 -257 109 55 148 -67 515 -13 -410 286 512 -283 171 -125 -501 -81 175 507 -30 147 -451 -69 -264 -112 -29 -75 739 300]
[-21 -64 388 -129 -162 30 369 221 -733 437 -111 89 -8 -319 361 154 -375 -480 -237 70 -239 -126 -157 -380 -196 716 -1145 237 625 -528 157 36 259 -637 603 129 -578 400 201]
[212 308 -370 70 -175 411 -375 -51 -91 563 -212 532 384 -58 274 -18 -278 -116 -30 205 -233 -144 -187 -7 342 497 -36 -20 -83 -358 -524 54 370 118 212 200 -391 -7 -153]
[-298 -385 174 177 247 -137 2 985 106 38 -239 207 84 107 -230 432 289 -57 368 480 295 430 1 -159 430 380 158 -41 -119 -514 92 296 -796 -182 -463 -305 -334 142 -312]
[274 -615 -428 -95 -300 14 160 -34 -34 -76 50 -693 221 -594 -423 -695 278 359 -803 325 -51 -387 237 -15 504 -447 284 399 -6 1114 138 42 393 -158 414 -139 38 -122 -69]
[-786 -380 -429 -126 264 358 -305 88 197 270 83 -642 -139 -97 -189 166 -63 -106 428 -233 -115 -105 -197 -185 238 -546 199 -152 -73 256 -41 -200 -599 444 310 684 32 216 268]
[-43 -27 -130 502 255 -73 273 488 97 222 -253 256 -222 370 470 -617 -72 -140 117 -342 357 -588 -359 225 184 -133 237 -100 405 -992 37 19 -220 348 90 131 -61 325 -371]
[-211 132 -249 -600 375 -293 833 46 509 133 -6 -254 -168 264 -298 647 -163 -141 597 -86 320 -719 230 -398 -269 469 -133 -390 -368 630 -112 261 -432 47 182 -304 -589 299 135]
[25 -150 292 -189 -42 328 -225 -10 98 278 -153 382 -435 -499 -467 242 215 -60 24 82 -90 -234 -661 -54 367 -462 666 326 127 145 -162 -271 532 -1074 154 -102 -344 41 517]
[-328 -285 -433 126 -610 239 -272 349 267 -42 -107 19 -686 -226 -68 -119 -164 429 -118 -243 -496 -473 59 470 -339 -25 658 490 -671 -741 -509 306 426 16 -129 221 791 -592 149]
[-57 409 300 35 79 582 190 -256 78 -146 -469 -178 71 236 632 169 -857 131 285 -20 561 209 50 41 -669 202 466 369 89 -349 -324 147 -287 -580 -301 -180 454 405 23]
[-141 -104 164 -31 270 184 -348 465 79 -151 -261 -115 140 130 -533 139 450 -342 105 69 265 445 -142 204 581 498 274 -435 -564 204 -377 -106 81 -24 49 396 130 -529 -357]
[125 214 -300 -148 -568 -153 -366 -22 254 -23 -52 -938 18 -485 128 -709 332 -13 -164 195 -95 -618 46 105 577 -148 535 396 -710 29 -114 -207 131 697 338 -359 281 -710 439]
[438 -113 148 501 881 212 -262 -315 524 348 547 237 -176 -97 442 -10 -206 -573 -507 -674 447 -178 38 253 119 -451 453 -720 -101 -393 139 -355 317 -553 -72 -67 200 -159 35]
[-434 29 68 70 -249 126 251 -33 -579 71 -108 -588 -36 272 -495 -463 432 -138 -191 -266 397 -172 200 54 176 142 -87 144 -653 420 -153 -429 90 -180 673 10 15 -120 177]
[37 217 235 -207 -658 -187 195 -149 -31 -232 113 -484 -312 595 467 878 158 -253 184 44 -353 491 -224 66 386 -19 -227 410 -61 501 345 320 -30 510 164 290 -284 125 118]
[-247 166 325 476 401 -329 -196 327 220 -49 -5 816 -56 -238 -499 -123 -24 318 569 119 399 40 551 -10 -11 244 -376 -161 235 67 -64 -120 -306 -96 -133 311 -108 510 -252]
[707 197 -172 47 27 181 -158 251 86 164 302 222 58 -36 272 505 43 -438 64 -388 320 721 -493 -271 98 -122 -229 9 377 -124 -85 -16 -530 602 -139 -107 -579 856 -354]
[-460 -457 126 366 -22 -151 -6 58 222 150 532 -736 311 -152 -249 486 3 -121 -49 95 -428 -570 107 -341 -213 -564 266 -56 533 -87 707 163 167 -31 308 70 -324 276 322]]
