[phase 0]
squared_norm=2752323
coefficients=[0 1 -2 0 1 2 -1 -1 3 2 -1 1 -1 0 0 -1 -1 1 1 -1 0 0 0 0 0 -1 -1 0 0 0 -1 0 0 0 0 0 0 0 0]
vector=[-357 -404 61 440 193 22 167 174 -16 -387 -275 366 24 648 -37 -280 -120 292 338 5 -516 193 400 109 -163 166 7 29 -269 -367 -176 -2 -54 200 -346 -71 283 -193 -203]

[phase 1]
squared_norm=2752323
coefficients=[1 0 0 0 0 0 0 0 0 0 0 0 0 0 0 0 0 0 0 0 0 0 0 0 0 0 0 0 0 0 0 0 0 0 0 0 0 0 0]
vector=[-357 -404 61 440 193 22 167 174 -16 -387 -275 366 24 648 -37 -280 -120 292 338 5 -516 193 400 109 -163 166 7 29 -269 -367 -176 -2 -54 200 -346 -71 283 -193 -203]

