[phase 0]
score=1.218739286632265
squared_norm=2372222
coefficients=[0 0 0 0 0 0 0 0 0 0 0 0 0 0 0 0 0 0 0 0 0 0 0 0 0 0 0 -1 0 0 0 0]
vector=[-8 -80 -26 -188 91 -109 96 -411 -202 -130 477 101 202 -115 -289 220 -264 -334 -303 93 169 -652 103 545 -177 228 -587 -118 136 60 -110 362]

[phase 1]
score=0.551062945065369
squared_norm=2372222
coefficients=[-1 0 -1 -1 1 0 0 0 0 -1 1 0 0 0 -1 -1 0 -1 0 0 0 0 0 0 0 0 0 0 0 0 0 0]
vector=[-8 -80 -26 -188 91 -109 96 -411 -202 -130 477 101 202 -115 -289 220 -264 -334 -303 93 169 -652 103 545 -177 228 -587 -118 136 60 -110 362]

[phase 2]
score=0
squared_norm=2372222
coefficients=[1 0 0 0 0 0 0 0 0 0 0 0 0 0 0 0 0 0 0 0 0 0 0 0 0 0 0 0 0 0 0 0]
vector=[-8 -80 -26 -188 91 -109 96 -411 -202 -130 477 101 202 -115 -289 220 -264 -334 -303 93 169 -652 103 545 -177 228 -587 -118 136 60 -110 362]

