phase	depth	k	node	parent	z_k	nodes_at_depth	parent_rho	rho	bound_r2	remaining	center	delta	legal_lo	legal_hi	offset	P	Ptheta	N	Q	M
0	1	31	1	0	0	5	0	0	0.58540058135986328	0.58540058135986328	0	2.1810711351384637	-2	2	0	0.46584824421775706	0.46584824421775706	152611	1.3544163036825979e-05	1.2187392866322651
0	2	30	3	1	0	17	0	0	0.58540058135986328	0.58540058135986328	0	2.5151962665280672	-2	2	0	0.4274805847925035	0.4274805847925035	89904	2.0982555038698623e-05	1.2187392866322651
0	3	29	12	3	0	61	0	0	0.58540058135986328	0.58540058135986328	0	2.5264951875588331	-2	2	0	0.42636015375911962	0.42636015375911962	50083	3.766578735697065e-05	1.2187392866322651
0	4	28	27	12	0	173	0	0	0.58540058135986328	0.58540058135986328	0	2.2528040333872723	-2	2	0	0.45666483044624329	0.45666483044624329	29780	6.3345051316291505e-05	1.2187392866322651
0	5	27	79	27	-1	417	0	0.11427106557628357	0.58540058135986328	0.58540058135986328	0	2.2633850141580671	-2	2	-0.44181612661775954	0.19165526330471039	0.19165526330471039	6828	0.00027627645404205639	1.2187392866322651
0	6	26	241	79	0	895	0.11427106557628357	0.13735462852003139	0.58540058135986328	0.4711295157835797	-0.42010279188590521	1.8979042699309732	-2	1	0.22135088610195516	0.39830324350523383	0.39830324350523383	3719	0.00050723732944317316	1.2187392866322651
0	7	25	727	241	0	1663	0.13735462852003139	0.1614390344457777	0.58540058135986328	0.4480459528398319	-0.40441035551360915	1.7442774971236683	-2	1	0.23184978088663416	0.41664329481604168	0.41664329481604168	2125	0.00088772500150548759	1.2187392866322651
0	8	24	1758	727	0	3021	0.1614390344457777	0.16580909878027905	0.58540058135986328	0.42396154691408555	0.18499764169093216	1.8221558133083469	-1	2	-0.10152679608394537	0.49246788391819507	0.49246788391819507	1388	0.0013590890693077529	1.2187392866322651
0	9	23	3709	1758	0	4813	0.16580909878027905	0.19203318071191924	0.58540058135986328	0.41959148257958423	0.40538500679478223	1.6215519527417694	-1	2	-0.24999816139676864	0.42747226994443344	0.42747226994443344	801	0.0023550756906356566	1.2187392866322651
0	10	22	8422	3709	0	7085	0.19203318071191924	0.19866728392548311	0.58540058135986328	0.39336740064794401	-0.19720445534895076	1.5185349556184058	-1	1	0.12986494293023471	0.57463379426699268	0.57463379426699268	577	0.0032693511753884943	1.2187392866322651
0	11	21	11806	8422	0	9979	0.19866728392548311	0.21309883228262097	0.58540058135986328	0.38673329743438017	0.29041491980174156	1.5033781801768089	-1	1	-0.19317489347064126	0.53824070670124713	0.53824070670124713	372	0.0032761808780437233	1.2187392866322651
0	12	20	19113	11806	0	13791	0.21309883228262097	0.22113855034376842	0.58540058135986328	0.37230174907724228	0.22235299596111754	1.5131086506608253	-1	1	-0.14695111012947318	0.56512632512120864	0.56512632512120864	243	0.0050153880108323662	1.2187392866322651
0	13	19	27389	19113	0	16415	0.22113855034376842	0.22151171704234965	0.58540058135986328	0.36426203101609489	-0.04370135152000789	1.3653700761673315	-1	1	0.032006964472723748	0.65928130359528503	0.65928130359528503	182	0.0066963697067706869	1.2187392866322651
0	14	18	40575	27389	0	19655	0.22151171704234965	0.22614739459005054	0.58540058135986328	0.36388886431751366	-0.15870192469578559	1.4060797928327697	-1	1	0.11286836316455093	0.60845724915095423	0.60845724915095423	126	0.0096725340208909921	1.2187392866322651
0	15	17	55628	40575	0	21517	0.22614739459005054	0.22673903652506888	0.58540058135986328	0.35925318676981277	0.053794741088108909	1.3255944033943121	-1	1	-0.040581599432196074	0.66468578577041626	0.66468578577041626	96	0.012695200902419428	1.2187392866322651
0	16	16	72093	55628	0	24535	0.22673903652506888	0.22777097448141312	0.58540058135986328	0.3586615448347944	-0.076206781131611889	1.4207224134902743	-1	1	0.053639458635973421	0.63620809804773037	0.63620809804773037	62	0.019657085268262341	1.2187392866322651
0	17	15	103887	72093	0	25169	0.22777097448141312	0.23016607031404335	0.58540058135986328	0.35762960687845019	0.10809169661422956	1.3208321113461565	-1	1	-0.081836060530104324	0.64568756086565371	0.64568756086565371	43	0.028342774107727096	1.2187392866322651
0	18	14	134443	103887	0	21302	0.23016607031404335	0.27097720377464152	0.58540058135986328	0.35523451104581993	-0.38802807962133529	1.1448046940324095	-1	0	0.3389469676740775	0.59343451261520386	0.59343451261520386	25	0.048749571465290603	1.2187392866322651
0	19	13	157044	134443	0	15738	0.27097720377464152	0.31537570272886967	0.58540058135986328	0.31442337758522176	-0.3686363186837609	0.98100538420372252	-1	0	0.37577400146787293	0.62611065429119306	0.62611065429119306	17	0.07169054627248618	1.2187392866322651
0	20	12	181350	157044	0	11409	0.31537570272886967	0.32233014398285659	0.58540058135986328	0.27002487863099361	-0.14599616111957134	0.90972934678979156	-1	0	0.16048307294334896	0.81596610498529365	0.81596610498529365	15	0.081249285775484334	1.2187392866322651
0	21	11	208449	181350	0	7108	0.32233014398285659	0.32858701354845904	0.58540058135986328	0.26307043737700669	-0.12493190564938103	0.81008545999617121	0	0	0.15422064932503729	1	1	14	0.08705280618801893	1.2187392866322651
0	22	10	212054	208449	0	4427	0.32858701354845904	0.33340010757294625	0.58540058135986328	0.25681356781140424	0.10882490515389211	0.79492308007798784	0	0	-0.13689991884902319	1	1	13	0.093749175894789621	1.2187392866322651
0	23	9	214745	212054	0	2878	0.33340010757294625	0.36969275699601228	0.58540058135986328	0.25200047378691703	-0.31821873479200091	0.83852706835930735	-1	0	0.37949727182288739	0.69685115506801476	0.69685115506801476	11	0.11079448060293319	1.2187392866322651
0	24	8	215331	214745	0	1615	0.36969275699601228	0.374803065789722	0.58540058135986328	0.215707824363851	-0.10826208835688196	0.70337313697331627	0	0	0.15391842916086385	1	1	10	0.12187392866322651	1.2187392866322651
0	25	7	215622	215331	0	998	0.374803065789722	0.39247369516329278	0.58540058135986328	0.21059751557014125	-0.21422017454798148	0.73953882950729299	0	0	0.28966724396432647	1	1	9	0.13541547629247389	1.2187392866322651
0	26	6	215625	215622	0	524	0.39247369516329278	0.4676257524964344	0.58540058135986328	0.1929268861965705	0.40552973423500216	0.64975352370994477	0	1	-0.6241285648125765	0.64142996072769165	0.64142996072769165	7	0.17410561237603786	1.2187392866322651
0	27	5	215659	215625	0	244	0.4676257524964344	0.46855158207733189	0.58540058135986328	0.11777482886342885	0.043332945564999586	0.48874117193334027	0	0	-0.088662359656717829	1	1	6	0.20312321443871084	1.2187392866322651
0	28	4	215664	215659	0	118	0.46855158207733189	0.47571782366515414	0.58540058135986328	0.1168489992825314	-0.11788431407532664	0.47601736616601975	0	0	0.24764708696407586	1	1	5	0.24374785732645302	1.2187392866322651
0	29	3	215669	215664	0	56	0.47571782366515414	0.47571972015929503	0.58540058135986328	0.10968275769470917	-0.0018362097703860023	0.4415864328814878	0	0	0.0041582114704117297	1	1	4	0.30468482165806626	1.2187392866322651
0	30	2	215670	215669	0	30	0.47571972015929503	0.56165842768581564	0.58540058135986328	0.10968086120056826	0.35175160394327981	0.39738100467798015	0	0	-0.8851746807281935	1	1	3	0.40624642887742168	1.2187392866322651
0	31	1	215675	215670	0	15	0.56165842768581564	0.56304830881839607	0.58540058135986328	0.023742153674047663	0.046455454144838398	0.19200296537069436	0	0	-0.24195175348020403	1	1	2	0.60936964331613253	1.2187392866322651
0	32	0	215677	215675	0	4	0.56304830881839607	0.5655817985534668	0.58540058135986328	0.022352272541467193	0.06442753196610751	0.19136951785051681	0	0	-0.33666559172936489	1	1	1	1.2187392866322651	1.2187392866322651
1	1	31	1	0	0	5	0	0	0.58540058135986328	0.58540058135986328	0	2.1810711351384637	-2	2	0	0.47191914916038513	0.47191914916038513	94613	5.8243893023724963e-06	0.55106294506536901
1	2	30	3	1	0	17	0	0	0.58540058135986328	0.58540058135986328	0	2.5151962665280672	-2	2	0	0.43276414275169373	0.43276414275169373	58110	9.4831000699598874e-06	0.55106294506536901
1	3	29	12	3	0	57	0	0	0.58540058135986328	0.58540058135986328	0	2.5264951875588331	-2	2	0	0.43161970376968384	0.43161970376968384	35047	1.5723541103813993e-05	0.55106294506536901
1	4	28	27	12	0	157	0	0	0.58540058135986328	0.58540058135986328	0	2.2528040333872723	-2	2	0	0.46255388855934143	0.46255388855934143	23220	2.3732254309447418e-05	0.55106294506536901
1	5	27	58	27	0	389	0	0	0.58540058135986328	0.58540058135986328	0	2.3194458170562524	-2	2	0	0.45435801148414612	0.45435801148414612	14741	3.7383009637430906e-05	0.55106294506536901
1	6	26	133	58	0	789	0	0	0.58540058135986328	0.58540058135986328	0	2.0903554458267015	-2	2	0	0.48464390635490417	0.48464390635490417	10164	5.4217133516860389e-05	0.55106294506536901
1	7	25	304	133	0	1337	0	0	0.58540058135986328	0.58540058135986328	0	1.8699020704399161	-1	1	0	0.59301120042800903	0.59301120042800903	7683	7.1724970072285432e-05	0.55106294506536901
1	8	24	466	304	0	2465	0	0	0.58540058135986328	0.58540058135986328	0	2.1567576425022699	-2	2	0	0.47522950172424316	0.47522950172424316	4844	0.00011376196223479955	0.55106294506536901
1	9	23	1010	466	0	3919	0	0	0.58540058135986328	0.58540058135986328	0	1.9720111136800531	-1	1	0	0.57957911491394043	0.57957911491394043	3305	0.0001667361407156941	0.55106294506536901
1	10	22	1582	1010	0	5517	0	0	0.58540058135986328	0.58540058135986328	0	1.8072665866377411	-1	1	0	0.60192596912384033	0.60192596912384033	2440	0.00022584546928908566	0.55106294506536901
1	11	21	2649	1582	0	7273	0	0	0.58540058135986328	0.58540058135986328	0	1.7749959790516519	-1	1	0	0.60673677921295166	0.60673677921295166	1785	0.00030871873673129916	0.55106294506536901
1	12	20	4242	2649	0	9351	0	0	0.58540058135986328	0.58540058135986328	0	1.8020512931315571	-1	1	0	0.60269314050674438	0.60269314050674438	1250	0.00044085035605229519	0.55106294506536901
1	13	19	6007	4242	0	11455	0	0	0.58540058135986328	0.58540058135986328	0	1.7904041852196562	-1	1	0	0.60442066192626953	0.60442066192626953	853	0.00064602924392188627	0.55106294506536901
1	14	18	8776	6007	0	12527	0	0	0.58540058135986328	0.58540058135986328	0	1.660798779954497	-1	1	0	0.62506258487701416	0.62506258487701416	606	0.00090934479383724255	0.55106294506536901
1	15	17	12728	8776	-1	13213	0	0.21033146442071599	0.58540058135986328	0.58540058135986328	0	1.6683011605092064	-1	1	-0.5994121587104666	0.18810373544692993	0.18810373544692993	114	0.0048338854830295526	0.55106294506536901
1	16	16	26859	12728	0	12979	0.21033146442071599	0.24720882304946196	0.58540058135986328	0.3750691169391473	-0.40455868865347216	1.2902007276151319	-1	0	0.31356259533450859	0.57343894243240356	0.57343894243240356	72	0.0076536520147967918	0.55106294506536901
1	17	15	81920	26859	-1	11731	0.24720882304946196	0.31301285359956427	0.58540058135986328	0.33819175831040132	-0.48962249696286936	1.1570357688418629	-1	0	-0.44110780045114245	0.49103191494941711	0.49103191494941711	36	0.015307304029593584	0.55106294506536901
1	18	14	103484	81920	-1	10267	0.31301285359956427	0.3218461219128434	0.58540058135986328	0.27238772776029901	-0.8177794184904581	1.0118834328257089	-1	0	-0.18008060572815832	0.7783694863319397	0.7783694863319397	31	0.017776224034366742	0.55106294506536901
1	19	13	125598	103484	0	8285	0.3218461219128434	0.39407270138782413	0.58540058135986328	0.26355445944701988	-0.49706955058029506	0.94951935226222528	-1	0	0.523495966033793	0.50308620929718018	0.50308620929718018	17	0.032415467356786409	0.55106294506536901
1	20	12	128027	125598	0	6329	0.39407270138782413	0.39451965218144097	0.58540058135986328	0.19132787997203918	0.03800010695812963	0.786220009057083	0	0	-0.048332663275389445	1	1	16	0.034441434066585563	0.55106294506536901
1	21	11	129408	128027	0	4485	0.39451965218144097	0.40409953833642459	0.58540058135986328	0.19088092917842234	-0.16581796964051465	0.74017206335090224	0	0	0.22402624720774328	1	1	15	0.036737529671024602	0.55106294506536901
1	22	10	130292	129408	1	3233	0.40409953833642459	0.42889002687656869	0.58540058135986328	0.18130104302343872	1.2815069571414734	0.76128406797435655	1	2	-0.36977912580058858	0.75914973020553589	0.75914973020553589	11	0.050096631369579002	0.55106294506536901
1	23	9	130725	130292	-1	2275	0.42889002687656869	0.44268522463154586	0.58540058135986328	0.15651055448329459	-0.79072467673056568	0.70489733922773723	-1	-1	-0.29688766239167486	1	1	10	0.055106294506536903	0.55106294506536901
1	24	8	130822	130725	0	1464	0.44268522463154586	0.44636746616768619	0.58540058135986328	0.14271535672831742	-0.10116123574666611	0.62978649471291115	0	0	0.1606278264077107	1	1	9	0.061229216118374334	0.55106294506536901
1	25	7	130943	130822	0	826	0.44636746616768619	0.45262679210913104	0.58540058135986328	0.13903311519217709	0.12035517644831238	0.56723120841248553	0	0	-0.21218010339232105	1	1	8	0.068882868133171127	0.55106294506536901
1	26	6	130988	130943	0	445	0.45262679210913104	0.46430697736398169	0.58540058135986328	0.13277378925073224	-0.17317825807959733	0.58388144798756181	0	0	0.29659832261580349	1	1	7	0.078723277866481284	0.55106294506536901
1	27	5	131026	130988	0	210	0.46430697736398169	0.47157170128803022	0.58540058135986328	0.12109360399588159	-0.11869631865507575	0.48460545071334554	0	0	0.24493393229554727	1	1	6	0.091843824177561498	0.55106294506536901
1	28	4	131095	131026	1	102	0.47157170128803022	0.47163918484745027	0.58540058135986328	0.11382888007183309	0.98898425725560024	0.45241919836982097	1	1	0.02434853070800751	1	1	5	0.11021258901307381	0.55106294506536901
1	29	3	131116	131095	-1	42	0.47163918484745027	0.55995271291382775	0.58540058135986328	0.113761396512413	-0.64237658352015103	0.40589134216591916	-1	-1	-0.88108165739997646	1	1	4	0.13776573626634225	0.55106294506536901
1	30	2	131137	131116	-1	12	0.55995271291382775	0.56176701427293751	0.58540058135986328	0.025447868446035509	-0.94641681463978145	0.20067788725354224	-1	-1	-0.26701091033771934	1	1	3	0.183687648355123	0.55106294506536901
1	31	1	131153	131137	0	2	0.56176701427293751	0.5642892840873065	0.58540058135986328	0.023633567086925766	0.064285021361650638	0.19677895927255762	0	0	-0.32668645875197333	1	1	2	0.27553147253268451	0.55106294506536901
1	32	0	131159	131153	-1	1	0.5642892840873065	0.5655817985534668	0.58540058135986328	0.021111297272556791	-1.0469884513315424	0.18990258911316629	-1	-1	0.24743449550096006	1	1	1	0.55106294506536901	0.55106294506536901
2	1	31	1	0	0	5	0	0	0.5655817985534668	0.5655817985534668	0	2.1438330795503431	-2	2	0	0.47701841592788696	0.47701841592788696	76286	0	0
2	2	30	3	1	0	17	0	0	0.5655817985534668	0.5655817985534668	0	2.4722535963514432	-2	2	0	0.43720963597297668	0.43720963597297668	47629	0	0
2	3	29	12	3	0	57	0	0	0.5655817985534668	0.5655817985534668	0	2.483359607649624	-2	2	0	0.43604516983032227	0.43604516983032227	29082	0	0
2	4	28	27	12	0	145	0	0	0.5655817985534668	0.5655817985534668	0	2.2143412613699387	-2	2	0	0.46750259399414062	0.46750259399414062	19629	0	0
2	5	27	58	27	0	363	0	0	0.5655817985534668	0.5655817985534668	0	2.2798452506750504	-2	2	0	0.45917186141014099	0.45917186141014099	12788	0	0
2	6	26	129	58	0	715	0	0	0.5655817985534668	0.5655817985534668	0	2.0546662053262152	-2	2	0	0.48994132876396179	0.48994132876396179	8939	0	0
2	7	25	290	129	0	1175	0	0	0.5655817985534668	0.5655817985534668	0	1.8379766939028674	-1	1	0	0.59748721122741699	0.59748721122741699	6870	0	0
2	8	24	436	290	0	2137	0	0	0.5655817985534668	0.5655817985534668	0	2.1199346981756491	-2	2	0	0.48038101196289062	0.48038101196289062	4511	0	0
2	9	23	962	436	0	3409	0	0	0.5655817985534668	0.5655817985534668	0	1.9383424000427294	-1	1	0	0.58386552333831787	0.58386552333831787	3182	0	0
2	10	22	1466	962	0	4751	0	0	0.5655817985534668	0.5655817985534668	0	1.7764106037532137	-1	1	0	0.60652267932891846	0.60652267932891846	2395	0	0
2	11	21	2387	1466	0	6065	0	0	0.5655817985534668	0.5655817985534668	0	1.7446909615436283	-1	1	0	0.61139684915542603	0.61139684915542603	1792	0	0
2	12	20	3606	2387	0	7617	0	0	0.5655817985534668	0.5655817985534668	0	1.7712843524549444	-1	1	0	0.60729998350143433	0.60729998350143433	1293	0	0
2	13	19	5373	3606	0	9077	0	0	0.5655817985534668	0.5655817985534668	0	1.7598360989705202	-1	1	0	0.60905039310455322	0.60905039310455322	938	0	0
2	14	18	7392	5373	0	9727	0	0	0.5655817985534668	0.5655817985534668	0	1.6324434841128039	-1	1	0	0.6299518346786499	0.6299518346786499	711	0	0
2	15	17	10719	7392	0	10397	0	0	0.5655817985534668	0.5655817985534668	0	1.7010913587680763	-1	1	0	0.61835426092147827	0.61835426092147827	492	0	0
2	16	16	14642	10719	0	9799	0	0	0.5655817985534668	0.5655817985534668	0	1.523712897993303	-1	1	0	0.65009027719497681	0.65009027719497681	371	0	0
2	17	15	22555	14642	0	9367	0	0	0.5655817985534668	0.5655817985534668	0	1.5920185929789052	-1	1	0	0.63717401027679443	0.63717401027679443	264	0	0
2	18	14	31484	22555	0	8091	0	0	0.5655817985534668	0.5655817985534668	0	1.4642626448278226	-1	1	0	0.6621137261390686	0.6621137261390686	191	0	0
2	19	13	52535	31484	0	6657	0	0	0.5655817985534668	0.5655817985534668	0	1.4379610944511234	-1	1	0	0.66768008470535278	0.66768008470535278	136	0	0
2	20	12	70204	52535	0	4909	0	0	0.5655817985534668	0.5655817985534668	0	1.3210277203673699	-1	1	0	0.69441157579421997	0.69441157579421997	107	0	0
2	21	11	90261	70204	0	3605	0	0	0.5655817985534668	0.5655817985534668	0	1.3746362549409155	-1	1	0	0.68174076080322266	0.68174076080322266	74	0	0
2	22	10	96166	90261	0	2421	0	0	0.5655817985534668	0.5655817985534668	0	1.2661323980910795	-1	1	0	0.70816045999526978	0.70816045999526978	55	0	0
2	23	9	100915	96166	0	1603	0	0	0.5655817985534668	0.5655817985534668	0	1.289258633992044	-1	1	0	0.70227020978927612	0.70227020978927612	38	0	0
2	24	8	102184	100915	0	1001	0	0	0.5655817985534668	0.5655817985534668	0	1.2189038885620351	-1	1	0	0.72064661979675293	0.72064661979675293	21	0	0
2	25	7	103323	102184	0	569	0	0	0.5655817985534668	0.5655817985534668	0	1.1406661728562657	-1	1	0	0.74273145198822021	0.74273145198822021	14	0	0
2	26	6	103830	103323	0	337	0	0	0.5655817985534668	0.5655817985534668	0	1.0867423455628895	-1	1	0	0.7590019702911377	0.7590019702911377	11	0	0
2	27	5	104043	103830	0	173	0	0	0.5655817985534668	0.5655817985534668	0	1.0481025653733715	-1	1	0	0.77119356393814087	0.77119356393814087	8	0	0
2	28	4	104190	104043	0	87	0	0	0.5655817985534668	0.5655817985534668	0	0.98612229821058717	0	0	0	1	1	7	0	0
2	29	3	104197	104190	0	31	0	0	0.5655817985534668	0.5655817985534668	0	0.9475976341577208	0	0	0	1	1	6	0	0
2	30	2	104218	104197	0	9	0	0	0.5655817985534668	0.5655817985534668	0	0.96479383078412961	0	0	0	1	1	5	0	0
2	31	1	104245	104218	0	3	0	0	0.5655817985534668	0.5655817985534668	0	0.9840517735556471	0	0	0	1	1	4	0	0
2	32	0	104290	104245	1	3	0	0.5655817985534668	0.5655817985534668	0.5655817985534668	0	1.000000000002	-1	1	0.99999999999800004	0.10650698095560074	0.10650698095560074	1	0	0
