[phase 0]
squared_norm=2332424
coefficients=[0 1 0 0 0 -1 0 0 -1 1 0 0 0 0 0 -2 0 -1 1 -1 1 1 0 0 0 1 -1 0 -1 0 0 0]
vector=[-272 170 -65 -171 115 -283 202 -59 60 -372 185 276 241 245 485 -135 -548 -171 114 -88 141 145 534 458 -185 470 -64 -279 432 133 18 -82]

[phase 1]
squared_norm=2332424
coefficients=[1 0 0 0 0 0 0 0 0 0 0 0 0 0 0 0 0 0 0 0 0 0 0 0 0 0 0 0 0 0 0 0]
vector=[-272 170 -65 -171 115 -283 202 -59 60 -372 185 276 241 245 485 -135 -548 -171 114 -88 141 145 534 458 -185 470 -64 -279 432 133 18 -82]

