[phase 0]
score=3.601438470013993
squared_norm=2031309
coefficients=[1 0 0 1 0 0 0 0 -1 0 1 0 -1 0 1 0 0 0 0 0 1 -1 0 0 0 0 0 0 0 0 -1 0 0 0]
vector=[-40 -133 210 325 -93 -177 -183 379 118 -139 146 -353 -292 -136 372 67 -86 80 -440 19 98 8 -260 561 238 219 -295 -122 314 -307 -343 175 241 118]

[phase 1]
score=0
squared_norm=2031309
coefficients=[1 0 0 0 0 0 0 0 0 0 0 0 0 0 0 0 0 0 0 0 0 0 0 0 0 0 0 0 0 0 0 0 0 0]
vector=[-40 -133 210 325 -93 -177 -183 379 118 -139 146 -353 -292 -136 372 67 -86 80 -440 19 98 8 -260 561 238 219 -295 -122 314 -307 -343 175 241 118]

