[phase 0]
squared_norm=2873833
coefficients=[-1 0 0 0 0 0 1 0 2 0 0 0 -1 -1 0 -1 0 0 1 1 1 -1 1 0 0 -1 0 0 0 0 1 0 0 0 -1 0 0]
vector=[401 28 -7 273 165 -163 -682 -197 -184 254 -184 -194 541 115 -269 139 381 140 108 191 454 6 129 116 -221 -144 -83 -117 237 85 -342 -687 439 -1 -256 -136 -210]

[phase 1]
squared_norm=2671214
coefficients=[1 -2 -2 -2 -2 1 2 -1 0 0 1 -1 0 0 0 -1 0 1 1 -1 0 0 -1 1 0 1 0 -1 -1 0 0 -1 0 -1 0 0 -1]
vector=[94 68 418 -420 180 457 -242 424 -459 -405 -220 -98 270 168 334 208 -404 -66 304 -113 494 58 289 63 146 -149 -260 95 34 173 186 103 541 99 -139 -69 -88]

[phase 2]
squared_norm=2671214
coefficients=[1 0 0 0 0 0 0 0 0 0 0 0 0 0 0 0 0 0 0 0 0 0 0 0 0 0 0 0 0 0 0 0 0 0 0 0 0]
vector=[94 68 418 -420 180 457 -242 424 -459 -405 -220 -98 270 168 334 208 -404 -66 304 -113 494 58 289 63 146 -149 -260 95 34 173 186 103 541 99 -139 -69 -88]

