[phase 0 initial]
[[-417 14 181 40 301 -20 -325 -223 -53 210 321 618 -100 329 123 328 305 -481 37 65 -44 572 72 274 -77 276 632 -153 -67 -198 -250 -294 363 38 -86 -71 -384 -71]
[-91 -56 -129 32 -496 204 -483 -280 -224 -485 213 371 -255 403 9 638 -442 -81 -533 -350 11 134 -38 375 226 64 210 -61 188 100 -190 -371 269 -335 -30 -255 288 -357]
[-761 208 -171 281 60 152 110 354 -347 136 -82 -75 -272 -275 -17 -416 -105 -153 100 239 -79 -460 -131 381 56 -420 -469 -414 322 134 361 76 230 -362 467 -276 339 -1]
[253 140 381 -363 -176 173 -326 723 -261 -227 513 -288 -19 -142 -136 -108 250 440 -96 169 117 275 -504 444 581 -19 -32 -72 200 -306 -462 -358 -36 29 22 -322 266 -19]
[-337 178 -444 100 140 -48 137 -534 -265 -53 -254 246 -227 150 434 601 -347 -448 -603 -233 287 316 -137 579 170 570 355 203 203 243 704 330 558 -170 -436 75 -124 -1]
[110 171 330 -154 -53 173 -281 447 62 250 342 -229 337 -209 -240 -389 717 686 419 486 -149 780 44 -1031 -18 -286 391 133 -369 261 -246 -147 -64 -63 -258 -334 -73 -18]
[25 443 169 -756 -277 598 -174 266 -151 -478 426 164 1 -142 -7 71 -279 -132 -399 -212 380 -11 335 198 209 411 70 -167 491 -608 -225 468 117 -6 -189 365 -127 4]
[143 -283 -80 475 141 331 -470 -7 28 -415 -411 116 352 724 373 -137 -437 160 -130 14 22 709 -411 72 123 451 587 -192 -269 308 -148 -503 74 -341 -193 -549 97 -358]
[-385 -6 -30 -31 239 150 -401 150 408 331 -655 647 131 150 339 -377 -104 -303 392 188 -608 -202 -75 474 -553 -81 216 -409 -531 183 -92 -51 90 239 235 621 -295 -50]
[-498 -138 -92 109 -143 276 316 -214 -232 -56 -293 255 -525 -187 361 -186 92 -358 -218 443 -393 280 -154 852 367 -93 8 -230 -149 282 -53 -350 445 -55 -665 -327 285 -63]
[360 116 -462 -347 -21 -53 86 224 197 -479 -456 231 329 542 -367 201 -252 -329 -610 -459 280 67 -531 202 136 253 54 3 165 -88 241 628 -247 -341 -276 241 -404 -80]
[38 -84 180 712 284 -197 428 122 -283 204 -473 -201 -35 -31 -272 -591 -217 104 -10 501 54 -193 -773 102 160 26 127 -359 -3 -472 41 284 -817 -217 476 -554 174 -11]
[-199 468 -209 -535 77 76 -309 49 444 -602 -20 502 330 462 346 202 282 290 125 -333 327 320 329 -353 -467 -65 683 145 -74 102 -471 163 -65 -409 318 -38 -119 -353]
[438 -254 -15 222 -31 -128 -490 -954 -193 377 320 134 -181 384 135 977 -30 -199 -76 -615 -101 80 19 404 858 288 279 306 52 348 501 -147 847 422 188 259 -78 79]
[-393 501 -287 5 -267 -30 -196 854 154 -47 322 -230 29 446 -24 398 39 -309 -394 -304 275 93 96 308 -408 191 41 -209 -121 466 329 22 261 -460 59 -68 51 -327]
[-596 242 268 38 310 323 -449 -2 36 436 208 869 -559 -32 127 260 51 25 506 329 -244 -110 76 -9 3 -562 -146 -280 -373 -36 88 80 -39 305 393 366 -316 343]
[472 121 85 850 144 -324 -74 -720 7 408 -174 12 669 32 153 -273 171 2 549 -72 324 355 -109 -466 228 372 565 442 -412 479 -107 95 -429 69 -30 -342 -118 -145]
[-78 -117 -354 -218 513 -208 402 -570 53 -144 -37 431 -842 886 261 269 493 -509 -500 -145 413 121 639 -110 404 341 260 86 -119 -207 71 528 77 -109 -323 307 -228 19]
[257 404 -146 139 170 -256 138 -156 47 149 162 222 24 103 616 -527 -803 -83 -99 -192 252 -71 154 77 -376 563 789 367 67 -18 -12 618 -391 224 -4 737 -168 -264]
[523 240 -380 -332 -43 146 386 -440 92 157 24 196 473 -141 -122 -437 -51 -147 404 -159 -175 105 349 -99 -536 276 136 336 -383 767 197 188 452 465 -607 313 -711 -47]
[401 65 296 -204 279 406 606 -35 102 147 437 -27 205 -188 183 -274 -872 -498 -14 226 314 203 337 -315 71 603 146 29 -617 -192 32 178 -513 137 -641 -179 -296 331]
[-213 -211 -341 274 -403 -132 201 155 -390 240 -53 -374 -416 80 518 708 -2 563 13 68 234 -78 155 208 12 -337 -18 221 244 528 112 93 55 35 102 58 463 -91]
[-396 -13 -353 326 242 -51 -490 467 -42 -119 -42 -152 304 379 324 -713 156 -122 420 493 268 207 266 -235 -178 -147 229 132 27 654 313 104 142 133 -124 256 -525 32]
[833 -705 -255 349 232 -319 86 -9 354 282 -198 98 161 556 -150 -538 -43 393 -64 -289 -177 379 -29 161 59 231 -22 -129 135 151 -94 103 -235 -89 -706 161 -241 15]
[-27 -41 -87 -406 -379 -639 511 99 397 461 260 150 120 254 -156 679 514 362 -230 383 285 789 -320 168 -176 89 556 476 -262 68 8 48 -199 -138 -342 -848 -103 -205]
[437 -342 -284 165 228 -279 638 87 -456 -339 -715 -622 373 347 83 -629 554 -104 268 401 153 -413 -407 413 563 552 -329 210 -216 -349 -44 329 -718 380 -442 -474 220 81]
[47 453 -91 12 -173 472 -329 953 -254 -560 -50 511 -326 -165 -191 -748 6 -111 -363 -193 -373 -587 -19 734 181 96 49 -536 -144 65 -258 173 -7 -419 -144 -124 164 -660]
[132 501 -599 216 -261 -101 649 -387 92 -638 -220 -176 -99 -211 458 -404 -593 -539 127 -16 124 -464 -512 755 -212 422 140 28 -350 221 357 274 -247 72 126 60 609 81]
[-72 -57 -135 481 -180 376 224 135 -262 -172 -424 -429 -693 -182 482 -122 -935 58 -511 48 -134 -26 -371 54 -279 436 123 -210 557 120 643 26 -147 -382 -19 71 433 -722]
[-192 158 330 973 142 -42 105 -4 77 415 -741 -131 201 -130 83 -468 -193 231 490 186 50 -250 137 249 -605 651 -36 412 -218 314 233 160 -172 -38 618 -54 -78 -577]
[-206 261 316 -146 285 -88 2 -95 -168 709 244 136 -342 -345 239 63 175 648 181 103 -311 -1 -113 182 78 -113 -140 209 -147 323 305 648 199 -10 687 278 32 885]
[-97 106 425 -387 113 29 419 91 347 -426 57 -136 473 414 513 190 0 -515 -52 -41 -60 103 178 758 856 877 310 -111 -78 -314 -91 -287 354 106 -359 72 212 244]
[-360 -215 267 430 360 -85 527 114 258 156 344 794 -467 7 -112 -284 831 -77 175 413 -304 -75 -556 400 283 -590 -343 -292 -385 -106 -672 -400 -96 -67 463 325 198 102]
[-343 -487 -646 114 285 196 510 -404 -255 -778 -464 -308 -123 -154 -63 -209 -265 -472 -38 -419 410 -224 -250 372 140 1 -536 3 108 -114 506 -310 281 -658 384 -258 -86 400]
[236 519 187 398 268 980 -49 -253 -46 -353 -128 139 -84 268 207 656 -150 -203 -166 -580 452 -368 291 472 245 622 133 -96 384 -418 26 99 -55 32 171 -468 129 -66]
[216 191 -178 -54 -592 110 291 104 -79 325 138 -193 -85 117 -91 50 -432 279 -610 60 316 -171 154 152 -396 -413 -224 186 223 -418 266 21 -200 -222 422 400 299 -81]
[-186 39 -402 153 223 -287 -121 -76 -38 413 352 292 119 -541 -526 -887 619 -546 -110 -269 -227 61 -194 157 205 -522 -415 -382 361 -36 20 219 -131 265 537 408 -95 504]
[-232 -642 694 88 96 -247 -281 326 -229 -282 -290 -465 369 -177 -603 33 138 293 325 -37 -304 -460 -319 559 -258 -222 -658 -163 277 38 386 -583 532 458 224 101 267 -77]]
[phase 0 refreshed]
[[-169 78 51 -314 171 527 185 38 230 121 -191 23 66 -302 295 113 -39 106 93 -391 -390 101 3 211 -29 88 -448 -318 -159 160 49 -444 710 -284 -48 -272 499 -23]
[-417 14 181 40 301 -20 -325 -223 -53 210 321 618 -100 329 123 328 305 -481 37 65 -44 572 72 274 -77 276 632 -153 -67 -198 -250 -294 363 38 -86 -71 -384 -71]
[-761 208 -171 281 60 152 110 354 -347 136 -82 -75 -272 -275 -17 -416 -105 -153 100 239 -79 -460 -131 381 56 -420 -469 -414 322 134 361 76 230 -362 467 -276 339 -1]
[-498 -138 -92 109 -143 276 316 -214 -232 -56 -293 255 -525 -187 361 -186 92 -358 -218 443 -393 280 -154 852 367 -93 8 -230 -149 282 -53 -350 445 -55 -665 -327 285 -63]
[-91 -56 -129 32 -496 204 -483 -280 -224 -485 213 371 -255 403 9 638 -442 -81 -533 -350 11 134 -38 375 226 64 210 -61 188 100 -190 -371 269 -335 -30 -255 288 -357]
[280 -48 163 -407 140 -25 -376 535 409 -216 119 603 456 721 -678 -72 400 -362 30 -161 -51 323 -322 -103 -111 -41 331 -353 -105 -529 -713 4 -442 -133 74 95 -664 -150]
[360 116 -462 -347 -21 -53 86 224 197 -479 -456 231 329 542 -367 201 -252 -329 -610 -459 280 67 -531 202 136 253 54 3 165 -88 241 628 -247 -341 -276 241 -404 -80]
[253 140 381 -363 -176 173 -326 723 -261 -227 513 -288 -19 -142 -136 -108 250 440 -96 169 117 275 -504 444 581 -19 -32 -72 200 -306 -462 -358 -36 29 22 -322 266 -19]
[349 -26 359 -268 -137 196 -461 -16 85 184 -179 -169 -72 -438 898 3 -149 652 166 279 -361 210 -126 640 83 361 322 286 -548 272 -202 -489 266 763 -284 480 296 82]
[370 264 -23 -137 -388 -181 85 -219 70 316 -655 175 -29 -315 -209 107 -156 432 -342 274 -304 14 -509 -228 -117 -14 549 266 -498 71 254 766 -631 119 -201 449 -82 -7]
[-227 349 -114 -54 87 125 -144 -87 -203 197 88 17 110 -59 194 212 370 238 -184 253 138 1096 -93 -452 152 284 746 336 -166 504 458 183 494 -233 -694 -259 -197 -19]
[630 -214 402 117 395 178 503 -194 294 189 -582 -103 303 -58 40 -62 -151 363 -17 -129 -257 368 -639 -68 75 534 148 -263 -484 -446 -271 -236 -337 -139 -39 -550 334 -33]
[259 216 218 -313 360 725 -161 539 101 -408 -198 -91 608 179 357 -704 -274 109 4 152 391 564 -38 -105 106 798 447 -298 34 -400 -183 336 -78 -12 -352 71 -318 3]
[-669 181 -77 -34 151 -44 -114 -622 185 -373 94 500 -336 129 953 390 -183 -67 316 -360 196 -527 816 476 -585 -32 238 9 130 -71 -466 -318 246 -5 852 55 358 -255]
[249 118 -368 -276 98 40 325 -616 296 -6 -527 -98 -21 -73 710 27 481 295 327 -220 -134 -26 160 254 609 -210 128 435 -292 830 417 331 595 255 -43 220 184 91]
[238 348 36 407 -493 -451 -87 -993 -245 338 450 267 62 -289 -211 502 166 -239 146 -436 313 -220 264 -163 331 -15 188 573 45 271 -149 227 -234 75 133 -48 73 -144]
[-369 298 -82 43 97 120 -717 654 -100 96 244 408 -177 426 39 -669 136 -441 91 33 291 -264 361 93 24 101 -347 -290 -178 123 -437 -31 -209 -210 24 393 -10 -205]
[-393 501 -287 5 -267 -30 -196 854 154 -47 322 -230 29 446 -24 398 39 -309 -394 -304 275 93 96 308 -408 191 41 -209 -121 466 329 22 261 -460 59 -68 51 -327]
[-596 242 268 38 310 323 -449 -2 36 436 208 869 -559 -32 127 260 51 25 506 329 -244 -110 76 -9 3 -562 -146 -280 -373 -36 88 80 -39 305 393 366 -316 343]
[98 211 -473 88 124 -680 19 195 135 12 901 140 111 572 -139 -118 92 -267 48 -591 296 198 214 -419 -247 -254 238 535 327 484 -88 -3 7 -287 15 124 -245 -358]
[418 -121 126 -178 -267 -84 -148 -352 -584 174 475 -158 347 -517 -249 -93 -811 176 -233 105 -136 219 -484 -139 465 97 467 426 5 111 -74 -431 -55 -303 -76 -712 403 -71]
[261 35 -23 -670 172 344 -97 828 654 -107 -45 4 53 167 67 -241 124 -327 62 -264 -250 356 118 -526 -776 305 117 -143 267 -37 79 117 -41 37 -391 975 -693 -504]
[217 -127 -100 -471 -273 -354 -386 535 -95 -227 935 -242 367 268 -397 4 7 119 -235 -127 665 -11 615 341 -81 183 243 -58 544 -193 -377 41 -254 -468 22 -409 -175 10]
[67 -259 -178 -133 -263 -157 -175 690 19 24 66 229 40 801 -160 636 398 201 43 -93 183 245 -167 105 -99 -378 313 -132 139 -1 -601 97 -387 -98 176 153 -201 -241]
[-388 167 -57 -311 -228 137 377 384 502 -106 -379 387 -52 282 364 -179 14 -249 210 538 130 -100 -241 242 -216 -114 -134 163 -122 -197 15 396 -180 690 17 441 -383 -160]
[164 334 -187 -822 459 369 936 -70 -106 -344 385 166 169 17 320 366 243 69 425 -497 -96 29 -140 301 475 134 -268 270 248 -472 217 461 286 318 -295 -284 41 252]
[308 -107 128 212 135 74 -573 245 -619 -7 189 730 -346 -15 113 76 178 638 299 -199 -65 -466 266 56 157 -63 614 -29 303 -353 -672 300 -295 169 478 258 -93 -432]
[454 -129 196 -52 -11 191 -304 -207 230 -238 916 -4 135 74 -186 -31 353 11 628 -244 144 200 397 257 -148 617 -31 -561 126 -610 -388 -345 191 187 90 -136 144 436]
[89 35 -285 -470 97 273 888 402 -198 -47 -275 -17 -231 -204 -547 -755 -439 -45 -155 414 -445 -443 -315 469 -604 -70 -302 -465 26 -184 345 377 64 179 -101 101 -419 87]
[-257 -5 135 61 -433 40 -355 -337 -386 -68 201 -522 308 -126 -577 6 -154 -143 36 -25 530 89 823 14 -103 136 -322 451 836 235 6 243 109 -402 90 383 -315 138]
[112 -120 88 -15 -181 220 247 -493 291 -171 -623 -132 -239 -467 652 614 -151 353 -115 -340 -98 192 94 -163 -653 524 -569 408 -71 669 196 85 -182 -327 -231 175 153 233]
[216 170 283 233 100 49 164 646 -26 -445 89 -466 779 344 -473 -466 195 591 519 234 4 126 -264 -340 170 390 -445 -88 216 2 129 -315 37 201 -201 -134 -215 238]
[-199 101 -85 421 643 -409 348 -206 225 159 383 785 -169 344 -39 503 392 -167 -210 -263 376 -39 -539 127 86 73 4 141 -33 -145 85 280 17 -182 692 727 -211 164]
[40 -724 30 585 68 112 386 429 -386 -40 -45 -599 547 -35 -239 -458 74 211 605 56 199 -31 235 -510 -157 -161 -643 439 -409 -37 -125 -410 -833 37 -366 -489 -581 141]
[-318 2 -374 90 -27 154 -616 -245 -469 -239 -418 628 -833 462 -129 28 304 -642 -625 180 -83 -741 456 648 -32 39 289 204 540 -277 -221 111 -105 210 -286 532 -171 -191]
[216 191 -178 -54 -592 110 291 104 -79 325 138 -193 -85 117 -91 50 -432 279 -610 60 316 -171 154 152 -396 -413 -224 186 223 -418 266 21 -200 -222 422 400 299 -81]
[575 -169 -231 -128 163 -439 -231 -430 309 277 434 367 391 -266 -509 -471 724 -393 -210 -508 -148 521 -63 -224 149 -102 54 32 39 -170 -341 143 -361 627 70 684 -434 505]
[13 -190 736 -42 33 -59 74 562 -324 -510 240 219 -266 -51 -639 -443 -323 299 115 129 -88 -408 -562 628 255 -550 -524 -97 315 -248 38 114 -348 522 -127 422 83 -90]]
[phase 1 initial]
[[-169 78 51 -314 171 527 185 38 230 121 -191 23 66 -302 295 113 -39 106 93 -391 -390 101 3 211 -29 88 -448 -318 -159 160 49 -444 710 -284 -48 -272 499 -23]
[-417 14 181 40 301 -20 -325 -223 -53 210 321 618 -100 329 123 328 305 -481 37 65 -44 572 72 274 -77 276 632 -153 -67 -198 -250 -294 363 38 -86 -71 -384 -71]
[-761 208 -171 281 60 152 110 354 -347 136 -82 -75 -272 -275 -17 -416 -105 -153 100 239 -79 -460 -131 381 56 -420 -469 -414 322 134 361 76 230 -362 467 -276 339 -1]
[-498 -138 -92 109 -143 276 316 -214 -232 -56 -293 255 -525 -187 361 -186 92 -358 -218 443 -393 280 -154 852 367 -93 8 -230 -149 282 -53 -350 445 -55 -665 -327 285 -63]
[-91 -56 -129 32 -496 204 -483 -280 -224 -485 213 371 -255 403 9 638 -442 -81 -533 -350 11 134 -38 375 226 64 210 -61 188 100 -190 -371 269 -335 -30 -255 288 -357]
[280 -48 163 -407 140 -25 -376 535 409 -216 119 603 456 721 -678 -72 400 -362 30 -161 -51 323 -322 -103 -111 -41 331 -353 -105 -529 -713 4 -442 -133 74 95 -664 -150]
[360 116 -462 -347 -21 -53 86 224 197 -479 -456 231 329 542 -367 201 -252 -329 -610 -459 280 67 -531 202 136 253 54 3 165 -88 241 628 -247 -341 -276 241 -404 -80]
[253 140 381 -363 -176 173 -326 723 -261 -227 513 -288 -19 -142 -136 -108 250 440 -96 169 117 275 -504 444 581 -19 -32 -72 200 -306 -462 -358 -36 29 22 -322 266 -19]
[349 -26 359 -268 -137 196 -461 -16 85 184 -179 -169 -72 -438 898 3 -149 652 166 279 -361 210 -126 640 83 361 322 286 -548 272 -202 -489 266 763 -284 480 296 82]
[370 264 -23 -137 -388 -181 85 -219 70 316 -655 175 -29 -315 -209 107 -156 432 -342 274 -304 14 -509 -228 -117 -14 549 266 -498 71 254 766 -631 119 -201 449 -82 -7]
[-227 349 -114 -54 87 125 -144 -87 -203 197 88 17 110 -59 194 212 370 238 -184 253 138 1096 -93 -452 152 284 746 336 -166 504 458 183 494 -233 -694 -259 -197 -19]
[630 -214 402 117 395 178 503 -194 294 189 -582 -103 303 -58 40 -62 -151 363 -17 -129 -257 368 -639 -68 75 534 148 -263 -484 -446 -271 -236 -337 -139 -39 -550 334 -33]
[259 216 218 -313 360 725 -161 539 101 -408 -198 -91 608 179 357 -704 -274 109 4 152 391 564 -38 -105 106 798 447 -298 34 -400 -183 336 -78 -12 -352 71 -318 3]
[-669 181 -77 -34 151 -44 -114 -622 185 -373 94 500 -336 129 953 390 -183 -67 316 -360 196 -527 816 476 -585 -32 238 9 130 -71 -466 -318 246 -5 852 55 358 -255]
[249 118 -368 -276 98 40 325 -616 296 -6 -527 -98 -21 -73 710 27 481 295 327 -220 -134 -26 160 254 609 -210 128 435 -292 830 417 331 595 255 -43 220 184 91]
[238 348 36 407 -493 -451 -87 -993 -245 338 450 267 62 -289 -211 502 166 -239 146 -436 313 -220 264 -163 331 -15 188 573 45 271 -149 227 -234 75 133 -48 73 -144]
[-369 298 -82 43 97 120 -717 654 -100 96 244 408 -177 426 39 -669 136 -441 91 33 291 -264 361 93 24 101 -347 -290 -178 123 -437 -31 -209 -210 24 393 -10 -205]
[-393 501 -287 5 -267 -30 -196 854 154 -47 322 -230 29 446 -24 398 39 -309 -394 -304 275 93 96 308 -408 191 41 -209 -121 466 329 22 261 -460 59 -68 51 -327]
[-596 242 268 38 310 323 -449 -2 36 436 208 869 -559 -32 127 260 51 25 506 329 -244 -110 76 -9 3 -562 -146 -280 -373 -36 88 80 -39 305 393 366 -316 343]
[98 211 -473 88 124 -680 19 195 135 12 901 140 111 572 -139 -118 92 -267 48 -591 296 198 214 -419 -247 -254 238 535 327 484 -88 -3 7 -287 15 124 -245 -358]
[418 -121 126 -178 -267 -84 -148 -352 -584 174 475 -158 347 -517 -249 -93 -811 176 -233 105 -136 219 -484 -139 465 97 467 426 5 111 -74 -431 -55 -303 -76 -712 403 -71]
[261 35 -23 -670 172 344 -97 828 654 -107 -45 4 53 167 67 -241 124 -327 62 -264 -250 356 118 -526 -776 305 117 -143 267 -37 79 117 -41 37 -391 975 -693 -504]
[217 -127 -100 -471 -273 -354 -386 535 -95 -227 935 -242 367 268 -397 4 7 119 -235 -127 665 -11 615 341 -81 183 243 -58 544 -193 -377 41 -254 -468 22 -409 -175 10]
[67 -259 -178 -133 -263 -157 -175 690 19 24 66 229 40 801 -160 636 398 201 43 -93 183 245 -167 105 -99 -378 313 -132 139 -1 -601 97 -387 -98 176 153 -201 -241]
[-388 167 -57 -311 -228 137 377 384 502 -106 -379 387 -52 282 364 -179 14 -249 210 538 130 -100 -241 242 -216 -114 -134 163 -122 -197 15 396 -180 690 17 441 -383 -160]
[164 334 -187 -822 459 369 936 -70 -106 -344 385 166 169 17 320 366 243 69 425 -497 -96 29 -140 301 475 134 -268 270 248 -472 217 461 286 318 -295 -284 41 252]
[308 -107 128 212 135 74 -573 245 -619 -7 189 730 -346 -15 113 76 178 638 299 -199 -65 -466 266 56 157 -63 614 -29 303 -353 -672 300 -295 169 478 258 -93 -432]
[454 -129 196 -52 -11 191 -304 -207 230 -238 916 -4 135 74 -186 -31 353 11 628 -244 144 200 397 257 -148 617 -31 -561 126 -610 -388 -345 191 187 90 -136 144 436]
[89 35 -285 -470 97 273 888 402 -198 -47 -275 -17 -231 -204 -547 -755 -439 -45 -155 414 -445 -443 -315 469 -604 -70 -302 -465 26 -184 345 377 64 179 -101 101 -419 87]
[-257 -5 135 61 -433 40 -355 -337 -386 -68 201 -522 308 -126 -577 6 -154 -143 36 -25 530 89 823 14 -103 136 -322 451 836 235 6 243 109 -402 90 383 -315 138]
[112 -120 88 -15 -181 220 247 -493 291 -171 -623 -132 -239 -467 652 614 -151 353 -115 -340 -98 192 94 -163 -653 524 -569 408 -71 669 196 85 -182 -327 -231 175 153 233]
[216 170 283 233 100 49 164 646 -26 -445 89 -466 779 344 -473 -466 195 591 519 234 4 126 -264 -340 170 390 -445 -88 216 2 129 -315 37 201 -201 -134 -215 238]
[-199 101 -85 421 643 -409 348 -206 225 159 383 785 -169 344 -39 503 392 -167 -210 -263 376 -39 -539 127 86 73 4 141 -33 -145 85 280 17 -182 692 727 -211 164]
[40 -724 30 585 68 112 386 429 -386 -40 -45 -599 547 -35 -239 -458 74 211 605 56 199 -31 235 -510 -157 -161 -643 439 -409 -37 -125 -410 -833 37 -366 -489 -581 141]
[-318 2 -374 90 -27 154 -616 -245 -469 -239 -418 628 -833 462 -129 28 304 -642 -625 180 -83 -741 456 648 -32 39 289 204 540 -277 -221 111 -105 210 -286 532 -171 -191]
[216 191 -178 -54 -592 110 291 104 -79 325 138 -193 -85 117 -91 50 -432 279 -610 60 316 -171 154 152 -396 -413 -224 186 223 -418 266 21 -200 -222 422 400 299 -81]
[575 -169 -231 -128 163 -439 -231 -430 309 277 434 367 391 -266 -509 -471 724 -393 -210 -508 -148 521 -63 -224 149 -102 54 32 39 -170 -341 143 -361 627 70 684 -434 505]
[13 -190 736 -42 33 -59 74 562 -324 -510 240 219 -266 -51 -639 -443 -323 299 115 129 -88 -408 -562 628 255 -550 -524 -97 315 -248 38 114 -348 522 -127 422 83 -90]]
