[phase 0]
score=1.338075727861992
squared_norm=2630909
coefficients=[0 -1 1 0 0 0 0 1 0 0 0 -1 0 0 0 0 0 0 0 0 0 0 -1 0 0 0 0 0 0 0 0 0 0 0 0 0 0 0]
vector=[-169 78 51 -314 171 527 185 38 230 121 -191 23 66 -302 295 113 -39 106 93 -391 -390 101 3 211 -29 88 -448 -318 -159 160 49 -444 710 -284 -48 -272 499 -23]

[phase 1]
score=0
squared_norm=2630909
coefficients=[1 0 0 0 0 0 0 0 0 0 0 0 0 0 0 0 0 0 0 0 0 0 0 0 0 0 0 0 0 0 0 0 0 0 0 0 0 0]
vector=[-169 78 51 -314 171 527 185 38 230 121 -191 23 66 -302 295 113 -39 106 93 -391 -390 101 3 211 -29 88 -448 -318 -159 160 49 -444 710 -284 -48 -272 499 -23]

