[phase 0 initial]
[[-118 -393 -452 -130 -394 166 430 -63 -172 39 197 -677 71 -207 -513 -39 -267 -387 -130 467 -30 576 23 193 307 144 -85 -253 -50 -48 -335 183 -240 -4 -13]
[-294 -258 80 592 389 44 -600 17 -116 -341 -491 -51 -243 7 -302 202 306 15 516 -441 142 -443 -430 -262 -243 55 -556 -593 -207 -61 326 435 -153 -79 1]
[-183 -873 76 337 -212 49 -359 -387 -376 225 -250 76 -27 -115 360 771 123 -216 417 340 -135 -63 -210 509 467 -549 -299 -19 99 161 -207 94 -195 -275 0]
[-89 13 253 305 -15 -24 330 206 -226 385 -18 75 146 406 711 422 155 -157 -1121 225 251 -68 384 321 300 -805 37 371 -174 300 -263 -37 163 -118 -154]
[-79 -774 78 -511 -332 -272 91 -290 -11 40 155 -412 -346 -41 -91 152 -137 -295 318 -260 -81 577 90 -237 -46 402 428 307 -51 -629 295 -287 152 -134 145]
[-235 -525 5 -239 266 -32 667 197 18 141 423 -45 -15 365 679 880 292 -624 -535 175 160 410 234 47 550 -160 412 472 324 -179 -331 -19 -323 -403 -220]
[432 -13 168 -218 -114 96 362 32 -162 407 -185 -302 332 380 362 633 140 -275 105 -372 -392 -44 70 -297 -426 161 686 366 -6 4 206 -116 -136 -370 137]
[33 -647 -190 586 -136 489 167 325 -327 301 -527 -684 330 -272 364 390 -504 83 -283 262 5 133 -197 147 73 -28 -435 -241 -111 558 307 -91 396 -58 -12]
[375 -683 -42 -214 -533 24 108 -123 286 311 270 109 -310 -1176 383 56 -402 1 122 464 9 -210 -115 253 407 75 -437 270 162 369 -276 -264 243 -365 0]
[268 249 417 -260 -249 -610 -334 -444 -175 299 -348 256 198 130 170 -61 388 551 83 112 -552 627 145 191 123 -5 383 387 311 271 -73 68 -232 5 382]
[262 95 -88 -5 -356 -717 -74 13 -59 -388 -89 -762 -435 -650 -1008 -356 -2 -31 597 172 437 381 5 -102 -7 393 -629 -28 110 -143 288 237 -96 -407 -167]
[242 -264 -9 -256 13 -289 -181 303 -317 -62 -306 -175 -515 221 -485 -206 372 -257 715 -397 306 -314 88 -132 192 4 -71 290 -499 -146 -161 -114 119 -512 -20]
[-171 -148 135 577 -74 427 -743 -474 206 142 35 -99 142 -20 53 608 148 -361 -82 283 -258 -435 -51 -575 -204 -318 -151 -125 -266 295 -318 84 -332 -542 368]
[236 -238 286 122 -515 -439 525 -63 34 -565 -148 -454 12 -380 302 356 35 -492 107 268 104 40 96 525 166 263 -431 -251 250 -569 -219 89 -259 -18 -399]
[691 164 -189 -386 224 -339 -187 -187 -59 321 -262 87 -15 51 -191 316 1105 387 47 -357 452 -285 7 -344 93 -307 -17 749 -131 80 90 269 -169 -441 -151]
[-119 553 -18 33 120 663 -370 569 315 -126 26 -567 221 -466 150 -396 -150 -572 -88 401 -501 191 -70 -263 -163 339 -55 -763 140 326 -347 177 218 236 153]
[114 -482 163 -522 -20 -43 128 -32 170 -227 -301 -147 -579 -209 510 519 3 -368 434 -104 -150 282 -196 -59 -354 730 306 -614 -299 56 27 494 329 347 167]
[-61 565 -230 -172 480 395 -413 148 549 -34 329 -285 844 218 101 -333 413 277 -337 -542 -759 211 34 -327 -596 4 84 302 392 295 328 226 -37 323 165]
[316 -35 -454 -423 -54 91 -195 436 206 374 -292 -440 13 -313 -118 101 254 -95 51 -584 -415 128 -421 -409 356 881 200 -327 -238 -274 559 28 -310 -124 307]
[-264 -309 73 416 324 256 157 842 418 1 232 257 -175 135 141 -20 -193 528 -577 -238 455 -438 -424 -409 315 101 -156 54 -532 -949 178 -468 63 141 160]
[284 448 -370 200 399 283 -448 -430 -366 40 -304 -214 317 242 -318 -75 -119 260 -616 591 415 324 -151 -18 -13 -134 -191 -778 -559 287 810 628 -287 89 241]
[-125 262 579 98 579 -181 -671 405 -117 -281 146 347 194 81 538 215 -136 -190 111 536 290 471 425 -230 -458 -185 -252 388 26 -301 217 76 357 5 23]
[35 386 703 381 -15 -271 245 -177 -7 -22 25 762 -166 -24 470 -778 -211 451 -573 568 -429 -566 -26 186 478 -351 338 161 -6 70 -277 -181 189 5 -1]
[40 -130 113 583 294 286 -488 520 -203 120 -429 187 599 202 132 228 1028 -530 -123 249 -449 -132 189 90 514 -23 -235 -497 -88 -28 73 221 -403 -59 -154]
[-100 -387 434 19 -12 -43 -372 -252 395 130 -380 -38 -439 112 569 157 306 -15 -591 408 6 607 490 -40 -224 -225 -71 53 -90 3 51 -779 395 346 266]
[559 350 -223 -302 -428 -416 -243 -6 83 -21 -492 -152 142 211 268 213 253 175 292 -173 28 14 371 -279 -291 -53 1398 248 163 88 679 -354 866 107 -491]
[56 296 -283 -113 -313 47 617 -736 -113 258 -146 177 404 -128 -17 -162 108 686 -310 368 -207 33 -395 434 -710 -578 580 186 -266 142 -269 499 -39 167 319]
[202 132 218 -565 161 856 -220 -240 712 326 -185 550 -189 -560 597 304 -280 -94 569 164 -116 -175 -52 -358 82 16 38 409 459 1056 -408 -554 184 125 34]
[700 -159 376 -422 -26 -333 105 -106 213 -302 -167 497 -212 -314 -307 -365 323 551 300 -196 206 232 215 500 -243 -32 340 906 38 -52 547 136 619 -173 223]
[90 -215 -352 -191 678 -25 -25 396 275 -164 297 170 -95 -583 -112 -894 -6 -229 752 252 146 -105 -253 223 63 253 43 -297 281 83 -502 327 -50 329 -661]
[-179 381 279 365 -369 -183 -741 -50 57 232 267 16 267 450 144 410 -97 -114 -92 -248 113 -106 -502 -78 -152 -232 -267 -206 -138 -744 -200 -478 230 567 -236]
[14 -115 222 -143 568 207 -524 -447 -534 793 -589 -449 -332 -166 -579 117 168 124 374 -464 -123 -504 -57 -561 -421 -52 -49 151 -657 -254 -25 116 225 -460 216]
[-115 -446 -204 42 -270 -331 628 110 175 -79 309 467 -159 -265 243 412 -654 -564 -296 337 -527 -137 189 490 228 -505 -161 101 265 -93 -391 236 -138 400 272]
[-190 -462 -89 719 115 306 296 466 -614 135 250 -103 182 -285 -211 45 -126 -89 -640 589 238 -532 145 -223 399 24 -279 95 137 528 15 -427 -16 -427 354]
[-498 -680 46 304 -10 -54 -27 503 -285 -214 -362 -331 -58 598 -198 96 82 -606 -236 184 605 -153 248 461 -24 135 -91 -204 50 -381 -11 -405 315 -238 -310]]
[phase 0 refreshed]
[[-128 225 -283 52 67 -83 8 -125 88 108 205 -199 -202 124 -192 -11 -170 -227 471 -208 43 486 -235 -208 21 -112 192 -525 407 -507 -250 350 682 251 30]
[-67 236 -326 -33 613 264 246 281 255 -284 286 292 185 0 59 306 274 -172 268 210 -10 -99 -240 -37 296 243 -53 -206 549 150 -363 305 -638 -151 -211]
[-79 -774 78 -511 -332 -272 91 -290 -11 40 155 -412 -346 -41 -91 152 -137 -295 318 -260 -81 577 90 -237 -46 402 428 307 -51 -629 295 -287 152 -134 145]
[-118 -393 -452 -130 -394 166 430 -63 -172 39 197 -677 71 -207 -513 -39 -267 -387 -130 467 -30 576 23 193 307 144 -85 -253 -50 -48 -335 183 -240 -4 -13]
[432 -13 168 -218 -114 96 362 32 -162 407 -185 -302 332 380 362 633 140 -275 105 -372 -392 -44 70 -297 -426 161 686 366 -6 4 206 -116 -136 -370 137]
[-89 13 253 305 -15 -24 330 206 -226 385 -18 75 146 406 711 422 155 -157 -1121 225 251 -68 384 321 300 -805 37 371 -174 300 -263 -37 163 -118 -154]
[-294 -258 80 592 389 44 -600 17 -116 -341 -491 -51 -243 7 -302 202 306 15 516 -441 142 -443 -430 -262 -243 55 -556 -593 -207 -61 326 435 -153 -79 1]
[5 -792 14 172 539 315 74 379 89 18 -283 -127 98 -106 845 887 -100 3 433 -255 -56 35 -370 -320 16 473 25 113 437 127 574 -256 150 -339 -65]
[175 -55 215 346 53 -5 197 487 320 130 11 57 -380 -648 432 -91 -64 75 -900 -92 537 -658 49 -197 -3 -126 -657 67 -318 447 -6 40 448 -287 -153]
[346 -90 -9 -16 -867 37 -426 -601 -278 425 -182 172 231 -487 -17 -311 -475 393 436 606 -437 -30 -14 724 160 -444 -155 102 -18 401 -202 -322 281 207 219]
[315 419 349 138 -129 -698 -129 -82 233 537 -132 114 -384 -394 410 -163 154 399 -346 -188 28 455 -41 -214 141 -243 -82 -71 400 211 -329 458 898 -31 259]
[291 501 617 430 23 -907 -174 282 -113 -42 -304 -10 -360 -37 216 105 420 199 -394 -70 718 -263 366 26 -14 -556 -507 596 -14 205 360 17 307 -521 -308]
[242 -264 -9 -256 13 -289 -181 303 -317 -62 -306 -175 -515 221 -485 -206 372 -257 715 -397 306 -314 88 -132 192 4 -71 290 -499 -146 -161 -114 119 -512 -20]
[-679 14 -57 589 723 578 -539 -21 287 -217 158 18 461 663 455 604 4 -99 -392 377 -73 297 54 -589 74 -136 181 -55 222 110 0 -227 -136 -67 165]
[236 -238 286 122 -515 -439 525 -63 34 -565 -148 -454 12 -380 302 356 35 -492 107 268 104 40 96 525 166 263 -431 -251 250 -569 -219 89 -259 -18 -399]
[-119 553 -18 33 120 663 -370 569 315 -126 26 -567 221 -466 150 -396 -150 -572 -88 401 -501 191 -70 -263 -163 339 -55 -763 140 326 -347 177 218 236 153]
[691 164 -189 -386 224 -339 -187 -187 -59 321 -262 87 -15 51 -191 316 1105 387 47 -357 452 -285 7 -344 93 -307 -17 749 -131 80 90 269 -169 -441 -151]
[-391 -416 -32 -75 149 -218 -37 69 -24 -291 259 20 123 854 -343 -459 -170 205 419 -983 -404 -9 185 148 -334 -24 85 606 -116 -257 424 -334 33 16 143]
[114 -482 163 -522 -20 -43 128 -32 170 -227 -301 -147 -579 -209 510 519 3 -368 434 -104 -150 282 -196 -59 -354 730 306 -614 -299 56 27 494 329 347 167]
[-205 -9 -369 100 45 -29 -227 610 142 352 -125 -63 -173 -287 231 -110 269 23 -1175 13 228 104 -107 209 1082 -85 -449 -322 -406 22 90 107 -11 128 16]
[494 -271 11 215 -39 -599 -274 -609 190 -436 85 -61 -131 -129 345 -94 -559 134 633 -335 197 55 -243 507 -60 -76 -697 -425 194 -629 824 286 652 -23 28]
[-341 -160 131 269 -102 -86 73 410 292 -207 443 -250 191 1198 25 451 -164 21 -264 148 -267 237 194 20 8 -254 277 483 -701 -455 -279 -212 -287 -63 524]
[-107 209 -136 440 -242 -75 -648 -722 -569 381 -849 442 498 166 -232 637 126 346 -89 13 49 140 325 -479 -559 -47 -84 25 -401 285 32 168 133 379 73]
[231 673 190 -25 -88 404 -421 -119 -151 28 -160 -323 37 79 -232 -1012 146 -188 -65 382 -453 -530 -43 -378 -8 -431 593 -101 -539 -392 -92 -148 660 233 -17]
[-167 -151 108 -14 601 221 -126 29 650 -154 -94 254 -254 112 628 463 580 -187 -323 618 -4 508 250 -77 72 18 -124 -153 459 153 -312 -474 -243 195 55]
[411 -264 -433 -73 -274 -5 264 124 269 -344 220 -246 128 -37 -306 168 -109 -413 24 888 374 486 603 -111 203 680 -5 -104 -416 -301 487 -371 337 134 -306]
[303 405 -590 -93 485 -487 -22 179 179 -258 -253 716 160 104 -225 -156 15 709 -24 -101 -50 -100 67 85 49 -470 -258 448 298 -19 348 213 212 837 138]
[253 119 -198 -346 -533 -863 352 -113 -56 365 -376 167 -264 68 -184 303 -121 348 -449 -176 46 444 216 114 -376 -137 723 173 41 -208 184 -106 -567 -56 77]
[-49 139 192 -47 -311 -339 -412 426 -12 417 -815 488 -348 -295 -487 -256 108 -35 -489 -825 324 -198 287 -467 118 -122 172 -24 -572 112 520 168 -50 129 -243]
[251 -24 221 72 -234 220 -787 557 -107 -1 297 8 -239 -860 -234 45 136 440 -325 166 436 -625 173 201 -134 -475 -99 878 67 298 230 -235 713 -145 -132]
[-134 48 264 389 391 -748 -68 -413 567 -345 109 48 -447 118 -191 333 388 -726 505 -606 148 -285 51 -448 -271 266 34 -343 361 -60 -102 531 -162 416 -33]
[56 296 -283 -113 -313 47 617 -736 -113 258 -146 177 404 -128 -17 -162 108 686 -310 368 -207 33 -395 434 -710 -578 580 186 -266 142 -269 499 -39 167 319]
[192 -183 149 155 205 -324 234 589 -171 -461 -9 -38 687 -552 -82 31 -119 -181 30 489 238 195 -416 -361 -228 639 -65 166 473 230 15 -43 -509 -489 45]
[-559 88 223 -181 -87 306 -354 -444 -87 220 -340 -437 76 -819 -802 -413 -197 108 -63 214 -193 676 -306 71 -159 -128 -391 -363 287 -119 377 -118 644 149 -241]
[-36 339 -365 -82 -52 198 152 570 68 -298 -8 57 385 226 -516 -680 -242 -169 51 660 293 -219 204 639 -35 483 0 -289 482 9 -369 -516 153 93 -302]]
[phase 1 initial]
[[-128 225 -283 52 67 -83 8 -125 88 108 205 -199 -202 124 -192 -11 -170 -227 471 -208 43 486 -235 -208 21 -112 192 -525 407 -507 -250 350 682 251 30]
[-67 236 -326 -33 613 264 246 281 255 -284 286 292 185 0 59 306 274 -172 268 210 -10 -99 -240 -37 296 243 -53 -206 549 150 -363 305 -638 -151 -211]
[-79 -774 78 -511 -332 -272 91 -290 -11 40 155 -412 -346 -41 -91 152 -137 -295 318 -260 -81 577 90 -237 -46 402 428 307 -51 -629 295 -287 152 -134 145]
[-118 -393 -452 -130 -394 166 430 -63 -172 39 197 -677 71 -207 -513 -39 -267 -387 -130 467 -30 576 23 193 307 144 -85 -253 -50 -48 -335 183 -240 -4 -13]
[432 -13 168 -218 -114 96 362 32 -162 407 -185 -302 332 380 362 633 140 -275 105 -372 -392 -44 70 -297 -426 161 686 366 -6 4 206 -116 -136 -370 137]
[-89 13 253 305 -15 -24 330 206 -226 385 -18 75 146 406 711 422 155 -157 -1121 225 251 -68 384 321 300 -805 37 371 -174 300 -263 -37 163 -118 -154]
[-294 -258 80 592 389 44 -600 17 -116 -341 -491 -51 -243 7 -302 202 306 15 516 -441 142 -443 -430 -262 -243 55 -556 -593 -207 -61 326 435 -153 -79 1]
[5 -792 14 172 539 315 74 379 89 18 -283 -127 98 -106 845 887 -100 3 433 -255 -56 35 -370 -320 16 473 25 113 437 127 574 -256 150 -339 -65]
[175 -55 215 346 53 -5 197 487 320 130 11 57 -380 -648 432 -91 -64 75 -900 -92 537 -658 49 -197 -3 -126 -657 67 -318 447 -6 40 448 -287 -153]
[346 -90 -9 -16 -867 37 -426 -601 -278 425 -182 172 231 -487 -17 -311 -475 393 436 606 -437 -30 -14 724 160 -444 -155 102 -18 401 -202 -322 281 207 219]
[315 419 349 138 -129 -698 -129 -82 233 537 -132 114 -384 -394 410 -163 154 399 -346 -188 28 455 -41 -214 141 -243 -82 -71 400 211 -329 458 898 -31 259]
[291 501 617 430 23 -907 -174 282 -113 -42 -304 -10 -360 -37 216 105 420 199 -394 -70 718 -263 366 26 -14 -556 -507 596 -14 205 360 17 307 -521 -308]
[242 -264 -9 -256 13 -289 -181 303 -317 -62 -306 -175 -515 221 -485 -206 372 -257 715 -397 306 -314 88 -132 192 4 -71 290 -499 -146 -161 -114 119 -512 -20]
[-679 14 -57 589 723 578 -539 -21 287 -217 158 18 461 663 455 604 4 -99 -392 377 -73 297 54 -589 74 -136 181 -55 222 110 0 -227 -136 -67 165]
[236 -238 286 122 -515 -439 525 -63 34 -565 -148 -454 12 -380 302 356 35 -492 107 268 104 40 96 525 166 263 -431 -251 250 -569 -219 89 -259 -18 -399]
[-119 553 -18 33 120 663 -370 569 315 -126 26 -567 221 -466 150 -396 -150 -572 -88 401 -501 191 -70 -263 -163 339 -55 -763 140 326 -347 177 218 236 153]
[691 164 -189 -386 224 -339 -187 -187 -59 321 -262 87 -15 51 -191 316 1105 387 47 -357 452 -285 7 -344 93 -307 -17 749 -131 80 90 269 -169 -441 -151]
[-391 -416 -32 -75 149 -218 -37 69 -24 -291 259 20 123 854 -343 -459 -170 205 419 -983 -404 -9 185 148 -334 -24 85 606 -116 -257 424 -334 33 16 143]
[114 -482 163 -522 -20 -43 128 -32 170 -227 -301 -147 -579 -209 510 519 3 -368 434 -104 -150 282 -196 -59 -354 730 306 -614 -299 56 27 494 329 347 167]
[-205 -9 -369 100 45 -29 -227 610 142 352 -125 -63 -173 -287 231 -110 269 23 -1175 13 228 104 -107 209 1082 -85 -449 -322 -406 22 90 107 -11 128 16]
[494 -271 11 215 -39 -599 -274 -609 190 -436 85 -61 -131 -129 345 -94 -559 134 633 -335 197 55 -243 507 -60 -76 -697 -425 194 -629 824 286 652 -23 28]
[-341 -160 131 269 -102 -86 73 410 292 -207 443 -250 191 1198 25 451 -164 21 -264 148 -267 237 194 20 8 -254 277 483 -701 -455 -279 -212 -287 -63 524]
[-107 209 -136 440 -242 -75 -648 -722 -569 381 -849 442 498 166 -232 637 126 346 -89 13 49 140 325 -479 -559 -47 -84 25 -401 285 32 168 133 379 73]
[231 673 190 -25 -88 404 -421 -119 -151 28 -160 -323 37 79 -232 -1012 146 -188 -65 382 -453 -530 -43 -378 -8 -431 593 -101 -539 -392 -92 -148 660 233 -17]
[-167 -151 108 -14 601 221 -126 29 650 -154 -94 254 -254 112 628 463 580 -187 -323 618 -4 508 250 -77 72 18 -124 -153 459 153 -312 -474 -243 195 55]
[411 -264 -433 -73 -274 -5 264 124 269 -344 220 -246 128 -37 -306 168 -109 -413 24 888 374 486 603 -111 203 680 -5 -104 -416 -301 487 -371 337 134 -306]
[303 405 -590 -93 485 -487 -22 179 179 -258 -253 716 160 104 -225 -156 15 709 -24 -101 -50 -100 67 85 49 -470 -258 448 298 -19 348 213 212 837 138]
[253 119 -198 -346 -533 -863 352 -113 -56 365 -376 167 -264 68 -184 303 -121 348 -449 -176 46 444 216 114 -376 -137 723 173 41 -208 184 -106 -567 -56 77]
[-49 139 192 -47 -311 -339 -412 426 -12 417 -815 488 -348 -295 -487 -256 108 -35 -489 -825 324 -198 287 -467 118 -122 172 -24 -572 112 520 168 -50 129 -243]
[251 -24 221 72 -234 220 -787 557 -107 -1 297 8 -239 -860 -234 45 136 440 -325 166 436 -625 173 201 -134 -475 -99 878 67 298 230 -235 713 -145 -132]
[-134 48 264 389 391 -748 -68 -413 567 -345 109 48 -447 118 -191 333 388 -726 505 -606 148 -285 51 -448 -271 266 34 -343 361 -60 -102 531 -162 416 -33]
[56 296 -283 -113 -313 47 617 -736 -113 258 -146 177 404 -128 -17 -162 108 686 -310 368 -207 33 -395 434 -710 -578 580 186 -266 142 -269 499 -39 167 319]
[192 -183 149 155 205 -324 234 589 -171 -461 -9 -38 687 -552 -82 31 -119 -181 30 489 238 195 -416 -361 -228 639 -65 166 473 230 15 -43 -509 -489 45]
[-559 88 223 -181 -87 306 -354 -444 -87 220 -340 -437 76 -819 -802 -413 -197 108 -63 214 -193 676 -306 71 -159 -128 -391 -363 287 -119 377 -118 644 149 -241]
[-36 339 -365 -82 -52 198 152 570 68 -298 -8 57 385 226 -516 -680 -242 -169 51 660 293 -219 204 639 -35 483 0 -289 482 9 -369 -516 153 93 -302]]
