[phase 0]
score=2.019932320951569
squared_norm=2515333
coefficients=[-6 -4 0 -2 3 1 -2 3 -2 0 1 -1 1 -1 2 3 0 -2 -2 0 0 -2 -1 1 -1 -1 0 -1 0 0 0 0 1 -1 0]
vector=[-128 225 -283 52 67 -83 8 -125 88 108 205 -199 -202 124 -192 -11 -170 -227 471 -208 43 486 -235 -208 21 -112 192 -525 407 -507 -250 350 682 251 30]

[phase 1]
score=0
squared_norm=2515333
coefficients=[1 0 0 0 0 0 0 0 0 0 0 0 0 0 0 0 0 0 0 0 0 0 0 0 0 0 0 0 0 0 0 0 0 0 0]
vector=[-128 225 -283 52 67 -83 8 -125 88 108 205 -199 -202 124 -192 -11 -170 -227 471 -208 43 486 -235 -208 21 -112 192 -525 407 -507 -250 350 682 251 30]

