phase	depth	k	node	parent	z_k	nodes_at_depth	parent_rho	rho	bound_r2	remaining	center	delta	legal_lo	legal_hi	offset	P	Ptheta	N	Q	M
0	1	32	1	0	0	5	0	0	0.51767873764038086	0.51767873764038086	0	2.178050371069427	-2	2	0	0.47232657670974731	0.47232657670974731	68441	0	0
0	2	31	3	1	0	17	0	0	0.51767873764038086	0.51767873764038086	0	2.4244148133262491	-2	2	0	0.44234746694564819	0.44234746694564819	42852	0	0
0	3	30	12	3	0	51	0	0	0.51767873764038086	0.51767873764038086	0	2.3146535273156785	-2	2	0	0.45493200421333313	0.45493200421333313	27697	0	0
0	4	29	27	12	0	131	0	0	0.51767873764038086	0.51767873764038086	0	2.2283489527517828	-2	2	0	0.46568119525909424	0.46568119525909424	18262	0	0
0	5	28	58	27	0	293	0	0	0.51767873764038086	0.51767873764038086	0	2.1331998847222189	-2	2	0	0.4785057008266449	0.4785057008266449	12473	0	0
0	6	27	133	58	0	627	0	0	0.51767873764038086	0.51767873764038086	0	2.0952920918864661	-2	2	0	0.48392456769943237	0.48392456769943237	8392	0	0
0	7	26	274	133	0	1145	0	0	0.51767873764038086	0.51767873764038086	0	1.9411295868765186	-1	1	0	0.58350551128387451	0.58350551128387451	6011	0	0
0	8	25	390	274	0	2037	0	0	0.51767873764038086	0.51767873764038086	0	2.0753429250705335	-2	2	0	0.48685139417648315	0.48685139417648315	3950	0	0
0	9	24	894	390	0	3235	0	0	0.51767873764038086	0.51767873764038086	0	1.9830866920720047	-1	1	0	0.57819831371307373	0.57819831371307373	2667	0	0
0	10	23	1376	894	0	4609	0	0	0.51767873764038086	0.51767873764038086	0	1.8715342634157215	-1	1	0	0.59278601408004761	0.59278601408004761	1872	0	0
0	11	22	2423	1376	0	6251	0	0	0.51767873764038086	0.51767873764038086	0	1.8276525205467518	-1	1	0	0.59896457195281982	0.59896457195281982	1285	0	0
0	12	21	3052	2423	0	7655	0	0	0.51767873764038086	0.51767873764038086	0	1.7252006296058782	-1	1	0	0.61446934938430786	0.61446934938430786	926	0	0
0	13	20	4459	3052	0	8889	0	0	0.51767873764038086	0.51767873764038086	0	1.6950852461617218	-1	1	0	0.61933684349060059	0.61933684349060059	655	0	0
0	14	19	6404	4459	0	9829	0	0	0.51767873764038086	0.51767873764038086	0	1.6783753225177513	-1	1	0	0.62210237979888916	0.62210237979888916	472	0	0
0	15	18	9283	6404	0	9995	0	0	0.51767873764038086	0.51767873764038086	0	1.597653949634172	-1	1	0	0.63614898920059204	0.63614898920059204	333	0	0
0	16	17	18360	9283	1	9629	0	0.2136321757447163	0.51767873764038086	0.51767873764038086	0	1.5566709902987208	-1	1	0.64239650268558213	0.17812865972518921	0.17812865972518921	44	0	0
0	17	16	44006	18360	0	8795	0.2136321757447163	0.22966426196637557	0.51767873764038086	0.30404656189566454	-0.26761879665573135	1.1654446218126258	-1	0	0.22962806781801573	0.68945467472076416	0.68945467472076416	34	0	0
0	18	15	72385	44006	0	6941	0.22966426196637557	0.2298955258708609	0.51767873764038086	0.28801447567400529	0.028542473957129215	1.0072675538375477	0	1	-0.028336536651445195	0.86671537160873413	0.86671537160873413	32	0	0
0	19	14	87726	72385	0	4889	0.2298955258708609	0.23098018681246643	0.51767873764038086	0.28778321176951999	-0.058723175573268394	0.95652265287700355	-1	0	0.061392352179681663	0.86357873678207397	0.86357873678207397	30	0	0
0	20	13	92559	87726	0	3687	0.23098018681246643	0.27555728332211427	0.51767873764038086	0.2866985508279144	-0.39644597478922705	1.0054046111838155	-1	0	0.39431485630688623	0.60156482458114624	0.60156482458114624	19	0	0
0	21	12	94010	92559	0	2803	0.27555728332211427	0.30557707981195642	0.51767873764038086	0.24212145431826659	-0.33103945054098827	0.94013997099344304	-1	0	0.35211719611408493	0.67235904932022095	0.67235904932022095	14	0	0
0	22	11	95090	94010	0	2053	0.30557707981195642	0.32846934240586667	0.51767873764038086	0.21210165782842444	0.27891686281141392	0.84898974373153124	0	1	-0.32852795321825867	0.73916423320770264	0.73916423320770264	12	0	0
0	23	10	95582	95090	0	1235	0.32846934240586667	0.33352914649791221	0.51767873764038086	0.18920939523451416	-0.11701421939915481	0.71555519257988709	0	0	0.16352927155383745	1	1	11	0	0
0	24	9	95844	95582	0	745	0.33352914649791221	0.33969192714395646	0.51767873764038086	0.18414959114246868	-0.11916143348649982	0.65137748575911836	0	0	0.18293759930561393	1	1	10	0	0
0	25	8	95868	95844	0	323	0.33969192714395646	0.3536802324327985	0.51767873764038086	0.1779868104964244	-0.162241323209141	0.57872579338804997	0	0	0.28034230556638451	1	1	9	0	0
0	26	7	95964	95868	0	135	0.3536802324327985	0.35429239178566957	0.51767873764038086	0.16399850520758236	0.031888353631414471	0.52193905841392063	0	0	-0.061095932786324643	1	1	8	0	0
0	27	6	95977	95964	0	83	0.35429239178566957	0.35928845937279541	0.51767873764038086	0.16338634585471126	0.10332802059793804	0.59089707119994639	0	0	-0.17486636105355502	1	1	7	0	0
0	28	5	96014	95977	0	33	0.35928845937279541	0.35986928180280109	0.51767873764038086	0.15839027826758542	-0.031824985038448904	0.52554605368685192	0	0	0.060556034652315946	1	1	6	0	0
0	29	4	96021	96014	0	15	0.35986928180280109	0.36412897709700115	0.51767873764038086	0.1578094558375798	-0.086094905268335464	0.52402824572681683	0	0	0.16429439819398195	1	1	5	0	0
0	30	3	96041	96021	0	5	0.36412897709700115	0.45513758995042186	0.51767873764038086	0.15354976054337971	0.38453487638960088	0.49948110022209286	0	0	-0.7698687221971332	1	1	4	0	0
0	31	2	96048	96041	0	3	0.45513758995042186	0.5028684710515966	0.51767873764038086	0.06254114768995897	-0.27510076169835829	0.31490168935872298	0	0	0.87360840222414593	1	1	3	0	0
0	32	1	96058	96048	0	3	0.5028684710515966	0.51552597477256112	0.51767873764038086	0.014810266588784295	-0.13657562082217084	0.14773404513353089	0	0	0.92446951343358674	1	1	2	0	0
0	33	0	96064	96058	0	3	0.51552597477256112	0.51767873764038086	0.51767873764038086	0.00215276286781976	-0.054948740636112353	0.054948740649380948	0	0	0.99999999975852771	1	1	1	0	0
