[phase 0 initial]
[[-552 31 -36 140 -12 -203 -45 -227 -247 52 106 262 180 337 315 312 -129 201 -224 -717 -410 104 -578 336 32 166 252 -105 -460 -59 185 -341 -181 26 222 468 56]
[122 267 -38 -249 -26 -33 22 152 -199 234 -464 137 267 -213 132 -629 -521 176 -54 89 573 -30 -353 26 129 158 -718 132 351 -166 -641 53 -237 -828 5 61 -52]
[275 423 447 100 -65 -55 155 -531 -59 -12 429 -118 49 89 411 403 -6 802 451 -868 -557 623 233 -191 -45 166 40 -32 -128 449 43 85 207 -78 267 438 64]
[127 367 -449 -97 -204 -109 -272 232 -274 124 -657 38 -114 -542 -141 188 125 -739 -172 -147 390 -647 302 60 -274 150 -467 -82 -474 -69 -555 -309 100 -354 -343 -468 -56]
[-13 -217 -616 313 308 46 -19 949 -599 -253 -260 222 -687 -503 -536 11 244 7 19 0 156 -188 179 693 -381 346 249 487 -713 129 245 -295 185 178 -500 81 0]
[-171 135 238 -348 320 268 -166 -638 279 90 531 -772 -231 -38 748 298 358 -153 -14 -1077 -229 108 -140 -724 329 -26 265 -328 -244 412 104 85 -466 302 608 86 51]
[-77 430 123 732 -42 -88 94 370 -105 306 318 368 -584 -50 153 533 -219 762 -326 -255 10 -465 -112 384 -89 352 -256 490 -636 -83 -332 110 368 -79 131 774 69]
[-515 -162 162 3 283 -514 -240 -600 147 225 -205 495 513 337 -239 23 -1119 -430 86 423 -299 596 -236 45 294 113 -87 -412 628 73 -321 -450 -599 -189 -316 -45 0]
[-885 395 450 -101 254 77 282 -911 109 98 531 -286 201 -395 249 286 -279 59 -163 -233 -829 1102 -275 -660 -233 -192 322 -439 297 617 494 -150 -176 355 329 -302 30]
[57 243 12 -583 -462 -149 764 -124 -562 59 -550 -29 397 -329 468 -356 363 -146 -338 385 52 -39 288 -143 194 -76 -465 -73 150 431 -126 -11 366 75 -499 -818 -46]
[430 170 -147 -584 -235 112 569 -1120 566 -109 -254 -155 279 469 426 609 730 151 231 -509 -429 -236 261 -228 108 206 -269 -69 -550 90 336 -97 128 724 157 -341 -5]
[346 -589 146 440 -495 -457 -41 -178 -299 41 -132 157 117 306 337 376 288 112 657 507 -97 353 389 -314 -22 88 489 -598 59 472 200 -250 -263 -200 -509 -176 32]
[378 226 -581 300 -149 -365 -208 253 59 -489 -235 -258 -196 27 -139 197 198 175 412 -624 370 225 190 -519 -240 726 334 14 -501 -273 -392 143 -366 94 135 38 -2]
[115 -605 -187 -40 -223 200 -599 714 -23 234 346 34 -230 152 -210 36 -245 -18 -160 -26 -172 -297 1 1266 112 -21 443 275 -804 -824 204 -338 713 -349 -111 157 4]
[-134 106 363 -403 -272 343 100 -580 -9 736 -811 0 73 -487 440 85 -369 -25 -97 -365 -744 463 21 -477 252 128 -499 206 -266 396 -386 -426 88 -467 9 -778 -46]
[-192 169 -123 153 87 453 59 -546 -228 341 -711 67 520 -361 643 -378 218 -301 319 17 -141 -323 211 -815 -201 -538 -480 -150 81 460 -180 -669 -426 -375 -606 -754 -45]
[-370 339 -392 -447 -2 -482 213 -211 -181 -498 275 -584 75 335 511 -368 483 58 457 -769 -634 -47 463 361 -156 677 105 -31 -687 169 -231 -178 666 506 -139 86 -21]
[905 -14 101 -277 172 -154 149 643 377 -259 240 -52 307 -308 156 -593 -458 551 166 -329 713 280 669 -88 193 -106 406 232 4 -788 -38 441 467 105 229 67 10]
[563 288 -651 19 -35 -227 58 261 72 -521 -148 -447 -225 444 -512 350 386 -31 338 377 -67 -636 435 614 59 207 -146 520 191 -584 327 687 508 434 -211 135 -37]
[136 48 -317 -233 -93 -773 -51 -539 -162 -149 -224 -107 430 785 281 294 462 -3 -37 -584 -63 452 -117 -68 208 8 155 12 500 524 217 184 -422 -371 -45 149 -7]
[-570 -150 330 -166 -55 105 280 281 -564 -6 495 379 558 -35 -382 -233 -3 -16 -82 37 -820 475 -252 386 -85 -597 260 -246 79 -401 -77 -403 142 113 -687 -97 40]
[-138 -314 -688 -80 24 -607 255 625 -624 126 -204 352 90 -792 16 -39 398 -231 -493 -84 416 251 184 348 -162 -63 301 -317 -535 238 -96 -602 -676 -357 -238 22 96]
[82 283 25 600 -353 -118 -60 -237 -13 -213 313 -17 616 -199 189 462 -102 150 -269 -629 247 -873 -41 -133 -2 -436 191 -349 249 -468 301 -44 179 150 791 665 236]
[-763 -225 131 -348 -280 -529 240 -589 -1002 133 -275 343 220 -280 -6 -189 -462 -584 -292 -40 -400 -163 179 468 -85 280 -359 -799 -99 552 79 -475 197 -300 192 69 258]
[-141 -4 -123 9 -839 56 196 -41 -229 -58 -13 -472 744 12 432 -486 361 28 55 112 241 181 -222 -352 123 -165 -356 -807 612 317 -179 -128 131 -515 475 -557 -268]
[-190 168 -385 96 168 553 -35 -17 -76 -215 -269 -82 -344 -558 -336 -133 51 372 272 169 219 493 142 -692 -144 -339 99 265 423 633 180 383 -811 -453 -74 -575 -190]
[-60 -209 -186 -77 -280 185 -250 259 263 -85 315 341 -251 297 -127 370 551 -692 -118 -368 591 -397 -99 819 -148 -276 91 -372 -98 305 154 78 37 -17 -434 267 -396]
[-198 286 -233 182 -273 12 -123 506 -753 -622 -915 126 256 -237 -675 -561 292 11 276 176 118 -46 71 149 -656 93 -77 58 -644 -514 190 -408 -362 -392 -176 -36 54]
[141 344 130 13 -413 166 -759 234 695 138 91 -155 -703 -94 -309 145 314 -641 -113 109 157 -497 628 305 -298 -55 135 -176 -135 -504 -318 -73 438 303 -92 -196 -228]
[264 -89 -81 179 -309 -186 -485 -622 337 13 -536 550 168 243 190 192 16 -140 673 -561 -70 578 85 106 -326 642 452 -494 -339 -130 -357 -94 75 -813 3 -20 -106]
[-204 -109 146 -32 293 393 -69 -143 452 25 -97 661 572 273 -21 -691 -845 -492 -266 339 -21 4 -673 384 77 81 121 122 -197 -770 449 -435 -57 -501 154 454 -53]
[-334 -224 -271 654 115 -346 -558 -273 659 -68 22 -125 -410 166 277 -94 303 -30 217 -274 365 -218 -392 -317 97 504 264 33 -40 46 571 395 -295 6 279 326 62]
[-345 366 -329 525 -693 395 -590 708 109 205 555 182 -847 -232 -185 438 684 102 -196 -296 246 55 -9 -274 -328 -276 241 252 -513 288 154 -165 256 -100 -74 151 -128]
[-400 133 -26 142 -621 -805 -227 495 91 -340 -119 206 -32 292 -96 672 -383 -537 331 -365 109 73 -412 419 -302 289 28 -446 -529 -547 -334 -64 491 -19 175 173 164]
[582 -245 23 573 -454 -577 -624 -85 -623 311 8 539 -73 61 -31 503 -352 564 -30 -14 -241 468 -38 -46 245 32 -235 93 247 -44 -419 54 -99 -937 86 592 -108]
[-323 171 159 397 -287 -246 -58 421 42 375 348 223 37 -344 -476 -172 -149 -297 331 79 -149 -98 708 -206 -90 8 520 -331 -209 -781 -534 13 213 70 196 -420 -248]
[-37 63 -16 -168 -354 -293 77 -263 57 261 -902 132 51 76 497 -56 -177 -728 -103 -169 -174 -680 -161 145 482 -67 -51 -428 -239 48 -203 -211 256 286 268 -280 -588]]
[phase 0 refreshed accepted=1]
[[168 -380 314 184 -270 -115 130 324 358 -235 178 -289 334 209 107 416 159 -60 323 483 354 -381 31 190 607 -198 48 17 63 196 77 188 -40 -82 -375 312 -180]
[-552 31 -36 140 -12 -203 -45 -227 -247 52 106 262 180 337 315 312 -129 201 -224 -717 -410 104 -578 336 32 166 252 -105 -460 -59 185 -341 -181 26 222 468 56]
[-264 -92 -245 357 -174 -33 199 204 -228 -76 394 314 -416 489 -162 -85 -97 324 -514 147 198 132 -13 -94 -95 338 201 6 -829 -473 -72 352 -232 175 63 33 143]
[220 201 -199 89 -210 -405 568 594 -47 -160 -633 -153 98 -388 374 -132 320 404 -17 374 401 -387 -156 -53 279 348 -161 539 444 168 -266 114 293 347 -220 -9 -130]
[544 -663 -76 -354 -284 115 -70 -162 53 187 216 -394 599 83 47 385 -28 -500 40 346 -258 -333 427 -34 356 -486 58 -145 -321 -293 178 9 608 -382 -89 -725 172]
[-163 42 211 -672 -252 256 196 -718 -515 219 83 124 299 59 94 -224 43 -550 -321 11 -349 348 444 -90 -85 -424 -304 -612 -294 263 140 -125 73 -272 -279 -809 84]
[124 -359 -339 -119 568 29 -287 81 575 237 221 -320 229 -124 168 -96 -24 -186 272 -424 -399 632 38 -675 -285 -170 364 -311 147 -51 28 -194 437 92 827 -821 -130]
[-77 430 123 732 -42 -88 94 370 -105 306 318 368 -584 -50 153 533 -219 762 -326 -255 10 -465 -112 384 -89 352 -256 490 -636 -83 -332 110 368 -79 131 774 69]
[-415 239 65 466 -636 150 356 -143 300 218 260 467 -289 -107 615 40 83 236 -469 241 0 316 289 -41 -209 10 337 148 -623 364 -213 141 -195 184 -397 152 -62]
[18 -157 378 94 378 -242 214 -195 94 167 508 -9 -652 -43 -225 261 -570 195 156 220 61 -443 534 -236 -23 344 -132 28 -27 -174 21 438 549 306 -200 129 205]
[158 -466 999 -257 141 284 -104 -124 -501 -220 25 -99 -162 -337 -718 23 205 -396 137 434 303 -386 169 -260 274 -371 -89 -384 394 496 314 -346 -332 92 -446 5 225]
[-111 20 -387 479 -282 323 -29 328 -206 -134 101 -18 127 189 -394 453 -414 -159 -3 -548 180 -194 501 331 171 -111 -463 -281 -1161 -437 184 261 20 -667 264 -75 -204]
[-78 -326 206 -124 -156 -175 -482 -162 109 107 447 234 -421 355 -176 198 281 -720 -343 657 361 -315 -25 -122 -212 53 406 -317 -523 -77 -468 -144 -485 59 -699 -39 241]
[109 -240 -235 -472 -38 -136 -180 -552 13 344 -547 613 -296 -66 358 -537 -180 -453 143 -398 -82 -411 614 239 -390 220 142 -3 -5 -126 -174 -262 253 147 -523 -68 137]
[225 -75 275 259 527 -69 102 -537 360 495 310 446 263 -161 532 -259 -578 186 125 -335 -570 504 -209 57 -505 174 67 214 165 140 -139 -357 265 140 358 928 383]
[-742 199 -421 236 156 350 -80 -244 -323 -163 -163 180 -164 -221 -21 179 -78 573 48 -548 -191 597 -436 -356 -112 -173 351 160 -37 574 365 42 -992 -427 148 -107 -134]
[-768 -126 204 -314 -145 11 -612 -326 483 -113 -62 -242 -154 25 -154 151 -606 -318 462 -109 534 -185 -62 -119 424 -110 192 -434 391 -50 21 197 -831 -623 -423 -107 -402]
[-564 258 -486 223 -564 -330 -146 -47 -13 -434 -73 158 234 486 63 152 271 310 -160 -213 309 -130 -603 -81 453 288 100 36 289 581 -879 -134 -769 -130 -170 98 -237]
[173 -82 714 -399 347 65 206 723 11 140 -433 59 -197 -429 -255 18 -372 -36 -223 -263 226 -331 457 159 647 -96 -322 230 -408 -370 94 -100 573 309 -71 -360 -185]
[127 -245 -565 90 -246 4 -293 48 -520 -82 -319 -698 -104 -590 -232 -177 -233 -453 136 451 415 -339 73 -133 452 408 -231 -194 506 289 -403 -307 -430 -370 -217 -310 125]
[96 161 -174 -212 -131 -81 -412 118 -216 455 -145 81 327 -889 19 124 -20 85 -304 155 -238 -275 -890 219 -978 -104 197 455 20 -449 -180 -623 793 -704 67 -114 349]
[48 298 44 -184 16 582 -89 -356 240 138 464 43 259 676 415 277 376 235 -253 -666 -359 615 -313 -222 32 -538 307 82 -655 -348 246 9 -305 54 -249 -410 -118]
[21 -724 -442 -322 177 251 -112 -67 667 493 180 -738 373 103 -10 298 197 -70 279 77 -535 362 -171 43 501 -665 166 -107 601 -493 643 -139 -146 -363 98 -644 -273]
[417 298 454 65 -431 -635 241 -99 3 -65 243 -37 -274 56 609 469 595 486 91 163 205 -79 52 -366 22 567 285 190 -207 540 -691 55 15 328 -652 390 175]
[-41 130 -212 258 -423 -305 -236 -238 361 553 426 -261 144 123 345 202 -232 -324 -627 339 414 -240 -436 465 -177 22 -13 343 349 -419 -87 -76 319 -502 -823 350 99]
[-197 227 15 304 -206 -612 63 70 -426 26 -688 -330 651 -293 408 546 -396 94 45 -13 -257 -527 -146 -233 513 394 -258 202 -773 -237 -447 -540 -158 -393 -62 45 216]
[-154 389 318 -191 -299 407 -16 -137 33 -482 22 97 358 523 -142 -29 -273 124 60 -194 -8 123 -231 136 537 73 94 -124 -490 -461 631 7 -115 -719 63 -36 -372]
[-683 799 151 232 -179 164 173 -384 -581 45 -373 -43 141 295 -50 -112 666 203 -688 -205 -18 -411 -780 290 -51 106 -864 -22 -146 -404 -785 31 -177 241 -27 130 225]
[-612 -85 682 267 80 139 -259 -491 -677 -109 532 30 -600 375 -439 191 -94 157 -412 -15 -179 -506 -259 120 -464 -468 -151 -188 -144 154 -330 -78 -40 -551 5 -241 590]
[444 -321 -38 -82 106 86 -642 200 158 40 1122 -398 -361 93 -467 -44 178 -469 -169 487 373 -302 -272 -425 192 -46 -260 -338 -109 -74 -68 8 -45 593 -90 -506 314]
[333 -607 -161 -456 -394 -33 155 348 -158 -76 309 -211 604 133 -8 -419 667 -592 195 398 270 420 -89 -607 171 -400 11 -222 295 301 439 -244 442 103 -261 -320 165]
[71 -240 517 135 242 166 166 328 214 -266 -357 -447 -766 111 -724 308 288 126 419 306 -97 157 254 -668 456 420 -179 199 21 273 110 252 -179 626 -44 -389 -197]
[-317 -40 176 -53 -332 -153 388 -120 -269 177 462 -108 298 269 -565 326 -18 -179 -379 127 -176 127 203 360 -756 88 -440 -437 -767 -85 853 153 -157 -192 -117 503 -349]
[-521 502 -344 -341 -176 -670 -200 -39 -69 -335 -620 430 -191 -103 -100 -33 131 98 114 -111 572 412 -219 18 -603 -172 -101 -163 21 315 -18 -391 -495 -510 127 -310 163]
[-58 -504 233 -223 -196 -34 11 229 -544 -70 -286 -127 -712 47 240 -763 102 -459 -441 925 818 -115 326 -326 -239 186 -13 -468 -20 -290 37 -373 -307 616 -367 22 -409]
[-494 505 488 -610 262 -577 -584 -787 -145 134 173 403 32 169 -670 178 -191 -71 176 -63 25 -180 -410 -77 -89 234 425 85 302 155 -390 -116 -443 -436 201 -47 26]
[271 183 103 441 292 742 5 -315 -109 -13 381 -243 -282 80 -454 -524 -314 -195 149 88 -170 549 -473 -246 -341 -200 -1 -439 -116 -196 333 -34 -122 270 369 44 -292]]
[phase 1 initial]
[[168 -380 314 184 -270 -115 130 324 358 -235 178 -289 334 209 107 416 159 -60 323 483 354 -381 31 190 607 -198 48 17 63 196 77 188 -40 -82 -375 312 -180]
[-552 31 -36 140 -12 -203 -45 -227 -247 52 106 262 180 337 315 312 -129 201 -224 -717 -410 104 -578 336 32 166 252 -105 -460 -59 185 -341 -181 26 222 468 56]
[-264 -92 -245 357 -174 -33 199 204 -228 -76 394 314 -416 489 -162 -85 -97 324 -514 147 198 132 -13 -94 -95 338 201 6 -829 -473 -72 352 -232 175 63 33 143]
[220 201 -199 89 -210 -405 568 594 -47 -160 -633 -153 98 -388 374 -132 320 404 -17 374 401 -387 -156 -53 279 348 -161 539 444 168 -266 114 293 347 -220 -9 -130]
[544 -663 -76 -354 -284 115 -70 -162 53 187 216 -394 599 83 47 385 -28 -500 40 346 -258 -333 427 -34 356 -486 58 -145 -321 -293 178 9 608 -382 -89 -725 172]
[-163 42 211 -672 -252 256 196 -718 -515 219 83 124 299 59 94 -224 43 -550 -321 11 -349 348 444 -90 -85 -424 -304 -612 -294 263 140 -125 73 -272 -279 -809 84]
[124 -359 -339 -119 568 29 -287 81 575 237 221 -320 229 -124 168 -96 -24 -186 272 -424 -399 632 38 -675 -285 -170 364 -311 147 -51 28 -194 437 92 827 -821 -130]
[-77 430 123 732 -42 -88 94 370 -105 306 318 368 -584 -50 153 533 -219 762 -326 -255 10 -465 -112 384 -89 352 -256 490 -636 -83 -332 110 368 -79 131 774 69]
[-415 239 65 466 -636 150 356 -143 300 218 260 467 -289 -107 615 40 83 236 -469 241 0 316 289 -41 -209 10 337 148 -623 364 -213 141 -195 184 -397 152 -62]
[18 -157 378 94 378 -242 214 -195 94 167 508 -9 -652 -43 -225 261 -570 195 156 220 61 -443 534 -236 -23 344 -132 28 -27 -174 21 438 549 306 -200 129 205]
[158 -466 999 -257 141 284 -104 -124 -501 -220 25 -99 -162 -337 -718 23 205 -396 137 434 303 -386 169 -260 274 -371 -89 -384 394 496 314 -346 -332 92 -446 5 225]
[-111 20 -387 479 -282 323 -29 328 -206 -134 101 -18 127 189 -394 453 -414 -159 -3 -548 180 -194 501 331 171 -111 -463 -281 -1161 -437 184 261 20 -667 264 -75 -204]
[-78 -326 206 -124 -156 -175 -482 -162 109 107 447 234 -421 355 -176 198 281 -720 -343 657 361 -315 -25 -122 -212 53 406 -317 -523 -77 -468 -144 -485 59 -699 -39 241]
[109 -240 -235 -472 -38 -136 -180 -552 13 344 -547 613 -296 -66 358 -537 -180 -453 143 -398 -82 -411 614 239 -390 220 142 -3 -5 -126 -174 -262 253 147 -523 -68 137]
[225 -75 275 259 527 -69 102 -537 360 495 310 446 263 -161 532 -259 -578 186 125 -335 -570 504 -209 57 -505 174 67 214 165 140 -139 -357 265 140 358 928 383]
[-742 199 -421 236 156 350 -80 -244 -323 -163 -163 180 -164 -221 -21 179 -78 573 48 -548 -191 597 -436 -356 -112 -173 351 160 -37 574 365 42 -992 -427 148 -107 -134]
[-768 -126 204 -314 -145 11 -612 -326 483 -113 -62 -242 -154 25 -154 151 -606 -318 462 -109 534 -185 -62 -119 424 -110 192 -434 391 -50 21 197 -831 -623 -423 -107 -402]
[-564 258 -486 223 -564 -330 -146 -47 -13 -434 -73 158 234 486 63 152 271 310 -160 -213 309 -130 -603 -81 453 288 100 36 289 581 -879 -134 -769 -130 -170 98 -237]
[173 -82 714 -399 347 65 206 723 11 140 -433 59 -197 -429 -255 18 -372 -36 -223 -263 226 -331 457 159 647 -96 -322 230 -408 -370 94 -100 573 309 -71 -360 -185]
[127 -245 -565 90 -246 4 -293 48 -520 -82 -319 -698 -104 -590 -232 -177 -233 -453 136 451 415 -339 73 -133 452 408 -231 -194 506 289 -403 -307 -430 -370 -217 -310 125]
[96 161 -174 -212 -131 -81 -412 118 -216 455 -145 81 327 -889 19 124 -20 85 -304 155 -238 -275 -890 219 -978 -104 197 455 20 -449 -180 -623 793 -704 67 -114 349]
[48 298 44 -184 16 582 -89 -356 240 138 464 43 259 676 415 277 376 235 -253 -666 -359 615 -313 -222 32 -538 307 82 -655 -348 246 9 -305 54 -249 -410 -118]
[21 -724 -442 -322 177 251 -112 -67 667 493 180 -738 373 103 -10 298 197 -70 279 77 -535 362 -171 43 501 -665 166 -107 601 -493 643 -139 -146 -363 98 -644 -273]
[417 298 454 65 -431 -635 241 -99 3 -65 243 -37 -274 56 609 469 595 486 91 163 205 -79 52 -366 22 567 285 190 -207 540 -691 55 15 328 -652 390 175]
[-41 130 -212 258 -423 -305 -236 -238 361 553 426 -261 144 123 345 202 -232 -324 -627 339 414 -240 -436 465 -177 22 -13 343 349 -419 -87 -76 319 -502 -823 350 99]
[-197 227 15 304 -206 -612 63 70 -426 26 -688 -330 651 -293 408 546 -396 94 45 -13 -257 -527 -146 -233 513 394 -258 202 -773 -237 -447 -540 -158 -393 -62 45 216]
[-154 389 318 -191 -299 407 -16 -137 33 -482 22 97 358 523 -142 -29 -273 124 60 -194 -8 123 -231 136 537 73 94 -124 -490 -461 631 7 -115 -719 63 -36 -372]
[-683 799 151 232 -179 164 173 -384 -581 45 -373 -43 141 295 -50 -112 666 203 -688 -205 -18 -411 -780 290 -51 106 -864 -22 -146 -404 -785 31 -177 241 -27 130 225]
[-612 -85 682 267 80 139 -259 -491 -677 -109 532 30 -600 375 -439 191 -94 157 -412 -15 -179 -506 -259 120 -464 -468 -151 -188 -144 154 -330 -78 -40 -551 5 -241 590]
[444 -321 -38 -82 106 86 -642 200 158 40 1122 -398 -361 93 -467 -44 178 -469 -169 487 373 -302 -272 -425 192 -46 -260 -338 -109 -74 -68 8 -45 593 -90 -506 314]
[333 -607 -161 -456 -394 -33 155 348 -158 -76 309 -211 604 133 -8 -419 667 -592 195 398 270 420 -89 -607 171 -400 11 -222 295 301 439 -244 442 103 -261 -320 165]
[71 -240 517 135 242 166 166 328 214 -266 -357 -447 -766 111 -724 308 288 126 419 306 -97 157 254 -668 456 420 -179 199 21 273 110 252 -179 626 -44 -389 -197]
[-317 -40 176 -53 -332 -153 388 -120 -269 177 462 -108 298 269 -565 326 -18 -179 -379 127 -176 127 203 360 -756 88 -440 -437 -767 -85 853 153 -157 -192 -117 503 -349]
[-521 502 -344 -341 -176 -670 -200 -39 -69 -335 -620 430 -191 -103 -100 -33 131 98 114 -111 572 412 -219 18 -603 -172 -101 -163 21 315 -18 -391 -495 -510 127 -310 163]
[-58 -504 233 -223 -196 -34 11 229 -544 -70 -286 -127 -712 47 240 -763 102 -459 -441 925 818 -115 326 -326 -239 186 -13 -468 -20 -290 37 -373 -307 616 -367 22 -409]
[-494 505 488 -610 262 -577 -584 -787 -145 134 173 403 32 169 -670 178 -191 -71 176 -63 25 -180 -410 -77 -89 234 425 85 302 155 -390 -116 -443 -436 201 -47 26]
[271 183 103 441 292 742 5 -315 -109 -13 381 -243 -282 80 -454 -524 -314 -195 149 88 -170 549 -473 -246 -341 -200 -1 -439 -116 -196 333 -34 -122 270 369 44 -292]]
