[phase 0]
squared_norm=2598047
coefficients=[-2 0 -1 0 0 1 1 1 0 0 0 1 -1 0 1 -1 1 0 0 0 0 0 1 -1 0 0 1 1 -1 0 0 0 0 0 0 0 0]
vector=[168 -380 314 184 -270 -115 130 324 358 -235 178 -289 334 209 107 416 159 -60 323 483 354 -381 31 190 607 -198 48 17 63 196 77 188 -40 -82 -375 312 -180]

[phase 1]
squared_norm=2598047
coefficients=[1 0 0 0 0 0 0 0 0 0 0 0 0 0 0 0 0 0 0 0 0 0 0 0 0 0 0 0 0 0 0 0 0 0 0 0 0]
vector=[168 -380 314 184 -270 -115 130 324 358 -235 178 -289 334 209 107 416 159 -60 323 483 354 -381 31 190 607 -198 48 17 63 196 77 188 -40 -82 -375 312 -180]

