[phase 0 initial]
[[104 32 75 -78 274 -296 -338 -166 -73 0 -547 -31 -28 -47 -675 -841 -121 186 128 -360 -93 391 -15 -412 183 393 581 -157 130 -35 -557 -219 256 -187 -322 660 -723 344 109]
[-66 -165 -480 711 195 -125 50 -777 -461 272 -300 39 344 -424 -372 -740 88 -159 581 -176 429 892 26 340 -383 693 65 6 741 -151 -470 -316 385 108 -9 130 314 -1 0]
[-193 -663 -535 24 365 -42 -132 -429 -728 64 -589 -74 759 7 164 -262 312 17 152 213 -180 222 -2 210 90 -129 -524 135 -160 -287 91 -174 454 791 484 -778 576 -1 0]
[-95 -35 -372 241 610 135 -288 -181 -5 -141 -690 722 384 179 -324 -393 -336 -170 542 -319 289 104 -464 127 -609 -161 -669 -45 325 -47 -107 413 388 -99 388 -1034 639 90 4]
[-511 71 146 -139 187 -416 -132 695 386 -595 -43 82 -394 909 -523 -189 -141 337 -291 -160 560 -186 16 -444 167 -484 -377 85 63 -268 -223 -398 -88 -1069 -572 -46 -208 307 96]
[404 436 204 339 152 181 -371 -31 403 462 -233 385 -489 156 -116 1114 -83 -509 -383 -88 -377 -691 618 253 142 151 -263 -26 -106 37 67 1075 -374 -84 117 -205 526 -216 -92]
[-603 552 97 -149 -60 391 268 540 -12 -18 -200 407 78 387 343 396 351 384 169 11 781 52 -483 189 183 -835 76 80 477 13 444 -467 -786 -348 323 -181 72 -343 -109]
[489 341 -8 172 -542 601 31 476 226 114 341 -183 -100 151 -130 1248 169 -445 71 -168 358 35 649 -55 291 95 535 -2 27 145 522 -474 -742 -275 657 11 -58 -280 -205]
[189 41 194 442 32 -357 188 -402 -141 509 159 -107 -98 -530 314 167 -161 457 -240 -205 -747 -590 437 -262 208 507 -11 617 -273 -176 220 1186 70 -146 -226 535 -23 -31 0]
[337 -370 108 -49 10 584 210 327 233 84 242 184 439 342 108 -120 283 -523 515 164 120 -312 -452 287 -912 -89 -307 -617 -255 71 41 -118 42 352 304 -393 -180 -379 -322]
[434 -308 24 -572 161 101 163 -162 -361 -227 -61 281 17 -282 -122 -419 400 0 158 216 -927 -74 -648 186 -388 -40 322 -867 -557 -309 -530 37 640 422 263 -198 -403 -114 13]
[-823 141 -20 -145 -793 7 -142 474 -508 -259 133 -305 44 -31 713 572 502 550 -347 489 106 12 -47 -301 260 -876 72 367 -288 -257 71 -23 -616 -165 -689 122 394 -291 67]
[214 -69 -560 -602 -1090 335 25 47 20 353 666 -279 -42 -702 364 600 -378 -326 -100 678 -72 581 -245 209 -222 31 938 -377 -300 319 374 -103 117 68 85 -123 243 -399 -96]
[193 -436 -422 471 -260 -1 -462 149 -439 284 -423 -107 404 451 516 112 -24 -481 -342 200 498 439 731 270 127 560 104 61 -211 -251 151 13 -217 302 382 -1217 1172 -111 -92]
[-547 111 -469 238 -96 -196 673 -140 445 497 121 -397 142 136 -323 757 327 -89 -268 -28 356 -276 484 261 302 394 -328 -533 23 -458 -352 -773 182 -284 -271 785 39 17 19]
[-112 563 -450 332 -2 190 -204 -335 510 483 -538 45 -6 -397 -41 694 -123 205 -457 269 83 235 -211 -386 284 -387 -102 -213 288 3 -525 57 -151 173 -570 562 523 -436 -4]
[388 -40 503 6 356 892 -202 -88 135 141 -444 66 76 527 263 103 412 -274 -311 -50 -287 -320 355 -271 -174 -382 542 172 -376 276 -89 246 -564 1088 137 -674 101 -134 -112]
[303 -758 -62 339 69 -474 -262 428 -75 34 464 -131 546 322 -506 -816 -186 72 -249 -326 750 270 51 -567 104 97 -122 354 51 -393 394 -18 239 -218 68 457 -441 -70 -301]
[-131 -335 -155 -66 -155 -76 184 192 -789 -376 380 -156 152 -201 546 -224 -48 -885 -89 307 -218 252 198 301 -238 -89 222 457 -358 -286 275 232 121 735 281 -616 415 -357 139]
[-20 -493 -695 44 48 27 -619 -123 30 -404 64 86 156 314 -739 611 -76 321 -408 -87 -32 118 374 -85 -485 -265 554 20 -64 -423 28 -199 448 -467 12 -262 457 240 -92]
[296 17 375 -145 -17 -22 -117 -51 78 -144 -188 -237 74 -644 402 -467 -229 414 227 266 -84 240 -281 -38 78 200 666 147 -44 595 883 397 -223 -16 -79 838 -269 389 51]
[-59 -59 -79 -40 -96 -391 -961 163 -607 -423 -145 123 86 266 -627 154 376 120 -424 -401 9 412 593 221 620 383 320 47 541 -333 -92 -804 659 -501 103 -88 112 314 115]
[640 476 -173 524 316 -21 -508 131 191 1042 -88 262 390 73 -601 -572 -304 -84 -270 -494 453 311 -46 217 196 400 220 -223 374 306 24 169 -211 -90 176 43 -465 3 -263]
[61 399 342 74 -105 -379 130 -349 224 412 248 126 95 -943 -266 15 -501 170 11 -99 21 24 -45 137 550 194 267 -50 216 560 110 718 -311 32 -422 454 -650 415 99]
[-330 -612 155 -834 -372 -162 323 -183 159 2 -300 -353 169 -324 945 -526 -279 332 -283 383 -647 110 -440 -334 537 -313 541 412 -628 82 322 754 -344 453 -157 -558 -116 -229 210]
[-28 -292 -421 -68 105 -274 -354 -368 -233 -152 -2 -332 571 -27 -681 -75 459 -391 -256 95 132 118 476 109 242 388 -672 39 -120 -325 267 -57 308 -236 546 -427 389 -123 115]
[-498 -877 360 -439 270 -466 -385 445 -320 11 -78 18 -292 270 383 -285 348 -44 -227 224 217 -229 132 348 510 -20 -391 -98 -121 -184 38 -248 384 662 -224 142 -630 72 -91]
[-158 169 -265 316 -273 154 -451 -465 -17 723 -144 268 202 -284 -132 548 135 -110 -108 146 312 51 458 -148 -335 -146 -8 243 328 -426 489 796 -142 -154 -33 -377 368 -213 -179]
[-496 -147 195 -555 -123 274 97 -234 208 376 -578 -28 -480 -218 -244 94 -311 868 131 89 37 49 -377 445 61 -270 688 -65 163 548 402 -95 -210 405 -146 614 -660 125 -274]
[-53 -88 -255 331 -13 -35 -187 147 -669 -229 -943 81 43 692 -19 -111 549 -87 915 -150 641 311 48 -94 -92 -517 -253 447 -1 238 74 45 -270 -327 227 -314 250 315 50]
[638 422 384 -674 34 -13 -10 362 -447 -708 188 198 -112 161 381 232 749 -393 -466 251 -401 195 -99 -7 672 190 600 -205 -260 -58 485 -119 -30 467 536 -51 -566 308 321]
[-187 243 -171 370 150 180 517 -693 -358 161 448 27 -379 -305 -294 205 59 -393 555 356 -214 -207 -2 -92 -479 258 128 -90 315 -245 -260 698 -244 -255 -654 111 37 -610 -137]
[497 529 -206 -207 243 102 254 -180 601 -585 -138 90 -292 -128 -601 -163 -697 -456 384 -559 -234 334 -200 253 -256 486 387 -157 497 237 -146 276 96 227 149 -74 286 12 -54]
[301 -135 -319 408 152 602 -338 64 -370 849 -556 60 197 -173 -559 752 429 -755 651 287 383 -128 170 482 -208 263 21 -215 295 508 358 227 -180 -88 298 -491 500 -225 -5]
[60 970 316 -411 590 25 -504 240 267 -272 -146 -51 -38 -195 -94 610 -189 307 -23 -337 -240 -534 -49 -267 372 -208 518 72 206 68 349 -669 -164 -378 321 -398 -547 452 -18]
[-163 -40 49 184 -10 -197 -362 898 237 -168 -7 53 -260 638 -705 322 621 92 -180 -34 175 39 228 416 100 -550 123 -657 -140 -405 55 -344 -631 -416 348 13 -161 81 245]
[379 -3 89 92 -99 229 240 -331 433 337 -530 114 -258 -187 259 256 -363 -452 38 -328 -208 -136 191 361 -1004 609 489 -293 278 -148 -165 318 381 -484 -1 -474 154 -506 321]
[-203 -44 198 -22 -497 -448 -441 238 -297 101 190 -237 -1012 358 -71 552 289 -407 -528 -263 608 310 460 -250 74 273 319 -195 -34 186 -517 -178 -306 -380 -182 693 -159 328 -23]
[-459 -134 -135 321 462 457 -62 -256 518 668 421 243 -293 353 -170 185 34 107 -564 198 441 77 88 21 -154 -133 -494 164 874 -139 -66 243 325 -579 -247 650 127 -143 -385]]
[phase 0 refreshed accepted=1]
[[310 -631 140 -295 201 156 -158 -212 103 -296 361 106 134 387 -79 -213 40 -512 410 -73 -94 -11 -76 -417 -155 78 -13 393 -3 405 -113 261 382 -316 75 136 545 -52 76]
[104 32 75 -78 274 -296 -338 -166 -73 0 -547 -31 -28 -47 -675 -841 -121 186 128 -360 -93 391 -15 -412 183 393 581 -157 130 -35 -557 -219 256 -187 -322 660 -723 344 109]
[-66 -165 -480 711 195 -125 50 -777 -461 272 -300 39 344 -424 -372 -740 88 -159 581 -176 429 892 26 340 -383 693 65 6 741 -151 -470 -316 385 108 -9 130 314 -1 0]
[-193 -663 -535 24 365 -42 -132 -429 -728 64 -589 -74 759 7 164 -262 312 17 152 213 -180 222 -2 210 90 -129 -524 135 -160 -287 91 -174 454 791 484 -778 576 -1 0]
[-95 -35 -372 241 610 135 -288 -181 -5 -141 -690 722 384 179 -324 -393 -336 -170 542 -319 289 104 -464 127 -609 -161 -669 -45 325 -47 -107 413 388 -99 388 -1034 639 90 4]
[-603 552 97 -149 -60 391 268 540 -12 -18 -200 407 78 387 343 396 351 384 169 11 781 52 -483 189 183 -835 76 80 477 13 444 -467 -786 -348 323 -181 72 -343 -109]
[404 436 204 339 152 181 -371 -31 403 462 -233 385 -489 156 -116 1114 -83 -509 -383 -88 -377 -691 618 253 142 151 -263 -26 -106 37 67 1075 -374 -84 117 -205 526 -216 -92]
[489 341 -8 172 -542 601 31 476 226 114 341 -183 -100 151 -130 1248 169 -445 71 -168 358 35 649 -55 291 95 535 -2 27 145 522 -474 -742 -275 657 11 -58 -280 -205]
[-217 43 378 -50 -338 -214 78 138 291 -342 90 168 -634 -519 233 119 -184 -207 -464 473 23 -202 -309 437 -551 -219 -215 -677 -83 -481 -60 487 0 803 -409 351 -282 -232 -97]
[-38 -46 -12 466 -390 -16 380 62 -32 -322 133 215 41 -875 209 27 -429 144 292 -131 300 38 -305 -6 -803 71 -97 -81 102 -596 508 537 90 367 293 68 -250 -237 -206]
[453 19 194 272 404 15 -69 -160 118 -232 -278 581 -420 -238 -56 140 156 -103 164 418 -306 -210 -254 709 -567 127 -168 -498 -33 -61 284 1014 84 -452 42 -141 683 21 -41]
[-220 -536 -68 58 19 -119 -63 -267 42 -555 16 140 232 86 640 -311 -308 493 135 -22 173 259 -487 -387 -537 -31 84 250 580 -255 -456 -611 332 499 14 344 100 -362 -88]
[-186 -35 -43 152 164 -523 549 -427 -139 -138 391 559 90 -693 -608 -492 -33 162 331 141 176 265 -636 631 -237 -30 -304 -669 333 -133 -556 260 370 -320 -418 -320 -224 263 99]
[27 628 -569 -66 -18 326 70 -127 -565 -13 -331 -121 -258 -378 -331 -640 102 -155 403 -327 -28 788 -112 71 -109 227 451 178 -13 95 263 -79 333 -620 463 -410 475 326 311]
[-183 -97 -114 -299 57 -460 133 -54 538 337 -78 -199 190 79 -84 -101 112 744 -328 -17 -786 -408 -261 587 237 148 319 -512 -273 -119 -157 68 -245 -591 -343 204 -846 148 38]
[643 193 47 41 -447 837 134 83 118 119 384 -134 -460 27 625 436 330 -524 128 46 -401 -60 31 97 -807 419 634 -170 -119 -5 22 -146 -55 246 510 370 282 -721 -195]
[-217 641 394 182 132 343 99 -403 -191 236 109 698 -176 -493 -7 -180 81 -41 379 -386 -192 -55 -372 147 -218 -101 -431 581 866 329 -9 629 480 -199 -166 -481 272 -327 82]
[408 -34 669 -310 -54 187 -347 -108 516 -324 396 -185 44 -87 -306 -538 147 -311 4 -127 -82 -229 91 -643 -520 -80 88 -277 -114 87 -14 -7 80 526 -235 291 -1132 471 22]
[320 783 -96 560 251 -91 -244 516 380 125 448 -136 -217 -720 14 -563 -339 35 -173 -17 174 153 146 -34 -416 221 90 -273 -22 223 161 -76 138 -392 -736 -488 -1055 646 163]
[50 386 85 -867 -63 362 -342 88 -243 153 -406 -77 671 -172 -118 409 742 1 -249 82 -169 -145 -64 -10 824 -263 297 -129 -317 72 847 -29 -519 190 1128 -32 -368 -428 19]
[-61 -399 -342 -74 105 379 -130 349 -224 -412 -248 -126 -95 943 266 -15 501 -170 -11 99 -21 -24 45 -137 -550 -194 -267 50 -216 -560 -110 -718 311 -32 422 -454 650 -415 -99]
[-482 -305 -227 57 -72 -172 390 56 -333 -215 580 -290 -34 51 -752 -37 75 4 -143 -599 181 159 252 28 256 9 548 444 -80 -71 -268 -247 225 -259 -257 883 -68 135 86]
[443 -177 398 207 171 -224 -100 -786 -264 140 -486 410 49 68 -152 -535 -47 -604 123 9 -262 385 207 -129 8 288 -235 78 794 -441 -114 108 807 650 99 -121 438 134 8]
[-307 -45 -66 -521 421 -330 64 431 117 -436 -624 -138 380 -153 -2 -428 -495 -385 -41 42 -179 -181 -104 -101 99 44 407 -137 -665 -80 612 366 339 41 6 503 -213 484 322]
[-174 516 523 -40 -98 446 777 191 232 383 106 -353 -409 82 -220 15 260 104 321 -141 155 -109 147 -902 502 -448 133 640 60 264 23 -245 -687 -339 -410 488 -892 -361 -37]
[-171 489 -127 -256 -564 -416 409 122 -212 255 475 -114 -334 384 204 367 -778 -236 100 -227 -673 -303 114 397 189 6 -114 111 -89 156 -385 -161 -71 -92 -32 -162 4 388 150]
[190 520 395 509 76 -395 29 292 -460 252 -240 417 -393 253 201 -209 580 -281 -29 -220 96 -13 -6 275 21 44 531 363 515 -24 -140 389 201 -314 -398 1184 -382 -435 3]
[557 -306 498 338 30 83 -489 -131 -218 303 321 -228 -278 -303 -774 355 223 -541 750 -274 375 93 313 -179 207 636 279 380 495 119 84 -51 -81 -460 63 536 -30 -382 -546]
[406 30 192 -173 63 -214 4 -136 288 -238 947 -90 -94 -587 625 443 273 -250 -254 581 -281 -118 282 122 -419 -173 -465 514 93 180 -314 205 74 923 -205 340 189 -617 -106]
[427 670 -223 546 101 -69 385 -310 25 -179 665 69 -150 -759 207 103 -375 -139 -201 -93 -21 -553 -115 115 -407 -411 122 -351 -21 20 503 880 229 -66 88 -425 349 94 43]
[-112 -333 -221 154 262 8 -75 155 -24 85 -483 -243 427 -139 275 236 9 817 -8 -558 -307 120 638 -574 151 -391 446 347 127 520 205 -186 -73 131 -157 41 -571 254 -96]
[255 376 -191 286 243 -246 -387 85 -17 237 -705 -319 -881 91 -154 831 -501 329 -43 -197 -454 223 202 973 -297 365 154 -200 -390 217 17 80 -89 27 65 15 377 183 131]
[-52 836 301 231 204 -92 -324 321 323 -25 -26 -193 419 420 57 678 458 322 -170 -54 174 -327 525 -102 218 -382 58 171 -294 342 259 -589 -19 -230 139 -307 287 80 -17]
[195 471 -317 362 497 -97 -120 -270 -411 -185 -1470 216 -57 -243 -436 -13 -286 412 -6 50 258 224 242 9 219 474 -63 -173 170 -506 175 -168 213 -460 -134 -443 -114 362 -362]
[284 518 255 688 -333 -281 293 793 288 49 287 -394 -736 -153 -108 743 -758 848 -298 424 320 -539 45 -142 -241 28 -576 -165 -439 1 593 643 -372 -885 591 -339 -25 113 -313]
[-89 818 -336 20 330 -564 89 -398 -67 583 -286 -355 185 -208 -744 -370 -90 47 89 21 -632 214 -260 382 -36 556 -49 -286 67 -176 -61 -196 224 204 173 -847 -381 498 385]
[-259 130 283 62 -30 363 56 -181 81 406 3 314 -96 368 -49 422 -163 -424 -250 324 413 125 -101 -83 527 -487 -465 729 540 731 290 -334 145 -643 245 -26 943 -476 209]
[-31 410 -30 235 493 -93 -262 -339 -425 552 -451 1073 0 -235 -319 -573 -82 753 512 -329 153 256 -95 -112 97 259 -269 134 714 265 -356 -195 309 -103 -262 -255 152 -247 260]
[-486 465 -138 302 -305 116 226 -28 -1011 292 719 41 87 -182 31 158 715 449 248 193 17 396 -21 656 599 -140 -375 -301 100 -33 595 -3 -15 66 202 265 808 -272 -113]]
[phase 1 initial]
[[310 -631 140 -295 201 156 -158 -212 103 -296 361 106 134 387 -79 -213 40 -512 410 -73 -94 -11 -76 -417 -155 78 -13 393 -3 405 -113 261 382 -316 75 136 545 -52 76]
[104 32 75 -78 274 -296 -338 -166 -73 0 -547 -31 -28 -47 -675 -841 -121 186 128 -360 -93 391 -15 -412 183 393 581 -157 130 -35 -557 -219 256 -187 -322 660 -723 344 109]
[-66 -165 -480 711 195 -125 50 -777 -461 272 -300 39 344 -424 -372 -740 88 -159 581 -176 429 892 26 340 -383 693 65 6 741 -151 -470 -316 385 108 -9 130 314 -1 0]
[-193 -663 -535 24 365 -42 -132 -429 -728 64 -589 -74 759 7 164 -262 312 17 152 213 -180 222 -2 210 90 -129 -524 135 -160 -287 91 -174 454 791 484 -778 576 -1 0]
[-95 -35 -372 241 610 135 -288 -181 -5 -141 -690 722 384 179 -324 -393 -336 -170 542 -319 289 104 -464 127 -609 -161 -669 -45 325 -47 -107 413 388 -99 388 -1034 639 90 4]
[-603 552 97 -149 -60 391 268 540 -12 -18 -200 407 78 387 343 396 351 384 169 11 781 52 -483 189 183 -835 76 80 477 13 444 -467 -786 -348 323 -181 72 -343 -109]
[404 436 204 339 152 181 -371 -31 403 462 -233 385 -489 156 -116 1114 -83 -509 -383 -88 -377 -691 618 253 142 151 -263 -26 -106 37 67 1075 -374 -84 117 -205 526 -216 -92]
[489 341 -8 172 -542 601 31 476 226 114 341 -183 -100 151 -130 1248 169 -445 71 -168 358 35 649 -55 291 95 535 -2 27 145 522 -474 -742 -275 657 11 -58 -280 -205]
[-217 43 378 -50 -338 -214 78 138 291 -342 90 168 -634 -519 233 119 -184 -207 -464 473 23 -202 -309 437 -551 -219 -215 -677 -83 -481 -60 487 0 803 -409 351 -282 -232 -97]
[-38 -46 -12 466 -390 -16 380 62 -32 -322 133 215 41 -875 209 27 -429 144 292 -131 300 38 -305 -6 -803 71 -97 -81 102 -596 508 537 90 367 293 68 -250 -237 -206]
[453 19 194 272 404 15 -69 -160 118 -232 -278 581 -420 -238 -56 140 156 -103 164 418 -306 -210 -254 709 -567 127 -168 -498 -33 -61 284 1014 84 -452 42 -141 683 21 -41]
[-220 -536 -68 58 19 -119 -63 -267 42 -555 16 140 232 86 640 -311 -308 493 135 -22 173 259 -487 -387 -537 -31 84 250 580 -255 -456 -611 332 499 14 344 100 -362 -88]
[-186 -35 -43 152 164 -523 549 -427 -139 -138 391 559 90 -693 -608 -492 -33 162 331 141 176 265 -636 631 -237 -30 -304 -669 333 -133 -556 260 370 -320 -418 -320 -224 263 99]
[27 628 -569 -66 -18 326 70 -127 -565 -13 -331 -121 -258 -378 -331 -640 102 -155 403 -327 -28 788 -112 71 -109 227 451 178 -13 95 263 -79 333 -620 463 -410 475 326 311]
[-183 -97 -114 -299 57 -460 133 -54 538 337 -78 -199 190 79 -84 -101 112 744 -328 -17 -786 -408 -261 587 237 148 319 -512 -273 -119 -157 68 -245 -591 -343 204 -846 148 38]
[643 193 47 41 -447 837 134 83 118 119 384 -134 -460 27 625 436 330 -524 128 46 -401 -60 31 97 -807 419 634 -170 -119 -5 22 -146 -55 246 510 370 282 -721 -195]
[-217 641 394 182 132 343 99 -403 -191 236 109 698 -176 -493 -7 -180 81 -41 379 -386 -192 -55 -372 147 -218 -101 -431 581 866 329 -9 629 480 -199 -166 -481 272 -327 82]
[408 -34 669 -310 -54 187 -347 -108 516 -324 396 -185 44 -87 -306 -538 147 -311 4 -127 -82 -229 91 -643 -520 -80 88 -277 -114 87 -14 -7 80 526 -235 291 -1132 471 22]
[320 783 -96 560 251 -91 -244 516 380 125 448 -136 -217 -720 14 -563 -339 35 -173 -17 174 153 146 -34 -416 221 90 -273 -22 223 161 -76 138 -392 -736 -488 -1055 646 163]
[50 386 85 -867 -63 362 -342 88 -243 153 -406 -77 671 -172 -118 409 742 1 -249 82 -169 -145 -64 -10 824 -263 297 -129 -317 72 847 -29 -519 190 1128 -32 -368 -428 19]
[-61 -399 -342 -74 105 379 -130 349 -224 -412 -248 -126 -95 943 266 -15 501 -170 -11 99 -21 -24 45 -137 -550 -194 -267 50 -216 -560 -110 -718 311 -32 422 -454 650 -415 -99]
[-482 -305 -227 57 -72 -172 390 56 -333 -215 580 -290 -34 51 -752 -37 75 4 -143 -599 181 159 252 28 256 9 548 444 -80 -71 -268 -247 225 -259 -257 883 -68 135 86]
[443 -177 398 207 171 -224 -100 -786 -264 140 -486 410 49 68 -152 -535 -47 -604 123 9 -262 385 207 -129 8 288 -235 78 794 -441 -114 108 807 650 99 -121 438 134 8]
[-307 -45 -66 -521 421 -330 64 431 117 -436 -624 -138 380 -153 -2 -428 -495 -385 -41 42 -179 -181 -104 -101 99 44 407 -137 -665 -80 612 366 339 41 6 503 -213 484 322]
[-174 516 523 -40 -98 446 777 191 232 383 106 -353 -409 82 -220 15 260 104 321 -141 155 -109 147 -902 502 -448 133 640 60 264 23 -245 -687 -339 -410 488 -892 -361 -37]
[-171 489 -127 -256 -564 -416 409 122 -212 255 475 -114 -334 384 204 367 -778 -236 100 -227 -673 -303 114 397 189 6 -114 111 -89 156 -385 -161 -71 -92 -32 -162 4 388 150]
[190 520 395 509 76 -395 29 292 -460 252 -240 417 -393 253 201 -209 580 -281 -29 -220 96 -13 -6 275 21 44 531 363 515 -24 -140 389 201 -314 -398 1184 -382 -435 3]
[557 -306 498 338 30 83 -489 -131 -218 303 321 -228 -278 -303 -774 355 223 -541 750 -274 375 93 313 -179 207 636 279 380 495 119 84 -51 -81 -460 63 536 -30 -382 -546]
[406 30 192 -173 63 -214 4 -136 288 -238 947 -90 -94 -587 625 443 273 -250 -254 581 -281 -118 282 122 -419 -173 -465 514 93 180 -314 205 74 923 -205 340 189 -617 -106]
[427 670 -223 546 101 -69 385 -310 25 -179 665 69 -150 -759 207 103 -375 -139 -201 -93 -21 -553 -115 115 -407 -411 122 -351 -21 20 503 880 229 -66 88 -425 349 94 43]
[-112 -333 -221 154 262 8 -75 155 -24 85 -483 -243 427 -139 275 236 9 817 -8 -558 -307 120 638 -574 151 -391 446 347 127 520 205 -186 -73 131 -157 41 -571 254 -96]
[255 376 -191 286 243 -246 -387 85 -17 237 -705 -319 -881 91 -154 831 -501 329 -43 -197 -454 223 202 973 -297 365 154 -200 -390 217 17 80 -89 27 65 15 377 183 131]
[-52 836 301 231 204 -92 -324 321 323 -25 -26 -193 419 420 57 678 458 322 -170 -54 174 -327 525 -102 218 -382 58 171 -294 342 259 -589 -19 -230 139 -307 287 80 -17]
[195 471 -317 362 497 -97 -120 -270 -411 -185 -1470 216 -57 -243 -436 -13 -286 412 -6 50 258 224 242 9 219 474 -63 -173 170 -506 175 -168 213 -460 -134 -443 -114 362 -362]
[284 518 255 688 -333 -281 293 793 288 49 287 -394 -736 -153 -108 743 -758 848 -298 424 320 -539 45 -142 -241 28 -576 -165 -439 1 593 643 -372 -885 591 -339 -25 113 -313]
[-89 818 -336 20 330 -564 89 -398 -67 583 -286 -355 185 -208 -744 -370 -90 47 89 21 -632 214 -260 382 -36 556 -49 -286 67 -176 -61 -196 224 204 173 -847 -381 498 385]
[-259 130 283 62 -30 363 56 -181 81 406 3 314 -96 368 -49 422 -163 -424 -250 324 413 125 -101 -83 527 -487 -465 729 540 731 290 -334 145 -643 245 -26 943 -476 209]
[-31 410 -30 235 493 -93 -262 -339 -425 552 -451 1073 0 -235 -319 -573 -82 753 512 -329 153 256 -95 -112 97 259 -269 134 714 265 -356 -195 309 -103 -262 -255 152 -247 260]
[-486 465 -138 302 -305 116 226 -28 -1011 292 719 41 87 -182 31 158 715 449 248 193 17 396 -21 656 599 -140 -375 -301 100 -33 595 -3 -15 66 202 265 808 -272 -113]]
