[phase 0]
squared_norm=2825500
coefficients=[1 1 1 0 0 2 1 -1 0 0 -1 0 2 -1 0 -1 1 1 -1 0 0 0 -1 0 0 0 0 -1 -1 0 0 0 0 0 0 0 0 0 0]
vector=[310 -631 140 -295 201 156 -158 -212 103 -296 361 106 134 387 -79 -213 40 -512 410 -73 -94 -11 -76 -417 -155 78 -13 393 -3 405 -113 261 382 -316 75 136 545 -52 76]

[phase 1]
squared_norm=2825500
coefficients=[1 0 0 0 0 0 0 0 0 0 0 0 0 0 0 0 0 0 0 0 0 0 0 0 0 0 0 0 0 0 0 0 0 0 0 0 0 0 0]
vector=[310 -631 140 -295 201 156 -158 -212 103 -296 361 106 134 387 -79 -213 40 -512 410 -73 -94 -11 -76 -417 -155 78 -13 393 -3 405 -113 261 382 -316 75 136 545 -52 76]

