[phase 0 initial]
[[254 -452 -365 -225 -494 369 -117 -454 192 202 -334 -385 8 -307 42 -189 367 -52 -106 177 -310 -187 -33 72 -336 991 -279 335 230 244 -212 25 266 -7]
[-98 173 45 -115 681 -187 -187 326 -430 -97 -63 622 -211 92 -760 -102 -404 404 -105 -585 225 85 -38 -623 -339 -211 -267 97 -183 -446 58 -1 -38 -5]
[217 538 204 54 405 -4 735 273 945 259 13 386 718 186 337 -227 196 -229 430 269 -195 -371 156 98 282 -190 308 -565 -335 -136 53 149 101 0]
[-116 308 -545 161 -396 -119 -454 257 -156 268 80 57 147 229 687 -128 40 -531 554 64 435 145 -82 278 -250 511 -482 399 -459 -56 -270 113 387 3]
[167 -156 -906 308 -775 49 38 133 131 315 -246 -32 631 49 363 -149 22 -409 374 133 -414 95 873 127 -389 441 -178 -28 139 -530 -316 147 -198 1]
[151 -120 -51 -277 396 467 12 -269 -284 114 -319 -124 -118 -873 -574 642 -241 -429 -715 -156 -1 -239 -473 272 203 14 -64 -78 -225 -47 329 -586 -388 -3]
[-34 872 162 239 411 182 -606 607 179 -141 45 -78 155 116 206 581 183 -569 62 426 371 -489 -686 359 762 -599 -772 71 -547 -56 -435 -32 -126 7]
[97 450 229 172 381 -47 -786 704 -343 -1026 281 -52 -458 650 502 313 157 680 -256 -78 441 13 7 -224 -289 -161 -206 542 -18 79 347 -14 -252 7]
[-164 -51 -267 -381 -71 -598 -808 164 -444 442 -596 313 -402 -383 -555 341 559 -445 -49 -1 416 38 -220 120 -28 300 -839 -129 -132 332 286 42 -208 -1]
[-100 272 851 109 526 1050 185 184 -130 486 -25 272 262 -183 -623 -208 -771 -114 156 -221 -385 -670 -510 -21 422 -361 -196 -238 -682 60 -264 361 89 -5]
[-167 -165 -1383 -333 166 518 205 -68 -267 -378 3 313 128 -31 -36 -373 -132 -100 -539 -172 -113 -232 32 244 -720 420 452 557 379 -288 169 -741 205 -7]
[266 -342 378 -165 -632 503 251 -636 164 -754 143 -705 -365 257 173 582 194 591 -184 367 -321 728 -175 140 56 -153 351 298 -80 -129 -217 243 -528 -7]
[-382 307 -653 -915 -471 -10 37 95 -444 353 -242 -327 -594 -8 -89 -338 231 -226 234 372 -88 38 -640 178 188 560 -287 62 -166 275 224 141 550 -5]
[401 -94 5 297 -287 -464 -273 -368 45 451 -762 126 234 -44 -384 73 222 -411 88 -659 427 -203 -86 -51 -163 229 68 -21 -7 498 420 -409 -136 -46]
[-452 159 816 -912 319 24 523 112 472 186 -203 295 -334 62 233 45 74 -178 -89 551 189 520 12 270 712 -270 91 -410 -100 316 435 75 16 -1]
[104 -215 333 140 -352 99 -179 207 -139 -141 61 -30 -15 -26 -747 605 136 668 -268 -264 -230 -14 -67 -382 -501 -883 -1 -119 117 -470 -537 127 -183 33]
[1055 -104 251 -274 -116 -273 624 12 61 -316 -65 272 245 -126 -40 473 370 198 25 -436 219 290 -578 228 -518 237 312 -234 -344 16 321 -567 -196 -15]
[769 -428 485 67 155 596 -142 263 548 -477 -308 121 -234 -283 -470 -479 -152 426 -134 75 -275 -439 86 -384 27 576 -566 -360 122 -75 -422 388 82 114]
[-197 -28 -86 550 741 -494 95 -385 330 691 -45 191 265 -398 33 294 -263 -459 138 -765 -278 40 207 189 -262 433 -19 -126 -401 -440 -215 -253 -32 -89]
[-101 505 -242 -190 647 564 104 668 -185 -716 159 -6 487 589 612 -280 -322 -114 1 383 62 -30 -189 -448 119 45 -568 142 329 -318 -152 216 366 151]
[282 105 55 -495 284 -582 280 -48 418 76 88 92 642 -503 -689 -149 328 603 -137 -138 -106 257 214 -790 -347 -39 -500 -720 529 -228 -24 60 -188 38]
[-171 6 151 -82 774 -209 254 -16 -20 -23 -4 418 -2 21 -187 9 -84 339 -225 334 713 413 -179 45 -96 342 -193 -62 -213 244 28 27 530 197]
[7 796 306 -645 483 -182 105 41 182 181 -307 199 338 -81 -423 258 151 -460 376 -64 -346 503 157 -300 8 -478 -333 -284 -414 -866 -420 41 -89 -315]
[196 -725 583 168 -98 -390 147 89 340 -147 -15 -790 327 549 204 698 341 243 34 -359 -358 -81 210 -262 285 -929 203 -119 445 -216 -304 -28 -429 -218]
[303 -194 -78 -287 -337 -125 -69 -317 -255 -109 -223 -611 20 347 -542 90 -21 -231 372 175 -423 200 -362 -588 -347 -488 -110 276 -212 -70 -231 236 35 -146]
[163 643 -262 -174 -131 -31 96 394 110 289 -582 -61 421 196 -165 22 185 -447 366 23 107 -185 -3 -461 -69 826 -538 202 488 -94 -1058 -475 785 93]
[42 686 -228 -597 160 95 34 232 631 84 354 59 163 -200 55 405 635 386 432 -13 126 -690 -257 98 161 17 108 192 -394 33 262 94 142 184]
[615 147 -104 9 -141 679 -162 -138 87 472 109 -436 441 12 122 -682 -428 -748 398 38 -16 -679 -353 350 4 606 177 -78 -314 474 116 -331 454 297]
[70 129 272 -273 3 -299 215 428 -266 290 662 700 -364 -203 158 -32 206 -340 -296 -11 272 -558 -430 53 475 -296 -222 -577 -43 126 191 183 389 -33]
[-329 -476 -174 -402 -92 1113 115 15 -7 168 -53 -73 -511 -200 -418 -134 -317 437 -245 274 -612 246 -188 -681 -402 280 15 197 265 -88 -239 -135 514 568]
[70 -721 257 184 507 200 -176 -16 349 279 -246 -441 -112 87 -318 -257 -235 113 -237 31 -449 54 127 -601 -60 893 -183 229 -76 180 -138 776 327 316]
[252 255 260 610 -174 -131 766 -29 159 677 55 -467 150 -382 137 5 -338 91 171 -186 -86 195 -105 89 270 -298 -82 -146 326 295 9 -728 -568 -186]
[-623 -416 0 -575 -568 220 136 -840 -364 -10 -182 -46 -361 -854 -237 -72 211 57 141 -322 -673 202 268 211 -299 402 79 -247 -19 84 173 429 -378 298]
[270 -222 548 91 289 216 505 -382 -296 110 43 -193 258 46 361 223 -191 217 -433 316 35 175 262 74 875 -534 -219 -129 354 134 -584 69 -161 80]]
[phase 0 refreshed]
[[-212 81 -47 -92 -62 -71 -203 142 -390 257 41 -262 -159 205 -700 -420 -10 116 -14 15 -64 -125 223 -244 -127 -127 121 39 -235 110 -589 -253 -223 -466]
[-171 6 151 -82 774 -209 254 -16 -20 -23 -4 418 -2 21 -187 9 -84 339 -225 334 713 413 -179 45 -96 342 -193 -62 -213 244 28 27 530 197]
[-98 173 45 -115 681 -187 -187 326 -430 -97 -63 622 -211 92 -760 -102 -404 404 -105 -585 225 85 -38 -623 -339 -211 -267 97 -183 -446 58 -1 -38 -5]
[254 -452 -365 -225 -494 369 -117 -454 192 202 -334 -385 8 -307 42 -189 367 -52 -106 177 -310 -187 -33 72 -336 991 -279 335 230 244 -212 25 266 -7]
[-4 -150 -755 226 -1 -160 292 117 111 292 -250 386 629 70 176 -140 -62 -70 149 467 299 508 694 172 -485 783 -371 -90 -74 -286 -288 174 332 198]
[-116 308 -545 161 -396 -119 -454 257 -156 268 80 57 147 229 687 -128 40 -531 554 64 435 145 -82 278 -250 511 -482 399 -459 -56 -270 113 387 3]
[31 -382 439 173 -259 77 262 -135 271 -67 120 -234 194 -97 -174 716 456 603 -388 655 258 314 -208 286 -258 -330 73 -278 87 220 -567 155 385 235]
[217 538 204 54 405 -4 735 273 945 259 13 386 718 186 337 -227 196 -229 430 269 -195 -371 156 98 282 -190 308 -565 -335 -136 53 149 101 0]
[-246 -353 251 -19 272 -258 -643 70 -611 -179 190 -83 92 391 324 -479 235 -174 -73 115 755 299 223 -335 -508 538 -264 249 260 825 -256 -137 134 -311]
[-387 -139 -351 -470 -22 -398 206 353 -570 -238 -85 148 133 305 569 -229 91 -342 101 364 192 599 348 -136 4 164 -89 -490 697 272 723 266 56 155]
[141 -125 453 -94 -193 306 -526 162 542 229 -274 498 206 63 478 -45 -70 -470 245 -499 -86 112 678 -226 -305 119 -457 421 -133 -461 -241 44 -449 -202]
[-390 -620 -351 -74 -258 68 269 530 -9 223 -205 686 -252 284 259 -464 -459 277 -196 163 346 197 690 74 -24 438 -21 -57 270 206 597 180 -131 310]
[170 563 265 -560 -111 -541 -466 92 151 52 418 -237 160 -344 -178 -137 430 142 268 -541 30 -106 -562 -684 -112 -311 -611 -231 144 2 -6 -1 -133 -157]
[-241 -2 -444 189 348 287 -181 -408 -598 -384 -81 304 484 -343 -329 508 105 -285 -131 126 -219 139 -447 588 -220 -284 -270 -70 428 -57 -63 209 444 353]
[-124 34 -181 -372 -341 545 -357 -840 27 -227 340 -332 -250 -220 -597 -307 33 515 -90 30 -190 248 -552 392 70 282 -340 588 -287 330 -464 -15 -444 -155]
[226 -150 737 -102 721 304 -75 281 -89 53 -55 149 677 -322 -660 541 326 -164 -626 -36 329 -325 -161 -347 -524 -521 -21 -513 -183 172 -411 -447 -336 -281]
[-286 272 -446 -526 -242 -558 7 -95 -388 398 -254 -461 -459 -339 -328 -93 214 248 -144 200 -316 467 766 261 -418 402 300 -12 188 -45 105 -420 461 -256]
[300 411 -237 107 360 100 -169 300 -140 -265 -603 120 721 545 228 -207 -100 -525 89 -276 489 -233 -275 -499 -44 274 -500 121 322 180 268 -193 230 105]
[-17 -429 459 192 212 337 154 -308 234 -397 -460 -94 -260 618 517 345 -566 -46 -302 -978 -63 224 -247 -268 211 209 182 326 185 103 721 -197 -793 121]
[223 11 -117 -187 785 -942 188 374 205 37 280 218 550 -156 374 66 377 -91 513 283 224 -81 263 9 363 -339 -366 -268 195 -405 159 294 732 89]
[-380 233 -270 -103 -259 434 625 -60 400 100 -507 161 -203 545 -132 362 -152 159 186 514 216 441 286 -297 277 603 200 69 -266 -179 -237 410 -171 403]
[248 166 -173 -155 -496 446 24 125 -313 -151 -46 381 444 452 440 -192 584 -434 -381 255 -94 -344 339 471 -309 223 -36 -61 526 454 -73 -79 514 -191]
[20 131 -733 523 -264 305 -177 468 260 578 -36 94 342 -244 -151 226 401 -411 436 399 -495 -505 -193 -182 -185 -120 -61 -519 -149 -6 -181 -43 163 580]
[62 -273 481 -266 326 -103 -591 43 32 -95 -483 -490 -565 60 -637 412 31 308 -620 636 170 55 142 -127 -162 -257 -417 579 -44 534 -84 -299 153 -88]
[303 -194 -78 -287 -337 -125 -69 -317 -255 -109 -223 -611 20 347 -542 90 -21 -231 372 175 -423 200 -362 -588 -347 -488 -110 276 -212 -70 -231 236 35 -146]
[38 -21 757 481 635 -335 -282 -699 673 149 -38 -208 543 1 111 -398 310 -67 -102 233 189 -164 8 301 320 -612 22 -185 -25 640 200 167 334 -244]
[-338 -180 517 307 81 88 -297 130 536 -57 585 335 204 -196 319 -411 15 37 -90 -195 153 -62 118 -120 407 -389 224 403 -306 579 209 584 -508 -225]
[407 -365 -170 188 312 -207 94 -431 -22 176 -60 -250 -63 -20 724 -49 63 -408 -111 197 417 263 644 476 -581 693 33 302 167 48 550 -74 -629 -276]
[-167 -634 644 -222 -8 462 -285 -249 65 -642 464 356 -9 -409 -260 206 119 606 103 159 189 474 776 522 -254 -128 299 -210 363 390 -335 344 95 197]
[72 438 -156 139 229 132 41 -16 372 -95 -2 247 -39 649 -278 273 -31 14 306 -281 -340 -299 62 -49 151 -722 62 -140 -531 36 -857 78 -775 68]
[-691 355 36 -220 -457 67 68 -270 -656 -123 -347 -425 404 111 9 -408 138 -704 427 -175 -163 -54 287 19 205 -231 246 -519 21 576 6 -41 -599 -51]
[4 -15 896 41 -96 -372 -446 43 -266 451 600 -272 -464 66 100 -254 111 509 -386 -425 -267 258 -3 -506 -460 -83 7 -214 430 -408 -322 -110 79 14]
[73 463 288 -261 258 -413 221 263 31 -32 267 644 -373 5 55 -259 -337 371 496 238 19 -191 -490 798 101 -128 414 240 -175 -136 765 365 169 508]
[0 285 26 144 843 -1066 264 647 53 -307 405 -50 265 44 -126 -221 170 -65 160 -608 4 23 292 -358 -356 29 520 -408 -557 -173 -261 -318 -215 160]]
[phase 1 initial]
[[-212 81 -47 -92 -62 -71 -203 142 -390 257 41 -262 -159 205 -700 -420 -10 116 -14 15 -64 -125 223 -244 -127 -127 121 39 -235 110 -589 -253 -223 -466]
[-171 6 151 -82 774 -209 254 -16 -20 -23 -4 418 -2 21 -187 9 -84 339 -225 334 713 413 -179 45 -96 342 -193 -62 -213 244 28 27 530 197]
[-98 173 45 -115 681 -187 -187 326 -430 -97 -63 622 -211 92 -760 -102 -404 404 -105 -585 225 85 -38 -623 -339 -211 -267 97 -183 -446 58 -1 -38 -5]
[254 -452 -365 -225 -494 369 -117 -454 192 202 -334 -385 8 -307 42 -189 367 -52 -106 177 -310 -187 -33 72 -336 991 -279 335 230 244 -212 25 266 -7]
[-4 -150 -755 226 -1 -160 292 117 111 292 -250 386 629 70 176 -140 -62 -70 149 467 299 508 694 172 -485 783 -371 -90 -74 -286 -288 174 332 198]
[-116 308 -545 161 -396 -119 -454 257 -156 268 80 57 147 229 687 -128 40 -531 554 64 435 145 -82 278 -250 511 -482 399 -459 -56 -270 113 387 3]
[31 -382 439 173 -259 77 262 -135 271 -67 120 -234 194 -97 -174 716 456 603 -388 655 258 314 -208 286 -258 -330 73 -278 87 220 -567 155 385 235]
[217 538 204 54 405 -4 735 273 945 259 13 386 718 186 337 -227 196 -229 430 269 -195 -371 156 98 282 -190 308 -565 -335 -136 53 149 101 0]
[-246 -353 251 -19 272 -258 -643 70 -611 -179 190 -83 92 391 324 -479 235 -174 -73 115 755 299 223 -335 -508 538 -264 249 260 825 -256 -137 134 -311]
[-387 -139 -351 -470 -22 -398 206 353 -570 -238 -85 148 133 305 569 -229 91 -342 101 364 192 599 348 -136 4 164 -89 -490 697 272 723 266 56 155]
[141 -125 453 -94 -193 306 -526 162 542 229 -274 498 206 63 478 -45 -70 -470 245 -499 -86 112 678 -226 -305 119 -457 421 -133 -461 -241 44 -449 -202]
[-390 -620 -351 -74 -258 68 269 530 -9 223 -205 686 -252 284 259 -464 -459 277 -196 163 346 197 690 74 -24 438 -21 -57 270 206 597 180 -131 310]
[170 563 265 -560 -111 -541 -466 92 151 52 418 -237 160 -344 -178 -137 430 142 268 -541 30 -106 -562 -684 -112 -311 -611 -231 144 2 -6 -1 -133 -157]
[-241 -2 -444 189 348 287 -181 -408 -598 -384 -81 304 484 -343 -329 508 105 -285 -131 126 -219 139 -447 588 -220 -284 -270 -70 428 -57 -63 209 444 353]
[-124 34 -181 -372 -341 545 -357 -840 27 -227 340 -332 -250 -220 -597 -307 33 515 -90 30 -190 248 -552 392 70 282 -340 588 -287 330 -464 -15 -444 -155]
[226 -150 737 -102 721 304 -75 281 -89 53 -55 149 677 -322 -660 541 326 -164 -626 -36 329 -325 -161 -347 -524 -521 -21 -513 -183 172 -411 -447 -336 -281]
[-286 272 -446 -526 -242 -558 7 -95 -388 398 -254 -461 -459 -339 -328 -93 214 248 -144 200 -316 467 766 261 -418 402 300 -12 188 -45 105 -420 461 -256]
[300 411 -237 107 360 100 -169 300 -140 -265 -603 120 721 545 228 -207 -100 -525 89 -276 489 -233 -275 -499 -44 274 -500 121 322 180 268 -193 230 105]
[-17 -429 459 192 212 337 154 -308 234 -397 -460 -94 -260 618 517 345 -566 -46 -302 -978 -63 224 -247 -268 211 209 182 326 185 103 721 -197 -793 121]
[223 11 -117 -187 785 -942 188 374 205 37 280 218 550 -156 374 66 377 -91 513 283 224 -81 263 9 363 -339 -366 -268 195 -405 159 294 732 89]
[-380 233 -270 -103 -259 434 625 -60 400 100 -507 161 -203 545 -132 362 -152 159 186 514 216 441 286 -297 277 603 200 69 -266 -179 -237 410 -171 403]
[248 166 -173 -155 -496 446 24 125 -313 -151 -46 381 444 452 440 -192 584 -434 -381 255 -94 -344 339 471 -309 223 -36 -61 526 454 -73 -79 514 -191]
[20 131 -733 523 -264 305 -177 468 260 578 -36 94 342 -244 -151 226 401 -411 436 399 -495 -505 -193 -182 -185 -120 -61 -519 -149 -6 -181 -43 163 580]
[62 -273 481 -266 326 -103 -591 43 32 -95 -483 -490 -565 60 -637 412 31 308 -620 636 170 55 142 -127 -162 -257 -417 579 -44 534 -84 -299 153 -88]
[303 -194 -78 -287 -337 -125 -69 -317 -255 -109 -223 -611 20 347 -542 90 -21 -231 372 175 -423 200 -362 -588 -347 -488 -110 276 -212 -70 -231 236 35 -146]
[38 -21 757 481 635 -335 -282 -699 673 149 -38 -208 543 1 111 -398 310 -67 -102 233 189 -164 8 301 320 -612 22 -185 -25 640 200 167 334 -244]
[-338 -180 517 307 81 88 -297 130 536 -57 585 335 204 -196 319 -411 15 37 -90 -195 153 -62 118 -120 407 -389 224 403 -306 579 209 584 -508 -225]
[407 -365 -170 188 312 -207 94 -431 -22 176 -60 -250 -63 -20 724 -49 63 -408 -111 197 417 263 644 476 -581 693 33 302 167 48 550 -74 -629 -276]
[-167 -634 644 -222 -8 462 -285 -249 65 -642 464 356 -9 -409 -260 206 119 606 103 159 189 474 776 522 -254 -128 299 -210 363 390 -335 344 95 197]
[72 438 -156 139 229 132 41 -16 372 -95 -2 247 -39 649 -278 273 -31 14 306 -281 -340 -299 62 -49 151 -722 62 -140 -531 36 -857 78 -775 68]
[-691 355 36 -220 -457 67 68 -270 -656 -123 -347 -425 404 111 9 -408 138 -704 427 -175 -163 -54 287 19 205 -231 246 -519 21 576 6 -41 -599 -51]
[4 -15 896 41 -96 -372 -446 43 -266 451 600 -272 -464 66 100 -254 111 509 -386 -425 -267 258 -3 -506 -460 -83 7 -214 430 -408 -322 -110 79 14]
[73 463 288 -261 258 -413 221 263 31 -32 267 644 -373 5 55 -259 -337 371 496 238 19 -191 -490 798 101 -128 414 240 -175 -136 765 365 169 508]
[0 285 26 144 843 -1066 264 647 53 -307 405 -50 265 44 -126 -221 170 -65 160 -608 4 23 292 -358 -356 29 520 -408 -557 -173 -261 -318 -215 160]]
