[phase 0]
score=8.026856798205865
squared_norm=2091139
coefficients=[-1 0 2 2 -1 1 -1 1 1 1 1 1 0 -1 -1 -1 -1 0 -1 -2 1 0 0 1 0 1 -1 0 0 0 0 0 0 0]
vector=[-212 81 -47 -92 -62 -71 -203 142 -390 257 41 -262 -159 205 -700 -420 -10 116 -14 15 -64 -125 223 -244 -127 -127 121 39 -235 110 -589 -253 -223 -466]

[phase 1]
score=0
squared_norm=2091139
coefficients=[1 0 0 0 0 0 0 0 0 0 0 0 0 0 0 0 0 0 0 0 0 0 0 0 0 0 0 0 0 0 0 0 0 0]
vector=[-212 81 -47 -92 -62 -71 -203 142 -390 257 41 -262 -159 205 -700 -420 -10 116 -14 15 -64 -125 223 -244 -127 -127 121 39 -235 110 -589 -253 -223 -466]

