[phase 0 initial]
[[60 46 652 -758 621 -170 -152 -51 -193 -539 -406 532 176 318 31 -480 -506 -343 150 -189 -338 58 -150 -480 -470 -310 179 219 -213 -50 -359 -251 344 538 -132 27 0]
[-368 -203 -402 404 228 92 463 -273 644 244 124 -611 -548 -500 -79 185 468 44 62 28 -746 113 -561 292 -239 333 -275 -47 -178 -193 269 107 30 -954 -808 0 0]
[49 -216 443 -270 721 42 804 -231 263 -194 -365 26 -798 -51 419 -193 347 -472 -502 330 -605 233 -116 190 169 482 313 -82 -486 -62 278 250 -148 -101 210 -451 -11]
[128 -679 -516 -164 246 86 -8 289 62 1006 -121 -175 -633 -173 81 409 -46 -31 -634 675 -565 182 37 -268 440 792 -230 -317 -160 -368 -49 41 -199 -586 -57 -282 -4]
[-4 -40 -121 75 -622 -166 -258 -32 -21 84 -521 -225 -79 -531 -716 407 -293 567 -87 704 -354 16 -485 -611 28 373 71 38 177 79 -254 -462 -34 -134 -816 327 7]
[426 449 236 -370 -124 -663 -420 -502 -178 179 -110 303 355 130 -508 -88 -1156 86 -129 452 617 -117 -208 -908 27 -164 -260 500 -338 303 -323 20 -63 680 -47 243 17]
[258 -51 -269 839 -436 -457 -271 -65 326 373 500 -322 -6 -207 90 -377 -115 95 -477 418 589 -536 7 -137 -459 -323 194 -167 -33 138 -222 307 -569 317 -28 430 11]
[33 303 406 -313 298 327 19 -6 -372 34 -327 -139 -40 109 -694 -215 139 5 330 -469 397 -277 295 -28 487 -476 292 355 -129 -211 312 70 518 402 743 -388 444]
[399 403 188 -315 -45 -722 369 -298 321 -787 -456 304 260 160 211 -43 350 -139 -557 287 278 -77 415 151 -791 98 995 73 -505 493 -560 -186 -349 684 262 -86 0]
[-4 192 -411 -461 388 -302 -298 -19 311 373 -296 -607 -254 -276 70 84 616 -359 626 -463 -408 -17 700 -6 -259 191 -113 75 -135 -119 79 126 178 -415 111 24 -33]
[238 -357 -157 347 -89 -585 -357 -702 548 198 237 42 -257 -533 119 -413 -228 66 476 670 -208 -151 -85 -96 -470 677 -228 81 -102 -212 47 225 -356 -65 -1001 339 -454]
[56 -5 387 -529 549 159 425 187 -706 -70 28 481 -3 178 153 -21 -854 -235 -438 -221 -247 353 -282 288 -154 32 -580 220 83 -260 516 200 392 -114 398 196 -444]
[-58 -952 -152 561 589 422 200 292 -216 132 293 574 -433 251 383 -450 297 -477 -20 264 132 -183 -32 -234 181 248 355 -736 -16 57 -265 -216 -12 -633 -115 -272 23]
[-21 -20 179 -361 -164 161 -72 353 236 -309 -381 27 22 168 623 -302 -139 -325 -532 486 21 650 -92 -473 311 -120 -50 -397 641 -141 -213 -167 63 755 529 478 -9]
[-25 154 450 209 -361 425 44 361 -414 58 -561 -354 -351 44 358 671 -614 193 -422 683 136 -131 277 32 903 568 -351 -370 -16 391 -177 175 -499 -240 193 -242 54]
[262 262 99 -379 613 -337 279 -518 564 -140 42 310 306 146 -492 -518 288 -433 773 -679 -122 116 10 352 -12 -55 365 10 -535 -193 509 -61 -69 -158 473 -645 89]
[-285 100 85 -306 471 129 313 -1063 -99 -220 272 -2 355 278 -434 -320 48 -46 648 -17 76 453 -16 -667 -48 33 -12 585 -567 -96 84 -519 530 79 -738 -89 314]
[-218 -99 -909 -456 -564 -100 -276 267 -645 500 499 -154 552 -223 -269 414 456 322 325 117 179 43 738 -269 -85 359 -281 25 415 -311 -3 -288 300 334 594 -114 103]
[-506 -36 152 163 59 401 -443 42 -211 629 271 -56 -174 -258 -272 384 400 -166 309 -631 330 77 34 -629 813 -517 -124 -198 55 383 705 103 -78 -674 -254 45 168]
[285 -296 -168 60 547 -583 -75 79 -532 193 69 -170 -330 -333 179 -199 178 -374 -10 -300 -65 -410 -183 127 -849 21 184 -342 -283 176 -110 -335 -76 -68 11 -407 -236]
[-656 418 85 -538 45 170 88 -260 -536 -500 162 -130 44 391 -183 172 -330 290 522 -577 -959 -111 -466 -179 -349 -746 -290 540 305 130 262 387 551 49 -391 132 506]
[-554 -95 -363 -208 198 343 217 -208 232 653 113 -318 -305 -620 -1020 171 -330 265 271 784 100 130 -403 -138 406 364 -439 427 -418 -361 106 -267 394 30 -882 82 236]
[34 -481 363 -435 262 -692 -510 74 92 508 384 747 584 -286 214 81 -620 316 417 -528 -276 39 -278 -332 -709 164 -395 343 24 -221 -479 364 55 198 -238 -117 -452]
[-403 439 -386 -587 -198 234 -226 316 154 44 -70 -111 114 -386 -255 70 646 326 37 -88 274 335 126 382 -566 -236 -296 461 159 -500 193 -293 642 29 60 -308 -168]
[106 -522 -42 -384 233 110 198 512 -432 485 -232 -137 -151 -368 58 102 144 -369 -297 172 -718 -218 -375 38 -108 657 623 -115 95 6 -189 -102 -369 100 200 -24 -78]
[-204 -575 155 -35 297 525 -92 297 67 377 143 81 -356 400 265 20 350 -871 -143 31 -110 609 58 -586 593 406 -129 -155 -137 -426 679 -166 -487 -1208 252 -461 -62]
[65 -254 515 236 -21 601 -123 -19 -560 643 196 68 117 45 -209 248 -747 457 493 -516 784 -80 385 318 -80 -242 -764 437 219 -98 643 -31 -113 -222 9 -274 -197]
[-366 349 498 -352 115 887 -681 280 -303 -249 214 168 599 422 392 269 -596 -236 326 -156 46 156 239 -522 244 -319 -50 26 166 34 -341 -110 428 -388 72 37 -234]
[-171 -257 623 476 -57 -56 127 381 -50 179 355 -314 -98 282 925 12 573 -376 -83 -128 278 508 522 932 694 236 75 -357 289 -57 359 21 -376 11 -2 1 -99]
[55 -234 -519 -110 348 348 -69 147 -214 224 207 446 -171 401 162 -84 -220 -276 -114 490 -85 541 501 -515 405 82 -550 -283 -153 246 122 61 -12 547 576 -65 222]
[24 139 173 371 -297 -249 -568 207 117 566 258 23 216 -207 -426 155 -430 255 -21 -253 -247 -262 -335 -647 238 -254 183 1 -94 -335 98 95 -226 113 255 -112 756]
[75 234 -210 5 -176 77 233 -124 -914 311 23 224 315 337 -342 384 366 58 -66 -195 -16 114 313 -280 497 554 61 -119 534 458 -141 98 -40 5 847 -392 -124]
[-203 -831 276 448 279 -16 -92 -131 -346 0 -8 210 -60 657 -47 -499 -124 -213 40 -314 -203 -193 -760 -347 436 -115 560 367 -542 286 -188 484 111 358 -20 -81 211]
[377 112 -15 -640 -186 -274 -33 39 110 183 -142 339 -49 -161 -35 119 131 44 -309 146 395 451 -53 -552 193 542 -258 261 26 274 -52 86 -461 246 690 646 77]
[226 41 382 10 -308 1079 -155 435 -123 66 130 -178 222 314 19 487 -85 296 32 -520 -23 184 336 328 -289 208 -74 106 242 -90 -403 -206 113 118 -287 137 -253]
[83 399 520 -265 276 -125 -571 201 -21 151 -508 354 -26 105 598 122 245 -353 60 -177 36 -78 -79 -99 570 -277 -197 8 -816 114 137 156 -370 428 -90 -261 -191]
[380 72 294 -136 -143 -31 -188 -518 259 -469 -66 113 -270 268 490 -456 331 -880 207 207 390 300 554 -184 -334 -376 502 -405 -18 371 51 -92 -380 -311 547 -30 213]]
[phase 0 refreshed accepted=1]
[[298 206 293 -92 353 124 -30 -98 -306 -222 -383 280 221 163 -343 119 367 -72 338 -448 -4 126 177 -685 32 244 -203 138 40 -107 -162 -172 -55 -26 -24 -342 716]
[17 237 500 -222 121 -226 -565 245 180 -435 -206 -181 -254 -562 -269 285 -527 -7 119 -132 -649 -127 -159 111 -152 -518 295 -211 17 -102 87 -96 305 278 -150 280 -400]
[-255 -397 -141 -444 147 -68 443 -198 -67 118 183 433 209 717 643 -884 -346 -264 -307 391 315 59 -168 94 -350 -36 87 292 -270 159 -284 17 94 286 42 89 -316]
[556 155 24 747 -83 -333 -301 -163 20 151 117 -42 215 -44 -253 -258 252 23 -139 -30 585 -410 184 -822 -427 -79 -9 -29 7 31 -384 135 -624 291 -52 88 727]
[612 150 411 218 466 -174 124 24 -686 81 145 439 212 134 -100 -279 -602 -212 -577 -251 338 -57 -98 -534 -581 -47 -589 191 90 -229 132 335 -232 177 346 284 283]
[-583 -106 -208 -214 118 5 343 -965 207 2 655 -282 134 115 -91 -439 -319 26 310 431 80 327 -193 18 -80 -211 191 447 -607 11 246 -347 585 105 -714 253 -402]
[93 288 404 -803 763 -406 -318 147 773 -283 -671 292 -284 230 351 -72 20 -594 437 -593 -531 -232 -143 31 -49 -256 -29 -4 -389 199 -537 350 -8 116 197 -594 129]
[641 352 42 248 -14 -576 -300 190 259 421 -641 -26 -327 -485 -496 536 -369 104 -377 49 -209 -331 -576 -634 -132 380 -726 6 91 99 -300 474 -618 -379 -141 -10 419]
[-308 -157 250 -354 849 -78 311 -324 451 -295 -282 -79 -372 -182 -48 -295 -38 -299 212 -161 -1084 171 -711 -188 -709 23 -96 172 -391 -243 -90 -144 374 -416 -940 27 0]
[-96 -428 -68 435 -136 423 323 103 -262 208 -438 -276 -50 121 -512 -862 908 245 -74 144 326 -495 34 -459 -289 -54 701 156 123 -245 -287 -260 17 165 -36 -127 845]
[0 -252 -440 244 404 177 113 795 418 533 306 328 -320 -313 481 418 143 -333 -282 118 -23 64 -20 483 -29 678 -993 -413 141 -240 -198 472 -675 -343 -95 -110 187]
[271 -54 249 34 209 -258 -338 -708 176 232 -90 -97 -297 -424 -575 -628 -89 71 806 201 189 -428 210 -124 17 201 64 436 -231 -423 359 295 162 337 -258 -49 -10]
[514 -80 262 -28 0 -230 132 347 -303 -176 35 552 411 -44 -378 -606 -286 -136 -162 -258 -5 -47 19 508 -385 -142 585 -352 208 -346 603 -143 -247 185 882 65 -354]
[131 -418 -123 -224 587 81 509 -643 324 59 139 549 -81 128 -225 2 128 114 117 202 -66 94 -5 615 -52 701 89 281 -597 -527 138 36 217 -186 -338 -747 12]
[-278 599 354 -495 238 -671 -319 -261 589 114 34 49 80 -590 -265 -162 -358 -329 616 164 -246 66 75 -597 -134 134 157 430 -666 -105 29 -14 -151 765 -184 213 508]
[-441 -708 143 -8 -307 141 456 -179 380 115 -481 113 -366 -92 559 -268 502 212 -638 528 40 -392 -294 386 -202 397 326 -430 222 -178 178 535 -92 -219 256 -553 -60]
[-197 51 420 -224 95 263 57 -786 -183 187 -329 192 350 544 246 -451 -453 21 163 -459 971 -50 197 268 -38 -211 -315 335 65 -37 672 524 482 -486 163 116 -315]
[-198 -92 38 -155 -410 203 -146 564 -365 -111 -207 -626 -489 117 261 -140 -258 212 676 209 -760 -567 191 768 708 34 267 15 8 152 -193 22 201 97 473 -425 -465]
[168 -156 -183 89 355 111 435 -580 -776 -106 147 -390 -495 253 430 -290 15 -83 -251 -15 -41 224 70 510 -355 -79 226 -36 296 -126 786 129 267 101 71 161 8]
[-91 -594 -119 204 -401 44 -55 175 36 111 259 -149 23 90 843 -36 520 40 -728 449 768 -144 295 15 248 -5 375 -276 -105 38 -669 -293 371 497 701 -436 -524]
[350 -169 -135 -443 150 -169 44 586 -98 21 -212 572 316 84 -737 -148 5 -26 -141 78 -656 -348 39 -624 -604 158 -353 -123 158 -92 -452 196 -560 -275 56 -46 111]
[-43 185 362 89 507 -61 276 109 292 -546 -366 535 259 170 568 65 -479 -426 -49 8 23 125 164 96 -471 523 170 -501 -171 -204 -344 -121 141 -303 334 -28 374]
[-394 -325 -104 -189 367 -272 111 42 827 404 8 298 -438 -125 584 74 -68 -109 40 486 131 159 -33 -274 54 127 261 -91 85 442 -618 724 -138 212 -246 301 168]
[353 29 -51 -251 42 518 -284 -54 -146 21 -469 179 71 262 -254 292 203 -309 415 41 -15 -778 256 79 577 802 -94 522 -274 -88 -470 96 81 -276 -41 -364 53]
[-423 128 -317 -342 -368 486 -65 -417 366 352 324 154 859 436 -204 -246 -441 -23 555 449 223 289 -254 -207 380 273 294 147 -249 129 -11 -365 75 -932 -97 -219 -454]
[93 654 184 -657 -32 -142 55 944 -164 42 -761 48 -51 -4 -76 -201 -526 149 -142 165 8 489 167 147 -272 -250 487 289 232 360 -240 -73 64 -25 676 315 -341]
[-489 -206 -496 -394 39 -112 167 160 461 88 248 134 -26 -217 -67 443 328 131 198 15 -690 -59 -666 60 -114 245 -472 -101 -17 -186 -350 43 144 -89 -128 -732 265]
[134 -8 -230 85 483 -525 -14 110 159 323 525 -107 119 158 -566 75 -766 -541 -317 324 100 -171 -425 -24 -320 -619 -380 -30 59 584 -367 540 358 530 177 777 -312]
[75 234 -210 5 -176 77 233 -124 -914 311 23 224 315 337 -342 384 366 58 -66 -195 -16 114 313 -280 497 554 61 -119 534 458 -141 98 -40 5 847 -392 -124]
[389 312 91 252 -202 -528 -326 -56 577 -53 -1066 373 -69 -171 25 -199 -95 107 70 -169 123 -153 -33 -117 -372 226 -109 404 -327 327 -215 248 293 240 590 25 -39]
[508 -663 -207 457 146 -37 349 -291 183 250 43 141 -320 172 -50 -662 302 -64 603 268 524 -62 148 -323 -284 173 237 134 100 125 -268 -547 -143 83 218 -463 31]
[73 130 297 190 188 -3 543 -262 512 121 294 278 423 -353 -108 -687 126 -187 225 -421 569 -29 0 -124 -257 -318 335 77 151 -464 67 -751 448 78 2 585 185]
[-69 138 -524 132 62 -11 -427 260 344 -45 300 -793 -609 -54 19 635 -295 -383 -203 -210 -361 -293 -106 27 159 -231 -19 -117 71 -171 -668 -64 -67 -296 66 111 -722]
[-42 -341 54 226 -548 141 63 -694 294 -140 -177 -524 -96 -144 -252 -17 158 866 34 388 -19 -131 -141 5 -291 515 518 172 -328 32 -160 -282 -52 -515 -491 432 -39]
[536 395 -92 -261 -236 -568 89 -172 -62 404 18 259 -25 36 -611 -55 -53 588 43 -147 -23 57 -43 65 -394 613 161 273 -330 177 -276 519 -85 204 -173 -130 -18]
[43 25 62 642 -341 -416 472 -458 -410 340 -27 59 -1 785 285 46 -312 266 -243 392 278 -209 -330 -645 260 -274 -129 -79 454 335 -513 86 -320 396 -193 439 30]
[59 -652 118 -292 -599 -48 -398 -881 -604 370 233 59 -65 205 437 -557 153 220 6 587 717 230 -172 -20 351 114 600 494 -121 -35 -363 129 482 413 -83 -268 -49]]
[phase 1 initial]
[[298 206 293 -92 353 124 -30 -98 -306 -222 -383 280 221 163 -343 119 367 -72 338 -448 -4 126 177 -685 32 244 -203 138 40 -107 -162 -172 -55 -26 -24 -342 716]
[17 237 500 -222 121 -226 -565 245 180 -435 -206 -181 -254 -562 -269 285 -527 -7 119 -132 -649 -127 -159 111 -152 -518 295 -211 17 -102 87 -96 305 278 -150 280 -400]
[-255 -397 -141 -444 147 -68 443 -198 -67 118 183 433 209 717 643 -884 -346 -264 -307 391 315 59 -168 94 -350 -36 87 292 -270 159 -284 17 94 286 42 89 -316]
[556 155 24 747 -83 -333 -301 -163 20 151 117 -42 215 -44 -253 -258 252 23 -139 -30 585 -410 184 -822 -427 -79 -9 -29 7 31 -384 135 -624 291 -52 88 727]
[612 150 411 218 466 -174 124 24 -686 81 145 439 212 134 -100 -279 -602 -212 -577 -251 338 -57 -98 -534 -581 -47 -589 191 90 -229 132 335 -232 177 346 284 283]
[-583 -106 -208 -214 118 5 343 -965 207 2 655 -282 134 115 -91 -439 -319 26 310 431 80 327 -193 18 -80 -211 191 447 -607 11 246 -347 585 105 -714 253 -402]
[93 288 404 -803 763 -406 -318 147 773 -283 -671 292 -284 230 351 -72 20 -594 437 -593 -531 -232 -143 31 -49 -256 -29 -4 -389 199 -537 350 -8 116 197 -594 129]
[641 352 42 248 -14 -576 -300 190 259 421 -641 -26 -327 -485 -496 536 -369 104 -377 49 -209 -331 -576 -634 -132 380 -726 6 91 99 -300 474 -618 -379 -141 -10 419]
[-308 -157 250 -354 849 -78 311 -324 451 -295 -282 -79 -372 -182 -48 -295 -38 -299 212 -161 -1084 171 -711 -188 -709 23 -96 172 -391 -243 -90 -144 374 -416 -940 27 0]
[-96 -428 -68 435 -136 423 323 103 -262 208 -438 -276 -50 121 -512 -862 908 245 -74 144 326 -495 34 -459 -289 -54 701 156 123 -245 -287 -260 17 165 -36 -127 845]
[0 -252 -440 244 404 177 113 795 418 533 306 328 -320 -313 481 418 143 -333 -282 118 -23 64 -20 483 -29 678 -993 -413 141 -240 -198 472 -675 -343 -95 -110 187]
[271 -54 249 34 209 -258 -338 -708 176 232 -90 -97 -297 -424 -575 -628 -89 71 806 201 189 -428 210 -124 17 201 64 436 -231 -423 359 295 162 337 -258 -49 -10]
[514 -80 262 -28 0 -230 132 347 -303 -176 35 552 411 -44 -378 -606 -286 -136 -162 -258 -5 -47 19 508 -385 -142 585 -352 208 -346 603 -143 -247 185 882 65 -354]
[131 -418 -123 -224 587 81 509 -643 324 59 139 549 -81 128 -225 2 128 114 117 202 -66 94 -5 615 -52 701 89 281 -597 -527 138 36 217 -186 -338 -747 12]
[-278 599 354 -495 238 -671 -319 -261 589 114 34 49 80 -590 -265 -162 -358 -329 616 164 -246 66 75 -597 -134 134 157 430 -666 -105 29 -14 -151 765 -184 213 508]
[-441 -708 143 -8 -307 141 456 -179 380 115 -481 113 -366 -92 559 -268 502 212 -638 528 40 -392 -294 386 -202 397 326 -430 222 -178 178 535 -92 -219 256 -553 -60]
[-197 51 420 -224 95 263 57 -786 -183 187 -329 192 350 544 246 -451 -453 21 163 -459 971 -50 197 268 -38 -211 -315 335 65 -37 672 524 482 -486 163 116 -315]
[-198 -92 38 -155 -410 203 -146 564 -365 -111 -207 -626 -489 117 261 -140 -258 212 676 209 -760 -567 191 768 708 34 267 15 8 152 -193 22 201 97 473 -425 -465]
[168 -156 -183 89 355 111 435 -580 -776 -106 147 -390 -495 253 430 -290 15 -83 -251 -15 -41 224 70 510 -355 -79 226 -36 296 -126 786 129 267 101 71 161 8]
[-91 -594 -119 204 -401 44 -55 175 36 111 259 -149 23 90 843 -36 520 40 -728 449 768 -144 295 15 248 -5 375 -276 -105 38 -669 -293 371 497 701 -436 -524]
[350 -169 -135 -443 150 -169 44 586 -98 21 -212 572 316 84 -737 -148 5 -26 -141 78 -656 -348 39 -624 -604 158 -353 -123 158 -92 -452 196 -560 -275 56 -46 111]
[-43 185 362 89 507 -61 276 109 292 -546 -366 535 259 170 568 65 -479 -426 -49 8 23 125 164 96 -471 523 170 -501 -171 -204 -344 -121 141 -303 334 -28 374]
[-394 -325 -104 -189 367 -272 111 42 827 404 8 298 -438 -125 584 74 -68 -109 40 486 131 159 -33 -274 54 127 261 -91 85 442 -618 724 -138 212 -246 301 168]
[353 29 -51 -251 42 518 -284 -54 -146 21 -469 179 71 262 -254 292 203 -309 415 41 -15 -778 256 79 577 802 -94 522 -274 -88 -470 96 81 -276 -41 -364 53]
[-423 128 -317 -342 -368 486 -65 -417 366 352 324 154 859 436 -204 -246 -441 -23 555 449 223 289 -254 -207 380 273 294 147 -249 129 -11 -365 75 -932 -97 -219 -454]
[93 654 184 -657 -32 -142 55 944 -164 42 -761 48 -51 -4 -76 -201 -526 149 -142 165 8 489 167 147 -272 -250 487 289 232 360 -240 -73 64 -25 676 315 -341]
[-489 -206 -496 -394 39 -112 167 160 461 88 248 134 -26 -217 -67 443 328 131 198 15 -690 -59 -666 60 -114 245 -472 -101 -17 -186 -350 43 144 -89 -128 -732 265]
[134 -8 -230 85 483 -525 -14 110 159 323 525 -107 119 158 -566 75 -766 -541 -317 324 100 -171 -425 -24 -320 -619 -380 -30 59 584 -367 540 358 530 177 777 -312]
[75 234 -210 5 -176 77 233 -124 -914 311 23 224 315 337 -342 384 366 58 -66 -195 -16 114 313 -280 497 554 61 -119 534 458 -141 98 -40 5 847 -392 -124]
[389 312 91 252 -202 -528 -326 -56 577 -53 -1066 373 -69 -171 25 -199 -95 107 70 -169 123 -153 -33 -117 -372 226 -109 404 -327 327 -215 248 293 240 590 25 -39]
[508 -663 -207 457 146 -37 349 -291 183 250 43 141 -320 172 -50 -662 302 -64 603 268 524 -62 148 -323 -284 173 237 134 100 125 -268 -547 -143 83 218 -463 31]
[73 130 297 190 188 -3 543 -262 512 121 294 278 423 -353 -108 -687 126 -187 225 -421 569 -29 0 -124 -257 -318 335 77 151 -464 67 -751 448 78 2 585 185]
[-69 138 -524 132 62 -11 -427 260 344 -45 300 -793 -609 -54 19 635 -295 -383 -203 -210 -361 -293 -106 27 159 -231 -19 -117 71 -171 -668 -64 -67 -296 66 111 -722]
[-42 -341 54 226 -548 141 63 -694 294 -140 -177 -524 -96 -144 -252 -17 158 866 34 388 -19 -131 -141 5 -291 515 518 172 -328 32 -160 -282 -52 -515 -491 432 -39]
[536 395 -92 -261 -236 -568 89 -172 -62 404 18 259 -25 36 -611 -55 -53 588 43 -147 -23 57 -43 65 -394 613 161 273 -330 177 -276 519 -85 204 -173 -130 -18]
[43 25 62 642 -341 -416 472 -458 -410 340 -27 59 -1 785 285 46 -312 266 -243 392 278 -209 -330 -645 260 -274 -129 -79 454 335 -513 86 -320 396 -193 439 30]
[59 -652 118 -292 -599 -48 -398 -881 -604 370 233 59 -65 205 437 -557 153 220 6 587 717 230 -172 -20 351 114 600 494 -121 -35 -363 129 482 413 -83 -268 -49]]
