[phase 0]
squared_norm=2746125
coefficients=[0 2 -3 0 -1 0 -1 3 1 -1 1 0 0 0 1 -1 1 -1 0 0 0 -1 1 0 1 1 -1 -1 0 1 0 0 -1 0 0 0 0]
vector=[298 206 293 -92 353 124 -30 -98 -306 -222 -383 280 221 163 -343 119 367 -72 338 -448 -4 126 177 -685 32 244 -203 138 40 -107 -162 -172 -55 -26 -24 -342 716]

[phase 1]
squared_norm=2746125
coefficients=[1 0 0 0 0 0 0 0 0 0 0 0 0 0 0 0 0 0 0 0 0 0 0 0 0 0 0 0 0 0 0 0 0 0 0 0 0]
vector=[298 206 293 -92 353 124 -30 -98 -306 -222 -383 280 221 163 -343 119 367 -72 338 -448 -4 126 177 -685 32 244 -203 138 40 -107 -162 -172 -55 -26 -24 -342 716]

