[phase 0]
score=3.084789755223489
squared_norm=2221977
coefficients=[1 1 3 2 -1 0 -1 -1 -1 1 0 2 1 0 0 0 -1 0 -1 -2 -1 0 1 1 0 0 0 0 1 -1 0 0]
vector=[102 -75 -328 643 83 377 255 -414 212 206 58 207 198 308 -75 -62 28 -220 355 -177 -256 198 274 -90 -346 269 -7 -148 -322 380 213 -347]

[phase 1]
score=0
squared_norm=2221977
coefficients=[1 0 0 0 0 0 0 0 0 0 0 0 0 0 0 0 0 0 0 0 0 0 0 0 0 0 0 0 0 0 0 0]
vector=[102 -75 -328 643 83 377 255 -414 212 206 58 207 198 308 -75 -62 28 -220 355 -177 -256 198 274 -90 -346 269 -7 -148 -322 380 213 -347]

