phase	depth	k	node	parent	z_k	nodes_at_depth	parent_rho	rho	bound_r2	remaining	center	delta	legal_lo	legal_hi	offset	P	Ptheta	N	Q	M
0	1	31	1	0	0	5	0	0	2.5696344375610352	2.5696344375610352	0	2.3190893740422025	-2	2	0	0.45440062880516052	0.45440062880516052	199495	1.5462992833020822e-05	3.0847897552234889
0	2	30	3	1	0	17	0	0	2.5696344375610352	2.5696344375610352	0	2.3831453067519974	-2	2	0	0.44694468379020691	0.44694468379020691	118814	2.596318409634798e-05	3.0847897552234889
0	3	29	13	3	-1	61	0	0.4104169247020456	2.5696344375610352	2.5696344375610352	0	2.5022058842377075	-2	2	-0.39964736966664438	0.19518807530403137	0.19518807530403137	27977	0.00011026163474366404	3.0847897552234889
0	4	28	67	13	1	157	0.4104169247020456	0.59237190876351165	2.5696344375610352	2.1592175128589894	0.38371269243068334	2.1229973030462297	-1	2	0.29029114011827672	0.32050356268882751	0.32050356268882751	11949	0.00025816300570955636	3.0847897552234889
0	5	27	168	67	0	391	0.59237190876351165	0.66017632614435673	2.5696344375610352	1.9772625287975236	0.37867858465860976	2.0449086829203225	-1	2	-0.18518117108184071	0.40627339482307434	0.40627339482307434	6735	0.00045802372015196568	3.0847897552234889
0	6	26	449	168	0	915	0.66017632614435673	0.66036237533029318	2.5696344375610352	1.9094581114166784	-0.020031492273543599	2.0293384524419036	-2	2	0.0098709469824709139	0.48882398009300232	0.48882398009300232	4512	0.00068368567270024128	3.0847897552234889
0	7	25	1072	449	0	1867	0.66036237533029318	0.67101062412818224	2.5696344375610352	1.909272062230742	0.14376840201328348	1.9251220105339655	-1	2	-0.074680150778291113	0.50008225440979004	0.50008225440979004	3050	0.0010114064771224553	3.0847897552234889
0	8	24	2302	1072	0	3703	0.67101062412818224	0.67163680316111796	2.5696344375610352	1.8986238134328528	-0.036398304585463934	2.004247525045634	-2	1	0.01816058352604686	0.52321857213973999	0.52321857213973999	2012	0.0015331957033913961	3.0847897552234889
0	9	23	3935	2302	1	6195	0.67163680316111796	0.68043446610686686	2.5696344375610352	1.8979976343999172	0.87853584833955833	1.7840716620693362	0	2	0.068082551975269856	0.57015335559844971	0.57015335559844971	1437	0.0021466873731548286	3.0847897552234889
0	10	22	5473	3935	1	9989	0.68043446610686686	0.68141606110648156	2.5696344375610352	1.8891999714541683	1.0403741542856562	1.7712352015325563	0	2	-0.022794349531176063	0.59613364934921265	0.59613364934921265	991	0.0031128050002255186	3.0847897552234889
0	11	21	9540	5473	0	14689	0.68141606110648156	0.73241970639895704	2.5696344375610352	1.8882183764545535	-0.27920031787726374	1.698796705161937	-1	1	0.1643518126853496	0.52557158470153809	0.52557158470153809	628	0.0049120855974896316	3.0847897552234889
0	12	20	13891	9540	-1	19921	0.73241970639895704	0.73405800964800172	2.5696344375610352	1.8372147311620781	-0.95194019221379433	1.6094031342587176	-2	0	-0.029861882808089452	0.61964541673660278	0.61964541673660278	458	0.0067353488105316352	3.0847897552234889
0	13	19	25492	13891	-2	23133	0.73405800964800172	0.98826899859603035	2.5696344375610352	1.8355764279130335	-1.4601202521251997	1.4507283974756242	-2	-1	-0.37214391667953245	0.47253820300102234	0.47253820300102234	216	0.014281434051960596	3.0847897552234889
0	14	18	33552	25492	-1	29353	0.98826899859603035	0.99248204873328971	2.5696344375610352	1.5813654389650049	-1.0785128107153887	1.5211019843728735	-2	0	0.051615744060552471	0.62554192543029785	0.62554192543029785	150	0.020565265034823258	3.0847897552234889
0	15	17	61302	33552	0	34587	0.99248204873328971	1.0791019609171792	2.5696344375610352	1.5771523888277454	-0.34022488821501529	1.4517573703289877	-1	1	0.23435382190476894	0.52740830183029175	0.52740830183029175	89	0.034660559047454929	3.0847897552234889
0	16	16	86088	61302	-1	36699	1.0791019609171792	1.1015404295726823	2.5696344375610352	1.4905324766438559	-1.1641974314130139	1.3382599262079782	-2	0	0.12269472334741061	0.62858021259307861	0.62858021259307861	62	0.049754673471346593	3.0847897552234889
0	17	15	137962	86088	0	33283	1.1015404295726823	1.1062054865286512	2.5696344375610352	1.4680940079883529	0.067814890328006291	1.2030218672885615	-1	1	-0.056370455244384964	0.70061963796615601	0.70061963796615601	47	0.065633824579223163	3.0847897552234889
0	18	14	206546	137962	0	27922	1.1062054865286512	1.1493780946895202	2.5696344375610352	1.4634289510323839	-0.20303874975871614	1.1821173965209575	-1	0	0.17175853291413473	0.7320101261138916	0.7320101261138916	37	0.08337269608712132	3.0847897552234889
0	19	13	238205	206546	0	20811	1.1493780946895202	1.2017070372300553	2.5696344375610352	1.4202563428715149	-0.20899090762605232	1.0887791147275541	-1	0	0.19194977640469182	0.74442970752716064	0.74442970752716064	29	0.1063720605249479	3.0847897552234889
0	20	12	270960	238205	1	15243	1.2017070372300553	1.2050039705975304	2.5696344375610352	1.3679274003309798	1.0534430225068592	1.0885977977849024	0	2	-0.049093450873780968	0.73905819654464722	0.73905819654464722	25	0.12339159020893956	3.0847897552234889
0	21	11	290045	270960	2	10064	1.2050039705975304	1.2180991504110288	2.5696344375610352	1.3646304669635048	1.902169285095052	0.9986815477446217	1	2	0.097959870316903841	0.83352255821228027	0.83352255821228027	22	0.14021771614652223	3.0847897552234889
0	22	10	298645	290045	0	6473	1.2180991504110288	1.271317735746041	2.5696344375610352	1.3515352871500064	-0.19206031946724561	0.96787590545018476	-1	0	0.19843485966097407	0.78119450807571411	0.78119450807571411	17	0.18145822089549934	3.0847897552234889
0	23	9	300685	298645	1	4054	1.271317735746041	1.2774585632649731	2.5696344375610352	1.2983167018149941	1.0626146038430893	0.91044247252700294	1	1	-0.068773816833585952	1	1	16	0.19279935970146805	3.0847897552234889
0	24	8	301158	300685	-1	2120	1.2774585632649731	1.3015879063020679	2.5696344375610352	1.2921758742960621	-0.88982799577694827	0.80623067028980111	-1	-1	-0.13665072327681388	1	1	15	0.2056526503482326	3.0847897552234889
0	25	7	301196	301158	-1	1192	1.3015879063020679	1.4431092591329027	2.5696344375610352	1.2680465312589673	-0.71987050739004088	0.83852389717957732	-1	0	-0.33407454880199666	0.74055314064025879	0.74055314064025879	11	0.28043543229304446	3.0847897552234889
0	26	6	302012	301196	-1	624	1.4431092591329027	1.4463480757083402	2.5696344375610352	1.1265251784281325	-1.0431367514265835	0.80449752188576151	-1	-1	0.053619495713883462	1	1	10	0.30847897552234887	3.0847897552234889
0	27	5	302582	302012	0	308	1.4463480757083402	1.6265557621569573	2.5696344375610352	1.1232863618526949	-0.31683337531248812	0.7910237287942079	-1	0	0.40053586735691371	0.71630895137786865	0.71630895137786865	7	0.4406842507462127	3.0847897552234889
0	28	4	303329	302582	-1	138	1.6265557621569573	1.6610453945675692	2.5696344375610352	0.94307867540407775	-0.86279824208230382	0.71744622605977193	-1	-1	-0.19123629469934039	1	1	6	0.51413162587058148	3.0847897552234889
0	29	3	303642	303329	2	72	1.6610453945675692	1.685347134228891	2.5696344375610352	0.90858904299346588	1.8921681841786895	0.65934388705849556	2	2	0.16354412005300642	1	1	5	0.61695795104469775	3.0847897552234889
0	30	2	303672	303642	3	32	1.685347134228891	2.1048324149571052	2.5696344375610352	0.884287303332144	2.548261488496371	0.65588160078374724	2	3	0.68875008990010245	0.57305598258972168	0.57305598258972168	3	1.028263251741163	3.0847897552234889
0	31	1	303967	303672	1	12	2.1048324149571052	2.1079319715132927	2.5696344375610352	0.46480202260393011	1.0355929779263742	0.43586153832282715	1	1	-0.081661203838572602	1	1	2	1.5423948776117444	3.0847897552234889
0	32	0	304031	303967	1	1	2.1079319715132927	2.1190423965454102	2.5696344375610352	0.46170246604774251	0.93557451411274806	0.41531102774582551	1	1	0.15512587334107816	1	1	1	3.0847897552234889	3.0847897552234889
1	1	31	1	0	0	5	0	0	0.52976059913635254	0.52976059913635254	0	2.1059673654121629	-2	2	0	0.48237985372543335	0.48237985372543335	58842	0	0
1	2	30	3	1	0	17	0	0	0.52976059913635254	0.52976059913635254	0	2.164136621568399	-2	2	0	0.47421729564666748	0.47421729564666748	41183	0	0
1	3	29	12	3	0	49	0	0	0.52976059913635254	0.52976059913635254	0	2.3443330185181006	-2	2	0	0.45141437649726868	0.45141437649726868	26088	0	0
1	4	28	25	12	0	123	0	0	0.52976059913635254	0.52976059913635254	0	2.3047023718118265	-2	2	0	0.45613130927085876	0.45613130927085876	16647	0	0
1	5	27	56	25	0	283	0	0	0.52976059913635254	0.52976059913635254	0	2.2345818066384342	-2	2	0	0.46487781405448914	0.46487781405448914	10634	0	0
1	6	26	117	56	0	569	0	0	0.52976059913635254	0.52976059913635254	0	2.0444086568314033	-2	2	0	0.49149596691131592	0.49149596691131592	7251	0	0
1	7	25	240	117	0	1117	0	0	0.52976059913635254	0.52976059913635254	0	2.1183819230696828	-2	2	0	0.48060199618339539	0.48060199618339539	4706	0	0
1	8	24	497	240	0	1849	0	0	0.52976059913635254	0.52976059913635254	0	1.8974056679463231	-1	1	0	0.58926397562026978	0.58926397562026978	3305	0	0
1	9	23	711	497	0	2853	0	0	0.52976059913635254	0.52976059913635254	0	1.8772414004451645	-1	1	0	0.59200155735015869	0.59200155735015869	2292	0	0
1	10	22	1176	711	0	4027	0	0	0.52976059913635254	0.52976059913635254	0	1.8316679952961594	-1	1	0	0.5983881950378418	0.5983881950378418	1613	0	0
1	11	21	1763	1176	0	5187	0	0	0.52976059913635254	0.52976059913635254	0	1.762593158816772	-1	1	0	0.60862702131271362	0.60862702131271362	1146	0	0
1	12	20	2946	1763	0	6561	0	0	0.52976059913635254	0.52976059913635254	0	1.8085982004023562	-1	1	0	0.60173070430755615	0.60173070430755615	771	0	0
1	13	19	4191	2946	0	7935	0	0	0.52976059913635254	0.52976059913635254	0	1.7645573522286182	-1	1	0	0.60832613706588745	0.60832613706588745	530	0	0
1	14	18	5866	4191	0	8465	0	0	0.52976059913635254	0.52976059913635254	0	1.6231441828768323	-1	1	0	0.63158655166625977	0.63158655166625977	375	0	0
1	15	17	8479	5866	0	8559	0	0	0.52976059913635254	0.52976059913635254	0	1.5919835078789355	-1	1	0	0.63718044757843018	0.63718044757843018	274	0	0
1	16	16	13000	8479	0	7727	0	0	0.52976059913635254	0.52976059913635254	0	1.4665886548014218	-1	1	0	0.66162890195846558	0.66162890195846558	213	0	0
1	17	15	19807	13000	0	6683	0	0	0.52976059913635254	0.52976059913635254	0	1.4340332765409467	-1	1	0	0.66852480173110962	0.66852480173110962	156	0	0
1	18	14	27966	19807	0	5719	0	0	0.52976059913635254	0.52976059913635254	0	1.4490706844542969	-1	1	0	0.6653098464012146	0.6653098464012146	111	0	0
1	19	13	42021	27966	0	4551	0	0	0.52976059913635254	0.52976059913635254	0	1.3918413660047297	-1	1	0	0.67782586812973022	0.67782586812973022	82	0	0
1	20	12	51908	42021	0	3103	0	0	0.52976059913635254	0.52976059913635254	0	1.2512278378328725	-1	1	0	0.71203386783599854	0.71203386783599854	67	0	0
1	21	11	71255	51908	0	2057	0	0	0.52976059913635254	0.52976059913635254	0	1.2381165807113026	-1	1	0	0.7154921293258667	0.7154921293258667	50	0	0
1	22	10	73470	71255	0	1279	0	0	0.52976059913635254	0.52976059913635254	0	1.165945816763053	-1	1	0	0.73540061712265015	0.73540061712265015	41	0	0
1	23	9	78573	73470	0	697	0	0	0.52976059913635254	0.52976059913635254	0	1.0421534381013662	-1	1	0	0.77310997247695923	0.77310997247695923	38	0	0
1	24	8	79468	78573	0	411	0	0	0.52976059913635254	0.52976059913635254	0	1.1413807038970449	-1	1	0	0.74252164363861084	0.74252164363861084	27	0	0
1	25	7	79945	79468	0	221	0	0	0.52976059913635254	0.52976059913635254	0	1.104614873518748	-1	1	0	0.75351327657699585	0.75351327657699585	22	0	0
1	26	6	80064	79945	0	129	0	0	0.52976059913635254	0.52976059913635254	0	1.1521583154706343	-1	1	0	0.7393755316734314	0.7393755316734314	17	0	0
1	27	5	80223	80064	0	69	0	0	0.52976059913635254	0.52976059913635254	0	1.0867796269447738	-1	1	0	0.75899040699005127	0.75899040699005127	14	0	0
1	28	4	80250	80223	0	33	0	0	0.52976059913635254	0.52976059913635254	0	1.0142662914237561	-1	1	0	0.78223210573196411	0.78223210573196411	11	0	0
1	29	3	80281	80250	0	19	0	0	0.52976059913635254	0.52976059913635254	0	1.0369263698099829	-1	1	0	0.77480244636535645	0.77480244636535645	8	0	0
1	30	2	80300	80281	0	9	0	0	0.52976059913635254	0.52976059913635254	0	1.0191043018005941	-1	1	0	0.78063327074050903	0.78063327074050903	5	0	0
1	31	1	80309	80300	0	5	0	0	0.52976059913635254	0.52976059913635254	0	0.89207982250937001	0	0	0	1	1	4	0	0
1	32	0	80312	80309	1	3	0	0.52976059913635254	0.52976059913635254	0.52976059913635254	0	1.000000000002	-1	1	0.99999999999800004	0.10650698095560074	0.10650698095560074	1	0	0
