[phase 0 initial]
[[-121 -77 -294 -349 263 -135 -395 -557 141 613 -138 -351 468 -124 90 -545 16 -278 131 40 -506 -89 -183 -124 396 63 112 -204 93 57 36]
[14 -107 375 -14 291 320 22 -578 281 495 -21 -558 210 -143 735 -465 229 -218 -53 -151 461 -130 -81 -180 -141 30 191 178 -55 554 -136]
[406 346 402 216 -121 -59 360 -191 22 311 386 -361 -279 442 152 -372 612 -163 17 245 91 343 130 -30 184 -251 225 108 -455 497 -172]
[836 -257 -121 -189 -269 126 -29 29 -61 82 259 -235 502 48 -469 -270 -19 423 174 -3 -32 -29 -126 265 824 8 382 -147 102 -92 36]
[-413 283 -222 -22 130 -747 -99 -315 90 136 32 -297 22 296 107 133 118 -8 -199 557 -150 184 74 -68 303 -241 -649 -817 85 -263 17]
[-36 226 -159 -242 -161 660 276 -837 389 215 101 -380 -1 -99 387 139 67 -349 346 163 464 -110 151 -127 146 -185 -158 -504 -192 -36 -55]
[-100 -472 170 33 134 -25 -341 43 -202 574 -64 -610 -29 -374 -74 -22 318 231 294 -316 -555 -280 74 139 512 234 -102 836 -184 527 -140]
[-949 -109 -207 -332 369 -117 -394 391 -139 269 -240 -350 110 -141 536 -233 331 23 493 -294 -742 355 125 316 44 8 -478 -135 16 105 0]
[176 -294 131 -364 370 4 257 -304 -117 171 75 124 241 183 -167 209 -768 -340 -398 381 114 -314 -25 -425 -53 -278 -86 -618 343 -757 71]
[-83 174 -334 -240 -80 670 386 949 -535 -517 343 340 -80 -97 -218 -171 -200 135 -256 -4 -496 281 -342 56 -12 -668 192 114 -20 -357 104]
[219 -473 42 -54 36 471 104 58 18 -130 210 -156 -114 -415 -33 265 423 -120 -625 269 594 -224 313 -305 460 -98 433 770 -66 96 -239]
[324 15 409 -137 -260 46 -56 -322 -297 777 269 -615 -380 -114 533 190 -237 -88 476 -142 -204 173 -105 231 403 161 71 -366 -569 302 -155]
[14 113 119 -351 -54 143 -213 -104 -11 369 196 -45 -488 -227 80 -233 -169 -680 229 -136 567 15 692 -241 -482 118 732 -37 -458 -198 -50]
[-337 716 -362 -45 -160 245 -86 -263 126 404 -32 585 -344 -642 -94 -1 -231 -61 -37 186 -312 -235 521 -80 -115 -99 -25 214 -520 223 338]
[-68 -182 538 396 67 -361 248 807 63 -60 301 372 -482 83 372 -106 350 154 387 -323 101 53 314 241 177 -259 -31 190 -593 836 83]
[-194 -214 -189 -418 -49 262 356 -57 216 -242 -222 46 341 -107 -389 -266 -550 -59 -464 34 317 -321 467 -472 450 -564 -382 -387 -254 -342 425]
[-5 -39 -760 -587 -518 -341 -228 -386 209 -230 -348 716 138 -543 -199 -454 -257 -5 -22 344 -114 134 122 -339 -132 -53 430 -49 -75 -160 44]
[155 -15 424 -164 528 -515 198 -403 265 547 644 -215 65 -45 676 -306 -159 93 -180 571 42 194 -23 -512 173 233 136 207 130 67 -294]
[664 -418 418 -202 1 -571 55 -199 10 -314 -156 524 369 451 -479 27 -690 126 -112 103 404 -88 150 275 -8 -626 151 -167 -304 -247 285]
[587 -89 -339 -307 142 -26 -599 -615 397 -242 -529 -154 344 44 -94 226 266 -95 292 59 228 -347 -241 -28 418 -147 -46 -339 757 -113 -441]
[-564 680 -27 531 -409 -721 300 183 188 68 204 -73 -283 188 -236 26 -155 285 -322 456 -59 154 -323 411 451 -127 -782 361 -141 -96 233]
[-320 -167 -668 -617 -91 352 -374 -306 109 -115 -71 79 241 -856 583 248 233 -138 503 -707 -105 72 -456 -477 621 -230 216 417 -287 71 -72]
[275 -699 -86 -436 424 302 -166 53 -136 82 -279 -506 -108 224 82 -161 411 -68 430 -206 -148 67 -91 441 96 104 242 76 -715 424 245]
[194 -483 -948 -79 323 785 -366 -32 363 -117 -459 122 -89 -985 0 -1 104 -171 307 -154 -136 -140 -299 363 685 38 305 -74 -117 113 -102]
[286 -110 432 728 -55 34 128 272 208 15 -259 402 -303 678 -83 -127 22 -870 -605 -2 -153 44 131 -669 -155 -105 -129 21 -18 -370 -185]
[233 213 -645 206 -636 -292 60 -262 -249 299 -275 -59 -15 631 -240 412 -119 247 -409 191 -154 3 -50 337 682 442 -517 293 -239 -121 185]
[-233 -138 -395 183 -367 -29 -478 -902 -326 234 -521 140 413 135 682 105 186 -269 283 186 468 314 -185 63 -48 329 186 -417 194 -342 -91]
[628 60 -189 -282 -300 74 505 703 -219 -214 -372 274 -165 134 -262 120 -233 -346 790 -397 198 469 455 128 -173 -14 -78 196 -249 -247 340]
[93 338 -182 232 -329 517 -145 370 -147 386 326 275 312 382 -78 445 19 847 100 -128 -143 196 -437 410 435 28 106 496 -377 295 -28]
[785 -410 554 -248 68 -108 102 125 -285 -80 -342 -158 481 312 315 -494 99 -159 -326 478 627 -190 54 355 -89 466 -97 -78 147 -142 -16]
[473 274 -104 -264 81 641 3 -507 -145 134 436 -614 152 -66 -492 -429 -546 -519 -252 -19 592 -365 -536 -11 -596 250 -17 -100 280 256 118]]
[phase 0 refreshed]
[[-3 -354 264 194 -188 54 -88 115 514 188 466 -521 -42 -238 67 -344 -28 -63 -326 -346 220 -48 200 -62 214 4 397 417 354 -288 397]
[-121 -77 -294 -349 263 -135 -395 -557 141 613 -138 -351 468 -124 90 -545 16 -278 131 40 -506 -89 -183 -124 396 63 112 -204 93 57 36]
[14 -107 375 -14 291 320 22 -578 281 495 -21 -558 210 -143 735 -465 229 -218 -53 -151 461 -130 -81 -180 -141 30 191 178 -55 554 -136]
[406 346 402 216 -121 -59 360 -191 22 311 386 -361 -279 442 152 -372 612 -163 17 245 91 343 130 -30 184 -251 225 108 -455 497 -172]
[836 -257 -121 -189 -269 126 -29 29 -61 82 259 -235 502 48 -469 -270 -19 423 174 -3 -32 -29 -126 265 824 8 382 -147 102 -92 36]
[-413 283 -222 -22 130 -747 -99 -315 90 136 32 -297 22 296 107 133 118 -8 -199 557 -150 184 74 -68 303 -241 -649 -817 85 -263 17]
[-36 226 -159 -242 -161 660 276 -837 389 215 101 -380 -1 -99 387 139 67 -349 346 163 464 -110 151 -127 146 -185 -158 -504 -192 -36 -55]
[-100 -472 170 33 134 -25 -341 43 -202 574 -64 -610 -29 -374 -74 -22 318 231 294 -316 -555 -280 74 139 512 234 -102 836 -184 527 -140]
[-949 -109 -207 -332 369 -117 -394 391 -139 269 -240 -350 110 -141 536 -233 331 23 493 -294 -742 355 125 316 44 8 -478 -135 16 105 0]
[176 -294 131 -364 370 4 257 -304 -117 171 75 124 241 183 -167 209 -768 -340 -398 381 114 -314 -25 -425 -53 -278 -86 -618 343 -757 71]
[-14 -167 12 -25 -345 90 -172 -237 669 297 123 165 -109 4 506 -202 191 -855 66 -225 -604 606 -61 40 419 446 686 62 150 -163 331]
[558 -289 146 -331 66 -253 -282 -27 -325 471 304 -132 4 -180 277 -207 -183 -368 -658 320 -25 250 -200 -210 601 77 876 -132 -166 -36 -163]
[-39 -359 -206 -127 227 394 2 -101 -249 108 144 -414 292 -619 -138 80 -478 280 -724 135 -89 -643 -530 -339 434 -402 -115 338 265 -141 17]
[-324 -15 -409 137 260 -46 56 322 297 -777 -269 615 380 114 -533 -190 237 88 -476 142 204 -173 105 -231 -403 -161 -71 366 569 -302 155]
[-103 437 -320 -433 -132 -127 -192 -394 -139 515 -214 -29 262 -338 -109 -226 -698 36 337 267 626 -285 -168 347 254 276 -99 -170 -451 -41 -142]
[-5 -39 -760 -587 -518 -341 -228 -386 209 -230 -348 716 138 -543 -199 -454 -257 -5 -22 344 -114 134 122 -339 -132 -53 430 -49 -75 -160 44]
[-337 716 -362 -45 -160 245 -86 -263 126 404 -32 585 -344 -642 -94 -1 -231 -61 -37 186 -312 -235 521 -80 -115 -99 -25 214 -520 223 338]
[906 335 387 76 56 -544 -435 325 -389 -152 24 -87 -484 278 -444 -158 -275 89 -38 -169 245 -209 -230 -82 -448 -462 409 8 274 -72 -388]
[168 323 247 23 335 401 548 523 361 -228 610 105 292 305 -25 -518 -333 96 -135 -170 97 190 97 -235 530 40 82 86 -145 -119 311]
[-194 -214 -189 -418 -49 262 356 -57 216 -242 -222 46 341 -107 -389 -266 -550 -59 -464 34 317 -321 467 -472 450 -564 -382 -387 -254 -342 425]
[-45 -369 329 -136 222 239 -22 -132 -346 -93 209 -315 -39 -177 605 824 -236 417 336 33 226 -76 -388 721 -230 -704 -330 123 -54 -34 -214]
[458 -185 -80 364 -691 199 -124 435 94 -129 216 -228 -296 -68 32 -276 459 351 327 13 436 150 380 -60 -324 -268 28 132 198 -393 -555]
[117 -498 -462 -245 -317 -401 -35 -487 328 483 206 -761 -611 -223 -298 -153 -286 -4 -108 296 -383 -211 -51 -476 48 423 14 -419 69 -528 552]
[226 262 272 333 325 -114 -99 -92 -461 331 -108 315 168 22 -13 272 377 247 35 -553 -114 -367 -432 -28 -483 -748 -67 419 82 356 123]
[275 -584 88 359 219 166 94 -747 149 -164 -567 352 740 -324 133 385 -162 362 -186 14 -70 336 280 168 -139 85 -216 -429 217 -85 -199]
[366 125 -697 -152 -10 -480 243 -228 -358 -174 -388 -250 330 441 121 -470 141 451 107 -302 -145 561 -198 232 478 -84 -107 -743 30 495 -209]
[210 -526 -65 -451 -365 -177 -262 -627 -634 96 -406 150 151 -91 -104 256 -467 -13 214 -129 -617 55 -520 126 667 -356 409 394 412 -283 354]
[-176 459 -187 172 -68 9 523 -661 236 15 -40 -165 -344 -659 -381 -449 -153 -127 550 -259 -184 -147 -421 -139 271 -346 34 374 -303 764 -237]
[186 123 -6 394 -309 689 286 -117 364 44 718 -284 -237 -283 -139 304 95 642 316 -672 308 120 -78 -146 376 -491 558 313 -193 547 -120]
[538 550 -265 255 -109 145 -195 410 -203 -277 299 -436 24 -140 212 -233 -53 -535 233 -66 -481 660 -251 60 192 103 552 354 262 178 -413]
[384 -303 -108 -911 -358 302 292 -308 -352 -99 200 -85 -125 -126 146 246 -423 -371 36 500 268 476 -85 171 -222 211 -376 -595 29 124 -164]]
[phase 1 initial]
[[-3 -354 264 194 -188 54 -88 115 514 188 466 -521 -42 -238 67 -344 -28 -63 -326 -346 220 -48 200 -62 214 4 397 417 354 -288 397]
[-121 -77 -294 -349 263 -135 -395 -557 141 613 -138 -351 468 -124 90 -545 16 -278 131 40 -506 -89 -183 -124 396 63 112 -204 93 57 36]
[14 -107 375 -14 291 320 22 -578 281 495 -21 -558 210 -143 735 -465 229 -218 -53 -151 461 -130 -81 -180 -141 30 191 178 -55 554 -136]
[406 346 402 216 -121 -59 360 -191 22 311 386 -361 -279 442 152 -372 612 -163 17 245 91 343 130 -30 184 -251 225 108 -455 497 -172]
[836 -257 -121 -189 -269 126 -29 29 -61 82 259 -235 502 48 -469 -270 -19 423 174 -3 -32 -29 -126 265 824 8 382 -147 102 -92 36]
[-413 283 -222 -22 130 -747 -99 -315 90 136 32 -297 22 296 107 133 118 -8 -199 557 -150 184 74 -68 303 -241 -649 -817 85 -263 17]
[-36 226 -159 -242 -161 660 276 -837 389 215 101 -380 -1 -99 387 139 67 -349 346 163 464 -110 151 -127 146 -185 -158 -504 -192 -36 -55]
[-100 -472 170 33 134 -25 -341 43 -202 574 -64 -610 -29 -374 -74 -22 318 231 294 -316 -555 -280 74 139 512 234 -102 836 -184 527 -140]
[-949 -109 -207 -332 369 -117 -394 391 -139 269 -240 -350 110 -141 536 -233 331 23 493 -294 -742 355 125 316 44 8 -478 -135 16 105 0]
[176 -294 131 -364 370 4 257 -304 -117 171 75 124 241 183 -167 209 -768 -340 -398 381 114 -314 -25 -425 -53 -278 -86 -618 343 -757 71]
[-14 -167 12 -25 -345 90 -172 -237 669 297 123 165 -109 4 506 -202 191 -855 66 -225 -604 606 -61 40 419 446 686 62 150 -163 331]
[558 -289 146 -331 66 -253 -282 -27 -325 471 304 -132 4 -180 277 -207 -183 -368 -658 320 -25 250 -200 -210 601 77 876 -132 -166 -36 -163]
[-39 -359 -206 -127 227 394 2 -101 -249 108 144 -414 292 -619 -138 80 -478 280 -724 135 -89 -643 -530 -339 434 -402 -115 338 265 -141 17]
[-324 -15 -409 137 260 -46 56 322 297 -777 -269 615 380 114 -533 -190 237 88 -476 142 204 -173 105 -231 -403 -161 -71 366 569 -302 155]
[-103 437 -320 -433 -132 -127 -192 -394 -139 515 -214 -29 262 -338 -109 -226 -698 36 337 267 626 -285 -168 347 254 276 -99 -170 -451 -41 -142]
[-5 -39 -760 -587 -518 -341 -228 -386 209 -230 -348 716 138 -543 -199 -454 -257 -5 -22 344 -114 134 122 -339 -132 -53 430 -49 -75 -160 44]
[-337 716 -362 -45 -160 245 -86 -263 126 404 -32 585 -344 -642 -94 -1 -231 -61 -37 186 -312 -235 521 -80 -115 -99 -25 214 -520 223 338]
[906 335 387 76 56 -544 -435 325 -389 -152 24 -87 -484 278 -444 -158 -275 89 -38 -169 245 -209 -230 -82 -448 -462 409 8 274 -72 -388]
[168 323 247 23 335 401 548 523 361 -228 610 105 292 305 -25 -518 -333 96 -135 -170 97 190 97 -235 530 40 82 86 -145 -119 311]
[-194 -214 -189 -418 -49 262 356 -57 216 -242 -222 46 341 -107 -389 -266 -550 -59 -464 34 317 -321 467 -472 450 -564 -382 -387 -254 -342 425]
[-45 -369 329 -136 222 239 -22 -132 -346 -93 209 -315 -39 -177 605 824 -236 417 336 33 226 -76 -388 721 -230 -704 -330 123 -54 -34 -214]
[458 -185 -80 364 -691 199 -124 435 94 -129 216 -228 -296 -68 32 -276 459 351 327 13 436 150 380 -60 -324 -268 28 132 198 -393 -555]
[117 -498 -462 -245 -317 -401 -35 -487 328 483 206 -761 -611 -223 -298 -153 -286 -4 -108 296 -383 -211 -51 -476 48 423 14 -419 69 -528 552]
[226 262 272 333 325 -114 -99 -92 -461 331 -108 315 168 22 -13 272 377 247 35 -553 -114 -367 -432 -28 -483 -748 -67 419 82 356 123]
[275 -584 88 359 219 166 94 -747 149 -164 -567 352 740 -324 133 385 -162 362 -186 14 -70 336 280 168 -139 85 -216 -429 217 -85 -199]
[366 125 -697 -152 -10 -480 243 -228 -358 -174 -388 -250 330 441 121 -470 141 451 107 -302 -145 561 -198 232 478 -84 -107 -743 30 495 -209]
[210 -526 -65 -451 -365 -177 -262 -627 -634 96 -406 150 151 -91 -104 256 -467 -13 214 -129 -617 55 -520 126 667 -356 409 394 412 -283 354]
[-176 459 -187 172 -68 9 523 -661 236 15 -40 -165 -344 -659 -381 -449 -153 -127 550 -259 -184 -147 -421 -139 271 -346 34 374 -303 764 -237]
[186 123 -6 394 -309 689 286 -117 364 44 718 -284 -237 -283 -139 304 95 642 316 -672 308 120 -78 -146 376 -491 558 313 -193 547 -120]
[538 550 -265 255 -109 145 -195 410 -203 -277 299 -436 24 -140 212 -233 -53 -535 233 -66 -481 660 -251 60 192 103 552 354 262 178 -413]
[384 -303 -108 -911 -358 302 292 -308 -352 -99 200 -85 -125 -126 146 246 -423 -371 36 500 268 476 -85 171 -222 211 -376 -595 29 124 -164]]
