[phase 0]
score=1.075721114190643
squared_norm=2329728
coefficients=[-1 2 -2 3 0 0 -1 1 0 0 1 0 0 1 0 -1 0 0 0 0 1 0 1 -1 1 0 0 0 -1 -1 0]
vector=[-3 -354 264 194 -188 54 -88 115 514 188 466 -521 -42 -238 67 -344 -28 -63 -326 -346 220 -48 200 -62 214 4 397 417 354 -288 397]

[phase 1]
score=0
squared_norm=2329728
coefficients=[1 0 0 0 0 0 0 0 0 0 0 0 0 0 0 0 0 0 0 0 0 0 0 0 0 0 0 0 0 0 0]
vector=[-3 -354 264 194 -188 54 -88 115 514 188 466 -521 -42 -238 67 -344 -28 -63 -326 -346 220 -48 200 -62 214 4 397 417 354 -288 397]

