[phase 0 initial]
[[445 324 246 -174 -20 -277 -355 -191 -422 -207 758 262 712 -392 643 234 -51 -354 92 -383 241 267 -433 -115 214 3 -188 -1035 -1143 59 -15 -490 -121 172 299 102 -507 216 0 0]
[-82 92 -464 -340 293 -392 767 222 498 575 -1000 65 299 60 -350 -976 243 -156 305 621 847 -432 306 -334 341 -68 405 342 349 -159 -309 543 502 -295 306 -618 -30 305 0 0]
[631 547 258 -454 -248 415 172 197 108 -184 -102 356 425 88 499 -743 695 135 -37 -247 417 468 -101 -232 1265 -247 -303 128 121 -686 -808 -67 881 344 -15 -557 -186 -266 6 0]
[432 427 -65 -1095 -771 204 -281 -12 -12 148 -66 339 354 270 -238 -471 185 -364 253 -65 69 746 -444 -193 236 -213 -620 495 -389 -476 -612 740 740 -379 -446 -187 -211 464 0 0]
[250 -199 -719 -6 -55 -324 -10 -220 -353 49 21 -215 6 -209 351 5 128 -408 24 691 106 134 -132 29 51 357 -76 -906 -1035 594 -177 -601 456 -216 -604 858 -427 -487 -2 0]
[187 72 223 703 -150 58 232 464 -461 -39 670 -494 877 -1031 -287 190 281 -13 370 516 300 381 696 279 463 -225 417 -657 -276 -357 -729 -410 185 265 182 486 -535 -494 1 0]
[-610 43 -534 -435 542 -293 -105 -284 733 -228 -1237 109 240 542 -181 -650 84 -206 -214 658 -597 -640 -39 24 368 138 -67 -187 -225 906 316 551 57 -1207 -105 10 -150 152 -6 0]
[410 -115 -854 -363 -830 -1208 -204 -129 -164 33 119 489 240 -55 -89 -49 -361 94 160 476 499 262 -321 -506 -747 -81 -96 -20 -383 -140 193 -860 160 -479 224 -297 -326 151 -3 0]
[391 -117 -500 290 -503 -569 663 -17 387 576 -464 -248 81 -552 -815 64 -333 618 623 275 516 756 246 -54 -528 -280 16 200 -412 -21 -468 -655 206 15 284 336 -680 -193 1 0]
[194 318 701 282 -370 -220 -237 -47 894 -472 7 520 414 144 274 633 324 344 -362 -962 130 555 60 10 798 -251 -718 -16 -249 -38 77 -664 136 -75 -131 -150 -291 97 69 0]
[690 -337 -54 735 -433 -430 -469 -11 -74 -179 913 -76 482 59 -247 926 239 58 -84 -326 42 -5 379 270 -88 7 194 -799 -570 -369 337 -471 -288 -77 108 232 -124 -308 -300 0]
[-63 191 -139 48 69 288 387 -576 144 256 182 -38 -65 58 253 348 800 31 -375 477 710 18 178 199 -11 792 200 -353 136 71 -172 286 443 346 -710 -128 225 358 -43 0]
[-392 -97 -308 276 -336 -751 504 -252 -193 126 170 8 483 79 351 410 -351 139 35 834 1125 -137 14 -331 -327 166 253 -1085 -602 374 777 -980 112 346 82 -474 -875 -67 -74 0]
[26 -212 -238 -155 -109 42 -32 298 -409 433 -116 -352 267 342 448 302 -431 -537 -552 -112 -160 -329 -198 6 -30 60 348 -1230 -253 -60 564 565 -18 210 -443 189 188 -26 -321 0]
[312 -501 -574 1052 81 -139 -41 311 -1157 -591 876 -312 149 -450 117 369 194 -489 25 -229 0 -339 128 5 -640 204 455 -104 -293 117 342 -533 -128 145 321 1114 655 -784 127 1]
[756 117 263 -738 -509 -108 -15 -327 300 -774 12 973 632 85 195 -119 704 -192 -130 -415 844 255 150 -157 112 -91 -584 -32 -826 -372 209 102 557 -340 380 -432 127 154 15 0]
[-542 -273 -509 -35 51 202 187 -221 -361 226 85 -481 -303 -47 -215 307 -243 223 -381 1032 436 457 -308 -123 -942 125 837 157 463 468 606 -409 307 421 -317 747 47 -549 -111 0]
[189 202 -393 -200 55 293 389 691 367 672 -461 84 -411 122 -527 -117 14 -452 635 -388 17 -385 435 -336 126 -243 -239 632 457 113 -403 457 309 80 213 -516 630 510 183 2]
[81 -521 369 427 306 -214 -933 799 274 872 316 -200 296 -361 -63 856 -325 -322 -269 -147 -363 -190 428 90 -67 135 385 -715 -230 412 355 -490 -349 143 347 585 -56 -294 -310 0]
[-85 -291 -434 -219 -70 -545 -488 100 -172 191 15 158 -67 46 430 -32 192 -355 -138 236 363 393 -260 -361 306 647 -201 439 -209 242 -590 -146 382 77 -387 648 -62 70 699 -2]
[-356 314 50 620 253 -22 -146 212 864 -147 82 -276 283 -12 -338 286 -305 50 389 221 -324 -151 65 -358 55 -648 399 -489 233 170 166 -821 -272 4 458 33 -528 -411 -436 -24]
[318 318 -340 -10 -232 16 45 -88 420 412 -338 365 -205 -540 -478 -74 -23 634 170 500 -138 504 -387 -370 -323 149 -190 564 944 -113 -1137 -696 365 260 -277 -123 -360 -151 -143 -128]
[220 -62 -110 1017 -257 611 963 -131 -81 159 -85 -729 -23 -30 297 24 565 22 -250 129 63 -45 798 349 365 121 -265 -117 5 201 -186 170 366 390 -456 537 335 -431 -309 113]
[1123 505 -42 -216 153 150 86 -226 -313 270 172 503 53 -107 492 -680 226 377 158 -26 773 232 -455 -776 -31 194 -407 134 -646 295 -243 -859 348 371 482 -448 -252 19 -191 -139]
[-129 259 -346 -52 654 100 306 -204 297 -81 -311 -119 80 133 -8 -380 -307 -142 -237 -58 518 -906 -90 -387 -507 -304 784 169 43 197 806 399 -632 -284 809 -303 29 320 -268 -102]
[-56 -107 266 299 112 0 295 -732 -353 -161 352 -372 8 474 376 289 -354 200 -192 17 -93 -125 74 55 -676 127 368 -425 102 78 584 -295 -125 454 542 136 165 -538 -181 211]
[345 -130 -293 469 -46 -898 83 307 325 957 -125 -158 361 -404 -649 -861 -466 657 458 297 4 -189 418 164 -426 -28 282 -275 -115 -182 -258 393 -290 -113 607 -361 -251 630 -385 -59]
[569 80 262 735 510 15 92 -135 652 -163 348 242 891 -312 40 -68 693 343 49 97 164 225 291 432 249 446 38 -535 -524 -20 -393 -128 -240 415 284 215 -643 -440 -194 33]
[-278 -307 -20 204 830 -112 298 -13 1356 182 -651 -92 67 -259 -382 349 -136 -111 42 -38 -306 -480 616 137 280 214 138 -202 -52 494 283 238 -427 -308 277 -299 115 35 -61 103]
[259 44 -192 -19 894 457 505 -230 -233 269 -235 -415 -155 -587 -86 -268 771 -47 -388 -491 3 61 -184 -9 426 -119 485 -269 674 53 -196 -153 256 649 40 138 621 -316 -245 13]
[-208 3 -86 -124 531 -492 392 221 -233 450 212 -167 214 -808 -170 -570 399 927 201 532 705 228 8 -111 -184 -381 756 -191 442 -417 -658 -722 -209 172 861 -438 67 457 174 101]
[728 -227 -74 -608 -644 -697 -294 -135 -715 -224 -127 309 471 -323 826 -825 -318 -828 -77 111 210 -59 -537 -601 -207 -126 -378 -438 -204 -374 -211 187 643 -236 250 -287 -106 -677 -221 -183]
[-146 -364 -974 -203 -132 -383 -906 484 270 128 -605 144 503 -43 -555 -236 -658 -252 38 517 25 46 95 -304 -345 -7 456 225 -16 360 400 560 -95 -1185 297 181 122 -74 138 -123]
[-592 167 -482 -255 -92 -236 449 -59 -6 -151 -451 -433 440 -287 -325 -328 -203 695 650 595 288 -88 648 238 -351 -94 168 -140 255 466 -399 -11 245 -269 521 -544 -508 403 329 -84]
[135 257 282 108 -483 221 -344 -116 -221 -678 1229 425 13 -187 -151 664 242 -204 228 -153 335 295 -307 -46 -325 467 -145 247 827 -810 -42 -858 -66 398 43 -437 500 159 70 4]
[-149 -103 -199 -363 -276 773 321 -90 385 -258 -574 22 -886 881 -162 469 375 -578 -26 -558 156 71 -133 159 -330 266 16 384 91 317 608 691 28 -219 -699 -151 602 587 -146 -226]
[93 -169 -827 -121 110 -427 673 -459 549 375 -871 -212 -298 23 -382 36 89 101 -89 408 85 -215 222 -145 -337 395 851 410 427 795 15 -221 -80 -59 9 653 25 -203 -131 53]
[586 -384 -71 528 230 -187 46 -199 -643 -560 74 -193 124 -264 -26 125 353 -105 217 -743 -324 -291 -45 502 318 71 118 -178 -1087 101 -600 -222 -277 -118 -219 761 -315 -460 531 234]
[-334 310 155 -673 50 -728 -84 -313 -68 592 -280 550 113 261 -113 -271 -547 -221 349 -363 651 -171 -233 69 -91 -99 -486 -9 -549 -17 -195 265 -192 -117 203 -993 -779 534 50 -92]
[-214 -518 -822 187 177 -684 352 410 112 688 -1000 -45 -718 251 327 -660 -583 419 -106 300 -367 -768 8 -123 -132 136 104 -111 346 549 69 -303 244 -317 -7 -169 -340 -279 -348 385]]
[phase 0 refreshed accepted=1]
[[147 138 192 -244 193 764 16 291 -424 -230 -77 -45 89 143 407 406 46 213 174 -159 -18 452 244 461 506 -429 232 -78 223 -357 -254 174 -63 279 24 -473 -325 283 -106 -142]
[-174 -229 -89 48 -199 -316 -205 62 238 8 -112 365 133 78 -949 -112 -251 -117 -269 347 -115 -126 344 -691 -412 -168 -37 41 -15 127 566 -170 75 63 510 -267 -61 -354 57 34]
[-257 510 735 161 573 703 406 -56 -4 -481 -273 -1 -39 98 -360 123 -123 596 -82 -412 186 77 -268 -67 170 -153 107 -10 206 -6 130 369 -286 201 -309 -293 -150 220 174 -252]
[85 291 434 219 70 545 488 -100 172 -191 -15 -158 67 -46 -430 32 -192 355 138 -236 -363 -393 260 361 -306 -647 201 -439 209 -242 590 146 -382 -77 387 -648 62 -70 -699 2]
[-475 144 119 38 728 312 336 -25 253 -15 -117 -331 -561 326 104 265 -342 170 330 -341 184 230 -156 -260 845 -298 79 91 157 529 -171 -202 -277 897 180 126 -303 44 700 -1]
[-223 389 232 524 28 -176 -564 281 435 -422 -59 212 738 -194 -372 112 106 121 -161 386 41 89 -307 -526 -314 144 226 -151 73 -123 -123 -396 101 -615 -418 262 -437 -165 -263 -277]
[84 713 194 575 394 433 325 178 211 81 -56 -441 202 324 426 396 17 -14 551 -332 80 -295 -142 -116 -452 196 392 15 647 -59 -508 -64 210 -144 -173 149 419 161 -318 -98]
[-292 217 294 -77 317 -264 67 -676 282 423 -335 242 -336 -95 -7 -76 545 243 -592 -230 20 -80 -925 -278 113 290 -263 -14 248 641 201 -341 -373 244 104 532 466 188 157 101]
[330 -38 253 -236 367 119 92 141 -758 190 -804 -40 143 -25 99 -56 605 810 -14 -770 738 200 -366 222 130 231 33 -40 58 43 -498 151 7 122 -8 145 -71 463 302 -378]
[186 -367 -339 -271 -331 -494 -407 -766 -654 -570 565 573 178 20 540 165 441 -453 -669 -161 -83 106 -610 266 -137 447 -368 472 123 48 163 51 118 -168 -291 511 436 45 126 148]
[-31 -246 -739 -453 -291 230 -37 446 49 335 -336 -179 4 -348 -421 108 -128 -17 256 317 -63 -9 708 328 121 -101 94 187 -510 560 -179 -159 267 -139 622 136 -531 -393 417 63]
[313 -222 -534 368 -292 315 431 -268 -201 28 237 -53 519 418 -566 442 455 -35 162 -181 -145 -356 411 408 236 31 -29 -39 210 108 130 468 141 398 481 -251 125 -193 -128 150]
[125 -513 -256 -606 106 -300 -213 -264 -682 -292 70 183 -249 -10 550 153 184 -8 -347 139 1010 394 432 34 -410 189 293 -165 4 -167 17 -234 502 340 -208 -249 -153 271 240 -194]
[-148 175 -52 -313 355 363 122 -159 124 -615 81 456 -324 -174 -162 173 261 -128 -9 -755 -169 68 -580 312 1078 -625 -456 549 387 257 -2 290 -416 198 -266 -147 30 557 308 -62]
[396 -264 244 260 -228 461 384 -652 -694 -264 55 -403 100 395 -414 -112 -196 337 -373 -56 -632 -101 -67 604 163 -323 -269 19 170 -276 197 1030 -541 -70 -428 151 -92 -145 -462 8]
[650 433 -388 -112 -786 179 150 599 -277 162 -419 -323 521 99 -125 294 156 -150 725 -28 255 244 524 282 -564 -119 227 178 -113 -482 -9 20 -42 -431 250 -301 -383 -223 -227 -153]
[-304 -133 198 -121 547 111 -433 -74 721 143 275 -451 -330 -386 -202 -97 -913 127 -184 498 -519 82 242 98 -616 110 592 -92 133 228 137 41 -102 -42 -103 337 -170 -417 -215 40]
[-593 -148 542 370 300 -428 178 -326 584 496 481 -15 -279 -59 316 -113 -395 -40 464 378 -236 71 -395 -120 238 251 18 -299 -484 -255 -669 -297 158 194 133 329 -34 61 88 406]
[-398 -144 47 -142 7 -217 341 26 61 457 176 72 -403 -286 949 -26 -59 -1066 -101 166 156 -792 277 125 -303 -74 -135 -351 154 331 674 -303 142 61 -5 -286 604 240 -507 254]
[-400 -172 108 -182 -323 644 -182 -211 -476 -441 76 80 48 -125 196 467 -470 436 -388 424 -482 663 -43 -388 -475 -278 -324 222 -226 -14 -143 -195 -72 -136 170 -60 -39 324 -3 34]
[-16 437 -39 -618 188 -178 86 -395 217 -109 -226 872 67 -42 -156 288 274 -472 -947 395 627 -5 -74 -433 -259 407 353 724 200 105 349 134 286 -560 -30 -18 574 288 469 106]
[40 -57 819 373 -252 -40 50 -187 51 -57 -69 -147 -14 35 -448 -567 582 -426 -416 -330 -243 -166 35 115 8 296 -395 74 -90 -486 739 929 -616 52 -447 184 380 -425 -217 24]
[170 41 152 222 91 -39 23 108 -122 83 -105 78 -124 731 -107 226 500 142 306 -290 289 676 545 -27 343 -585 245 -656 -297 -229 126 -424 427 684 544 -115 -69 97 18 -5]
[56 -123 -155 353 -56 -262 -321 188 757 277 493 -164 633 160 -445 -107 -35 13 -379 -30 -49 18 -38 -486 -644 -328 8 194 195 5 140 -126 359 -425 -146 203 287 73 -633 127]
[225 -275 -552 380 -286 270 717 -173 123 300 -421 50 -121 -380 -969 -322 -100 -84 86 257 275 -683 -28 149 -219 173 -595 -366 -360 426 16 226 -97 -132 236 -496 -407 -125 -97 -194]
[-663 11 171 22 105 -3 566 -324 188 79 -60 -58 -362 -196 30 9 -217 769 -124 -294 300 -385 -49 869 385 -747 -43 -71 -142 668 147 -155 36 -254 162 144 -275 747 12 81]
[187 116 -399 133 -516 -23 -493 -303 248 159 354 -326 596 -315 171 443 279 -41 267 622 -313 -104 -368 510 19 461 41 -582 -651 -180 -147 -78 -52 -378 -102 -156 -127 -327 3 354]
[-25 -25 -413 -150 145 -484 -231 -520 191 556 -28 307 -296 -53 -243 334 170 -408 143 144 -202 -524 -86 828 78 492 -1 -19 102 687 489 -490 345 270 -130 319 458 69 214 534]
[-429 -612 -187 158 266 413 230 49 -169 172 -198 -515 -376 583 -79 57 88 -261 369 -72 1081 -185 334 -330 -34 161 -459 234 181 -52 -589 -255 -38 537 -240 -228 -658 618 212 -208]
[-213 204 9 -362 38 -24 -343 -465 -205 -178 589 500 -905 -151 520 -165 132 -842 250 14 425 319 -75 141 65 146 -162 -178 -392 -387 -265 -97 -323 141 -357 -208 -236 -109 707 168]
[-406 402 486 280 -73 466 487 -295 -313 -358 506 63 -199 110 -132 461 -409 -215 34 184 239 361 328 -241 161 305 -420 282 -209 -244 62 558 -384 337 333 121 -95 31 665 -130]
[-84 -720 314 -472 -33 162 345 -126 -308 124 -427 436 -386 -400 -97 -281 260 -85 -339 -38 -284 131 676 1003 -262 -370 -120 -195 272 131 -208 -63 70 -22 233 -545 -243 539 -482 2]
[209 148 -938 -701 251 -424 -86 -37 359 330 55 65 -41 -536 49 -276 77 -15 -202 60 524 730 -53 -516 -276 -187 11 429 -237 572 -28 -597 -252 334 526 -15 -216 369 486 71]
[-231 -31 15 31 296 -154 86 -104 648 379 -112 -579 -241 -216 -460 413 -352 280 -265 500 -136 -580 392 -261 -153 396 388 -480 8 632 147 263 20 138 137 433 155 -441 -679 181]
[-327 -537 154 -9 -471 -25 -406 -258 -267 66 -17 440 635 -597 -331 207 -30 -98 -692 24 -202 457 76 8 -199 214 -240 129 -361 338 -434 -518 -28 -50 912 180 -289 -533 -236 6]
[-359 -54 646 287 53 254 -175 -10 26 -826 -133 79 44 463 419 -89 -84 -348 143 -40 308 -75 94 -459 -263 341 69 -197 437 -169 120 -100 352 -58 -403 101 -304 -591 618 6]
[-322 524 -834 273 11 -86 -82 23 313 -365 437 -489 4 258 233 149 32 -298 190 273 -357 673 -646 -37 710 290 -590 -135 -461 840 -41 -420 -17 331 -212 206 112 -146 183 -172]
[149 322 -275 -207 -206 -382 166 304 427 330 -341 8 112 -32 -32 384 -19 -502 281 -118 -630 -236 365 -334 -121 491 126 -104 223 248 895 -304 130 11 283 309 -23 -476 46 71]
[676 -168 -51 45 282 4 67 111 -152 -308 -220 225 -121 -119 654 -72 -178 525 28 -57 241 -595 356 610 -149 340 -25 -471 -219 521 -188 -409 291 -227 -15 179 -136 -370 -54 -199]
[-84 798 -30 -92 386 1134 246 111 -277 -137 -408 334 -111 208 249 -441 409 229 -691 -359 -68 -139 10 182 -193 292 -296 70 -147 -155 -405 424 10 109 -694 193 559 137 -299 -73]]
[phase 1 initial]
[[147 138 192 -244 193 764 16 291 -424 -230 -77 -45 89 143 407 406 46 213 174 -159 -18 452 244 461 506 -429 232 -78 223 -357 -254 174 -63 279 24 -473 -325 283 -106 -142]
[-174 -229 -89 48 -199 -316 -205 62 238 8 -112 365 133 78 -949 -112 -251 -117 -269 347 -115 -126 344 -691 -412 -168 -37 41 -15 127 566 -170 75 63 510 -267 -61 -354 57 34]
[-257 510 735 161 573 703 406 -56 -4 -481 -273 -1 -39 98 -360 123 -123 596 -82 -412 186 77 -268 -67 170 -153 107 -10 206 -6 130 369 -286 201 -309 -293 -150 220 174 -252]
[85 291 434 219 70 545 488 -100 172 -191 -15 -158 67 -46 -430 32 -192 355 138 -236 -363 -393 260 361 -306 -647 201 -439 209 -242 590 146 -382 -77 387 -648 62 -70 -699 2]
[-475 144 119 38 728 312 336 -25 253 -15 -117 -331 -561 326 104 265 -342 170 330 -341 184 230 -156 -260 845 -298 79 91 157 529 -171 -202 -277 897 180 126 -303 44 700 -1]
[-223 389 232 524 28 -176 -564 281 435 -422 -59 212 738 -194 -372 112 106 121 -161 386 41 89 -307 -526 -314 144 226 -151 73 -123 -123 -396 101 -615 -418 262 -437 -165 -263 -277]
[84 713 194 575 394 433 325 178 211 81 -56 -441 202 324 426 396 17 -14 551 -332 80 -295 -142 -116 -452 196 392 15 647 -59 -508 -64 210 -144 -173 149 419 161 -318 -98]
[-292 217 294 -77 317 -264 67 -676 282 423 -335 242 -336 -95 -7 -76 545 243 -592 -230 20 -80 -925 -278 113 290 -263 -14 248 641 201 -341 -373 244 104 532 466 188 157 101]
[330 -38 253 -236 367 119 92 141 -758 190 -804 -40 143 -25 99 -56 605 810 -14 -770 738 200 -366 222 130 231 33 -40 58 43 -498 151 7 122 -8 145 -71 463 302 -378]
[186 -367 -339 -271 -331 -494 -407 -766 -654 -570 565 573 178 20 540 165 441 -453 -669 -161 -83 106 -610 266 -137 447 -368 472 123 48 163 51 118 -168 -291 511 436 45 126 148]
[-31 -246 -739 -453 -291 230 -37 446 49 335 -336 -179 4 -348 -421 108 -128 -17 256 317 -63 -9 708 328 121 -101 94 187 -510 560 -179 -159 267 -139 622 136 -531 -393 417 63]
[313 -222 -534 368 -292 315 431 -268 -201 28 237 -53 519 418 -566 442 455 -35 162 -181 -145 -356 411 408 236 31 -29 -39 210 108 130 468 141 398 481 -251 125 -193 -128 150]
[125 -513 -256 -606 106 -300 -213 -264 -682 -292 70 183 -249 -10 550 153 184 -8 -347 139 1010 394 432 34 -410 189 293 -165 4 -167 17 -234 502 340 -208 -249 -153 271 240 -194]
[-148 175 -52 -313 355 363 122 -159 124 -615 81 456 -324 -174 -162 173 261 -128 -9 -755 -169 68 -580 312 1078 -625 -456 549 387 257 -2 290 -416 198 -266 -147 30 557 308 -62]
[396 -264 244 260 -228 461 384 -652 -694 -264 55 -403 100 395 -414 -112 -196 337 -373 -56 -632 -101 -67 604 163 -323 -269 19 170 -276 197 1030 -541 -70 -428 151 -92 -145 -462 8]
[650 433 -388 -112 -786 179 150 599 -277 162 -419 -323 521 99 -125 294 156 -150 725 -28 255 244 524 282 -564 -119 227 178 -113 -482 -9 20 -42 -431 250 -301 -383 -223 -227 -153]
[-304 -133 198 -121 547 111 -433 -74 721 143 275 -451 -330 -386 -202 -97 -913 127 -184 498 -519 82 242 98 -616 110 592 -92 133 228 137 41 -102 -42 -103 337 -170 -417 -215 40]
[-593 -148 542 370 300 -428 178 -326 584 496 481 -15 -279 -59 316 -113 -395 -40 464 378 -236 71 -395 -120 238 251 18 -299 -484 -255 -669 -297 158 194 133 329 -34 61 88 406]
[-398 -144 47 -142 7 -217 341 26 61 457 176 72 -403 -286 949 -26 -59 -1066 -101 166 156 -792 277 125 -303 -74 -135 -351 154 331 674 -303 142 61 -5 -286 604 240 -507 254]
[-400 -172 108 -182 -323 644 -182 -211 -476 -441 76 80 48 -125 196 467 -470 436 -388 424 -482 663 -43 -388 -475 -278 -324 222 -226 -14 -143 -195 -72 -136 170 -60 -39 324 -3 34]
[-16 437 -39 -618 188 -178 86 -395 217 -109 -226 872 67 -42 -156 288 274 -472 -947 395 627 -5 -74 -433 -259 407 353 724 200 105 349 134 286 -560 -30 -18 574 288 469 106]
[40 -57 819 373 -252 -40 50 -187 51 -57 -69 -147 -14 35 -448 -567 582 -426 -416 -330 -243 -166 35 115 8 296 -395 74 -90 -486 739 929 -616 52 -447 184 380 -425 -217 24]
[170 41 152 222 91 -39 23 108 -122 83 -105 78 -124 731 -107 226 500 142 306 -290 289 676 545 -27 343 -585 245 -656 -297 -229 126 -424 427 684 544 -115 -69 97 18 -5]
[56 -123 -155 353 -56 -262 -321 188 757 277 493 -164 633 160 -445 -107 -35 13 -379 -30 -49 18 -38 -486 -644 -328 8 194 195 5 140 -126 359 -425 -146 203 287 73 -633 127]
[225 -275 -552 380 -286 270 717 -173 123 300 -421 50 -121 -380 -969 -322 -100 -84 86 257 275 -683 -28 149 -219 173 -595 -366 -360 426 16 226 -97 -132 236 -496 -407 -125 -97 -194]
[-663 11 171 22 105 -3 566 -324 188 79 -60 -58 -362 -196 30 9 -217 769 -124 -294 300 -385 -49 869 385 -747 -43 -71 -142 668 147 -155 36 -254 162 144 -275 747 12 81]
[187 116 -399 133 -516 -23 -493 -303 248 159 354 -326 596 -315 171 443 279 -41 267 622 -313 -104 -368 510 19 461 41 -582 -651 -180 -147 -78 -52 -378 -102 -156 -127 -327 3 354]
[-25 -25 -413 -150 145 -484 -231 -520 191 556 -28 307 -296 -53 -243 334 170 -408 143 144 -202 -524 -86 828 78 492 -1 -19 102 687 489 -490 345 270 -130 319 458 69 214 534]
[-429 -612 -187 158 266 413 230 49 -169 172 -198 -515 -376 583 -79 57 88 -261 369 -72 1081 -185 334 -330 -34 161 -459 234 181 -52 -589 -255 -38 537 -240 -228 -658 618 212 -208]
[-213 204 9 -362 38 -24 -343 -465 -205 -178 589 500 -905 -151 520 -165 132 -842 250 14 425 319 -75 141 65 146 -162 -178 -392 -387 -265 -97 -323 141 -357 -208 -236 -109 707 168]
[-406 402 486 280 -73 466 487 -295 -313 -358 506 63 -199 110 -132 461 -409 -215 34 184 239 361 328 -241 161 305 -420 282 -209 -244 62 558 -384 337 333 121 -95 31 665 -130]
[-84 -720 314 -472 -33 162 345 -126 -308 124 -427 436 -386 -400 -97 -281 260 -85 -339 -38 -284 131 676 1003 -262 -370 -120 -195 272 131 -208 -63 70 -22 233 -545 -243 539 -482 2]
[209 148 -938 -701 251 -424 -86 -37 359 330 55 65 -41 -536 49 -276 77 -15 -202 60 524 730 -53 -516 -276 -187 11 429 -237 572 -28 -597 -252 334 526 -15 -216 369 486 71]
[-231 -31 15 31 296 -154 86 -104 648 379 -112 -579 -241 -216 -460 413 -352 280 -265 500 -136 -580 392 -261 -153 396 388 -480 8 632 147 263 20 138 137 433 155 -441 -679 181]
[-327 -537 154 -9 -471 -25 -406 -258 -267 66 -17 440 635 -597 -331 207 -30 -98 -692 24 -202 457 76 8 -199 214 -240 129 -361 338 -434 -518 -28 -50 912 180 -289 -533 -236 6]
[-359 -54 646 287 53 254 -175 -10 26 -826 -133 79 44 463 419 -89 -84 -348 143 -40 308 -75 94 -459 -263 341 69 -197 437 -169 120 -100 352 -58 -403 101 -304 -591 618 6]
[-322 524 -834 273 11 -86 -82 23 313 -365 437 -489 4 258 233 149 32 -298 190 273 -357 673 -646 -37 710 290 -590 -135 -461 840 -41 -420 -17 331 -212 206 112 -146 183 -172]
[149 322 -275 -207 -206 -382 166 304 427 330 -341 8 112 -32 -32 384 -19 -502 281 -118 -630 -236 365 -334 -121 491 126 -104 223 248 895 -304 130 11 283 309 -23 -476 46 71]
[676 -168 -51 45 282 4 67 111 -152 -308 -220 225 -121 -119 654 -72 -178 525 28 -57 241 -595 356 610 -149 340 -25 -471 -219 521 -188 -409 291 -227 -15 179 -136 -370 -54 -199]
[-84 798 -30 -92 386 1134 246 111 -277 -137 -408 334 -111 208 249 -441 409 229 -691 -359 -68 -139 10 182 -193 292 -296 70 -147 -155 -405 424 10 109 -694 193 559 137 -299 -73]]
[phase 1 refreshed accepted=0]
[[147 138 192 -244 193 764 16 291 -424 -230 -77 -45 89 143 407 406 46 213 174 -159 -18 452 244 461 506 -429 232 -78 223 -357 -254 174 -63 279 24 -473 -325 283 -106 -142]
[-174 -229 -89 48 -199 -316 -205 62 238 8 -112 365 133 78 -949 -112 -251 -117 -269 347 -115 -126 344 -691 -412 -168 -37 41 -15 127 566 -170 75 63 510 -267 -61 -354 57 34]
[-257 510 735 161 573 703 406 -56 -4 -481 -273 -1 -39 98 -360 123 -123 596 -82 -412 186 77 -268 -67 170 -153 107 -10 206 -6 130 369 -286 201 -309 -293 -150 220 174 -252]
[85 291 434 219 70 545 488 -100 172 -191 -15 -158 67 -46 -430 32 -192 355 138 -236 -363 -393 260 361 -306 -647 201 -439 209 -242 590 146 -382 -77 387 -648 62 -70 -699 2]
[-475 144 119 38 728 312 336 -25 253 -15 -117 -331 -561 326 104 265 -342 170 330 -341 184 230 -156 -260 845 -298 79 91 157 529 -171 -202 -277 897 180 126 -303 44 700 -1]
[-223 389 232 524 28 -176 -564 281 435 -422 -59 212 738 -194 -372 112 106 121 -161 386 41 89 -307 -526 -314 144 226 -151 73 -123 -123 -396 101 -615 -418 262 -437 -165 -263 -277]
[84 713 194 575 394 433 325 178 211 81 -56 -441 202 324 426 396 17 -14 551 -332 80 -295 -142 -116 -452 196 392 15 647 -59 -508 -64 210 -144 -173 149 419 161 -318 -98]
[-292 217 294 -77 317 -264 67 -676 282 423 -335 242 -336 -95 -7 -76 545 243 -592 -230 20 -80 -925 -278 113 290 -263 -14 248 641 201 -341 -373 244 104 532 466 188 157 101]
[330 -38 253 -236 367 119 92 141 -758 190 -804 -40 143 -25 99 -56 605 810 -14 -770 738 200 -366 222 130 231 33 -40 58 43 -498 151 7 122 -8 145 -71 463 302 -378]
[186 -367 -339 -271 -331 -494 -407 -766 -654 -570 565 573 178 20 540 165 441 -453 -669 -161 -83 106 -610 266 -137 447 -368 472 123 48 163 51 118 -168 -291 511 436 45 126 148]
[-31 -246 -739 -453 -291 230 -37 446 49 335 -336 -179 4 -348 -421 108 -128 -17 256 317 -63 -9 708 328 121 -101 94 187 -510 560 -179 -159 267 -139 622 136 -531 -393 417 63]
[313 -222 -534 368 -292 315 431 -268 -201 28 237 -53 519 418 -566 442 455 -35 162 -181 -145 -356 411 408 236 31 -29 -39 210 108 130 468 141 398 481 -251 125 -193 -128 150]
[125 -513 -256 -606 106 -300 -213 -264 -682 -292 70 183 -249 -10 550 153 184 -8 -347 139 1010 394 432 34 -410 189 293 -165 4 -167 17 -234 502 340 -208 -249 -153 271 240 -194]
[-148 175 -52 -313 355 363 122 -159 124 -615 81 456 -324 -174 -162 173 261 -128 -9 -755 -169 68 -580 312 1078 -625 -456 549 387 257 -2 290 -416 198 -266 -147 30 557 308 -62]
[396 -264 244 260 -228 461 384 -652 -694 -264 55 -403 100 395 -414 -112 -196 337 -373 -56 -632 -101 -67 604 163 -323 -269 19 170 -276 197 1030 -541 -70 -428 151 -92 -145 -462 8]
[650 433 -388 -112 -786 179 150 599 -277 162 -419 -323 521 99 -125 294 156 -150 725 -28 255 244 524 282 -564 -119 227 178 -113 -482 -9 20 -42 -431 250 -301 -383 -223 -227 -153]
[-304 -133 198 -121 547 111 -433 -74 721 143 275 -451 -330 -386 -202 -97 -913 127 -184 498 -519 82 242 98 -616 110 592 -92 133 228 137 41 -102 -42 -103 337 -170 -417 -215 40]
[-593 -148 542 370 300 -428 178 -326 584 496 481 -15 -279 -59 316 -113 -395 -40 464 378 -236 71 -395 -120 238 251 18 -299 -484 -255 -669 -297 158 194 133 329 -34 61 88 406]
[-398 -144 47 -142 7 -217 341 26 61 457 176 72 -403 -286 949 -26 -59 -1066 -101 166 156 -792 277 125 -303 -74 -135 -351 154 331 674 -303 142 61 -5 -286 604 240 -507 254]
[-400 -172 108 -182 -323 644 -182 -211 -476 -441 76 80 48 -125 196 467 -470 436 -388 424 -482 663 -43 -388 -475 -278 -324 222 -226 -14 -143 -195 -72 -136 170 -60 -39 324 -3 34]
[-16 437 -39 -618 188 -178 86 -395 217 -109 -226 872 67 -42 -156 288 274 -472 -947 395 627 -5 -74 -433 -259 407 353 724 200 105 349 134 286 -560 -30 -18 574 288 469 106]
[40 -57 819 373 -252 -40 50 -187 51 -57 -69 -147 -14 35 -448 -567 582 -426 -416 -330 -243 -166 35 115 8 296 -395 74 -90 -486 739 929 -616 52 -447 184 380 -425 -217 24]
[170 41 152 222 91 -39 23 108 -122 83 -105 78 -124 731 -107 226 500 142 306 -290 289 676 545 -27 343 -585 245 -656 -297 -229 126 -424 427 684 544 -115 -69 97 18 -5]
[56 -123 -155 353 -56 -262 -321 188 757 277 493 -164 633 160 -445 -107 -35 13 -379 -30 -49 18 -38 -486 -644 -328 8 194 195 5 140 -126 359 -425 -146 203 287 73 -633 127]
[225 -275 -552 380 -286 270 717 -173 123 300 -421 50 -121 -380 -969 -322 -100 -84 86 257 275 -683 -28 149 -219 173 -595 -366 -360 426 16 226 -97 -132 236 -496 -407 -125 -97 -194]
[-663 11 171 22 105 -3 566 -324 188 79 -60 -58 -362 -196 30 9 -217 769 -124 -294 300 -385 -49 869 385 -747 -43 -71 -142 668 147 -155 36 -254 162 144 -275 747 12 81]
[187 116 -399 133 -516 -23 -493 -303 248 159 354 -326 596 -315 171 443 279 -41 267 622 -313 -104 -368 510 19 461 41 -582 -651 -180 -147 -78 -52 -378 -102 -156 -127 -327 3 354]
[-25 -25 -413 -150 145 -484 -231 -520 191 556 -28 307 -296 -53 -243 334 170 -408 143 144 -202 -524 -86 828 78 492 -1 -19 102 687 489 -490 345 270 -130 319 458 69 214 534]
[-429 -612 -187 158 266 413 230 49 -169 172 -198 -515 -376 583 -79 57 88 -261 369 -72 1081 -185 334 -330 -34 161 -459 234 181 -52 -589 -255 -38 537 -240 -228 -658 618 212 -208]
[-213 204 9 -362 38 -24 -343 -465 -205 -178 589 500 -905 -151 520 -165 132 -842 250 14 425 319 -75 141 65 146 -162 -178 -392 -387 -265 -97 -323 141 -357 -208 -236 -109 707 168]
[-406 402 486 280 -73 466 487 -295 -313 -358 506 63 -199 110 -132 461 -409 -215 34 184 239 361 328 -241 161 305 -420 282 -209 -244 62 558 -384 337 333 121 -95 31 665 -130]
[-84 -720 314 -472 -33 162 345 -126 -308 124 -427 436 -386 -400 -97 -281 260 -85 -339 -38 -284 131 676 1003 -262 -370 -120 -195 272 131 -208 -63 70 -22 233 -545 -243 539 -482 2]
[209 148 -938 -701 251 -424 -86 -37 359 330 55 65 -41 -536 49 -276 77 -15 -202 60 524 730 -53 -516 -276 -187 11 429 -237 572 -28 -597 -252 334 526 -15 -216 369 486 71]
[-231 -31 15 31 296 -154 86 -104 648 379 -112 -579 -241 -216 -460 413 -352 280 -265 500 -136 -580 392 -261 -153 396 388 -480 8 632 147 263 20 138 137 433 155 -441 -679 181]
[-327 -537 154 -9 -471 -25 -406 -258 -267 66 -17 440 635 -597 -331 207 -30 -98 -692 24 -202 457 76 8 -199 214 -240 129 -361 338 -434 -518 -28 -50 912 180 -289 -533 -236 6]
[-359 -54 646 287 53 254 -175 -10 26 -826 -133 79 44 463 419 -89 -84 -348 143 -40 308 -75 94 -459 -263 341 69 -197 437 -169 120 -100 352 -58 -403 101 -304 -591 618 6]
[-322 524 -834 273 11 -86 -82 23 313 -365 437 -489 4 258 233 149 32 -298 190 273 -357 673 -646 -37 710 290 -590 -135 -461 840 -41 -420 -17 331 -212 206 112 -146 183 -172]
[149 322 -275 -207 -206 -382 166 304 427 330 -341 8 112 -32 -32 384 -19 -502 281 -118 -630 -236 365 -334 -121 491 126 -104 223 248 895 -304 130 11 283 309 -23 -476 46 71]
[676 -168 -51 45 282 4 67 111 -152 -308 -220 225 -121 -119 654 -72 -178 525 28 -57 241 -595 356 610 -149 340 -25 -471 -219 521 -188 -409 291 -227 -15 179 -136 -370 -54 -199]
[-84 798 -30 -92 386 1134 246 111 -277 -137 -408 334 -111 208 249 -441 409 229 -691 -359 -68 -139 10 182 -193 292 -296 70 -147 -155 -405 424 10 109 -694 193 559 137 -299 -73]]
