[phase 0]
squared_norm=3317331
coefficients=[3 3 0 -2 -1 0 -1 2 -1 -1 1 -1 -2 0 -1 0 1 -1 0 0 0 1 1 0 -1 0 -1 0 0 0 -1 -1 0 1 -1 1 -1 0 0 0]
vector=[147 138 192 -244 193 764 16 291 -424 -230 -77 -45 89 143 407 406 46 213 174 -159 -18 452 244 461 506 -429 232 -78 223 -357 -254 174 -63 279 24 -473 -325 283 -106 -142]

[phase 1]
squared_norm=2610413
coefficients=[0 -1 2 1 1 -1 1 0 -2 3 2 -4 0 -1 0 -1 -2 -1 -1 -2 -1 -1 1 1 1 -1 1 0 0 -1 1 1 0 1 0 0 -1 0 -1 0]
vector=[473 132 234 -140 95 8 466 -56 50 -207 -64 -649 -523 5 -293 117 -260 -162 -36 -452 100 -46 -201 -191 -2 -255 50 -300 64 -41 -252 -183 305 65 35 374 -453 -298 -174 102]

