[phase 0]
squared_norm=2457723
coefficients=[1 -1 0 2 -2 1 1 3 1 -1 0 -1 0 -1 0 2 2 -1 -1 -1 0 -1 1 -1 0 1 -1 0 1 0 0 0 0 0 0]
vector=[-200 240 2 -330 85 521 666 113 2 179 217 -197 -223 -114 -273 279 46 75 340 -408 97 209 -67 -56 354 -427 70 -9 500 -213 265 271 -17 -164 232]

[phase 1]
squared_norm=2457723
coefficients=[1 0 0 0 0 0 0 0 0 0 0 0 0 0 0 0 0 0 0 0 0 0 0 0 0 0 0 0 0 0 0 0 0 0 0]
vector=[-200 240 2 -330 85 521 666 113 2 179 217 -197 -223 -114 -273 279 46 75 340 -408 97 209 -67 -56 354 -427 70 -9 500 -213 265 271 -17 -164 232]

