[phase 0 initial]
[[-382 -336 426 319 -200 -346 260 33 423 -239 -241 72 175 510 104 361 632 -43 -296 214 190 -84 54 -400 23 -65 -508 70 61 -74 -131 -46 -384 -80]
[-272 476 -273 70 -130 164 503 -302 81 455 266 -289 -240 -209 -31 -365 -63 314 229 265 -95 -614 67 507 511 315 65 -120 128 209 337 106 105 62]
[-167 -592 183 121 524 302 -38 -177 -57 -77 10 349 -358 -67 592 64 -267 -149 100 -748 -71 65 148 -80 248 -117 44 -392 -490 239 -130 114 80 -89]
[579 372 79 3 -82 -53 224 244 444 -73 323 630 -211 99 -235 -577 30 320 141 12 -160 -187 -212 165 -603 -157 -190 25 299 -143 345 250 -276 -6]
[-149 65 59 43 -256 271 -204 -177 -221 502 -193 -15 782 361 142 82 133 -533 -173 761 101 499 -30 224 103 -424 38 145 144 57 -261 -205 -115 180]
[-66 -209 -257 -32 609 -117 210 -239 -340 -55 541 -1 -247 -457 -150 166 -299 184 -125 117 453 -700 -87 -90 -50 341 294 17 -219 -283 -92 265 106 -8]
[106 -168 -594 556 -284 -480 172 512 -158 -679 309 100 43 -28 -470 272 314 -31 -304 446 390 97 -242 -472 -2 391 -13 -99 120 -413 -99 -364 95 -111]
[2 -451 -204 271 -318 107 580 87 678 163 138 6 135 133 351 50 -60 240 212 88 252 -317 -211 534 141 -116 -389 -329 237 -209 181 606 -278 -447]
[-408 29 -206 -73 120 -70 -137 89 -575 -245 584 -180 -295 -398 -45 10 332 -590 -75 -188 -359 178 37 -93 213 345 670 -271 -161 486 -18 282 368 -3]
[-837 -400 400 366 -174 -388 100 299 415 165 -158 -277 -315 -339 431 278 227 196 301 -459 107 -63 287 -174 370 -43 283 164 -96 163 226 206 543 -441]
[159 -80 189 -555 -549 -334 157 -17 -238 -150 -242 -626 25 638 -569 198 715 -539 -536 -104 -342 356 28 -58 -161 -459 21 210 -270 388 -79 -223 53 133]
[-501 -331 -222 77 -242 -180 332 -403 -226 -361 -99 -254 145 -81 40 38 719 323 78 81 163 -27 356 -456 95 110 272 679 -503 -248 -27 -286 340 136]
[-282 -431 -154 290 -84 -594 17 -104 -98 -423 82 -224 -79 280 155 157 49 -158 34 -249 25 436 -106 -1143 422 73 318 689 -482 -59 500 -441 442 -54]
[194 -193 326 229 -212 684 46 -180 122 -114 154 661 -320 58 -431 -304 233 -214 -253 -81 -768 399 208 -269 -192 -310 -146 -948 -125 332 -177 -434 -57 -150]
[-327 -35 -595 -167 -216 -102 -329 6 85 -313 -145 280 378 731 50 -320 118 -167 0 48 239 177 -300 207 141 69 -89 434 446 45 518 196 110 4]
[-19 -595 43 69 486 261 201 -210 -527 -93 -398 294 260 -332 240 78 -109 -425 -105 252 -141 340 -128 -413 -247 -56 104 136 -892 401 -133 -133 -93 286]
[-255 -147 -114 89 -540 -138 -148 -8 863 -84 472 377 6 -206 237 -467 -328 542 -52 -221 -436 192 -224 111 408 34 15 -321 516 -97 30 251 55 -542]
[-363 -228 58 349 541 172 233 843 216 -661 -186 159 -364 344 23 140 195 -7 -89 -238 -227 -229 221 -466 340 143 -708 -326 -289 188 521 -99 6 -153]
[-695 -247 45 -128 -186 -236 -88 -380 721 -65 -255 -454 -174 156 295 33 81 -208 -224 -887 -203 -441 -522 305 177 -100 -96 -545 290 509 220 282 -395 -431]
[-297 86 73 731 543 105 430 27 222 263 -23 610 -370 163 242 -297 356 -56 1 47 93 -402 -312 -203 642 -204 -426 -118 -254 -566 736 -337 -116 66]
[-432 421 -251 -60 -107 -101 154 -226 -83 450 987 -442 -130 -586 -235 284 -309 160 -228 425 -59 -265 -326 -98 -16 -336 567 435 155 196 63 -370 385 269]
[-305 -673 129 81 -202 -591 110 -653 -99 410 55 -465 -236 102 -465 132 158 56 -471 162 343 -519 285 62 395 54 -568 -691 69 -304 -438 -48 177 -382]
[-400 66 34 88 -841 -415 153 -246 292 -25 -36 -323 120 269 -8 246 715 142 -72 -17 398 155 -827 -153 336 -91 141 548 -129 2 -21 -46 477 -85]
[552 457 -51 -4 507 -613 -102 904 -207 108 56 257 -118 -403 -26 152 -170 478 -722 122 85 -29 169 -350 -824 98 -558 579 129 206 -224 -240 -217 366]
[-156 -156 355 -339 423 710 -515 -265 -397 25 261 506 47 10 141 -324 49 484 -115 -280 236 297 352 -277 -354 216 -628 80 113 -230 -89 -225 6 172]
[72 603 191 -21 226 177 234 -377 299 103 379 110 4 295 337 174 -618 149 -247 -116 -276 108 -453 82 -366 -517 -256 -243 365 -410 39 265 -557 -30]
[-143 -157 -119 164 -104 -271 446 396 407 -164 5 55 224 -564 -82 296 1011 824 -454 454 385 -153 -405 -369 -29 356 215 -4 -31 -117 -10 -203 123 199]
[-219 -209 -866 198 -222 338 510 -87 -99 -314 -25 -691 38 90 -568 -383 -165 478 84 -295 -590 -28 -288 -136 328 369 721 -324 58 420 887 426 331 -414]
[358 -338 60 -183 -305 -11 69 5 516 -559 -275 -994 98 -15 -170 98 724 -42 -216 -479 -87 321 319 47 -1291 97 -286 -297 -138 7 -110 224 -50 -222]
[549 376 -363 -120 288 259 -229 -26 347 185 177 94 153 -602 -286 80 -81 33 153 -266 113 235 -477 -323 -524 -156 307 1010 191 -887 -209 50 306 -131]
[153 -167 366 -343 -450 -171 -56 -48 287 -147 164 -72 -55 134 -411 38 -312 706 -126 -159 -335 -24 -115 474 -6 -428 -315 289 416 528 323 91 461 -427]
[67 -354 -356 -225 -1 563 220 -175 -475 151 197 -114 -174 325 74 -200 -312 -40 0 567 -166 408 -31 1 185 -138 659 -271 -346 341 199 695 -112 -535]
[-485 -150 105 -407 202 -400 167 168 -86 -219 -331 -36 296 299 -21 29 371 647 0 -157 -194 -111 180 210 -546 138 -496 108 -403 -412 117 -151 -126 401]
[-334 -38 -53 77 -351 -32 -506 -146 456 -365 118 136 40 58 -780 387 430 -42 -484 -109 232 249 427 -230 -37 167 -26 -416 -29 -196 -447 -47 19 108]]
[phase 0 refreshed]
[[344 23 -220 -64 -188 -151 132 -184 -311 21 -456 307 -140 -83 106 -210 -414 133 393 172 -35 405 -3 -5 263 774 -76 380 -123 444 146 121 187 374]
[-382 -336 426 319 -200 -346 260 33 423 -239 -241 72 175 510 104 361 632 -43 -296 214 190 -84 54 -400 23 -65 -508 70 61 -74 -131 -46 -384 -80]
[-272 476 -273 70 -130 164 503 -302 81 455 266 -289 -240 -209 -31 -365 -63 314 229 265 -95 -614 67 507 511 315 65 -120 128 209 337 106 105 62]
[-19 -595 43 69 486 261 201 -210 -527 -93 -398 294 260 -332 240 78 -109 -425 -105 252 -141 340 -128 -413 -247 -56 104 136 -892 401 -133 -133 -93 286]
[-167 -592 183 121 524 302 -38 -177 -57 -77 10 349 -358 -67 592 64 -267 -149 100 -748 -71 65 148 -80 248 -117 44 -392 -490 239 -130 114 80 -89]
[420 -2 -188 -192 -191 -422 -566 -88 -426 106 24 286 375 362 -111 325 -408 -105 -29 533 755 478 -59 35 52 432 87 526 566 -392 -411 208 166 198]
[-297 68 199 95 -218 312 -443 -144 249 518 215 40 164 626 494 68 -25 -257 32 -239 171 224 246 557 598 -485 -22 -383 546 -105 -258 42 58 -195]
[579 372 79 3 -82 -53 224 244 444 -73 323 630 -211 99 -235 -577 30 320 141 12 -160 -187 -212 165 -603 -157 -190 25 299 -143 345 250 -276 -6]
[2 -451 -204 271 -318 107 580 87 678 163 138 6 135 133 351 50 -60 240 212 88 252 -317 -211 534 141 -116 -389 -329 237 -209 181 606 -278 -447]
[-267 -75 -427 779 -499 103 427 272 206 -246 44 161 -308 153 241 -195 283 -50 150 -154 -229 248 60 45 807 248 -198 -628 -23 318 200 -409 174 -130]
[-408 29 -206 -73 120 -70 -137 89 -575 -245 584 -180 -295 -398 -45 10 332 -590 -75 -188 -359 178 37 -93 213 345 670 -271 -161 486 -18 282 368 -3]
[228 -918 250 -346 -137 590 107 -793 -161 389 -531 183 194 -144 20 308 -554 -111 61 321 -162 426 146 50 8 257 -223 -294 -287 392 -395 452 -46 -87]
[-473 -172 281 380 97 -287 330 127 298 539 513 337 9 -336 188 -51 91 167 144 431 501 -451 -42 125 -180 -283 425 351 128 -206 218 516 258 -275]
[-327 -35 -595 -167 -216 -102 -329 6 85 -313 -145 280 378 731 50 -320 118 -167 0 48 239 177 -300 207 141 69 -89 434 446 45 518 196 110 4]
[547 250 95 180 224 277 -151 413 -251 81 663 509 -444 109 57 -47 -239 484 429 -113 273 166 798 28 318 39 36 17 112 -671 -217 -35 568 56]
[-219 109 56 175 -542 79 113 -303 467 84 439 416 98 644 299 -471 724 386 251 -146 174 10 390 266 90 -532 60 321 342 -496 60 6 122 -65]
[21 -37 -127 -374 379 -182 -509 549 -211 -86 -51 -471 -123 -492 -115 227 179 -449 112 -520 -203 232 -486 -133 -43 -116 310 165 -78 -612 631 476 284 -313]
[21 574 -500 -706 -62 63 13 -393 -255 59 624 -232 -297 -408 -334 251 373 362 -71 80 -6 -387 -310 558 25 276 -96 348 492 -560 -41 377 0 506]
[181 -1000 395 11 -115 94 216 -469 496 -128 330 282 44 318 -166 98 -61 -82 -157 -88 -262 270 -169 -923 -436 -601 -19 40 -347 -254 304 140 -67 -521]
[46 -60 -328 -367 1 -352 341 -94 -163 -9 -541 -58 295 -277 -31 -133 -292 434 -586 320 155 -260 -279 566 173 116 -217 273 -357 177 -560 -262 -180 393]
[214 -319 -218 586 -167 -434 341 -77 -312 560 594 395 -421 -499 -10 157 -288 -182 456 614 402 61 -214 95 -315 333 -381 -237 321 253 83 442 244 160]
[274 742 71 -158 54 -123 -53 218 -336 177 -74 -671 -266 538 -477 389 437 -117 157 -31 577 -532 352 302 -161 22 -119 185 376 -304 103 -118 38 256]
[629 52 394 260 111 303 -129 360 -260 324 328 734 -209 127 249 239 -352 -122 174 41 367 688 -513 -82 312 -218 9 22 -406 -20 -344 72 612 121]
[696 -524 -183 -185 651 145 -21 82 -414 297 -417 -10 -148 -317 143 -183 -647 273 -267 -352 -243 163 551 -433 -153 370 -381 -31 -605 182 140 172 96 -276]
[-33 226 248 36 83 279 -233 275 206 613 216 -601 80 370 247 162 -501 46 -114 -506 850 -134 -348 147 465 106 166 -89 478 -387 476 -134 -72 -556]
[-459 706 633 152 309 -94 342 -274 -270 94 -1046 -75 62 -65 269 -233 73 -17 94 177 -527 288 162 -354 -105 268 -26 223 -397 137 355 94 -189 144]
[-320 -977 -156 385 559 -69 21 24 266 88 5 217 319 66 318 37 178 28 -285 104 629 -279 -409 -363 -359 -59 -201 -770 -100 633 275 50 43 -139]
[421 237 -38 345 189 -8 276 651 -202 415 -681 -354 146 -610 -17 425 -507 442 136 -16 -350 626 -778 -161 -126 -200 279 421 -40 41 409 42 -24 379]
[-120 -413 210 666 424 -116 37 148 359 195 -123 -699 -222 -408 -2 497 -222 -34 -403 -78 742 -229 280 -23 -560 221 -128 -661 -124 -50 -265 -256 334 -315]
[-78 33 -408 231 763 90 263 308 123 -4 608 -36 -38 -323 -282 -377 194 -224 -277 -168 -68 -434 40 -171 -427 -451 -259 199 -299 -66 -309 -80 352 -212]
[874 525 251 -357 -161 -53 -281 -627 -560 -348 273 203 -62 -95 -466 12 9 230 177 11 -160 15 -219 434 -780 260 -96 199 530 524 -171 132 -203 321]
[2 -270 101 -65 -295 -44 417 -613 -85 399 -176 188 -1062 -450 245 253 -225 567 26 -4 -175 358 -441 -126 271 164 361 -79 -232 315 -76 392 -193 -107]
[-485 -150 105 -407 202 -400 167 168 -86 -219 -331 -36 296 299 -21 29 371 647 0 -157 -194 -111 180 210 -546 138 -496 108 -403 -412 117 -151 -126 401]
[-341 25 -90 143 50 75 128 -172 615 16 -376 460 58 -52 367 -275 87 48 259 -364 80 154 181 308 114 121 -151 164 -640 461 241 459 -214 519]]
[phase 1 initial]
[[344 23 -220 -64 -188 -151 132 -184 -311 21 -456 307 -140 -83 106 -210 -414 133 393 172 -35 405 -3 -5 263 774 -76 380 -123 444 146 121 187 374]
[-382 -336 426 319 -200 -346 260 33 423 -239 -241 72 175 510 104 361 632 -43 -296 214 190 -84 54 -400 23 -65 -508 70 61 -74 -131 -46 -384 -80]
[-272 476 -273 70 -130 164 503 -302 81 455 266 -289 -240 -209 -31 -365 -63 314 229 265 -95 -614 67 507 511 315 65 -120 128 209 337 106 105 62]
[-19 -595 43 69 486 261 201 -210 -527 -93 -398 294 260 -332 240 78 -109 -425 -105 252 -141 340 -128 -413 -247 -56 104 136 -892 401 -133 -133 -93 286]
[-167 -592 183 121 524 302 -38 -177 -57 -77 10 349 -358 -67 592 64 -267 -149 100 -748 -71 65 148 -80 248 -117 44 -392 -490 239 -130 114 80 -89]
[420 -2 -188 -192 -191 -422 -566 -88 -426 106 24 286 375 362 -111 325 -408 -105 -29 533 755 478 -59 35 52 432 87 526 566 -392 -411 208 166 198]
[-297 68 199 95 -218 312 -443 -144 249 518 215 40 164 626 494 68 -25 -257 32 -239 171 224 246 557 598 -485 -22 -383 546 -105 -258 42 58 -195]
[579 372 79 3 -82 -53 224 244 444 -73 323 630 -211 99 -235 -577 30 320 141 12 -160 -187 -212 165 -603 -157 -190 25 299 -143 345 250 -276 -6]
[2 -451 -204 271 -318 107 580 87 678 163 138 6 135 133 351 50 -60 240 212 88 252 -317 -211 534 141 -116 -389 -329 237 -209 181 606 -278 -447]
[-267 -75 -427 779 -499 103 427 272 206 -246 44 161 -308 153 241 -195 283 -50 150 -154 -229 248 60 45 807 248 -198 -628 -23 318 200 -409 174 -130]
[-408 29 -206 -73 120 -70 -137 89 -575 -245 584 -180 -295 -398 -45 10 332 -590 -75 -188 -359 178 37 -93 213 345 670 -271 -161 486 -18 282 368 -3]
[228 -918 250 -346 -137 590 107 -793 -161 389 -531 183 194 -144 20 308 -554 -111 61 321 -162 426 146 50 8 257 -223 -294 -287 392 -395 452 -46 -87]
[-473 -172 281 380 97 -287 330 127 298 539 513 337 9 -336 188 -51 91 167 144 431 501 -451 -42 125 -180 -283 425 351 128 -206 218 516 258 -275]
[-327 -35 -595 -167 -216 -102 -329 6 85 -313 -145 280 378 731 50 -320 118 -167 0 48 239 177 -300 207 141 69 -89 434 446 45 518 196 110 4]
[547 250 95 180 224 277 -151 413 -251 81 663 509 -444 109 57 -47 -239 484 429 -113 273 166 798 28 318 39 36 17 112 -671 -217 -35 568 56]
[-219 109 56 175 -542 79 113 -303 467 84 439 416 98 644 299 -471 724 386 251 -146 174 10 390 266 90 -532 60 321 342 -496 60 6 122 -65]
[21 -37 -127 -374 379 -182 -509 549 -211 -86 -51 -471 -123 -492 -115 227 179 -449 112 -520 -203 232 -486 -133 -43 -116 310 165 -78 -612 631 476 284 -313]
[21 574 -500 -706 -62 63 13 -393 -255 59 624 -232 -297 -408 -334 251 373 362 -71 80 -6 -387 -310 558 25 276 -96 348 492 -560 -41 377 0 506]
[181 -1000 395 11 -115 94 216 -469 496 -128 330 282 44 318 -166 98 -61 -82 -157 -88 -262 270 -169 -923 -436 -601 -19 40 -347 -254 304 140 -67 -521]
[46 -60 -328 -367 1 -352 341 -94 -163 -9 -541 -58 295 -277 -31 -133 -292 434 -586 320 155 -260 -279 566 173 116 -217 273 -357 177 -560 -262 -180 393]
[214 -319 -218 586 -167 -434 341 -77 -312 560 594 395 -421 -499 -10 157 -288 -182 456 614 402 61 -214 95 -315 333 -381 -237 321 253 83 442 244 160]
[274 742 71 -158 54 -123 -53 218 -336 177 -74 -671 -266 538 -477 389 437 -117 157 -31 577 -532 352 302 -161 22 -119 185 376 -304 103 -118 38 256]
[629 52 394 260 111 303 -129 360 -260 324 328 734 -209 127 249 239 -352 -122 174 41 367 688 -513 -82 312 -218 9 22 -406 -20 -344 72 612 121]
[696 -524 -183 -185 651 145 -21 82 -414 297 -417 -10 -148 -317 143 -183 -647 273 -267 -352 -243 163 551 -433 -153 370 -381 -31 -605 182 140 172 96 -276]
[-33 226 248 36 83 279 -233 275 206 613 216 -601 80 370 247 162 -501 46 -114 -506 850 -134 -348 147 465 106 166 -89 478 -387 476 -134 -72 -556]
[-459 706 633 152 309 -94 342 -274 -270 94 -1046 -75 62 -65 269 -233 73 -17 94 177 -527 288 162 -354 -105 268 -26 223 -397 137 355 94 -189 144]
[-320 -977 -156 385 559 -69 21 24 266 88 5 217 319 66 318 37 178 28 -285 104 629 -279 -409 -363 -359 -59 -201 -770 -100 633 275 50 43 -139]
[421 237 -38 345 189 -8 276 651 -202 415 -681 -354 146 -610 -17 425 -507 442 136 -16 -350 626 -778 -161 -126 -200 279 421 -40 41 409 42 -24 379]
[-120 -413 210 666 424 -116 37 148 359 195 -123 -699 -222 -408 -2 497 -222 -34 -403 -78 742 -229 280 -23 -560 221 -128 -661 -124 -50 -265 -256 334 -315]
[-78 33 -408 231 763 90 263 308 123 -4 608 -36 -38 -323 -282 -377 194 -224 -277 -168 -68 -434 40 -171 -427 -451 -259 199 -299 -66 -309 -80 352 -212]
[874 525 251 -357 -161 -53 -281 -627 -560 -348 273 203 -62 -95 -466 12 9 230 177 11 -160 15 -219 434 -780 260 -96 199 530 524 -171 132 -203 321]
[2 -270 101 -65 -295 -44 417 -613 -85 399 -176 188 -1062 -450 245 253 -225 567 26 -4 -175 358 -441 -126 271 164 361 -79 -232 315 -76 392 -193 -107]
[-485 -150 105 -407 202 -400 167 168 -86 -219 -331 -36 296 299 -21 29 371 647 0 -157 -194 -111 180 210 -546 138 -496 108 -403 -412 117 -151 -126 401]
[-341 25 -90 143 50 75 128 -172 615 16 -376 460 58 -52 367 -275 87 48 259 -364 80 154 181 308 114 121 -151 164 -640 461 241 459 -214 519]]
