[phase 0 initial]
[[-92 -137 -157 -525 461 -201 330 129 263 -425 -78 271 232 -474 -334 -192 89 -262 -283 99 -211 275 626 372 -81 -248 509 310 -13 -57 -182 47]
[-456 -82 249 141 619 18 -231 529 -39 -267 -258 333 286 398 249 -182 277 -171 -233 176 -129 -33 -11 563 131 -656 -208 -91 35 -100 -71 -335]
[338 37 389 -120 -140 172 -394 351 -538 212 -210 372 313 216 331 -342 131 -214 -524 -147 -370 -8 -82 33 304 16 -804 -159 21 204 355 0]
[-19 561 471 -183 -296 601 34 -283 -248 -160 717 -1 39 296 130 109 -95 202 -130 -293 -64 -28 -190 -356 359 569 -530 -357 77 -344 -402 -45]
[-266 -39 -101 -106 346 22 137 -126 451 -314 453 125 321 56 58 361 28 -417 -151 229 -4 -12 -365 -241 -818 560 -85 355 -225 -585 -148 0]
[647 -125 -127 364 -181 -35 595 -431 322 -29 9 -412 -397 -36 -306 -258 -833 223 326 271 -329 2 389 401 -122 -124 361 80 391 566 428 -4]
[-177 81 -105 -769 56 -345 -289 -108 -94 -550 641 190 -46 105 260 71 135 382 158 -567 352 326 51 479 516 -389 356 264 506 65 -538 2]
[-424 250 53 -110 82 653 -353 977 58 85 183 -132 271 100 160 274 257 -458 -566 290 12 -20 -669 -478 309 38 -324 -415 -802 -263 326 3]
[-54 -54 -116 506 132 319 -13 86 411 -508 163 -505 -416 13 730 -221 -658 -121 -386 36 179 127 144 649 778 -268 -39 -361 52 65 -138 -338]
[440 393 -9 -456 61 -33 -38 -105 350 455 937 499 -262 288 -142 121 168 -126 -397 -38 -170 116 -305 245 -147 358 74 284 -328 -71 686 339]
[109 348 109 67 466 569 892 13 249 -328 465 326 -819 20 61 -240 -4 -338 -223 367 -275 -378 162 -106 -455 116 218 -300 -119 -136 -405 -152]
[850 -339 418 194 -237 12 -82 -124 104 2 -205 -110 52 -111 -611 332 -202 -333 249 -208 -625 262 345 288 104 466 -29 477 39 212 720 448]
[93 382 -168 -776 -45 125 -96 360 -400 -497 822 -11 -240 194 -498 19 -327 -322 61 -410 -898 144 -67 -144 111 377 515 12 319 190 -90 558]
[486 82 9 -846 -131 457 575 -90 351 -161 303 13 -250 -412 -23 -504 127 81 -390 668 -67 -83 -220 -243 -354 493 171 216 94 -501 50 0]
[-53 159 -184 -648 104 126 -660 -725 184 239 642 119 -293 -333 46 -120 -41 422 -320 -105 -209 68 -229 -451 364 295 206 -77 -95 -398 153 271]
[-590 -171 -115 272 -535 -203 -239 584 311 -175 -164 -356 64 -240 497 572 -245 145 -104 -232 251 28 206 670 352 -177 182 -373 -67 577 25 118]
[-319 154 -40 65 -248 324 -450 1 52 -136 -93 -583 -229 738 347 240 -687 130 579 47 -27 -692 157 316 235 -108 -4 -300 592 699 7 -46]
[-63 -232 192 43 423 -133 -121 215 -222 -102 612 186 138 383 195 -61 670 384 294 -83 187 386 -145 473 -542 325 -73 143 205 -438 -644 -281]
[1271 14 -18 -431 -130 506 512 -206 46 -44 781 431 551 272 -247 18 -159 -44 227 -469 -41 212 195 140 -15 422 -129 304 358 263 -181 15]
[-154 452 -416 681 -210 243 553 623 -42 85 404 -242 -5 -69 261 98 -695 301 330 603 -268 -225 36 -215 -69 137 -249 -827 120 357 -127 -51]
[-145 -26 -241 27 57 -192 196 44 -420 337 -7 166 -76 661 319 -361 -592 -564 92 498 -276 -315 -2 -601 -455 21 -478 433 83 -122 537 177]
[-49 -184 -105 160 208 -151 -631 482 232 352 456 -20 207 -1 -281 368 813 -387 390 -148 140 -183 -408 6 -206 -148 316 97 -580 470 584 -146]
[-204 -137 39 -154 256 204 181 -275 -7 -354 362 -780 106 423 190 -1 -453 258 -99 129 318 53 -151 207 10 -627 -330 590 594 -25 -592 -125]
[-104 -17 -242 103 0 -71 -162 -239 538 40 122 97 -203 437 124 13 -540 88 594 161 289 28 -85 397 -599 630 -150 622 -156 120 533 315]
[209 0 34 -565 -593 -149 703 233 -18 333 -87 -568 104 -219 767 282 164 -46 -507 149 95 -229 -371 -679 -750 223 -377 31 -406 447 38 284]
[-150 -113 -209 301 -117 -20 -301 69 -12 498 -485 -241 87 -138 733 121 -244 -1 57 255 -44 -262 -426 -444 295 -841 -92 -626 129 162 -414 311]
[264 324 -85 478 461 -284 284 80 -131 -168 93 491 -105 586 133 1 90 -380 592 493 -345 -579 -808 376 -367 -56 558 -61 32 -246 367 94]
[-610 154 -152 155 194 -252 265 373 160 16 284 371 366 40 -284 -46 470 -343 -285 -5 -837 479 33 261 -315 -90 -23 603 -378 -51 340 -76]
[-904 72 271 -289 -2 -323 111 28 -256 641 2 -48 -340 433 118 -36 444 249 -270 -118 -51 -142 502 11 127 -29 428 -197 58 430 -758 -151]
[31 -913 -292 -525 -74 253 339 -436 85 442 -446 -262 621 -343 -543 9 -225 -339 -25 286 -580 -166 292 -129 -589 591 -11 553 560 -217 162 -74]
[314 -180 165 -336 77 124 94 65 -414 -401 581 -44 -80 -479 370 -410 -165 -2 -472 -829 -119 314 278 39 218 577 321 316 576 -359 -201 485]
[-159 344 649 -194 -28 583 167 364 492 -323 591 254 -314 152 -414 174 -140 -167 188 -67 -406 -613 95 -31 -191 -527 -19 121 -395 342 -227 -204]]
[phase 0 refreshed]
[[100 -525 -287 66 -56 129 125 -350 -40 166 -74 267 -382 380 102 -326 665 -169 171 376 -235 -34 -191 192 39 65 462 -549 21 44 203 -331]
[-456 -82 249 141 619 18 -231 529 -39 -267 -258 333 286 398 249 -182 277 -171 -233 176 -129 -33 -11 563 131 -656 -208 -91 35 -100 -71 -335]
[-92 -137 -157 -525 461 -201 330 129 263 -425 -78 271 232 -474 -334 -192 89 -262 -283 99 -211 275 626 372 -81 -248 509 310 -13 -57 -182 47]
[338 37 389 -120 -140 172 -394 351 -538 212 -210 372 313 216 331 -342 131 -214 -524 -147 -370 -8 -82 33 304 16 -804 -159 21 204 355 0]
[-19 561 471 -183 -296 601 34 -283 -248 -160 717 -1 39 296 130 109 -95 202 -130 -293 -64 -28 -190 -356 359 569 -530 -357 77 -344 -402 -45]
[486 82 9 -846 -131 457 575 -90 351 -161 303 13 -250 -412 -23 -504 127 81 -390 668 -67 -83 -220 -243 -354 493 171 216 94 -501 50 0]
[-266 -39 -101 -106 346 22 137 -126 451 -314 453 125 321 56 58 361 28 -417 -151 229 -4 -12 -365 -241 -818 560 -85 355 -225 -585 -148 0]
[120 449 82 709 357 40 403 517 274 91 -100 -211 -708 -182 163 169 -663 -109 19 185 235 -591 -83 -314 -772 -270 -223 296 -204 221 -24 177]
[253 -75 672 -124 -235 529 -406 392 -82 130 -334 -120 -381 113 -134 77 787 247 258 184 93 -111 -454 43 598 99 -47 16 -6 -517 246 70]
[647 -125 -127 364 -181 -35 595 -431 322 -29 9 -412 -397 -36 -306 -258 -833 223 326 271 -329 2 389 401 -122 -124 361 80 391 566 428 -4]
[381 42 79 -114 217 -4 -155 410 -398 -81 257 618 -823 519 856 -428 268 -110 -176 -153 -18 -307 -305 390 87 -578 -209 -148 344 534 -4 -152]
[77 -36 667 997 393 160 -186 -141 -19 390 91 254 307 488 -322 -50 603 -280 435 12 -417 -550 9 212 -541 116 -454 -200 -172 224 323 -531]
[-63 -232 192 43 423 -133 -121 215 -222 -102 612 186 138 383 195 -61 670 384 294 -83 187 386 -145 473 -542 325 -73 143 205 -438 -644 -281]
[-154 -282 -69 65 84 -38 412 519 -172 47 -372 169 -499 34 123 -130 -24 -584 80 170 -28 1 242 339 583 -743 138 -365 -80 646 712 -724]
[223 125 -74 254 -99 618 242 546 380 56 192 -544 -126 64 -146 16 -576 -235 -240 561 -317 -18 -280 -77 187 -86 37 -335 -411 303 754 -1]
[-484 123 -140 252 515 -523 -642 521 -8 38 -357 -377 683 -471 91 -718 -178 -151 -265 70 -39 -492 -31 54 -756 -23 -321 467 180 -166 -187 -232]
[17 -429 706 -35 761 587 19 -210 423 -298 -445 331 -28 -352 -231 -42 406 296 113 636 -314 -160 266 -54 105 -721 30 3 -88 -238 155 -326]
[600 153 -218 92 -312 -282 229 -433 103 688 -158 249 -740 467 343 -164 -639 321 -374 304 -35 52 -333 223 -219 185 -221 234 188 -140 686 483]
[239 -261 -742 -710 6 208 330 -660 27 292 157 509 -635 -28 382 83 -329 232 208 -186 556 223 -127 -428 678 -91 363 -109 287 -328 -99 -290]
[507 -212 133 -277 732 312 -698 -119 322 -240 -396 105 378 293 -210 -61 404 -284 46 156 -312 -397 -304 395 -535 55 -67 193 295 207 54 -296]
[-209 22 534 58 -28 741 8 -88 87 568 174 -603 -76 341 -418 -297 -345 900 299 -163 163 -168 -163 239 -65 250 102 -204 300 -380 -2 -728]
[-450 -759 -585 -32 -117 271 434 -2 -329 112 -377 -168 -42 -749 -427 91 -290 -162 530 -545 195 494 495 -477 135 339 141 260 -179 127 -446 136]
[530 252 158 78 -517 687 642 443 126 -41 240 580 183 52 -92 201 99 -405 -373 -100 -416 -309 -861 -419 -182 541 -207 -256 -113 -390 92 253]
[-194 -369 -467 305 270 -41 -446 -184 200 165 224 -93 207 258 37 475 -427 -8 -272 -451 -176 -77 -831 -64 187 -853 28 398 215 32 5 444]
[-891 -24 159 312 -241 63 8 603 -12 522 -29 -8 -192 261 388 -104 567 -210 382 593 194 -902 51 -155 -362 1 -51 -200 -249 -7 300 -232]
[433 552 643 31 -15 440 257 -302 490 -187 176 -357 17 -636 -671 -191 75 -199 355 136 -460 111 101 104 -149 270 16 -276 -381 500 -145 234]
[385 642 395 -161 -229 333 -56 395 35 -353 200 332 -84 -441 -802 -426 -44 303 -407 437 4 240 274 156 145 -44 7 188 -118 -62 203 501]
[-669 778 265 -338 373 282 543 359 50 -325 82 -318 112 137 417 -40 -446 315 -1156 110 492 56 -153 212 -209 -231 -66 -237 69 -154 -102 57]
[599 261 269 125 141 352 -169 138 -95 128 -549 49 255 4 -136 -152 302 37 88 128 67 -199 -562 784 15 303 -163 261 -312 172 273 491]
[-221 920 353 -10 516 11 546 265 324 -620 -37 413 -587 -234 -68 482 66 83 -6 -178 -268 28 472 -138 621 -813 380 400 128 -588 -522 -210]
[544 -603 470 -119 356 -227 -576 205 499 237 -596 111 794 -63 -176 -201 495 6 -271 418 -389 402 207 -66 -145 306 247 543 -432 24 262 178]
[-400 -121 94 177 -175 -305 -49 -234 368 420 302 -283 80 302 431 605 -89 130 -518 -135 364 -111 -21 720 -488 29 -467 572 104 113 -97 331]]
[phase 1 initial]
[[100 -525 -287 66 -56 129 125 -350 -40 166 -74 267 -382 380 102 -326 665 -169 171 376 -235 -34 -191 192 39 65 462 -549 21 44 203 -331]
[-456 -82 249 141 619 18 -231 529 -39 -267 -258 333 286 398 249 -182 277 -171 -233 176 -129 -33 -11 563 131 -656 -208 -91 35 -100 -71 -335]
[-92 -137 -157 -525 461 -201 330 129 263 -425 -78 271 232 -474 -334 -192 89 -262 -283 99 -211 275 626 372 -81 -248 509 310 -13 -57 -182 47]
[338 37 389 -120 -140 172 -394 351 -538 212 -210 372 313 216 331 -342 131 -214 -524 -147 -370 -8 -82 33 304 16 -804 -159 21 204 355 0]
[-19 561 471 -183 -296 601 34 -283 -248 -160 717 -1 39 296 130 109 -95 202 -130 -293 -64 -28 -190 -356 359 569 -530 -357 77 -344 -402 -45]
[486 82 9 -846 -131 457 575 -90 351 -161 303 13 -250 -412 -23 -504 127 81 -390 668 -67 -83 -220 -243 -354 493 171 216 94 -501 50 0]
[-266 -39 -101 -106 346 22 137 -126 451 -314 453 125 321 56 58 361 28 -417 -151 229 -4 -12 -365 -241 -818 560 -85 355 -225 -585 -148 0]
[120 449 82 709 357 40 403 517 274 91 -100 -211 -708 -182 163 169 -663 -109 19 185 235 -591 -83 -314 -772 -270 -223 296 -204 221 -24 177]
[253 -75 672 -124 -235 529 -406 392 -82 130 -334 -120 -381 113 -134 77 787 247 258 184 93 -111 -454 43 598 99 -47 16 -6 -517 246 70]
[647 -125 -127 364 -181 -35 595 -431 322 -29 9 -412 -397 -36 -306 -258 -833 223 326 271 -329 2 389 401 -122 -124 361 80 391 566 428 -4]
[381 42 79 -114 217 -4 -155 410 -398 -81 257 618 -823 519 856 -428 268 -110 -176 -153 -18 -307 -305 390 87 -578 -209 -148 344 534 -4 -152]
[77 -36 667 997 393 160 -186 -141 -19 390 91 254 307 488 -322 -50 603 -280 435 12 -417 -550 9 212 -541 116 -454 -200 -172 224 323 -531]
[-63 -232 192 43 423 -133 -121 215 -222 -102 612 186 138 383 195 -61 670 384 294 -83 187 386 -145 473 -542 325 -73 143 205 -438 -644 -281]
[-154 -282 -69 65 84 -38 412 519 -172 47 -372 169 -499 34 123 -130 -24 -584 80 170 -28 1 242 339 583 -743 138 -365 -80 646 712 -724]
[223 125 -74 254 -99 618 242 546 380 56 192 -544 -126 64 -146 16 -576 -235 -240 561 -317 -18 -280 -77 187 -86 37 -335 -411 303 754 -1]
[-484 123 -140 252 515 -523 -642 521 -8 38 -357 -377 683 -471 91 -718 -178 -151 -265 70 -39 -492 -31 54 -756 -23 -321 467 180 -166 -187 -232]
[17 -429 706 -35 761 587 19 -210 423 -298 -445 331 -28 -352 -231 -42 406 296 113 636 -314 -160 266 -54 105 -721 30 3 -88 -238 155 -326]
[600 153 -218 92 -312 -282 229 -433 103 688 -158 249 -740 467 343 -164 -639 321 -374 304 -35 52 -333 223 -219 185 -221 234 188 -140 686 483]
[239 -261 -742 -710 6 208 330 -660 27 292 157 509 -635 -28 382 83 -329 232 208 -186 556 223 -127 -428 678 -91 363 -109 287 -328 -99 -290]
[507 -212 133 -277 732 312 -698 -119 322 -240 -396 105 378 293 -210 -61 404 -284 46 156 -312 -397 -304 395 -535 55 -67 193 295 207 54 -296]
[-209 22 534 58 -28 741 8 -88 87 568 174 -603 -76 341 -418 -297 -345 900 299 -163 163 -168 -163 239 -65 250 102 -204 300 -380 -2 -728]
[-450 -759 -585 -32 -117 271 434 -2 -329 112 -377 -168 -42 -749 -427 91 -290 -162 530 -545 195 494 495 -477 135 339 141 260 -179 127 -446 136]
[530 252 158 78 -517 687 642 443 126 -41 240 580 183 52 -92 201 99 -405 -373 -100 -416 -309 -861 -419 -182 541 -207 -256 -113 -390 92 253]
[-194 -369 -467 305 270 -41 -446 -184 200 165 224 -93 207 258 37 475 -427 -8 -272 -451 -176 -77 -831 -64 187 -853 28 398 215 32 5 444]
[-891 -24 159 312 -241 63 8 603 -12 522 -29 -8 -192 261 388 -104 567 -210 382 593 194 -902 51 -155 -362 1 -51 -200 -249 -7 300 -232]
[433 552 643 31 -15 440 257 -302 490 -187 176 -357 17 -636 -671 -191 75 -199 355 136 -460 111 101 104 -149 270 16 -276 -381 500 -145 234]
[385 642 395 -161 -229 333 -56 395 35 -353 200 332 -84 -441 -802 -426 -44 303 -407 437 4 240 274 156 145 -44 7 188 -118 -62 203 501]
[-669 778 265 -338 373 282 543 359 50 -325 82 -318 112 137 417 -40 -446 315 -1156 110 492 56 -153 212 -209 -231 -66 -237 69 -154 -102 57]
[599 261 269 125 141 352 -169 138 -95 128 -549 49 255 4 -136 -152 302 37 88 128 67 -199 -562 784 15 303 -163 261 -312 172 273 491]
[-221 920 353 -10 516 11 546 265 324 -620 -37 413 -587 -234 -68 482 66 83 -6 -178 -268 28 472 -138 621 -813 380 400 128 -588 -522 -210]
[544 -603 470 -119 356 -227 -576 205 499 237 -596 111 794 -63 -176 -201 495 6 -271 418 -389 402 207 -66 -145 306 247 543 -432 24 262 178]
[-400 -121 94 177 -175 -305 -49 -234 368 420 302 -283 80 302 431 605 -89 130 -518 -135 364 -111 -21 720 -488 29 -467 572 104 113 -97 331]]
