[phase 0]
score=1.54960641676162
squared_norm=2488044
coefficients=[-1 2 -1 1 -1 0 -1 -1 0 -1 1 0 1 1 1 2 -1 0 1 -1 1 1 0 0 0 0 0 0 0 0 -1 -1]
vector=[100 -525 -287 66 -56 129 125 -350 -40 166 -74 267 -382 380 102 -326 665 -169 171 376 -235 -34 -191 192 39 65 462 -549 21 44 203 -331]

[phase 1]
score=0
squared_norm=2488044
coefficients=[1 0 0 0 0 0 0 0 0 0 0 0 0 0 0 0 0 0 0 0 0 0 0 0 0 0 0 0 0 0 0 0]
vector=[100 -525 -287 66 -56 129 125 -350 -40 166 -74 267 -382 380 102 -326 665 -169 171 376 -235 -34 -191 192 39 65 462 -549 21 44 203 -331]

