phase	depth	k	node	parent	z_k	nodes_at_depth	parent_rho	rho	bound_r2	remaining	center	delta	legal_lo	legal_hi	offset	P	Ptheta	N	Q	M
0	1	38	1	0	0	7	0	0	0.81061768531799316	0.81061768531799316	0	3.201043498087941	-3	3	0	0.33888179063796997	0.33888179063796997	4147830	0	0
0	2	37	3	1	0	31	0	0	0.81061768531799316	0.81061768531799316	0	3.1208099235738636	-3	3	0	0.34467810392379761	0.34467810392379761	1918833	0	0
0	3	36	16	3	0	141	0	0	0.81061768531799316	0.81061768531799316	0	3.3749187246759935	-3	3	0	0.32731702923774719	0.32731702923774719	794063	0	0
0	4	35	47	16	0	529	0	0	0.81061768531799316	0.81061768531799316	0	3.2129403497594078	-3	3	0	0.33804824948310852	0.33804824948310852	335867	0	0
0	5	34	134	47	0	1883	0	0	0.81061768531799316	0.81061768531799316	0	3.3683399992201308	-3	3	0	0.32773154973983765	0.32773154973983765	123630	0	0
0	6	33	417	134	0	5953	0	0	0.81061768531799316	0.81061768531799316	0	3.2102117988388446	-3	3	0	0.33823883533477783	0.33823883533477783	46671	0	0
0	7	32	1224	417	0	16783	0	0	0.81061768531799316	0.81061768531799316	0	3.0393896425520035	-3	3	0	0.35088884830474854	0.35088884830474854	18144	0	0
0	8	31	3273	1224	0	38609	0	0	0.81061768531799316	0.81061768531799316	0	2.6634610671453602	-2	2	0	0.418526291847229	0.418526291847229	8261	0	0
0	9	30	9188	3273	0	81101	0	0	0.81061768531799316	0.81061768531799316	0	2.5880687053131544	-2	2	0	0.4255598783493042	0.4255598783493042	3742	0	0
0	10	29	18863	9188	0	155119	0	0	0.81061768531799316	0.81061768531799316	0	2.475481100025374	-2	2	0	0.43687012791633606	0.43687012791633606	1745	0	0
0	11	28	41080	18863	0	261759	0	0	0.81061768531799316	0.81061768531799316	0	2.2837117508878833	-2	2	0	0.45869466662406921	0.45869466662406921	890	0	0
0	12	27	86305	41080	0	425987	0	0	0.81061768531799316	0.81061768531799316	0	2.3006311045470431	-2	2	0	0.45662489533424377	0.45662489533424377	431	0	0
0	13	26	164138	86305	0	628975	0	0	0.81061768531799316	0.81061768531799316	0	2.1659236056195517	-2	2	0	0.47397315502166748	0.47397315502166748	224	0	0
0	14	25	348547	164138	0	897977	0	0	0.81061768531799316	0.81061768531799316	0	2.1877499317799374	-2	2	0	0.47102218866348267	0.47102218866348267	105	0	0
0	15	24	711626	348547	0	1118573	0	0	0.81061768531799316	0.81061768531799316	0	2.0817208515699734	-2	2	0	0.48590990900993347	0.48590990900993347	54	0	0
0	16	23	1534067	711626	0	1213932	0	0	0.81061768531799316	0.81061768531799316	0	2.1134912277238862	-2	2	0	0.4812999963760376	0.4812999963760376	26	0	0
0	17	22	2881956	1534067	0	1101293	0	0	0.81061768531799316	0.81061768531799316	0	2.1137798940442405	-2	2	0	0.48125872015953064	0.48125872015953064	13	0	0
0	18	21	4351527	2881956	0	868166	0	0	0.81061768531799316	0.81061768531799316	0	2.0108753631749554	-2	2	0	0.49668142199516296	0.49668142199516296	6	0	0
0	19	20	7098768	4351527	0	663190	0	0	0.81061768531799316	0.81061768531799316	0	1.9279023041379437	-1	1	0	0.58522248268127441	0.58522248268127441	3	0	0
0	20	19	8096990	7098768	0	468090	0	0	0.81061768531799316	0.81061768531799316	0	1.7465137191691136	-1	1	0	0.61111253499984741	0.61111253499984741	1	0	0
0	21	18	-1	8096990	0	349637	0	0	0.81061768531799316	0.81061768531799316	0	1.834061051035075	-1	1	0	0.59804576635360718	0.59804576635360718	0	0	0
0	22	17	-1	-1	0	236372	0	0	0.81061768531799316	0.81061768531799316	0	1.6663378179534636	-1	1	0	0	0	0	0	0
0	23	16	-1	-1	0	168404	0	0	0.81061768531799316	0.81061768531799316	0	1.7615745024249276	-1	1	0	0	0	0	0	0
0	24	15	-1	-1	0	116728	0	0	0.81061768531799316	0.81061768531799316	0	1.7316934711730521	-1	1	0	0	0	0	0	0
0	25	14	-1	-1	0	79672	0	0	0.81061768531799316	0.81061768531799316	0	1.7240252911973677	-1	1	0	0	0	0	0	0
0	26	13	-1	-1	0	48664	0	0	0.81061768531799316	0.81061768531799316	0	1.5537691875293709	-1	1	0	0	0	0	0	0
0	27	12	-1	-1	0	26014	0	0	0.81061768531799316	0.81061768531799316	0	1.3913365601015202	-1	1	0	0	0	0	0	0
0	28	11	-1	-1	0	13706	0	0	0.81061768531799316	0.81061768531799316	0	1.3876182776106734	-1	1	0	0	0	0	0	0
0	29	10	-1	-1	0	7024	0	0	0.81061768531799316	0.81061768531799316	0	1.3617366733520202	-1	1	0	0	0	0	0	0
0	30	9	-1	-1	0	3286	0	0	0.81061768531799316	0.81061768531799316	0	1.2872138088944496	-1	1	0	0	0	0	0	0
0	31	8	-1	-1	0	1434	0	0	0.81061768531799316	0.81061768531799316	0	1.1956970359505241	-1	1	0	0	0	0	0	0
0	32	7	-1	-1	0	574	0	0	0.81061768531799316	0.81061768531799316	0	1.1160549893262857	-1	1	0	0	0	0	0	0
0	33	6	-1	-1	0	250	0	0	0.81061768531799316	0.81061768531799316	0	1.1301119505878683	-1	1	0	0	0	0	0	0
0	34	5	-1	-1	0	90	0	0	0.81061768531799316	0.81061768531799316	0	1.0561401934049908	-1	1	0	0	0	0	0	0
0	35	4	-1	-1	0	24	0	0	0.81061768531799316	0.81061768531799316	0	1.0647389556702171	-1	1	0	0	0	0	0	0
0	36	3	-1	-1	0	16	0	0	0.81061768531799316	0.81061768531799316	0	1.0290777322180269	-1	1	0	0	0	0	0	0
0	37	2	-1	-1	0	6	0	0	0.81061768531799316	0.81061768531799316	0	1.044701257111543	-1	1	0	0	0	0	0	0
0	38	1	-1	-1	0	0	0	0	0.81061768531799316	0.81061768531799316	0	1.0045975829070641	-1	1	0	0	0	0	0	0
0	39	0	-1	-1	1	0	0	0.81061768531799316	0.81061768531799316	0.81061768531799316	0	1.000000000002	-1	1	0.99999999999800004	0	0	0	0	0
