[phase 0]
score=1.992810490388585
squared_norm=2774293
coefficients=[1 1 1 1 0 0 0 0 0 0 -1 0 1 1 -1 -1 0 0 0 -1 1 0 0 1 -1 0 0 0 0 0 -1 0 0 0 0 0 0]
vector=[-72 -26 -331 -389 102 36 48 140 87 -289 136 -102 -42 -216 -14 188 272 424 213 -194 -391 156 -147 644 597 -305 -364 35 -243 161 326 -96 -113 23 567 -421 155]

[phase 1]
score=0
squared_norm=2774293
coefficients=[1 0 0 0 0 0 0 0 0 0 0 0 0 0 0 0 0 0 0 0 0 0 0 0 0 0 0 0 0 0 0 0 0 0 0 0 0]
vector=[-72 -26 -331 -389 102 36 48 140 87 -289 136 -102 -42 -216 -14 188 272 424 213 -194 -391 156 -147 644 597 -305 -364 35 -243 161 326 -96 -113 23 567 -421 155]

