[phase 0 initial]
[[159 98 -200 132 -359 -232 32 -236 17 322 -322 -522 -458 193 -262 -106 88 -106 -67 -659 154 -377 -101 -368 -191 411 -297 -117 -435 94 -120 284 -561 -299 15 -30]
[-58 -66 58 507 84 378 -599 -127 -1 -422 114 -266 -205 -416 64 -396 -110 -113 -102 -960 157 535 305 19 -52 330 -703 -226 -182 62 -170 156 -263 -21 -294 -82]
[-168 295 57 652 -4 -343 -115 -145 90 30 -102 130 740 -629 -32 -375 -37 -161 -139 -416 -397 433 -504 129 -240 -229 -455 -133 -326 -342 -179 -203 197 8 -199 23]
[406 -132 146 -260 6 222 -543 2 -493 291 -158 -767 34 160 -89 230 315 -267 -96 -444 -82 -92 769 46 162 392 -100 67 284 -238 -296 600 -557 -334 197 -105]
[182 103 -6 -114 202 -508 468 -582 625 152 423 186 74 524 -265 229 -312 83 286 216 -26 -260 -139 34 -69 -481 140 438 -111 -157 467 27 253 332 -329 -297]
[19 -147 163 126 14 -363 326 64 396 -40 -61 -480 -598 -439 -59 -28 -664 241 -367 -687 413 36 -355 -129 -529 -301 -35 348 -410 -258 256 -106 -416 426 -508 -16]
[231 214 -254 -497 -153 220 -54 69 542 2 -151 11 -133 442 200 199 -91 238 -108 342 -474 -7 312 -429 247 108 318 -130 -424 335 93 373 598 -132 623 192]
[688 396 -7 130 87 -70 -36 -102 377 -121 339 99 425 -279 -52 -492 67 284 383 -195 -19 451 199 91 -390 -218 -302 128 -377 -108 -652 -60 277 -603 392 -21]
[-230 -85 -267 -9 -249 -129 -531 -229 173 -138 -71 877 706 -214 -74 -87 -13 -313 -354 -133 -696 -383 23 128 129 31 339 -288 167 -350 -175 -257 631 -243 -344 -34]
[34 -340 207 233 164 263 -58 81 121 -274 -276 156 229 -338 156 -38 -376 -161 -394 275 -64 1065 -195 127 -477 194 -444 -158 188 -555 492 -229 166 1066 -167 -16]
[-4 -179 -533 130 -781 -90 143 -116 -384 89 -433 -149 71 -162 -338 -161 541 -332 -103 127 -639 361 314 -110 -207 302 -151 -421 -570 -315 -234 694 11 -66 918 10]
[240 -219 432 92 70 450 393 -192 644 -446 307 -356 -450 -536 -237 -6 -438 -386 52 67 341 879 227 -259 -585 -63 -22 345 -816 -88 618 179 -7 425 327 -295]
[-672 -169 276 -101 275 408 300 228 291 87 -429 -670 -833 40 384 277 -571 87 166 125 -33 -8 -941 -733 284 -126 752 81 80 474 349 129 -104 27 267 98]
[-80 -138 -277 -164 -310 295 144 -342 196 -403 -380 752 57 280 -350 -117 -40 297 -73 286 236 -900 -627 -579 77 91 -77 -483 494 285 -249 -132 112 -312 376 15]
[136 -228 677 259 522 295 -67 -279 270 -255 286 -189 -107 -158 307 6 -289 577 -563 126 284 668 74 -405 146 -456 -310 -399 62 -123 430 -154 -285 741 -195 1]
[-198 -267 -528 62 -152 -199 868 188 -160 393 -72 -138 -683 -94 253 89 -501 -380 200 160 -86 -420 -1017 79 -306 97 -240 76 236 -222 594 -41 -135 317 -17 12]
[360 -164 230 -154 382 376 -325 -184 207 -7 -192 -279 -627 -380 276 -17 43 328 -372 -476 466 -215 -331 -532 41 236 -39 -78 -264 880 -151 -105 36 -510 838 75]
[185 -318 -582 -331 323 256 -107 140 -180 148 -471 -218 601 161 -288 319 -274 367 443 695 183 557 186 291 -232 -255 165 210 685 -75 -122 596 -12 600 213 -455]
[-651 153 49 454 -401 -242 429 -529 183 -7 -184 326 -65 79 -401 520 700 -543 -301 -336 35 -1066 -562 399 50 269 -134 -125 -565 128 -22 -187 258 -233 -347 -138]
[-133 -104 -469 578 -426 -317 350 -11 -94 530 216 657 -149 144 -37 -108 167 56 430 215 251 148 77 202 -191 -170 536 -603 77 -14 -695 -225 428 -448 137 -475]
[-234 16 408 -24 385 -17 77 579 -580 31 58 -54 -193 49 455 230 236 761 138 -120 -158 739 467 125 71 171 345 183 -149 -128 -173 129 541 -407 965 140]
[677 -6 103 -484 -308 -198 -158 247 -559 306 279 354 -241 -195 -45 48 459 -454 -154 624 -173 18 -59 212 19 445 382 -368 732 77 -30 -539 -200 -133 -64 -130]
[43 -175 -500 701 275 -185 -37 367 -547 300 478 104 -116 -804 407 -737 101 621 -291 -478 605 569 -71 80 -100 14 22 373 -472 42 -48 -205 -350 -142 7 38]
[-201 -171 -243 127 226 186 -450 -550 78 -359 -281 251 -157 -412 -637 -510 -214 -551 178 -75 158 365 -293 -32 -358 -110 -438 -11 53 -92 -232 72 440 318 145 270]
[-49 944 155 110 229 23 -451 -96 -361 95 -102 -244 272 792 -425 252 -177 274 521 -675 407 -192 -109 -39 486 33 -285 277 276 -87 -23 382 -252 100 146 209]
[-113 -296 -252 238 342 -155 -221 233 -203 241 -364 -537 102 -226 -233 -22 -235 161 -240 -639 554 169 194 -46 0 760 -441 -119 -178 222 -423 262 -98 189 -208 -178]
[30 104 454 9 -478 -8 411 289 -463 104 -351 -242 -139 -618 -198 18 558 -378 -890 -229 114 473 -669 -47 -127 -241 -541 294 -454 125 -262 -107 18 155 193 18]
[104 -448 334 -388 123 115 412 186 -220 177 -408 -608 93 -149 226 890 194 -152 -153 228 52 -172 -190 33 6 279 225 634 -446 215 -89 124 -363 -121 570 559]
[-549 -101 -92 -412 201 832 -908 -392 98 -219 -12 -192 139 -487 13 26 -173 -46 -456 -315 -350 433 30 441 345 -21 404 280 -192 -113 348 186 597 -203 3 -253]
[558 72 331 -12 -311 142 -118 54 363 -273 56 -67 -336 378 28 -231 -454 246 194 344 311 253 202 264 4 812 318 458 -17 195 -45 -398 -337 458 -540 385]
[-137 -67 -305 604 -4 415 -620 310 -85 96 -743 -132 236 400 -131 -155 -390 295 -83 -187 85 702 -707 -130 -74 285 -539 -123 -228 377 -68 127 399 157 336 473]
[130 -314 414 -148 32 -440 -353 -81 764 -150 -349 431 -203 358 83 -114 -1009 -273 -448 -495 -23 -160 -676 121 -305 44 302 319 -84 -63 278 57 693 481 -3 206]
[-223 265 -271 237 -169 -3 674 720 -192 -141 -235 108 419 -628 23 10 8 427 -386 -150 111 673 45 -332 387 -534 -92 -48 37 17 53 137 -76 360 -3 439]
[728 704 359 39 30 183 892 678 294 162 -188 -402 -289 -63 -201 -102 -465 17 -392 -7 -31 -275 -225 -441 -190 -28 20 155 162 80 15 26 -319 -305 589 -26]
[236 531 -137 18 79 -93 -567 -242 479 -173 -419 -157 -274 -206 84 -44 -42 -574 -230 -27 -478 -216 264 -203 356 72 -287 -612 -299 477 -45 312 -251 -679 -408 -263]
[154 -652 74 569 -831 295 95 527 261 178 67 -23 -695 -469 92 -610 220 132 -124 -502 165 -40 336 315 -289 58 -490 -376 52 -183 -513 -137 -327 -265 130 130]]
[phase 0 refreshed]
[[-628 -305 94 201 -205 -109 374 -19 78 -147 -149 2 270 353 497 -30 -94 185 659 145 -480 129 214 -196 35 -199 151 -379 -328 275 230 -30 -6 -118 377 -215]
[159 98 -200 132 -359 -232 32 -236 17 322 -322 -522 -458 193 -262 -106 88 -106 -67 -659 154 -377 -101 -368 -191 411 -297 -117 -435 94 -120 284 -561 -299 15 -30]
[-58 -66 58 507 84 378 -599 -127 -1 -422 114 -266 -205 -416 64 -396 -110 -113 -102 -960 157 535 305 19 -52 330 -703 -226 -182 62 -170 156 -263 -21 -294 -82]
[-168 295 57 652 -4 -343 -115 -145 90 30 -102 130 740 -629 -32 -375 -37 -161 -139 -416 -397 433 -504 129 -240 -229 -455 -133 -326 -342 -179 -203 197 8 -199 23]
[406 -132 146 -260 6 222 -543 2 -493 291 -158 -767 34 160 -89 230 315 -267 -96 -444 -82 -92 769 46 162 392 -100 67 284 -238 -296 600 -557 -334 197 -105]
[182 103 -6 -114 202 -508 468 -582 625 152 423 186 74 524 -265 229 -312 83 286 216 -26 -260 -139 34 -69 -481 140 438 -111 -157 467 27 253 332 -329 -297]
[266 -377 509 -266 379 91 -249 302 -114 -71 103 -725 -106 -472 114 308 -437 80 -396 -472 177 321 515 285 -176 -320 162 532 309 -590 80 210 -412 391 -326 -91]
[231 214 -254 -497 -153 220 -54 69 542 2 -151 11 -133 442 200 199 -91 238 -108 342 -474 -7 312 -429 247 108 318 -130 -424 335 93 373 598 -132 623 192]
[-230 -85 -267 -9 -249 -129 -531 -229 173 -138 -71 877 706 -214 -74 -87 -13 -313 -354 -133 -696 -383 23 128 129 31 339 -288 167 -350 -175 -257 631 -243 -344 -34]
[-237 163 -295 238 16 35 -705 -552 -137 -234 257 655 375 -459 -483 -74 -77 -805 37 -146 259 -225 -419 523 323 -342 130 103 165 122 341 -337 96 757 -419 25]
[688 396 -7 130 87 -70 -36 -102 377 -121 339 99 425 -279 -52 -492 67 284 383 -195 -19 451 199 91 -390 -218 -302 128 -377 -108 -652 -60 277 -603 392 -21]
[513 -131 67 -72 113 267 -42 -47 276 -201 948 205 -24 -454 -47 192 -50 91 -247 -157 -217 153 133 325 202 -143 796 482 467 -664 -207 193 137 -351 -351 -566]
[-360 -88 -368 356 -120 49 349 -126 276 -440 527 -118 -1140 -100 -242 -214 86 395 -543 -553 -119 220 318 -261 158 243 -555 -79 -542 62 -102 805 323 -245 -394 -89]
[646 -374 -128 -176 -284 -423 175 -283 57 179 -191 735 500 -35 -464 -151 4 -260 -83 322 89 -205 -187 259 -884 209 136 54 475 -974 -199 -588 -19 66 -234 -234]
[-277 -367 199 -135 270 332 -98 -27 209 -204 92 165 -309 -266 90 -126 -389 -19 442 -129 123 -366 -527 -214 16 -192 926 184 620 23 -392 -358 9 -695 -109 -172]
[-62 -3 546 -152 245 -123 315 283 -80 -52 -71 14 -3 -487 -372 -236 149 -141 -182 134 467 -242 306 -113 -595 -61 -337 256 -282 -45 -386 -332 194 -741 -95 281]
[677 -6 103 -484 -308 -198 -158 247 -559 306 279 354 -241 -195 -45 48 459 -454 -154 624 -173 18 -59 212 19 445 382 -368 732 77 -30 -539 -200 -133 -64 -130]
[22 205 304 -351 488 -202 -867 -300 -276 938 -487 118 332 231 -44 66 355 -562 -412 578 -244 -411 -201 -299 367 16 526 -362 373 -56 -117 -566 230 -120 -233 629]
[186 -515 232 -430 69 386 -105 -40 82 -474 -277 27 -49 -192 -236 191 -477 377 -469 -186 413 -579 -112 -294 -99 -229 85 49 803 -305 -169 78 -300 79 50 -76]
[142 -199 -466 -45 527 414 538 320 -287 402 447 75 -855 -3 283 25 -37 174 -168 609 860 -386 -234 289 -22 -62 24 399 250 -406 134 -171 12 189 -129 520]
[132 -419 -123 -30 -58 -363 -9 -325 -195 767 -445 330 -503 56 100 133 457 -593 -369 227 161 -292 -605 -70 -354 892 314 -201 -215 319 471 -711 40 80 162 -62]
[-363 -549 363 8 -42 -174 182 70 -89 -204 -372 84 463 508 583 649 335 392 38 -234 -295 -412 448 836 -133 18 -90 -214 369 -420 -311 -272 93 70 -199 -209]
[-239 -357 473 -144 115 115 231 72 -307 51 -4 618 -329 73 139 610 -76 223 -171 653 330 -186 256 43 -264 128 108 -1172 385 -115 415 -838 53 184 -304 -212]
[204 -529 -492 -62 113 865 -349 -290 589 -195 -442 335 0 -165 197 -385 90 -432 -50 387 742 -394 -70 -111 -334 357 -103 -76 -303 667 -146 -469 87 -24 166 211]
[-113 -296 -252 238 342 -155 -221 233 -203 241 -364 -537 102 -226 -233 -22 -235 161 -240 -639 554 169 194 -46 0 760 -441 -119 -178 222 -423 262 -98 189 -208 -178]
[862 187 159 -486 -91 -430 507 23 -74 277 -70 425 299 454 -90 98 412 375 -528 416 61 417 -527 335 -238 -454 -670 490 388 -265 -394 -345 524 517 -39 -44]
[-65 83 177 -113 -473 -771 367 557 164 380 -249 462 577 70 136 -142 -67 -56 -514 402 -188 -360 -8 -299 21 -355 99 -27 194 496 -273 -316 561 -305 -68 -5]
[10 97 -378 502 -286 -72 -89 -328 143 -101 241 870 288 350 297 2 -643 -231 529 -345 92 102 -465 142 -136 -315 -625 153 332 284 208 -294 -71 84 -484 159]
[355 412 -62 -187 -267 -760 -450 -110 -204 764 -50 -888 33 -97 91 -440 -144 -6 -305 -290 -73 -9 240 430 -14 -182 24 273 -285 -293 268 122 -263 65 597 501]
[43 -212 -117 -70 256 -235 -178 -133 -435 216 -74 202 -327 -293 -592 -52 -759 367 240 126 782 -495 -84 397 -174 214 557 640 244 23 -148 -281 -34 117 -250 341]
[-106 -271 -149 302 -101 496 -465 147 -247 -364 252 449 423 248 -594 198 -36 -195 -119 334 388 450 558 494 115 -39 -270 288 -500 384 481 182 614 391 156 147]
[73 -34 62 -570 209 -80 -351 398 329 -55 -126 255 -552 33 96 397 -638 214 -247 -39 -65 -295 -602 297 -116 479 857 -71 -223 446 445 41 320 -80 -318 -88]
[-223 265 -271 237 -169 -3 674 720 -192 -141 -235 108 419 -628 23 10 8 427 -386 -150 111 673 45 -332 387 -534 -92 -48 37 17 53 137 -76 360 -3 439]
[-140 177 168 199 563 384 85 -255 -91 -76 -228 376 796 155 -235 -34 156 197 -379 -13 -893 446 495 121 77 -453 -444 -461 31 -319 -145 -70 391 -50 -339 -490]
[554 -75 398 326 738 -452 99 -223 394 -592 149 343 -386 -396 164 -623 -202 471 -224 166 360 838 -215 -13 -216 -403 13 594 170 -388 -20 -233 -305 -5 -189 -254]
[114 -164 312 -322 -194 -303 4 -45 585 430 219 336 -386 -9 -499 133 -33 -4 161 -178 -313 -780 -474 12 54 300 306 416 172 430 782 -311 45 -322 -240 -355]]
[phase 1 initial]
[[-628 -305 94 201 -205 -109 374 -19 78 -147 -149 2 270 353 497 -30 -94 185 659 145 -480 129 214 -196 35 -199 151 -379 -328 275 230 -30 -6 -118 377 -215]
[159 98 -200 132 -359 -232 32 -236 17 322 -322 -522 -458 193 -262 -106 88 -106 -67 -659 154 -377 -101 -368 -191 411 -297 -117 -435 94 -120 284 -561 -299 15 -30]
[-58 -66 58 507 84 378 -599 -127 -1 -422 114 -266 -205 -416 64 -396 -110 -113 -102 -960 157 535 305 19 -52 330 -703 -226 -182 62 -170 156 -263 -21 -294 -82]
[-168 295 57 652 -4 -343 -115 -145 90 30 -102 130 740 -629 -32 -375 -37 -161 -139 -416 -397 433 -504 129 -240 -229 -455 -133 -326 -342 -179 -203 197 8 -199 23]
[406 -132 146 -260 6 222 -543 2 -493 291 -158 -767 34 160 -89 230 315 -267 -96 -444 -82 -92 769 46 162 392 -100 67 284 -238 -296 600 -557 -334 197 -105]
[182 103 -6 -114 202 -508 468 -582 625 152 423 186 74 524 -265 229 -312 83 286 216 -26 -260 -139 34 -69 -481 140 438 -111 -157 467 27 253 332 -329 -297]
[266 -377 509 -266 379 91 -249 302 -114 -71 103 -725 -106 -472 114 308 -437 80 -396 -472 177 321 515 285 -176 -320 162 532 309 -590 80 210 -412 391 -326 -91]
[231 214 -254 -497 -153 220 -54 69 542 2 -151 11 -133 442 200 199 -91 238 -108 342 -474 -7 312 -429 247 108 318 -130 -424 335 93 373 598 -132 623 192]
[-230 -85 -267 -9 -249 -129 -531 -229 173 -138 -71 877 706 -214 -74 -87 -13 -313 -354 -133 -696 -383 23 128 129 31 339 -288 167 -350 -175 -257 631 -243 -344 -34]
[-237 163 -295 238 16 35 -705 -552 -137 -234 257 655 375 -459 -483 -74 -77 -805 37 -146 259 -225 -419 523 323 -342 130 103 165 122 341 -337 96 757 -419 25]
[688 396 -7 130 87 -70 -36 -102 377 -121 339 99 425 -279 -52 -492 67 284 383 -195 -19 451 199 91 -390 -218 -302 128 -377 -108 -652 -60 277 -603 392 -21]
[513 -131 67 -72 113 267 -42 -47 276 -201 948 205 -24 -454 -47 192 -50 91 -247 -157 -217 153 133 325 202 -143 796 482 467 -664 -207 193 137 -351 -351 -566]
[-360 -88 -368 356 -120 49 349 -126 276 -440 527 -118 -1140 -100 -242 -214 86 395 -543 -553 -119 220 318 -261 158 243 -555 -79 -542 62 -102 805 323 -245 -394 -89]
[646 -374 -128 -176 -284 -423 175 -283 57 179 -191 735 500 -35 -464 -151 4 -260 -83 322 89 -205 -187 259 -884 209 136 54 475 -974 -199 -588 -19 66 -234 -234]
[-277 -367 199 -135 270 332 -98 -27 209 -204 92 165 -309 -266 90 -126 -389 -19 442 -129 123 -366 -527 -214 16 -192 926 184 620 23 -392 -358 9 -695 -109 -172]
[-62 -3 546 -152 245 -123 315 283 -80 -52 -71 14 -3 -487 -372 -236 149 -141 -182 134 467 -242 306 -113 -595 -61 -337 256 -282 -45 -386 -332 194 -741 -95 281]
[677 -6 103 -484 -308 -198 -158 247 -559 306 279 354 -241 -195 -45 48 459 -454 -154 624 -173 18 -59 212 19 445 382 -368 732 77 -30 -539 -200 -133 -64 -130]
[22 205 304 -351 488 -202 -867 -300 -276 938 -487 118 332 231 -44 66 355 -562 -412 578 -244 -411 -201 -299 367 16 526 -362 373 -56 -117 -566 230 -120 -233 629]
[186 -515 232 -430 69 386 -105 -40 82 -474 -277 27 -49 -192 -236 191 -477 377 -469 -186 413 -579 -112 -294 -99 -229 85 49 803 -305 -169 78 -300 79 50 -76]
[142 -199 -466 -45 527 414 538 320 -287 402 447 75 -855 -3 283 25 -37 174 -168 609 860 -386 -234 289 -22 -62 24 399 250 -406 134 -171 12 189 -129 520]
[132 -419 -123 -30 -58 -363 -9 -325 -195 767 -445 330 -503 56 100 133 457 -593 -369 227 161 -292 -605 -70 -354 892 314 -201 -215 319 471 -711 40 80 162 -62]
[-363 -549 363 8 -42 -174 182 70 -89 -204 -372 84 463 508 583 649 335 392 38 -234 -295 -412 448 836 -133 18 -90 -214 369 -420 -311 -272 93 70 -199 -209]
[-239 -357 473 -144 115 115 231 72 -307 51 -4 618 -329 73 139 610 -76 223 -171 653 330 -186 256 43 -264 128 108 -1172 385 -115 415 -838 53 184 -304 -212]
[204 -529 -492 -62 113 865 -349 -290 589 -195 -442 335 0 -165 197 -385 90 -432 -50 387 742 -394 -70 -111 -334 357 -103 -76 -303 667 -146 -469 87 -24 166 211]
[-113 -296 -252 238 342 -155 -221 233 -203 241 -364 -537 102 -226 -233 -22 -235 161 -240 -639 554 169 194 -46 0 760 -441 -119 -178 222 -423 262 -98 189 -208 -178]
[862 187 159 -486 -91 -430 507 23 -74 277 -70 425 299 454 -90 98 412 375 -528 416 61 417 -527 335 -238 -454 -670 490 388 -265 -394 -345 524 517 -39 -44]
[-65 83 177 -113 -473 -771 367 557 164 380 -249 462 577 70 136 -142 -67 -56 -514 402 -188 -360 -8 -299 21 -355 99 -27 194 496 -273 -316 561 -305 -68 -5]
[10 97 -378 502 -286 -72 -89 -328 143 -101 241 870 288 350 297 2 -643 -231 529 -345 92 102 -465 142 -136 -315 -625 153 332 284 208 -294 -71 84 -484 159]
[355 412 -62 -187 -267 -760 -450 -110 -204 764 -50 -888 33 -97 91 -440 -144 -6 -305 -290 -73 -9 240 430 -14 -182 24 273 -285 -293 268 122 -263 65 597 501]
[43 -212 -117 -70 256 -235 -178 -133 -435 216 -74 202 -327 -293 -592 -52 -759 367 240 126 782 -495 -84 397 -174 214 557 640 244 23 -148 -281 -34 117 -250 341]
[-106 -271 -149 302 -101 496 -465 147 -247 -364 252 449 423 248 -594 198 -36 -195 -119 334 388 450 558 494 115 -39 -270 288 -500 384 481 182 614 391 156 147]
[73 -34 62 -570 209 -80 -351 398 329 -55 -126 255 -552 33 96 397 -638 214 -247 -39 -65 -295 -602 297 -116 479 857 -71 -223 446 445 41 320 -80 -318 -88]
[-223 265 -271 237 -169 -3 674 720 -192 -141 -235 108 419 -628 23 10 8 427 -386 -150 111 673 45 -332 387 -534 -92 -48 37 17 53 137 -76 360 -3 439]
[-140 177 168 199 563 384 85 -255 -91 -76 -228 376 796 155 -235 -34 156 197 -379 -13 -893 446 495 121 77 -453 -444 -461 31 -319 -145 -70 391 -50 -339 -490]
[554 -75 398 326 738 -452 99 -223 394 -592 149 343 -386 -396 164 -623 -202 471 -224 166 360 838 -215 -13 -216 -403 13 594 170 -388 -20 -233 -305 -5 -189 -254]
[114 -164 312 -322 -194 -303 4 -45 585 430 219 336 -386 -9 -499 133 -33 -4 161 -178 -313 -780 -474 12 54 300 306 416 172 430 782 -311 45 -322 -240 -355]]
