[phase 0]
score=1.355365693109261
squared_norm=2702316
coefficients=[1 0 -1 -2 0 -1 -2 0 1 0 1 0 0 -1 0 0 1 0 -1 0 0 -1 -1 -1 0 0 0 0 0 0 0 0 0 0 0 0]
vector=[-628 -305 94 201 -205 -109 374 -19 78 -147 -149 2 270 353 497 -30 -94 185 659 145 -480 129 214 -196 35 -199 151 -379 -328 275 230 -30 -6 -118 377 -215]

[phase 1]
score=0
squared_norm=2702316
coefficients=[1 0 0 0 0 0 0 0 0 0 0 0 0 0 0 0 0 0 0 0 0 0 0 0 0 0 0 0 0 0 0 0 0 0 0 0]
vector=[-628 -305 94 201 -205 -109 374 -19 78 -147 -149 2 270 353 497 -30 -94 185 659 145 -480 129 214 -196 35 -199 151 -379 -328 275 230 -30 -6 -118 377 -215]

