[phase 0 initial]
[[58 -25 14 -522 378 -363 -24 458 -307 -72 -82 -469 -134 -296 -66 2 -37 255 162 162 415 -538 323 -641 -482 -236 -213 458 -259 80 -172 -190 -7]
[179 -160 428 124 -67 -165 220 8 -242 249 -103 -266 85 31 -195 -279 419 28 32 82 -191 -307 488 452 387 240 801 6 -687 -667 390 -44 -2]
[348 252 -228 -78 104 419 -33 -210 371 -356 514 43 -37 397 270 472 -507 -53 -156 -970 -549 431 111 -164 -324 -493 174 180 424 40 65 -84 10]
[-120 511 -108 -64 228 40 48 -314 -406 38 210 -356 430 -32 138 -39 95 -238 -568 -214 -806 545 164 653 -12 541 308 -641 -819 -186 543 -159 8]
[404 -264 -166 126 240 -321 -9 321 288 233 -951 -583 113 -542 -198 -145 269 -103 547 330 237 -575 -460 -384 725 -5 84 558 -387 -438 98 87 -10]
[90 281 91 -133 -490 -233 -323 516 -654 457 -658 -469 -141 -940 345 -153 445 -69 -186 -23 51 52 -65 268 -573 165 -697 -316 -476 41 -569 154 -7]
[1033 377 69 77 288 150 5 257 -542 124 13 -730 291 -573 74 -77 -255 539 -452 -451 -685 -220 -315 -315 -166 -175 -28 -120 -391 244 -567 -429 -7]
[-106 31 165 314 -879 268 281 -442 -122 12 -286 356 21 164 538 -274 290 315 476 79 -148 -317 -170 -186 252 153 -273 -606 877 152 -1278 -5 -4]
[-232 211 446 760 110 280 388 147 -590 188 -245 -48 381 7 278 -179 872 185 616 341 337 -449 -66 2 -151 97 188 20 -145 -506 -575 38 -10]
[128 -1079 -214 -3 -267 -569 -350 589 178 22 -609 7 -235 -159 -463 154 -32 -410 213 63 85 -604 214 531 263 9 -359 791 -210 -128 -117 322 -14]
[948 394 181 -428 -344 -12 215 225 -278 226 3 86 -285 -431 -680 -369 -158 472 -257 -230 159 282 177 197 104 -135 596 661 -62 152 -146 -274 4]
[75 572 88 468 -16 699 -332 808 -47 47 438 758 -77 171 -340 105 -381 407 -129 -314 107 3 -122 236 -72 -63 -386 452 6 575 -629 152 -12]
[119 -176 -35 -38 -261 -234 604 -302 -109 -281 -304 -151 -183 -91 -277 -27 511 186 514 -88 -73 -111 590 -388 -122 -533 769 287 313 181 -428 290 10]
[-14 445 23 -722 -379 -126 -486 353 -249 -136 335 -60 -735 -426 300 -80 -193 243 -475 -292 -88 -11 609 392 0 -677 102 -157 -498 41 105 542 -67]
[237 105 -385 -102 -416 407 -209 -30 50 145 -204 -197 736 -394 50 -121 144 -433 -14 -791 -1088 417 571 493 107 718 436 217 -345 -335 124 290 2]
[-170 638 -278 644 -290 167 -450 69 338 224 -54 97 -327 313 118 -196 228 25 419 -38 508 798 -294 923 -218 151 152 292 -341 -7 271 440 8]
[68 -162 320 -559 -613 -272 147 -417 -89 -97 -393 -97 -104 -192 -602 90 607 -279 453 -1 -283 -297 22 -585 511 399 416 92 -261 92 201 152 4]
[-377 -404 -77 153 -254 -142 -61 -5 918 -245 -650 521 100 194 -529 -134 -462 -302 -188 646 410 315 97 -215 568 343 341 -129 507 -86 264 589 65]
[14 -291 115 -379 736 -315 209 52 -137 134 -200 268 -282 204 380 -106 14 228 -285 275 -117 -146 -248 -252 380 -261 -823 -334 539 50 -177 -297 -139]
[212 152 -28 55 -16 -9 214 -359 -222 385 209 27 -19 808 -525 -140 206 373 -67 -173 -731 140 56 518 78 -31 303 -24 -600 215 837 148 69]
[-156 185 107 494 205 -276 98 25 -462 402 164 -516 109 -283 644 -269 48 152 -538 368 383 273 -700 -513 -555 127 -453 -228 113 37 -387 -338 -273]
[-592 207 -411 50 285 -171 40 -62 -228 191 616 -780 672 108 19 -421 -133 348 148 588 -117 -630 530 427 668 910 -183 132 -357 -209 -155 -215 -135]
[64 54 80 -863 184 -122 172 -395 521 95 10 -666 -134 -223 -25 126 318 239 -297 -373 -422 -472 322 -759 -507 -167 -273 -330 -7 -157 386 -272 204]
[-318 -620 391 358 124 -806 -312 399 62 215 468 -52 31 788 -111 228 72 346 377 278 -50 -211 269 92 112 397 -53 387 47 -224 558 -97 -137]
[-235 -37 5 577 528 -87 -3 112 -531 275 -425 -204 287 206 253 -114 762 37 -69 -224 -160 -399 -369 -558 107 168 -661 -477 -830 515 -590 -164 170]
[-324 599 602 -601 -451 -176 205 -497 -748 594 -136 -383 342 -372 368 -137 431 -496 -106 -126 166 61 -269 227 269 277 -238 -519 -89 -42 21 -94 -256]
[-40 -563 -314 -530 -95 -189 626 -478 374 -150 -327 -592 108 526 67 259 -556 -258 349 341 47 -279 227 -298 208 -23 935 42 122 -48 129 265 -93]
[-99 -61 -67 67 327 56 -390 -356 -1231 -275 160 106 -59 112 492 208 580 66 110 -186 -529 -404 212 79 -792 -254 -209 -380 -39 41 -186 -392 214]
[423 -5 -132 -566 -287 -313 393 -427 148 -500 -82 93 26 -280 -420 -51 -194 -257 719 146 115 -388 596 -407 642 -31 618 207 -114 -652 184 229 -145]
[-66 -392 427 118 150 229 -194 -161 -126 -234 -12 328 76 58 -687 -143 212 426 -389 -54 78 225 375 14 -424 -416 254 -148 58 102 278 43 -90]
[286 396 -413 2 676 402 364 168 -297 -533 326 173 179 295 30 276 -266 -170 95 -366 8 -349 -49 -546 350 193 -498 -425 -426 528 250 -467 200]
[636 105 -505 108 -169 663 -586 229 311 -584 461 -14 51 180 20 321 155 -557 732 -604 275 186 -189 255 -3 -239 -219 701 403 -493 -543 414 -245]
[329 -273 449 -109 -343 -345 -481 259 458 70 -46 -171 -476 -117 -54 339 206 184 21 -129 185 -211 927 -158 -19 -186 -447 156 -409 -26 466 -244 246]]
[phase 0 refreshed]
[[119 -514 215 -25 205 129 144 -250 -205 -241 -136 255 162 -176 -439 171 421 -39 338 367 204 -184 -15 234 -236 -342 118 -279 196 145 228 190 273]
[58 -25 14 -522 378 -363 -24 458 -307 -72 -82 -469 -134 -296 -66 2 -37 255 162 162 415 -538 323 -641 -482 -236 -213 458 -259 80 -172 -190 -7]
[119 -176 -35 -38 -261 -234 604 -302 -109 -281 -304 -151 -183 -91 -277 -27 511 186 514 -88 -73 -111 590 -388 -122 -533 769 287 313 181 -428 290 10]
[179 -160 428 124 -67 -165 220 8 -242 249 -103 -266 85 31 -195 -279 419 28 32 82 -191 -307 488 452 387 240 801 6 -687 -667 390 -44 -2]
[348 252 -228 -78 104 419 -33 -210 371 -356 514 43 -37 397 270 472 -507 -53 -156 -970 -549 431 111 -164 -324 -493 174 180 424 40 65 -84 10]
[-299 671 -536 -188 295 205 -172 -322 -164 -211 313 -90 345 -63 333 240 -324 -266 -600 -296 -615 852 -324 201 -399 301 -493 -647 -132 481 153 -115 10]
[479 -240 629 -149 2 522 -16 -134 -396 -127 211 70 280 211 385 119 75 320 338 -192 -196 -804 147 83 -281 -145 -162 -528 238 -431 -339 -423 260]
[404 -264 -166 126 240 -321 -9 321 288 233 -951 -583 113 -542 -198 -145 269 -103 547 330 237 -575 -460 -384 725 -5 84 558 -387 -438 98 87 -10]
[1033 377 69 77 288 150 5 257 -542 124 13 -730 291 -573 74 -77 -255 539 -452 -451 -685 -220 -315 -315 -166 -175 -28 -120 -391 244 -567 -429 -7]
[-374 700 -304 167 -233 592 -74 364 319 -222 -170 479 25 435 268 198 -16 44 784 -476 -59 -231 161 -171 253 72 -278 521 233 -21 -806 230 -8]
[-363 365 -161 844 678 540 -89 123 81 -1 226 331 409 108 1 372 200 -413 -54 18 261 713 -707 377 -308 -60 -127 162 -76 -71 485 277 3]
[499 184 39 -716 -95 244 13 -167 -8 -3 -437 213 162 -252 -234 -78 117 -116 480 63 270 -25 -145 412 315 191 53 164 48 -480 333 -296 271]
[-164 336 -226 -242 359 -9 -186 109 -641 -195 179 -25 168 -236 513 -59 43 -143 -118 270 321 -16 -347 757 46 -117 -265 259 -348 -596 81 -1 -76]
[65 477 573 161 -138 661 -102 -178 -199 16 180 49 423 303 223 410 461 -333 399 -542 -422 -204 -523 -359 158 536 9 5 -295 -555 119 -184 -6]
[216 -571 -23 -158 -123 327 -178 -104 194 -325 607 307 -17 -307 72 -107 -120 230 65 -111 166 -102 366 -315 -99 -880 592 510 761 33 96 689 -66]
[-139 2 30 -706 421 222 -273 -3 51 -655 -208 32 591 46 123 227 -748 7 -288 320 14 -175 243 -572 -594 263 -527 -846 354 44 -94 -139 328]
[338 522 797 -17 685 608 -270 82 -422 -293 22 574 120 511 -41 215 101 476 -154 89 76 396 -515 -241 -721 21 -528 -665 343 309 -132 32 197]
[212 152 -28 55 -16 -9 214 -359 -222 385 209 27 -19 808 -525 -140 206 373 -67 -173 -731 140 56 518 78 -31 303 -24 -600 215 837 148 69]
[201 -496 -730 -318 367 -397 516 -693 89 -528 -215 -68 339 92 -342 173 -125 -385 255 133 -1 333 -300 -25 75 -70 214 683 608 50 123 -291 11]
[-38 -96 -52 -519 -63 192 -38 -430 593 -66 61 134 -262 -131 416 104 303 79 -9 -51 290 -495 -512 -14 33 -589 -633 112 723 -647 96 76 127]
[370 361 398 640 -413 172 -574 46 -404 -313 -257 -377 246 -31 193 -179 119 276 -28 171 -195 -199 -545 236 145 265 401 -298 -644 -304 -422 624 -17]
[132 140 -392 201 300 429 -5 40 -593 327 248 -172 660 -82 -227 407 32 -390 329 -102 -350 525 -41 797 311 -400 -38 271 -102 -123 934 643 15]
[119 217 462 663 -162 12 -228 673 -156 593 -64 259 172 -292 284 127 282 343 482 36 -12 -328 -830 -325 199 38 -114 -216 -428 -49 180 -451 53]
[28 232 -111 -6 0 170 174 -130 104 21 79 655 -326 745 -231 66 352 -83 -30 -973 135 534 234 -210 53 -285 137 484 -77 463 -104 -93 191]
[-228 425 508 200 -197 105 244 -189 -18 886 78 -261 278 56 457 -168 -219 -74 -441 -395 128 374 56 55 -288 -5 -389 -870 520 462 -261 -245 -184]
[1 -678 204 -98 -53 554 303 -733 -141 -452 184 -343 237 -122 500 388 -51 -158 53 -348 31 29 126 54 -380 -515 758 -411 532 -155 -522 -239 -310]
[185 -122 -212 -143 55 -100 338 -89 -79 -7 -124 -73 86 -234 248 314 209 -465 727 421 126 -409 -390 220 188 74 -136 -131 138 43 -50 147 363]
[605 9 -442 625 -180 353 364 222 82 -263 -396 491 -328 -276 -446 405 379 -640 191 -666 110 440 -164 149 379 -397 -35 -123 -129 624 332 521 213]
[-570 -383 -150 -105 435 492 -338 -326 204 -180 8 118 141 -191 43 636 46 -691 -544 208 -199 -330 -4 372 -205 336 289 -682 -101 -156 420 74 252]
[145 -155 -307 -165 -273 -204 455 -339 -177 -340 -212 -126 509 -576 -305 460 -36 164 44 -63 -401 -307 -322 -310 -239 -639 446 11 -368 -334 2 314 -419]
[13 -302 464 210 87 182 319 408 -531 -145 175 -256 177 -88 -753 -242 167 38 -77 358 -2 -115 -230 403 -383 -225 140 871 -385 272 200 163 -160]
[308 -58 154 290 415 132 131 349 -367 -284 -341 -23 143 154 -113 -428 613 41 411 477 471 -88 253 -446 -743 153 79 -798 -282 39 -767 -211 -53]
[-62 124 -196 193 -714 36 33 -646 198 503 -400 -302 677 -37 534 -38 218 26 184 457 158 2 19 119 -110 436 -943 -557 -36 -438 494 -629 443]]
[phase 1 initial]
[[119 -514 215 -25 205 129 144 -250 -205 -241 -136 255 162 -176 -439 171 421 -39 338 367 204 -184 -15 234 -236 -342 118 -279 196 145 228 190 273]
[58 -25 14 -522 378 -363 -24 458 -307 -72 -82 -469 -134 -296 -66 2 -37 255 162 162 415 -538 323 -641 -482 -236 -213 458 -259 80 -172 -190 -7]
[119 -176 -35 -38 -261 -234 604 -302 -109 -281 -304 -151 -183 -91 -277 -27 511 186 514 -88 -73 -111 590 -388 -122 -533 769 287 313 181 -428 290 10]
[179 -160 428 124 -67 -165 220 8 -242 249 -103 -266 85 31 -195 -279 419 28 32 82 -191 -307 488 452 387 240 801 6 -687 -667 390 -44 -2]
[348 252 -228 -78 104 419 -33 -210 371 -356 514 43 -37 397 270 472 -507 -53 -156 -970 -549 431 111 -164 -324 -493 174 180 424 40 65 -84 10]
[-299 671 -536 -188 295 205 -172 -322 -164 -211 313 -90 345 -63 333 240 -324 -266 -600 -296 -615 852 -324 201 -399 301 -493 -647 -132 481 153 -115 10]
[479 -240 629 -149 2 522 -16 -134 -396 -127 211 70 280 211 385 119 75 320 338 -192 -196 -804 147 83 -281 -145 -162 -528 238 -431 -339 -423 260]
[404 -264 -166 126 240 -321 -9 321 288 233 -951 -583 113 -542 -198 -145 269 -103 547 330 237 -575 -460 -384 725 -5 84 558 -387 -438 98 87 -10]
[1033 377 69 77 288 150 5 257 -542 124 13 -730 291 -573 74 -77 -255 539 -452 -451 -685 -220 -315 -315 -166 -175 -28 -120 -391 244 -567 -429 -7]
[-374 700 -304 167 -233 592 -74 364 319 -222 -170 479 25 435 268 198 -16 44 784 -476 -59 -231 161 -171 253 72 -278 521 233 -21 -806 230 -8]
[-363 365 -161 844 678 540 -89 123 81 -1 226 331 409 108 1 372 200 -413 -54 18 261 713 -707 377 -308 -60 -127 162 -76 -71 485 277 3]
[499 184 39 -716 -95 244 13 -167 -8 -3 -437 213 162 -252 -234 -78 117 -116 480 63 270 -25 -145 412 315 191 53 164 48 -480 333 -296 271]
[-164 336 -226 -242 359 -9 -186 109 -641 -195 179 -25 168 -236 513 -59 43 -143 -118 270 321 -16 -347 757 46 -117 -265 259 -348 -596 81 -1 -76]
[65 477 573 161 -138 661 -102 -178 -199 16 180 49 423 303 223 410 461 -333 399 -542 -422 -204 -523 -359 158 536 9 5 -295 -555 119 -184 -6]
[216 -571 -23 -158 -123 327 -178 -104 194 -325 607 307 -17 -307 72 -107 -120 230 65 -111 166 -102 366 -315 -99 -880 592 510 761 33 96 689 -66]
[-139 2 30 -706 421 222 -273 -3 51 -655 -208 32 591 46 123 227 -748 7 -288 320 14 -175 243 -572 -594 263 -527 -846 354 44 -94 -139 328]
[338 522 797 -17 685 608 -270 82 -422 -293 22 574 120 511 -41 215 101 476 -154 89 76 396 -515 -241 -721 21 -528 -665 343 309 -132 32 197]
[212 152 -28 55 -16 -9 214 -359 -222 385 209 27 -19 808 -525 -140 206 373 -67 -173 -731 140 56 518 78 -31 303 -24 -600 215 837 148 69]
[201 -496 -730 -318 367 -397 516 -693 89 -528 -215 -68 339 92 -342 173 -125 -385 255 133 -1 333 -300 -25 75 -70 214 683 608 50 123 -291 11]
[-38 -96 -52 -519 -63 192 -38 -430 593 -66 61 134 -262 -131 416 104 303 79 -9 -51 290 -495 -512 -14 33 -589 -633 112 723 -647 96 76 127]
[370 361 398 640 -413 172 -574 46 -404 -313 -257 -377 246 -31 193 -179 119 276 -28 171 -195 -199 -545 236 145 265 401 -298 -644 -304 -422 624 -17]
[132 140 -392 201 300 429 -5 40 -593 327 248 -172 660 -82 -227 407 32 -390 329 -102 -350 525 -41 797 311 -400 -38 271 -102 -123 934 643 15]
[119 217 462 663 -162 12 -228 673 -156 593 -64 259 172 -292 284 127 282 343 482 36 -12 -328 -830 -325 199 38 -114 -216 -428 -49 180 -451 53]
[28 232 -111 -6 0 170 174 -130 104 21 79 655 -326 745 -231 66 352 -83 -30 -973 135 534 234 -210 53 -285 137 484 -77 463 -104 -93 191]
[-228 425 508 200 -197 105 244 -189 -18 886 78 -261 278 56 457 -168 -219 -74 -441 -395 128 374 56 55 -288 -5 -389 -870 520 462 -261 -245 -184]
[1 -678 204 -98 -53 554 303 -733 -141 -452 184 -343 237 -122 500 388 -51 -158 53 -348 31 29 126 54 -380 -515 758 -411 532 -155 -522 -239 -310]
[185 -122 -212 -143 55 -100 338 -89 -79 -7 -124 -73 86 -234 248 314 209 -465 727 421 126 -409 -390 220 188 74 -136 -131 138 43 -50 147 363]
[605 9 -442 625 -180 353 364 222 82 -263 -396 491 -328 -276 -446 405 379 -640 191 -666 110 440 -164 149 379 -397 -35 -123 -129 624 332 521 213]
[-570 -383 -150 -105 435 492 -338 -326 204 -180 8 118 141 -191 43 636 46 -691 -544 208 -199 -330 -4 372 -205 336 289 -682 -101 -156 420 74 252]
[145 -155 -307 -165 -273 -204 455 -339 -177 -340 -212 -126 509 -576 -305 460 -36 164 44 -63 -401 -307 -322 -310 -239 -639 446 11 -368 -334 2 314 -419]
[13 -302 464 210 87 182 319 408 -531 -145 175 -256 177 -88 -753 -242 167 38 -77 358 -2 -115 -230 403 -383 -225 140 871 -385 272 200 163 -160]
[308 -58 154 290 415 132 131 349 -367 -284 -341 -23 143 154 -113 -428 613 41 411 477 471 -88 253 -446 -743 153 79 -798 -282 39 -767 -211 -53]
[-62 124 -196 193 -714 36 33 -646 198 503 -400 -302 677 -37 534 -38 218 26 184 457 158 2 19 119 -110 436 -943 -557 -36 -438 494 -629 443]]
