[phase 0]
squared_norm=2165324
coefficients=[0 0 1 0 0 -1 0 -1 -1 0 0 0 0 0 0 0 0 0 0 0 0 0 0 0 0 0 0 0 -1 0 0 0 0]
vector=[384 -44 -197 22 36 183 32 79 -26 -185 -158 -215 -308 121 -473 -178 943 150 -156 25 15 249 -33 -18 128 82 173 -171 321 -297 -240 350 98]

[phase 1]
squared_norm=2165324
coefficients=[1 0 0 0 0 0 0 0 0 0 0 0 0 0 0 0 0 0 0 0 0 0 0 0 0 0 0 0 0 0 0 0 0]
vector=[384 -44 -197 22 36 183 32 79 -26 -185 -158 -215 -308 121 -473 -178 943 150 -156 25 15 249 -33 -18 128 82 173 -171 321 -297 -240 350 98]

