[phase 0 initial]
[[379 -135 -15 -200 76 -63 466 -63 -7 -49 286 97 43 212 -303 -254 298 -771 -329 200 -74 -161 343 64 145 -672 -110 -143 -192 202 -331 342 -69 308 574 59 519 -1]
[155 -146 545 -399 -24 -27 145 -100 -16 239 -553 99 -504 -435 92 -91 -90 -174 27 -104 192 -240 14 -426 -53 597 -205 -227 -832 151 -217 411 -79 -52 411 -249 -263 -7]
[-182 -222 106 958 63 -545 -169 -20 -67 -72 555 326 -318 -137 151 29 31 -26 190 430 375 627 137 326 -175 697 -109 -86 -120 -32 194 -239 -76 -677 -321 65 -408 0]
[-55 -343 186 -238 -231 124 -222 769 173 -275 68 -305 -36 294 -193 120 -52 -320 -55 -446 -183 -16 -463 -73 -249 -704 -191 -165 540 -277 336 -623 -16 -430 -682 188 663 6]
[286 411 214 -403 -63 326 -123 42 -434 -397 155 -573 244 -93 329 34 -210 -186 -7 -4 475 -301 320 -386 749 327 -147 -73 -177 159 -405 793 -69 785 787 -222 -16 -6]
[362 -16 143 -497 574 659 56 443 61 405 -667 2 -86 -197 159 -302 97 -183 -5 -651 -120 260 203 -36 -199 -708 -274 -62 -358 121 -606 -135 364 -188 -231 -86 660 6]
[291 579 -361 -779 -220 528 -121 225 -482 425 -243 387 -533 -408 103 202 -59 395 96 38 197 -382 408 114 218 -189 292 -214 -98 491 -352 -96 323 174 565 -193 -258 -11]
[-245 282 -53 665 -3 -126 402 -110 101 -648 52 -164 549 328 93 -153 -51 158 -788 -61 243 -407 -592 -27 554 169 27 -238 669 -370 74 768 337 628 51 18 73 -145]
[-415 293 -817 -709 -563 -56 -607 -687 -835 564 -11 77 579 150 -8 -129 372 -104 -115 123 -184 -1 412 -235 127 -429 228 159 372 188 -132 -173 28 514 397 -97 -46 146]
[492 1216 -612 -205 393 338 122 425 -374 -274 196 -402 -397 -479 232 349 377 0 319 297 17 91 177 441 322 420 199 535 263 -30 -192 -41 72 -34 90 -40 131 -3]
[-214 -517 668 -573 -419 234 -323 403 -194 -120 -53 73 211 144 431 -164 -767 46 485 -648 623 673 292 -404 -409 396 -463 285 -390 -460 240 33 -295 207 -67 -320 88 3]
[-76 411 -663 71 613 -166 312 -147 157 28 -870 427 -16 -465 226 -175 93 141 -142 -631 -23 669 -475 -501 -337 697 -406 2 -97 -223 -156 672 166 617 -238 -328 -494 -136]
[-29 -63 -285 362 595 619 -873 293 779 -550 325 -793 462 -120 -43 -293 -105 428 233 -81 253 433 -92 146 222 -547 -176 280 -221 435 -207 -488 -357 357 -258 -53 -270 10]
[203 -720 156 -272 -110 -676 154 -210 -265 218 118 -69 -25 -4 -485 97 143 -454 58 40 -980 279 161 205 -204 -64 292 -250 99 -282 44 -553 109 -487 262 309 -234 -1]
[-211 9 -479 573 441 -503 831 163 359 107 273 515 -198 339 -660 -244 335 372 -94 336 401 171 286 275 -333 -69 107 171 -309 205 292 -149 -326 625 120 -297 247 -144]
[-37 42 -143 690 96 224 -897 -273 -64 -397 205 461 -366 -333 139 -445 33 -172 -426 -33 456 12 119 -446 748 -134 -114 -406 -224 297 -98 499 -85 251 393 251 -786 -50]
[-184 -229 -206 -426 -5 362 -215 -308 289 -144 -1 -56 349 -90 553 -63 -178 402 -105 -319 -266 115 -479 -206 -330 222 -387 74 -289 183 -155 506 115 700 -453 229 -160 18]
[-56 670 -666 -47 76 390 -46 122 316 -173 -103 720 -671 52 -373 -312 371 -239 -318 -21 -223 -80 -842 211 -50 -570 -540 118 122 -234 -43 -415 160 81 -241 573 626 -62]
[-362 -15 333 -363 -230 372 -310 428 -38 165 -371 -34 -260 355 -248 535 -558 333 264 -406 -440 102 -240 63 239 -760 20 -523 983 68 264 -511 -129 15 -251 699 -127 8]
[691 511 -233 -238 208 411 -225 -18 62 -7 250 -216 583 379 369 -524 -32 -83 14 544 125 51 264 480 90 -391 -338 834 22 -364 -39 244 -14 165 32 -399 1050 -6]
[220 382 303 93 281 116 402 -801 734 205 -69 151 267 119 -131 138 279 42 -219 179 162 -1122 86 -186 -179 -401 445 387 -447 213 -224 46 27 -144 461 -102 -279 -219]
[-138 150 171 -69 409 56 -702 -223 -1 469 -200 108 -296 59 -52 -693 832 -468 -40 -68 -76 67 128 -167 -422 -430 -279 -162 -855 59 -349 -521 -600 -1042 -258 360 287 20]
[-212 -405 240 912 154 -100 -128 -175 689 -545 50 151 -80 -185 -11 323 -241 -448 118 128 190 -125 -303 -273 -264 205 -105 -210 42 -166 347 -122 -506 23 -567 637 -442 -336]
[253 512 302 -7 61 561 163 47 287 508 250 -322 488 422 -49 244 -33 434 704 -6 -58 104 9 16 419 -460 301 795 388 263 44 -103 -254 271 267 99 576 1]
[90 -261 -790 -933 465 126 60 155 136 408 171 168 -78 21 -174 -169 406 -181 115 206 141 62 591 508 -121 -567 -29 146 -169 250 -121 -464 63 436 -211 -337 96 172]
[73 -890 753 -23 211 -130 440 140 191 1130 -236 294 1 472 -233 -464 234 -452 -312 63 599 296 613 88 -572 -104 -385 126 -326 -180 105 62 -260 48 -341 246 491 -357]
[-317 -423 -259 53 -254 -133 455 -224 168 101 -18 238 -324 -68 63 -513 -446 739 -557 -98 236 1 102 -183 -166 331 468 113 -239 -408 210 198 460 -97 128 -393 -613 -22]
[-98 -118 171 112 615 329 -204 102 159 -42 -474 589 -28 38 -20 -589 -443 -10 86 -152 -468 393 125 499 -218 -96 -428 -361 -228 -60 84 169 350 399 -109 572 -201 195]
[201 363 156 466 661 -283 68 -543 -264 -83 -20 -78 489 556 -583 -253 415 301 167 148 -418 -238 514 -251 504 -207 -125 622 -432 138 -531 136 107 -14 12 182 200 -189]
[162 33 -126 -513 446 374 63 574 262 341 -197 398 -205 -584 659 41 -480 656 555 -209 -81 -368 262 -229 -429 90 -310 -380 -201 432 -141 339 67 -328 -431 -436 -401 -177]
[-369 -247 -12 214 30 -4 -221 -213 346 455 200 396 -664 95 -182 70 -294 -509 -411 73 -213 -19 423 -194 -109 -481 -640 -501 -398 178 -183 -298 -245 370 130 151 2 -237]
[79 -207 -22 -12 -180 756 78 384 -76 -587 -199 89 -131 308 153 -318 301 -405 -209 -387 160 266 -367 673 -114 -870 -30 -44 374 -369 -32 176 -159 70 110 331 1114 -260]
[-13 93 -81 440 -19 -110 -453 137 -693 -49 265 -83 -131 -269 -138 -382 -120 409 -398 -433 715 -45 265 -385 28 248 -393 -602 -117 -199 189 131 -177 24 23 -163 49 115]
[16 670 48 375 701 461 440 -170 479 231 -463 556 -283 -88 620 -177 -62 209 532 -477 -377 119 -184 24 -215 534 493 391 472 -543 -227 269 34 -114 222 59 -275 117]
[-504 5 253 -75 -477 -146 -71 103 223 -242 -371 121 334 605 176 212 -77 -116 71 -133 95 -663 -429 -259 -19 169 -418 -669 842 -51 127 -361 -235 -240 -40 247 250 -41]
[467 47 -567 516 381 -38 396 314 132 -556 154 -409 93 -83 -314 -468 208 -257 -876 -433 -306 130 -589 390 -21 -274 210 -34 112 57 551 164 -12 205 -138 649 57 40]
[-319 126 -346 206 590 -439 188 -211 -695 700 -444 803 -111 -261 -260 -185 46 179 -10 -403 123 375 194 -87 186 500 -58 -769 -219 199 -629 368 304 -147 239 244 183 -52]
[330 -313 -432 -451 -34 442 -468 6 -459 127 -76 473 799 -325 302 228 -516 193 -37 -499 261 760 224 -232 -110 64 199 1 276 254 -13 -196 125 433 196 -568 -166 16]]
[phase 0 refreshed]
[[884 -519 239 248 -401 -77 -284 50 25 308 -173 4 -128 -140 44 -286 -217 115 -34 -373 -193 189 -98 340 172 -604 -106 408 -225 -39 400 35 137 5 90 255 -27 -224]
[379 -135 -15 -200 76 -63 466 -63 -7 -49 286 97 43 212 -303 -254 298 -771 -329 200 -74 -161 343 64 145 -672 -110 -143 -192 202 -331 342 -69 308 574 59 519 -1]
[155 -146 545 -399 -24 -27 145 -100 -16 239 -553 99 -504 -435 92 -91 -90 -174 27 -104 192 -240 14 -426 -53 597 -205 -227 -832 151 -217 411 -79 -52 411 -249 -263 -7]
[-55 -343 186 -238 -231 124 -222 769 173 -275 68 -305 -36 294 -193 120 -52 -320 -55 -446 -183 -16 -463 -73 -249 -704 -191 -165 540 -277 336 -623 -16 -430 -682 188 663 6]
[-182 -222 106 958 63 -545 -169 -20 -67 -72 555 326 -318 -137 151 29 31 -26 190 430 375 627 137 326 -175 697 -109 -86 -120 -32 194 -239 -76 -677 -321 65 -408 0]
[286 411 214 -403 -63 326 -123 42 -434 -397 155 -573 244 -93 329 34 -210 -186 -7 -4 475 -301 320 -386 749 327 -147 -73 -177 159 -405 793 -69 785 787 -222 -16 -6]
[-194 162 245 -60 263 -394 547 89 468 -12 -328 112 173 387 -8 -14 -133 515 107 -297 212 -69 -544 -238 -737 659 -374 -446 -448 -241 -17 287 -480 43 -204 -162 -177 -225]
[-211 9 -479 573 441 -503 831 163 359 107 273 515 -198 339 -660 -244 335 372 -94 336 401 171 286 275 -333 -69 107 171 -309 205 292 -149 -326 625 120 -297 247 -144]
[-58 887 -661 -440 67 161 281 414 2 174 -18 400 144 414 3 279 -102 1084 176 -155 217 -211 -150 302 -466 -127 123 -433 286 99 -152 -220 -78 269 -50 -106 -172 -229]
[203 -720 156 -272 -110 -676 154 -210 -265 218 118 -69 -25 -4 -485 97 143 -454 58 40 -980 279 161 205 -204 -64 292 -250 99 -282 44 -553 109 -487 262 309 -234 -1]
[362 -16 143 -497 574 659 56 443 61 405 -667 2 -86 -197 159 -302 97 -183 -5 -651 -120 260 203 -36 -199 -708 -274 -62 -358 121 -606 -135 364 -188 -231 -86 660 6]
[108 -209 -348 -193 276 -578 226 341 -58 87 216 -765 625 281 -145 546 150 -435 362 -106 -412 549 -171 -158 -425 -104 -444 -344 483 198 -243 -274 -14 80 -545 -179 486 60]
[478 -32 -205 380 118 22 -1434 -438 -260 -137 287 79 149 -170 326 -618 -154 62 -25 351 -325 503 201 175 489 83 -50 321 89 -551 238 -152 79 -379 113 102 -489 -56]
[-182 -437 33 729 -227 -85 123 -341 51 0 -328 396 -372 -401 -136 -264 202 -345 -861 136 -252 -277 -354 171 489 -220 343 54 462 -137 279 99 807 -252 -121 153 3 79]
[-33 707 -363 -201 -95 791 171 56 -461 -377 404 414 -164 -391 605 285 112 -651 203 -317 462 498 573 90 203 -224 -2 244 146 322 -625 553 34 183 241 428 -190 156]
[-291 85 -612 565 193 -466 196 108 -373 -513 432 -524 846 294 -47 -223 487 -727 363 -224 120 832 203 -293 -117 283 -232 -125 -26 -176 -348 414 -741 -114 -236 -122 301 282]
[91 165 -100 471 364 342 106 -460 373 -198 -276 312 214 355 4 186 -252 442 98 -458 -930 -228 -199 -235 187 -350 444 541 610 -610 560 425 -21 158 -434 697 -125 -41]
[-485 -266 220 599 415 -632 357 -320 -248 744 -380 -23 330 502 -145 180 111 506 173 -164 -146 -17 236 -505 -178 375 85 -172 -28 23 192 31 37 111 -477 -108 336 5]
[973 -35 -198 -377 32 163 -320 -178 4 91 175 253 -55 -218 -24 98 -189 -590 286 750 -468 -177 530 526 -160 -439 141 160 65 -321 0 -527 -88 -125 292 354 116 -354]
[-296 -366 -101 501 -198 -338 296 438 -471 145 440 -223 -102 -431 -39 95 278 142 645 -323 95 1073 -101 -341 269 1092 174 97 -170 346 43 118 -138 235 25 -99 -68 218]
[-184 -229 -206 -426 -5 362 -215 -308 289 -144 -1 -56 349 -90 553 -63 -178 402 -105 -319 -266 115 -479 -206 -330 222 -387 74 -289 183 -155 506 115 700 -453 229 -160 18]
[90 -261 -790 -933 465 126 60 155 136 408 171 168 -78 21 -174 -169 406 -181 115 206 141 62 591 508 -121 -567 -29 146 -169 250 -121 -464 63 436 -211 -337 96 172]
[-489 -20 -364 -480 -3 -109 -178 197 271 -298 -173 127 -425 -185 -375 62 -35 147 -560 216 -390 256 -385 -135 -1001 735 -199 -670 143 -126 -205 5 -180 -678 -260 31 -1122 36]
[-183 288 790 63 761 -279 337 -200 714 -198 -487 -248 -56 163 367 333 -215 87 153 -138 -481 186 -426 -30 -428 -362 -307 -304 -20 360 -17 174 -283 -424 -322 -150 156 89]
[414 -191 -186 338 -8 -104 -675 233 132 233 672 129 -22 -259 269 22 252 -89 240 442 282 404 223 -153 -131 6 288 335 286 206 713 -261 -558 323 -252 109 -67 -465]
[-560 -201 -75 -657 -274 -40 188 -806 509 35 325 -196 -68 329 105 -81 92 -274 -676 -182 -362 -222 -319 -529 -537 -510 66 338 137 -233 105 12 10 -71 -211 552 -325 -63]
[-334 34 163 162 81 21 530 -376 382 598 -130 -254 176 175 -216 37 -378 31 332 552 -504 -243 -58 115 -169 206 389 66 360 -19 319 -221 218 278 -15 669 -52 24]
[385 49 -308 28 -392 405 -674 89 -145 41 -214 -48 59 -1 300 -119 -239 858 -350 132 59 -470 -357 36 470 -301 352 -553 425 -496 -145 -268 -265 -249 -171 143 102 -607]
[389 -537 436 28 158 237 -56 -82 573 513 288 -97 -653 300 -224 -261 27 -141 305 110 -415 -327 213 -121 418 -104 36 391 -365 141 234 313 137 -126 277 -169 -101 -299]
[-151 -162 -411 -371 -415 639 65 333 193 -463 -394 -491 -24 425 -195 391 -118 767 171 -377 545 -569 -581 341 -423 382 -53 194 71 -388 164 197 -232 309 -218 -100 -65 -165]
[88 -117 -133 239 205 -476 -346 -128 138 -474 -251 342 125 223 -306 -284 61 -65 -171 581 771 -189 -554 110 -177 -140 -587 17 112 -8 258 -281 456 -80 -404 -218 265 89]
[-531 -61 -471 183 -440 524 246 -147 164 -276 -135 -183 -183 -856 -398 -61 48 234 -548 -541 184 -229 -373 138 -234 -328 211 376 317 27 334 -212 94 89 -332 108 -121 403]
[718 433 77 -643 -16 445 -496 163 19 -137 -71 218 -528 24 -174 -165 296 -406 93 -443 446 26 83 137 -117 -650 -79 126 137 -297 146 -293 -244 -168 -314 -91 25 -580]
[-106 -161 -249 686 253 -636 597 397 29 -542 229 419 461 236 -128 17 -6 154 -156 287 201 -377 3 762 201 90 355 -176 22 101 189 -536 -148 -56 209 -33 -289 -657]
[92 77 -343 -60 -596 -118 -481 299 -151 -457 249 118 -97 -169 -146 415 9 175 702 -54 -653 -273 -48 410 146 -145 170 515 543 -407 481 -394 489 472 -113 296 -403 -67]
[628 -261 144 638 12 87 -247 531 267 -128 82 -241 -233 100 827 -83 -332 -232 240 -359 79 -195 -148 486 -346 -347 -244 -92 340 -142 -2 14 136 -430 -524 55 336 89]
[492 125 -21 -679 -949 -239 -354 -249 -130 -173 -183 -371 292 -226 266 210 174 104 360 -351 1 398 -101 261 -3 -103 -105 325 454 -556 765 -280 -109 -258 -236 154 -7 108]
[-2 -327 351 -429 170 -121 -204 -59 214 176 -194 64 -84 -454 75 -370 167 -880 -624 -36 251 99 -217 224 -158 -261 -179 320 138 -39 99 206 98 -565 -196 61 690 -107]]
[phase 1 initial]
[[884 -519 239 248 -401 -77 -284 50 25 308 -173 4 -128 -140 44 -286 -217 115 -34 -373 -193 189 -98 340 172 -604 -106 408 -225 -39 400 35 137 5 90 255 -27 -224]
[379 -135 -15 -200 76 -63 466 -63 -7 -49 286 97 43 212 -303 -254 298 -771 -329 200 -74 -161 343 64 145 -672 -110 -143 -192 202 -331 342 -69 308 574 59 519 -1]
[155 -146 545 -399 -24 -27 145 -100 -16 239 -553 99 -504 -435 92 -91 -90 -174 27 -104 192 -240 14 -426 -53 597 -205 -227 -832 151 -217 411 -79 -52 411 -249 -263 -7]
[-55 -343 186 -238 -231 124 -222 769 173 -275 68 -305 -36 294 -193 120 -52 -320 -55 -446 -183 -16 -463 -73 -249 -704 -191 -165 540 -277 336 -623 -16 -430 -682 188 663 6]
[-182 -222 106 958 63 -545 -169 -20 -67 -72 555 326 -318 -137 151 29 31 -26 190 430 375 627 137 326 -175 697 -109 -86 -120 -32 194 -239 -76 -677 -321 65 -408 0]
[286 411 214 -403 -63 326 -123 42 -434 -397 155 -573 244 -93 329 34 -210 -186 -7 -4 475 -301 320 -386 749 327 -147 -73 -177 159 -405 793 -69 785 787 -222 -16 -6]
[-194 162 245 -60 263 -394 547 89 468 -12 -328 112 173 387 -8 -14 -133 515 107 -297 212 -69 -544 -238 -737 659 -374 -446 -448 -241 -17 287 -480 43 -204 -162 -177 -225]
[-211 9 -479 573 441 -503 831 163 359 107 273 515 -198 339 -660 -244 335 372 -94 336 401 171 286 275 -333 -69 107 171 -309 205 292 -149 -326 625 120 -297 247 -144]
[-58 887 -661 -440 67 161 281 414 2 174 -18 400 144 414 3 279 -102 1084 176 -155 217 -211 -150 302 -466 -127 123 -433 286 99 -152 -220 -78 269 -50 -106 -172 -229]
[203 -720 156 -272 -110 -676 154 -210 -265 218 118 -69 -25 -4 -485 97 143 -454 58 40 -980 279 161 205 -204 -64 292 -250 99 -282 44 -553 109 -487 262 309 -234 -1]
[362 -16 143 -497 574 659 56 443 61 405 -667 2 -86 -197 159 -302 97 -183 -5 -651 -120 260 203 -36 -199 -708 -274 -62 -358 121 -606 -135 364 -188 -231 -86 660 6]
[108 -209 -348 -193 276 -578 226 341 -58 87 216 -765 625 281 -145 546 150 -435 362 -106 -412 549 -171 -158 -425 -104 -444 -344 483 198 -243 -274 -14 80 -545 -179 486 60]
[478 -32 -205 380 118 22 -1434 -438 -260 -137 287 79 149 -170 326 -618 -154 62 -25 351 -325 503 201 175 489 83 -50 321 89 -551 238 -152 79 -379 113 102 -489 -56]
[-182 -437 33 729 -227 -85 123 -341 51 0 -328 396 -372 -401 -136 -264 202 -345 -861 136 -252 -277 -354 171 489 -220 343 54 462 -137 279 99 807 -252 -121 153 3 79]
[-33 707 -363 -201 -95 791 171 56 -461 -377 404 414 -164 -391 605 285 112 -651 203 -317 462 498 573 90 203 -224 -2 244 146 322 -625 553 34 183 241 428 -190 156]
[-291 85 -612 565 193 -466 196 108 -373 -513 432 -524 846 294 -47 -223 487 -727 363 -224 120 832 203 -293 -117 283 -232 -125 -26 -176 -348 414 -741 -114 -236 -122 301 282]
[91 165 -100 471 364 342 106 -460 373 -198 -276 312 214 355 4 186 -252 442 98 -458 -930 -228 -199 -235 187 -350 444 541 610 -610 560 425 -21 158 -434 697 -125 -41]
[-485 -266 220 599 415 -632 357 -320 -248 744 -380 -23 330 502 -145 180 111 506 173 -164 -146 -17 236 -505 -178 375 85 -172 -28 23 192 31 37 111 -477 -108 336 5]
[973 -35 -198 -377 32 163 -320 -178 4 91 175 253 -55 -218 -24 98 -189 -590 286 750 -468 -177 530 526 -160 -439 141 160 65 -321 0 -527 -88 -125 292 354 116 -354]
[-296 -366 -101 501 -198 -338 296 438 -471 145 440 -223 -102 -431 -39 95 278 142 645 -323 95 1073 -101 -341 269 1092 174 97 -170 346 43 118 -138 235 25 -99 -68 218]
[-184 -229 -206 -426 -5 362 -215 -308 289 -144 -1 -56 349 -90 553 -63 -178 402 -105 -319 -266 115 -479 -206 -330 222 -387 74 -289 183 -155 506 115 700 -453 229 -160 18]
[90 -261 -790 -933 465 126 60 155 136 408 171 168 -78 21 -174 -169 406 -181 115 206 141 62 591 508 -121 -567 -29 146 -169 250 -121 -464 63 436 -211 -337 96 172]
[-489 -20 -364 -480 -3 -109 -178 197 271 -298 -173 127 -425 -185 -375 62 -35 147 -560 216 -390 256 -385 -135 -1001 735 -199 -670 143 -126 -205 5 -180 -678 -260 31 -1122 36]
[-183 288 790 63 761 -279 337 -200 714 -198 -487 -248 -56 163 367 333 -215 87 153 -138 -481 186 -426 -30 -428 -362 -307 -304 -20 360 -17 174 -283 -424 -322 -150 156 89]
[414 -191 -186 338 -8 -104 -675 233 132 233 672 129 -22 -259 269 22 252 -89 240 442 282 404 223 -153 -131 6 288 335 286 206 713 -261 -558 323 -252 109 -67 -465]
[-560 -201 -75 -657 -274 -40 188 -806 509 35 325 -196 -68 329 105 -81 92 -274 -676 -182 -362 -222 -319 -529 -537 -510 66 338 137 -233 105 12 10 -71 -211 552 -325 -63]
[-334 34 163 162 81 21 530 -376 382 598 -130 -254 176 175 -216 37 -378 31 332 552 -504 -243 -58 115 -169 206 389 66 360 -19 319 -221 218 278 -15 669 -52 24]
[385 49 -308 28 -392 405 -674 89 -145 41 -214 -48 59 -1 300 -119 -239 858 -350 132 59 -470 -357 36 470 -301 352 -553 425 -496 -145 -268 -265 -249 -171 143 102 -607]
[389 -537 436 28 158 237 -56 -82 573 513 288 -97 -653 300 -224 -261 27 -141 305 110 -415 -327 213 -121 418 -104 36 391 -365 141 234 313 137 -126 277 -169 -101 -299]
[-151 -162 -411 -371 -415 639 65 333 193 -463 -394 -491 -24 425 -195 391 -118 767 171 -377 545 -569 -581 341 -423 382 -53 194 71 -388 164 197 -232 309 -218 -100 -65 -165]
[88 -117 -133 239 205 -476 -346 -128 138 -474 -251 342 125 223 -306 -284 61 -65 -171 581 771 -189 -554 110 -177 -140 -587 17 112 -8 258 -281 456 -80 -404 -218 265 89]
[-531 -61 -471 183 -440 524 246 -147 164 -276 -135 -183 -183 -856 -398 -61 48 234 -548 -541 184 -229 -373 138 -234 -328 211 376 317 27 334 -212 94 89 -332 108 -121 403]
[718 433 77 -643 -16 445 -496 163 19 -137 -71 218 -528 24 -174 -165 296 -406 93 -443 446 26 83 137 -117 -650 -79 126 137 -297 146 -293 -244 -168 -314 -91 25 -580]
[-106 -161 -249 686 253 -636 597 397 29 -542 229 419 461 236 -128 17 -6 154 -156 287 201 -377 3 762 201 90 355 -176 22 101 189 -536 -148 -56 209 -33 -289 -657]
[92 77 -343 -60 -596 -118 -481 299 -151 -457 249 118 -97 -169 -146 415 9 175 702 -54 -653 -273 -48 410 146 -145 170 515 543 -407 481 -394 489 472 -113 296 -403 -67]
[628 -261 144 638 12 87 -247 531 267 -128 82 -241 -233 100 827 -83 -332 -232 240 -359 79 -195 -148 486 -346 -347 -244 -92 340 -142 -2 14 136 -430 -524 55 336 89]
[492 125 -21 -679 -949 -239 -354 -249 -130 -173 -183 -371 292 -226 266 210 174 104 360 -351 1 398 -101 261 -3 -103 -105 325 454 -556 765 -280 -109 -258 -236 154 -7 108]
[-2 -327 351 -429 170 -121 -204 -59 214 176 -194 64 -84 -454 75 -370 167 -880 -624 -36 251 99 -217 224 -158 -261 -179 320 138 -39 99 206 98 -565 -196 61 690 -107]]
[phase 1 refreshed]
[[25 -211 167 289 368 -34 -250 661 -677 205 216 -100 -329 418 227 -200 -224 98 -231 -228 351 6 -453 257 61 -140 61 -366 138 188 26 117 444 -181 202 139 208 312]
[884 -519 239 248 -401 -77 -284 50 25 308 -173 4 -128 -140 44 -286 -217 115 -34 -373 -193 189 -98 340 172 -604 -106 408 -225 -39 400 35 137 5 90 255 -27 -224]
[379 -135 -15 -200 76 -63 466 -63 -7 -49 286 97 43 212 -303 -254 298 -771 -329 200 -74 -161 343 64 145 -672 -110 -143 -192 202 -331 342 -69 308 574 59 519 -1]
[155 -146 545 -399 -24 -27 145 -100 -16 239 -553 99 -504 -435 92 -91 -90 -174 27 -104 192 -240 14 -426 -53 597 -205 -227 -832 151 -217 411 -79 -52 411 -249 -263 -7]
[-55 -343 186 -238 -231 124 -222 769 173 -275 68 -305 -36 294 -193 120 -52 -320 -55 -446 -183 -16 -463 -73 -249 -704 -191 -165 540 -277 336 -623 -16 -430 -682 188 663 6]
[-182 -222 106 958 63 -545 -169 -20 -67 -72 555 326 -318 -137 151 29 31 -26 190 430 375 627 137 326 -175 697 -109 -86 -120 -32 194 -239 -76 -677 -321 65 -408 0]
[286 411 214 -403 -63 326 -123 42 -434 -397 155 -573 244 -93 329 34 -210 -186 -7 -4 475 -301 320 -386 749 327 -147 -73 -177 159 -405 793 -69 785 787 -222 -16 -6]
[-58 887 -661 -440 67 161 281 414 2 174 -18 400 144 414 3 279 -102 1084 176 -155 217 -211 -150 302 -466 -127 123 -433 286 99 -152 -220 -78 269 -50 -106 -172 -229]
[-194 162 245 -60 263 -394 547 89 468 -12 -328 112 173 387 -8 -14 -133 515 107 -297 212 -69 -544 -238 -737 659 -374 -446 -448 -241 -17 287 -480 43 -204 -162 -177 -225]
[-211 9 -479 573 441 -503 831 163 359 107 273 515 -198 339 -660 -244 335 372 -94 336 401 171 286 275 -333 -69 107 171 -309 205 292 -149 -326 625 120 -297 247 -144]
[565 -125 53 171 712 85 -524 -428 -290 267 -275 -352 460 239 445 -199 -631 230 153 300 -432 -239 -348 352 -38 289 320 402 73 -517 179 206 194 319 358 374 -192 -36]
[-216 507 -289 317 -759 15 140 203 402 -775 216 344 -9 -341 -73 398 93 109 -326 189 281 -184 -57 83 287 113 -42 -337 853 -376 226 -307 124 -124 -589 -61 -138 -462]
[203 -720 156 -272 -110 -676 154 -210 -265 218 118 -69 -25 -4 -485 97 143 -454 58 40 -980 279 161 205 -204 -64 292 -250 99 -282 44 -553 109 -487 262 309 -234 -1]
[584 -74 40 -34 -95 221 127 291 334 247 27 366 38 -292 442 38 -14 -436 752 -42 -131 517 -539 -83 -695 446 -421 -180 -358 -96 -236 129 -489 -462 -482 362 393 -211]
[597 354 -893 78 41 -254 425 -97 -332 -9 -292 624 59 -346 -112 -201 308 -752 -9 403 -191 -73 243 280 -307 94 170 -571 -45 -384 -438 177 -179 -274 296 30 -15 -229]
[191 610 -591 -503 547 -224 68 -280 -201 469 56 27 484 300 26 95 258 54 449 442 209 -37 689 700 107 46 273 -153 273 -253 -394 -322 -111 -364 189 -370 -568 74]
[-184 -229 -206 -426 -5 362 -215 -308 289 -144 -1 -56 349 -90 553 -63 -178 402 -105 -319 -266 115 -479 -206 -330 222 -387 74 -289 183 -155 506 115 700 -453 229 -160 18]
[478 -32 -205 380 118 22 -1434 -438 -260 -137 287 79 149 -170 326 -618 -154 62 -25 351 -325 503 201 175 489 83 -50 321 89 -551 238 -152 79 -379 113 102 -489 -56]
[831 122 -584 610 -653 -764 304 -175 196 -105 191 -112 524 -494 19 538 78 109 57 156 -141 570 137 338 283 109 -401 -108 571 60 47 77 263 391 -362 -173 -342 -632]
[-476 -399 964 -415 102 390 -33 51 329 363 -213 253 -378 402 -98 -334 100 -164 -791 41 111 -512 -225 -369 99 343 -93 -587 225 -319 -83 551 103 -788 -223 242 -263 151]
[240 672 330 -36 418 -281 315 363 -238 78 259 264 -314 333 -7 133 153 -365 -226 -376 477 550 148 -94 282 -324 -502 -477 328 244 -475 363 264 -226 576 -213 -108 -12]
[-36 -498 219 -450 -229 -124 -604 -74 400 -256 203 -344 -36 -41 -80 238 159 98 134 -145 -370 -270 338 -504 808 111 -266 -289 234 -243 382 -95 -5 -425 -898 -302 -318 149]
[170 -370 -198 152 404 165 28 -35 381 -220 61 88 -16 260 -18 -765 -45 -271 -628 -82 -367 95 -1091 781 -304 -646 131 344 21 -176 61 251 245 -144 330 409 -109 318]
[176 -226 182 -126 550 248 327 533 715 -564 203 246 -403 -124 175 -222 27 -269 -6 94 -241 172 -290 721 290 -707 259 40 432 -210 558 -280 -111 240 -302 153 550 -74]
[362 -16 143 -497 574 659 56 443 61 405 -667 2 -86 -197 159 -302 97 -183 -5 -651 -120 260 203 -36 -199 -708 -274 -62 -358 121 -606 -135 364 -188 -231 -86 660 6]
[-302 -128 -751 42 -17 -211 559 -290 59 -325 119 -175 499 -162 -364 51 649 -50 -495 -464 -252 -540 -175 -443 -101 -143 632 2 -53 177 -202 95 298 549 129 -116 -252 5]
[173 34 -332 287 179 186 7 146 381 540 115 40 -424 -339 428 -494 -56 727 -513 278 478 -5 -468 -262 -29 400 27 1 -120 -38 39 -99 589 280 -333 -126 214 -504]
[-391 -661 178 52 119 -511 130 -272 -114 -46 -639 -381 -237 -188 70 256 126 -349 -572 -491 -48 263 -116 -529 -130 -19 -228 -640 23 -228 -454 7 -168 -587 -523 -53 -247 -177]
[-309 358 -166 1030 -118 -364 176 -273 -48 510 -174 -91 200 433 98 -434 -225 236 16 -4 368 127 163 417 -180 -260 -81 -208 -4 200 170 302 87 -444 -234 419 -492 207]
[-47 -381 186 1077 162 -336 -161 -730 -404 -111 337 503 -353 408 -192 -22 280 200 185 -197 -201 672 -134 181 366 277 57 441 33 -441 239 -33 459 -101 609 216 174 -120]
[-272 35 184 28 47 266 -145 366 -431 -385 851 195 -395 54 266 233 -488 -832 221 519 -191 75 104 -13 -156 697 45 316 71 -217 -329 105 -152 -483 157 150 -146 35]
[247 -69 202 -459 -620 -145 -336 199 -167 -218 -304 217 -601 -604 -54 324 -81 1 729 -158 -461 -513 -34 -16 93 452 -35 288 -289 -256 264 17 410 420 298 47 -666 -74]
[-106 128 -24 258 1136 -802 372 630 -280 146 151 394 334 790 -684 -341 410 -400 107 323 324 451 -146 -272 -637 77 141 154 398 -125 -95 -366 -117 -288 81 -485 353 -224]
[726 -167 -330 309 490 -59 258 103 2 187 403 168 604 663 -359 -411 252 636 16 193 -21 -98 -114 650 170 -395 216 772 -365 361 253 -267 224 68 760 211 466 -43]
[206 -288 -103 508 -147 367 -415 99 141 -179 707 -226 -104 -179 28 -610 -29 -669 -440 -157 494 -13 -20 200 -81 -163 -561 -70 375 -637 206 13 155 -164 -287 62 235 -468]
[-694 -46 501 269 -11 123 -269 479 -197 -131 346 236 -749 -168 -376 -228 -110 128 -483 65 -38 231 2 -493 89 320 -164 -536 207 243 89 -437 482 -267 -1211 89 365 46]
[527 -426 50 736 204 -703 149 589 -66 -151 342 -465 -255 130 314 58 -362 271 526 -187 49 115 276 516 -279 519 118 -101 145 -262 260 -237 -81 185 71 -214 -186 -61]
[185 -351 -189 976 -143 -478 -518 -439 10 138 -215 -70 -428 -381 -411 36 -22 -99 247 466 448 -324 479 92 228 372 735 556 -442 -358 315 -90 260 -167 -126 180 23 -102]]
[phase 2 initial]
[[25 -211 167 289 368 -34 -250 661 -677 205 216 -100 -329 418 227 -200 -224 98 -231 -228 351 6 -453 257 61 -140 61 -366 138 188 26 117 444 -181 202 139 208 312]
[884 -519 239 248 -401 -77 -284 50 25 308 -173 4 -128 -140 44 -286 -217 115 -34 -373 -193 189 -98 340 172 -604 -106 408 -225 -39 400 35 137 5 90 255 -27 -224]
[379 -135 -15 -200 76 -63 466 -63 -7 -49 286 97 43 212 -303 -254 298 -771 -329 200 -74 -161 343 64 145 -672 -110 -143 -192 202 -331 342 -69 308 574 59 519 -1]
[155 -146 545 -399 -24 -27 145 -100 -16 239 -553 99 -504 -435 92 -91 -90 -174 27 -104 192 -240 14 -426 -53 597 -205 -227 -832 151 -217 411 -79 -52 411 -249 -263 -7]
[-55 -343 186 -238 -231 124 -222 769 173 -275 68 -305 -36 294 -193 120 -52 -320 -55 -446 -183 -16 -463 -73 -249 -704 -191 -165 540 -277 336 -623 -16 -430 -682 188 663 6]
[-182 -222 106 958 63 -545 -169 -20 -67 -72 555 326 -318 -137 151 29 31 -26 190 430 375 627 137 326 -175 697 -109 -86 -120 -32 194 -239 -76 -677 -321 65 -408 0]
[286 411 214 -403 -63 326 -123 42 -434 -397 155 -573 244 -93 329 34 -210 -186 -7 -4 475 -301 320 -386 749 327 -147 -73 -177 159 -405 793 -69 785 787 -222 -16 -6]
[-58 887 -661 -440 67 161 281 414 2 174 -18 400 144 414 3 279 -102 1084 176 -155 217 -211 -150 302 -466 -127 123 -433 286 99 -152 -220 -78 269 -50 -106 -172 -229]
[-194 162 245 -60 263 -394 547 89 468 -12 -328 112 173 387 -8 -14 -133 515 107 -297 212 -69 -544 -238 -737 659 -374 -446 -448 -241 -17 287 -480 43 -204 -162 -177 -225]
[-211 9 -479 573 441 -503 831 163 359 107 273 515 -198 339 -660 -244 335 372 -94 336 401 171 286 275 -333 -69 107 171 -309 205 292 -149 -326 625 120 -297 247 -144]
[565 -125 53 171 712 85 -524 -428 -290 267 -275 -352 460 239 445 -199 -631 230 153 300 -432 -239 -348 352 -38 289 320 402 73 -517 179 206 194 319 358 374 -192 -36]
[-216 507 -289 317 -759 15 140 203 402 -775 216 344 -9 -341 -73 398 93 109 -326 189 281 -184 -57 83 287 113 -42 -337 853 -376 226 -307 124 -124 -589 -61 -138 -462]
[203 -720 156 -272 -110 -676 154 -210 -265 218 118 -69 -25 -4 -485 97 143 -454 58 40 -980 279 161 205 -204 -64 292 -250 99 -282 44 -553 109 -487 262 309 -234 -1]
[584 -74 40 -34 -95 221 127 291 334 247 27 366 38 -292 442 38 -14 -436 752 -42 -131 517 -539 -83 -695 446 -421 -180 -358 -96 -236 129 -489 -462 -482 362 393 -211]
[597 354 -893 78 41 -254 425 -97 -332 -9 -292 624 59 -346 -112 -201 308 -752 -9 403 -191 -73 243 280 -307 94 170 -571 -45 -384 -438 177 -179 -274 296 30 -15 -229]
[191 610 -591 -503 547 -224 68 -280 -201 469 56 27 484 300 26 95 258 54 449 442 209 -37 689 700 107 46 273 -153 273 -253 -394 -322 -111 -364 189 -370 -568 74]
[-184 -229 -206 -426 -5 362 -215 -308 289 -144 -1 -56 349 -90 553 -63 -178 402 -105 -319 -266 115 -479 -206 -330 222 -387 74 -289 183 -155 506 115 700 -453 229 -160 18]
[478 -32 -205 380 118 22 -1434 -438 -260 -137 287 79 149 -170 326 -618 -154 62 -25 351 -325 503 201 175 489 83 -50 321 89 -551 238 -152 79 -379 113 102 -489 -56]
[831 122 -584 610 -653 -764 304 -175 196 -105 191 -112 524 -494 19 538 78 109 57 156 -141 570 137 338 283 109 -401 -108 571 60 47 77 263 391 -362 -173 -342 -632]
[-476 -399 964 -415 102 390 -33 51 329 363 -213 253 -378 402 -98 -334 100 -164 -791 41 111 -512 -225 -369 99 343 -93 -587 225 -319 -83 551 103 -788 -223 242 -263 151]
[240 672 330 -36 418 -281 315 363 -238 78 259 264 -314 333 -7 133 153 -365 -226 -376 477 550 148 -94 282 -324 -502 -477 328 244 -475 363 264 -226 576 -213 -108 -12]
[-36 -498 219 -450 -229 -124 -604 -74 400 -256 203 -344 -36 -41 -80 238 159 98 134 -145 -370 -270 338 -504 808 111 -266 -289 234 -243 382 -95 -5 -425 -898 -302 -318 149]
[170 -370 -198 152 404 165 28 -35 381 -220 61 88 -16 260 -18 -765 -45 -271 -628 -82 -367 95 -1091 781 -304 -646 131 344 21 -176 61 251 245 -144 330 409 -109 318]
[176 -226 182 -126 550 248 327 533 715 -564 203 246 -403 -124 175 -222 27 -269 -6 94 -241 172 -290 721 290 -707 259 40 432 -210 558 -280 -111 240 -302 153 550 -74]
[362 -16 143 -497 574 659 56 443 61 405 -667 2 -86 -197 159 -302 97 -183 -5 -651 -120 260 203 -36 -199 -708 -274 -62 -358 121 -606 -135 364 -188 -231 -86 660 6]
[-302 -128 -751 42 -17 -211 559 -290 59 -325 119 -175 499 -162 -364 51 649 -50 -495 -464 -252 -540 -175 -443 -101 -143 632 2 -53 177 -202 95 298 549 129 -116 -252 5]
[173 34 -332 287 179 186 7 146 381 540 115 40 -424 -339 428 -494 -56 727 -513 278 478 -5 -468 -262 -29 400 27 1 -120 -38 39 -99 589 280 -333 -126 214 -504]
[-391 -661 178 52 119 -511 130 -272 -114 -46 -639 -381 -237 -188 70 256 126 -349 -572 -491 -48 263 -116 -529 -130 -19 -228 -640 23 -228 -454 7 -168 -587 -523 -53 -247 -177]
[-309 358 -166 1030 -118 -364 176 -273 -48 510 -174 -91 200 433 98 -434 -225 236 16 -4 368 127 163 417 -180 -260 -81 -208 -4 200 170 302 87 -444 -234 419 -492 207]
[-47 -381 186 1077 162 -336 -161 -730 -404 -111 337 503 -353 408 -192 -22 280 200 185 -197 -201 672 -134 181 366 277 57 441 33 -441 239 -33 459 -101 609 216 174 -120]
[-272 35 184 28 47 266 -145 366 -431 -385 851 195 -395 54 266 233 -488 -832 221 519 -191 75 104 -13 -156 697 45 316 71 -217 -329 105 -152 -483 157 150 -146 35]
[247 -69 202 -459 -620 -145 -336 199 -167 -218 -304 217 -601 -604 -54 324 -81 1 729 -158 -461 -513 -34 -16 93 452 -35 288 -289 -256 264 17 410 420 298 47 -666 -74]
[-106 128 -24 258 1136 -802 372 630 -280 146 151 394 334 790 -684 -341 410 -400 107 323 324 451 -146 -272 -637 77 141 154 398 -125 -95 -366 -117 -288 81 -485 353 -224]
[726 -167 -330 309 490 -59 258 103 2 187 403 168 604 663 -359 -411 252 636 16 193 -21 -98 -114 650 170 -395 216 772 -365 361 253 -267 224 68 760 211 466 -43]
[206 -288 -103 508 -147 367 -415 99 141 -179 707 -226 -104 -179 28 -610 -29 -669 -440 -157 494 -13 -20 200 -81 -163 -561 -70 375 -637 206 13 155 -164 -287 62 235 -468]
[-694 -46 501 269 -11 123 -269 479 -197 -131 346 236 -749 -168 -376 -228 -110 128 -483 65 -38 231 2 -493 89 320 -164 -536 207 243 89 -437 482 -267 -1211 89 365 46]
[527 -426 50 736 204 -703 149 589 -66 -151 342 -465 -255 130 314 58 -362 271 526 -187 49 115 276 516 -279 519 118 -101 145 -262 260 -237 -81 185 71 -214 -186 -61]
[185 -351 -189 976 -143 -478 -518 -439 10 138 -215 -70 -428 -381 -411 36 -22 -99 247 466 448 -324 479 92 228 372 735 556 -442 -358 315 -90 260 -167 -126 180 23 -102]]
