[phase 0 initial]
[[56 73 46 -756 289 113 -750 214 -322 -346 172 13 444 -517 13 -55 70 -271 304 -545 -288 -26 -166 525 394 -209 313 -444 -189 38 -192 -240 243 37 -488 291 0]
[-413 255 -397 255 275 -45 654 -518 -23 2 -277 41 -365 634 -123 87 -150 -151 -372 -33 -357 -67 -220 -163 321 481 -250 -122 -818 -10 332 630 -9 -85 333 -72 -65]
[-107 -660 386 449 -238 -338 306 22 537 399 -377 50 -610 411 17 -38 -359 -167 -587 -720 595 189 -99 -275 -319 -273 258 340 469 -100 133 -443 -204 -320 30 -160 0]
[-241 -27 758 -186 575 -177 -62 509 -219 -81 422 -451 55 -102 -23 164 -830 -24 143 -371 -422 -279 66 721 -68 -385 232 313 358 -159 -468 -358 -115 126 -513 131 -2]
[-41 -317 -58 -47 -371 -207 -299 269 29 -205 771 266 69 236 646 58 413 -265 -314 -670 384 483 -429 -145 44 -337 169 211 -269 52 -5 -836 870 -20 -38 -65 3]
[480 507 29 422 -368 -56 -12 70 243 456 -839 -249 -463 -46 -451 -250 394 453 458 583 88 -358 -212 -256 -410 -105 135 -166 457 217 68 -77 -10 -500 -453 -200 64]
[-137 -239 -567 -137 226 -242 351 -244 616 52 376 290 41 -170 434 -220 372 -530 -262 -303 71 571 83 40 347 241 -242 -363 -222 497 -219 182 -433 136 68 -64 -64]
[-255 478 -436 434 222 -372 609 67 365 -21 31 -264 -490 143 608 584 88 233 24 423 -1056 -290 -69 243 -141 252 -474 137 -64 343 74 462 -136 184 351 12 -1]
[-496 515 -55 -116 308 251 467 -254 4 -569 373 522 573 263 133 534 -37 390 -88 430 158 236 622 229 189 96 -75 52 269 -162 -256 387 13 198 118 -87 38]
[541 36 150 -353 -583 209 -706 475 209 -598 236 550 672 221 252 333 396 -99 -278 27 297 -196 -173 -143 239 -239 97 14 606 198 53 21 477 119 515 -120 66]
[236 -278 -257 -12 123 -30 -514 -529 370 -317 -602 304 299 -451 757 80 449 77 599 -207 88 479 -216 219 -147 -602 97 -344 185 320 130 -241 -435 -295 -467 126 95]
[78 -508 -133 636 32 -40 -56 -203 -77 -83 451 -345 -144 156 104 -346 -139 173 -142 394 369 -143 -517 -210 -430 -436 14 75 -417 19 139 349 191 -163 782 -82 -7]
[124 368 -429 -267 159 370 50 61 -332 -171 -371 -583 -429 -282 -466 -550 260 -145 569 -97 -328 -559 -20 -333 -251 235 413 -136 -558 -49 324 488 286 36 245 14 209]
[192 734 202 -42 163 -52 -323 380 -395 67 127 -324 329 302 -96 -414 -58 524 279 82 -504 121 -104 189 575 382 -70 620 -759 -407 160 -480 558 -282 -270 106 -74]
[361 -643 700 -279 46 -67 -712 -389 14 291 -460 203 33 -175 -427 -407 -285 -360 468 9 25 -286 -227 -419 113 -86 89 -141 -114 174 124 506 -90 499 -453 -133 104]
[140 -131 854 -158 537 188 216 52 478 -258 -49 -72 414 377 233 236 -624 -353 -485 -52 171 629 413 539 -135 -479 -21 -139 487 101 -539 -816 -621 158 -8 233 -116]
[580 -252 -474 94 63 -95 39 -126 389 -433 -394 -41 -244 188 -637 -33 277 -707 -442 -725 -323 -201 -622 -49 -130 99 198 -516 -444 295 -122 -143 119 263 371 43 -125]
[140 112 -328 178 -455 -48 -210 -134 -122 168 707 -310 89 -174 936 -118 830 329 400 -464 111 40 132 -403 -35 -376 93 232 -13 106 423 -474 -107 -104 210 -71 -107]
[-682 -29 108 171 -367 -267 616 388 239 156 469 -312 -546 -149 345 21 -186 -204 -351 -100 507 993 288 -301 -108 224 -75 653 181 285 -175 117 5 257 425 17 126]
[-262 -232 294 -876 -242 -78 3 455 -48 -38 676 338 118 -235 412 -238 37 -139 581 -30 110 300 405 -439 -241 80 -418 285 94 158 -575 -161 267 49 -212 211 228]
[155 -67 -731 -432 132 145 -495 -215 -697 496 -275 147 -140 -641 -418 -239 471 -165 -123 63 -31 -187 -220 -239 -237 -70 361 -248 218 -387 44 -247 659 137 -248 -348 95]
[-189 -443 -530 44 -669 -129 -25 -3 -84 33 66 389 -202 594 541 -103 -156 -581 37 -104 81 437 -179 190 387 226 -425 -30 -733 405 -55 261 -551 -249 -357 -366 107]
[140 -519 170 -127 -241 177 -299 496 -117 40 343 558 357 -128 288 -397 -498 -480 146 650 17 33 149 40 603 -244 -186 51 -73 151 -67 -568 -461 -112 -250 -380 -16]
[115 -2 -574 -457 -563 942 -120 -329 -241 -173 257 -50 345 -420 -305 68 -19 321 117 -346 674 40 520 -182 -354 52 64 139 506 -501 -316 141 -114 446 -118 126 164]
[-125 -291 122 -413 -143 258 55 19 -165 -172 428 400 -146 -19 -101 920 -108 -59 -415 -1032 34 -152 -320 24 305 469 -214 481 621 280 -80 77 374 453 12 197 15]
[-44 274 -115 227 723 -45 -566 -461 -689 200 -177 -166 325 -757 159 -243 430 298 672 343 -347 -68 -101 577 229 109 25 -316 359 131 135 278 448 -651 -516 117 -102]
[342 -272 -18 120 -301 -246 -1050 42 406 -510 657 -322 380 -643 -126 -501 278 109 0 -308 65 -37 -325 -343 616 -157 62 -45 219 -191 -85 -135 376 169 286 -53 -294]
[-244 215 -200 -357 264 628 -852 54 -355 92 -157 42 616 22 -49 16 -449 41 -264 258 337 68 272 289 -55 122 -302 -34 78 -801 142 -35 27 -146 -546 47 -171]
[-226 60 -626 321 -120 -81 180 -88 615 264 -205 234 -771 102 -297 -724 -507 -506 -498 -213 -105 -199 27 -604 -148 573 212 -206 -64 -203 16 391 -452 -252 256 -564 157]
[-327 -202 112 250 220 97 634 397 316 841 207 -220 -787 158 569 324 -10 -719 13 -41 -67 269 -136 396 -157 296 -309 261 -218 226 50 -180 531 349 -210 170 -261]
[175 -250 442 -232 614 -256 48 -28 298 -499 760 267 86 439 191 47 -535 3 -283 -227 -28 148 704 823 433 262 173 -215 -124 96 -671 143 -309 -542 -220 79 -146]
[-312 -199 421 139 -440 -237 544 80 193 309 -11 33 -122 480 -281 -185 626 -315 0 71 424 -399 -221 -424 -19 110 -142 168 -362 969 -176 481 -306 -67 -329 -375 170]
[-83 -796 264 -41 -212 -107 -595 269 119 276 299 229 277 -5 -66 -359 -453 -419 -316 -812 496 396 -350 -297 377 345 -157 -594 -207 437 30 458 55 94 23 -202 148]
[-435 694 95 -744 627 330 -113 -351 -446 -668 -381 171 95 105 -285 -371 -242 -138 459 432 -191 -262 190 254 -151 358 -9 -369 -107 -137 169 53 626 -144 7 -264 244]
[18 311 630 51 166 153 -115 372 335 -492 181 -74 -301 298 -501 878 -256 -248 -637 -546 163 -628 -218 268 -466 -470 185 -489 304 -309 -28 -105 7 80 117 628 253]
[273 -276 603 -305 416 176 -82 152 375 172 -575 194 -179 -539 589 -32 61 161 51 -56 -35 226 559 582 -321 50 461 -441 271 -262 -169 269 -249 506 -366 -22 148]
[-226 213 -343 127 -220 -88 -125 86 877 253 -536 175 -330 -454 11 125 -58 -34 -296 -393 359 -134 381 -8 479 65 42 -646 364 -194 -168 -491 -602 -626 -28 878 -101]]
[phase 0 refreshed]
[[-2 -3 370 -273 -363 -494 289 -295 51 138 -128 -161 -40 -31 206 -300 -628 212 144 -87 146 3 115 117 -73 254 471 189 -465 72 363 3 26 46 -244 -243 -209]
[56 73 46 -756 289 113 -750 214 -322 -346 172 13 444 -517 13 -55 70 -271 304 -545 -288 -26 -166 525 394 -209 313 -444 -189 38 -192 -240 243 37 -488 291 0]
[-413 255 -397 255 275 -45 654 -518 -23 2 -277 41 -365 634 -123 87 -150 -151 -372 -33 -357 -67 -220 -163 321 481 -250 -122 -818 -10 332 630 -9 -85 333 -72 -65]
[-107 -660 386 449 -238 -338 306 22 537 399 -377 50 -610 411 17 -38 -359 -167 -587 -720 595 189 -99 -275 -319 -273 258 340 469 -100 133 -443 -204 -320 30 -160 0]
[-255 478 -436 434 222 -372 609 67 365 -21 31 -264 -490 143 608 584 88 233 24 423 -1056 -290 -69 243 -141 252 -474 137 -64 343 74 462 -136 184 351 12 -1]
[-241 -27 758 -186 575 -177 -62 509 -219 -81 422 -451 55 -102 -23 164 -830 -24 143 -371 -422 -279 66 721 -68 -385 232 313 358 -159 -468 -358 -115 126 -513 131 -2]
[137 239 567 137 -226 242 -351 244 -616 -52 -376 -290 -41 170 -434 220 -372 530 262 303 -71 -571 -83 -40 -347 -241 242 363 222 -497 219 -182 433 -136 -68 64 64]
[-496 515 -55 -116 308 251 467 -254 4 -569 373 522 573 263 133 534 -37 390 -88 430 158 236 622 229 189 96 -75 52 269 -162 -256 387 13 198 118 -87 38]
[408 350 224 -28 160 122 112 32 60 395 133 -209 289 -355 -678 -797 137 104 598 751 486 61 271 12 -65 -19 28 -249 377 274 -634 -32 -461 -139 -791 -276 -1]
[541 36 150 -353 -583 209 -706 475 209 -598 236 550 672 221 252 333 396 -99 -278 27 297 -196 -173 -143 239 -239 97 14 606 198 53 21 477 119 515 -120 66]
[-112 59 108 -70 700 345 -87 -841 -452 -428 -283 95 645 44 -27 -160 -330 107 629 231 58 260 -36 284 172 -276 -18 -186 -491 -130 -21 252 -462 -155 -540 42 29]
[-479 223 -98 66 229 283 823 -171 209 -341 -375 -11 -466 392 -316 -54 -136 78 -106 -387 425 -134 503 -379 -381 58 596 256 180 -311 201 432 95 -86 393 -233 247]
[78 -508 -133 636 32 -40 -56 -203 -77 -83 451 -345 -144 156 104 -346 -139 173 -142 394 369 -143 -517 -210 -430 -436 14 75 -417 19 139 349 191 -163 782 -82 -7]
[-46 288 -231 180 64 -130 467 -217 66 192 627 98 -7 515 -155 -652 400 -312 -88 48 513 477 -378 -296 300 125 -53 -160 -710 316 -307 -238 400 -244 -496 -413 -63]
[361 -643 700 -279 46 -67 -712 -389 14 291 -460 203 33 -175 -427 -407 -285 -360 468 9 25 -286 -227 -419 113 -86 89 -141 -114 174 124 506 -90 499 -453 -133 104]
[112 134 139 276 348 -234 -484 202 540 -216 -344 -141 177 -116 309 -137 -157 884 50 -127 -24 113 -15 538 46 -429 386 274 318 -214 140 -84 -42 -650 283 217 20]
[130 -158 162 -82 -33 -66 -355 -167 64 426 -269 -513 -146 -516 320 -269 128 156 431 -1059 34 -280 296 -8 -4 -521 495 -83 536 -8 369 -321 -938 -367 -210 125 -110]
[580 -252 -474 94 63 -95 39 -126 389 -433 -394 -41 -244 188 -637 -33 277 -707 -442 -725 -323 -201 -622 -49 -130 99 198 -516 -444 295 -122 -143 119 263 371 43 -125]
[99 71 149 102 -373 -187 384 -409 -117 23 -64 55 -83 629 -26 410 -51 272 174 -182 -586 -423 61 -616 -225 145 -717 167 -132 49 -42 18 -453 -29 427 226 -217]
[-130 901 44 -331 -54 299 -285 -212 -106 -758 -522 138 387 187 9 -24 194 -165 390 163 305 606 -519 -54 608 -124 202 -251 -254 598 65 703 244 -327 -208 -42 220]
[168 148 -419 506 4 -520 886 -240 100 373 -273 -112 -814 151 27 -319 75 171 71 -274 -772 -144 -294 -226 -648 780 -87 231 -290 -369 -111 -349 -17 -486 -31 -4 310]
[155 -67 -731 -432 132 145 -495 -215 -697 496 -275 147 -140 -641 -418 -239 471 -165 -123 63 -31 -187 -220 -239 -237 -70 361 -248 218 -387 44 -247 659 137 -248 -348 95]
[-369 300 -935 -740 642 80 -136 484 73 103 -273 469 170 -569 29 -27 -120 -170 -197 -610 -606 99 141 80 4 359 -241 2 -456 -15 144 -63 -199 -322 369 583 -144]
[383 295 -188 114 -388 -407 212 36 367 -129 -10 932 429 -310 403 437 6 -18 -319 650 19 623 110 -329 467 288 -113 431 222 382 22 514 -65 -149 191 36 63]
[-88 39 -230 -290 449 93 301 -126 34 86 135 -136 -38 413 295 52 -257 363 -179 1169 -40 306 -92 107 37 426 -1049 366 41 -214 -336 254 -577 -43 -87 -370 89]
[78 374 -204 -49 -97 -157 -178 -120 25 -414 114 56 1075 -693 86 125 -98 -260 282 15 3 358 139 940 -45 364 -223 5 70 139 114 133 -589 736 -180 173 33]
[65 40 -376 222 -228 -308 321 -335 430 -301 -772 3 -576 203 248 551 -203 319 80 -98 93 629 51 244 -35 -289 166 1042 -210 -452 483 -527 445 168 396 -187 -280]
[-46 -553 634 -292 555 -172 157 -311 -146 265 233 121 26 -23 -146 -658 -933 -483 -242 -1025 -576 -618 -105 -211 586 197 55 -154 -355 564 171 267 -479 -195 -203 230 243]
[-111 47 299 212 -417 -131 -60 -383 -447 -207 509 -415 -247 159 -112 207 -575 166 -203 -5 239 -224 165 -416 -251 -85 266 177 -106 -639 -98 588 465 -141 -73 71 -36]
[-86 -100 -258 650 220 -154 -95 -343 573 22 -399 325 -256 456 805 398 422 -18 -193 173 -15 478 -379 316 146 88 -245 -228 -439 -114 -85 420 546 -716 -625 -335 622]
[-343 -525 -16 -117 220 -559 33 -343 666 -376 -524 466 283 -657 95 -37 88 320 13 3 351 143 335 545 -292 -279 705 129 108 202 12 -36 -352 69 -886 201 -229]
[-83 -796 264 -41 -212 -107 -595 269 119 276 299 229 277 -5 -66 -359 -453 -419 -316 -812 496 396 -350 -297 377 345 -157 -594 -207 437 30 458 55 94 23 -202 148]
[182 603 -79 775 463 -104 707 -178 747 -307 315 -1 408 -64 -361 -366 43 -79 25 709 -85 -560 56 -9 -241 278 -227 -273 -217 -40 -158 629 115 -153 498 -364 460]
[-605 349 -294 178 408 -373 547 -517 -33 439 -177 585 -480 60 -98 -29 -244 -26 -271 1046 113 153 425 -216 72 268 -280 -9 -577 77 579 -91 708 -204 -236 -399 -287]
[53 210 263 -68 -203 284 -11 -15 -456 -46 -27 202 -102 -499 91 75 -15 151 -31 -1074 519 -149 -94 659 -334 -752 260 -382 337 -188 46 -438 151 -423 -19 472 196]
[-239 397 213 28 395 -157 -641 370 -263 245 -215 -691 204 -316 13 -523 -82 23 72 -200 306 -388 -760 141 386 -359 132 -73 134 78 157 -622 -423 -345 -622 330 487]
[-796 -301 48 145 -369 284 162 137 -209 -36 519 202 40 26 -275 30 25 -182 263 682 434 -29 1049 -430 147 -493 -673 418 953 -181 -281 289 -358 758 477 -464 273]]
[phase 1 initial]
[[-2 -3 370 -273 -363 -494 289 -295 51 138 -128 -161 -40 -31 206 -300 -628 212 144 -87 146 3 115 117 -73 254 471 189 -465 72 363 3 26 46 -244 -243 -209]
[56 73 46 -756 289 113 -750 214 -322 -346 172 13 444 -517 13 -55 70 -271 304 -545 -288 -26 -166 525 394 -209 313 -444 -189 38 -192 -240 243 37 -488 291 0]
[-413 255 -397 255 275 -45 654 -518 -23 2 -277 41 -365 634 -123 87 -150 -151 -372 -33 -357 -67 -220 -163 321 481 -250 -122 -818 -10 332 630 -9 -85 333 -72 -65]
[-107 -660 386 449 -238 -338 306 22 537 399 -377 50 -610 411 17 -38 -359 -167 -587 -720 595 189 -99 -275 -319 -273 258 340 469 -100 133 -443 -204 -320 30 -160 0]
[-255 478 -436 434 222 -372 609 67 365 -21 31 -264 -490 143 608 584 88 233 24 423 -1056 -290 -69 243 -141 252 -474 137 -64 343 74 462 -136 184 351 12 -1]
[-241 -27 758 -186 575 -177 -62 509 -219 -81 422 -451 55 -102 -23 164 -830 -24 143 -371 -422 -279 66 721 -68 -385 232 313 358 -159 -468 -358 -115 126 -513 131 -2]
[137 239 567 137 -226 242 -351 244 -616 -52 -376 -290 -41 170 -434 220 -372 530 262 303 -71 -571 -83 -40 -347 -241 242 363 222 -497 219 -182 433 -136 -68 64 64]
[-496 515 -55 -116 308 251 467 -254 4 -569 373 522 573 263 133 534 -37 390 -88 430 158 236 622 229 189 96 -75 52 269 -162 -256 387 13 198 118 -87 38]
[408 350 224 -28 160 122 112 32 60 395 133 -209 289 -355 -678 -797 137 104 598 751 486 61 271 12 -65 -19 28 -249 377 274 -634 -32 -461 -139 -791 -276 -1]
[541 36 150 -353 -583 209 -706 475 209 -598 236 550 672 221 252 333 396 -99 -278 27 297 -196 -173 -143 239 -239 97 14 606 198 53 21 477 119 515 -120 66]
[-112 59 108 -70 700 345 -87 -841 -452 -428 -283 95 645 44 -27 -160 -330 107 629 231 58 260 -36 284 172 -276 -18 -186 -491 -130 -21 252 -462 -155 -540 42 29]
[-479 223 -98 66 229 283 823 -171 209 -341 -375 -11 -466 392 -316 -54 -136 78 -106 -387 425 -134 503 -379 -381 58 596 256 180 -311 201 432 95 -86 393 -233 247]
[78 -508 -133 636 32 -40 -56 -203 -77 -83 451 -345 -144 156 104 -346 -139 173 -142 394 369 -143 -517 -210 -430 -436 14 75 -417 19 139 349 191 -163 782 -82 -7]
[-46 288 -231 180 64 -130 467 -217 66 192 627 98 -7 515 -155 -652 400 -312 -88 48 513 477 -378 -296 300 125 -53 -160 -710 316 -307 -238 400 -244 -496 -413 -63]
[361 -643 700 -279 46 -67 -712 -389 14 291 -460 203 33 -175 -427 -407 -285 -360 468 9 25 -286 -227 -419 113 -86 89 -141 -114 174 124 506 -90 499 -453 -133 104]
[112 134 139 276 348 -234 -484 202 540 -216 -344 -141 177 -116 309 -137 -157 884 50 -127 -24 113 -15 538 46 -429 386 274 318 -214 140 -84 -42 -650 283 217 20]
[130 -158 162 -82 -33 -66 -355 -167 64 426 -269 -513 -146 -516 320 -269 128 156 431 -1059 34 -280 296 -8 -4 -521 495 -83 536 -8 369 -321 -938 -367 -210 125 -110]
[580 -252 -474 94 63 -95 39 -126 389 -433 -394 -41 -244 188 -637 -33 277 -707 -442 -725 -323 -201 -622 -49 -130 99 198 -516 -444 295 -122 -143 119 263 371 43 -125]
[99 71 149 102 -373 -187 384 -409 -117 23 -64 55 -83 629 -26 410 -51 272 174 -182 -586 -423 61 -616 -225 145 -717 167 -132 49 -42 18 -453 -29 427 226 -217]
[-130 901 44 -331 -54 299 -285 -212 -106 -758 -522 138 387 187 9 -24 194 -165 390 163 305 606 -519 -54 608 -124 202 -251 -254 598 65 703 244 -327 -208 -42 220]
[168 148 -419 506 4 -520 886 -240 100 373 -273 -112 -814 151 27 -319 75 171 71 -274 -772 -144 -294 -226 -648 780 -87 231 -290 -369 -111 -349 -17 -486 -31 -4 310]
[155 -67 -731 -432 132 145 -495 -215 -697 496 -275 147 -140 -641 -418 -239 471 -165 -123 63 -31 -187 -220 -239 -237 -70 361 -248 218 -387 44 -247 659 137 -248 -348 95]
[-369 300 -935 -740 642 80 -136 484 73 103 -273 469 170 -569 29 -27 -120 -170 -197 -610 -606 99 141 80 4 359 -241 2 -456 -15 144 -63 -199 -322 369 583 -144]
[383 295 -188 114 -388 -407 212 36 367 -129 -10 932 429 -310 403 437 6 -18 -319 650 19 623 110 -329 467 288 -113 431 222 382 22 514 -65 -149 191 36 63]
[-88 39 -230 -290 449 93 301 -126 34 86 135 -136 -38 413 295 52 -257 363 -179 1169 -40 306 -92 107 37 426 -1049 366 41 -214 -336 254 -577 -43 -87 -370 89]
[78 374 -204 -49 -97 -157 -178 -120 25 -414 114 56 1075 -693 86 125 -98 -260 282 15 3 358 139 940 -45 364 -223 5 70 139 114 133 -589 736 -180 173 33]
[65 40 -376 222 -228 -308 321 -335 430 -301 -772 3 -576 203 248 551 -203 319 80 -98 93 629 51 244 -35 -289 166 1042 -210 -452 483 -527 445 168 396 -187 -280]
[-46 -553 634 -292 555 -172 157 -311 -146 265 233 121 26 -23 -146 -658 -933 -483 -242 -1025 -576 -618 -105 -211 586 197 55 -154 -355 564 171 267 -479 -195 -203 230 243]
[-111 47 299 212 -417 -131 -60 -383 -447 -207 509 -415 -247 159 -112 207 -575 166 -203 -5 239 -224 165 -416 -251 -85 266 177 -106 -639 -98 588 465 -141 -73 71 -36]
[-86 -100 -258 650 220 -154 -95 -343 573 22 -399 325 -256 456 805 398 422 -18 -193 173 -15 478 -379 316 146 88 -245 -228 -439 -114 -85 420 546 -716 -625 -335 622]
[-343 -525 -16 -117 220 -559 33 -343 666 -376 -524 466 283 -657 95 -37 88 320 13 3 351 143 335 545 -292 -279 705 129 108 202 12 -36 -352 69 -886 201 -229]
[-83 -796 264 -41 -212 -107 -595 269 119 276 299 229 277 -5 -66 -359 -453 -419 -316 -812 496 396 -350 -297 377 345 -157 -594 -207 437 30 458 55 94 23 -202 148]
[182 603 -79 775 463 -104 707 -178 747 -307 315 -1 408 -64 -361 -366 43 -79 25 709 -85 -560 56 -9 -241 278 -227 -273 -217 -40 -158 629 115 -153 498 -364 460]
[-605 349 -294 178 408 -373 547 -517 -33 439 -177 585 -480 60 -98 -29 -244 -26 -271 1046 113 153 425 -216 72 268 -280 -9 -577 77 579 -91 708 -204 -236 -399 -287]
[53 210 263 -68 -203 284 -11 -15 -456 -46 -27 202 -102 -499 91 75 -15 151 -31 -1074 519 -149 -94 659 -334 -752 260 -382 337 -188 46 -438 151 -423 -19 472 196]
[-239 397 213 28 395 -157 -641 370 -263 245 -215 -691 204 -316 13 -523 -82 23 72 -200 306 -388 -760 141 386 -359 132 -73 134 78 157 -622 -423 -345 -622 330 487]
[-796 -301 48 145 -369 284 162 137 -209 -36 519 202 40 26 -275 30 25 -182 263 682 434 -29 1049 -430 147 -493 -673 418 953 -181 -281 289 -358 758 477 -464 273]]
