[phase 0 initial]
[[433 -277 347 151 357 -27 -741 126 -172 -203 96 -126 141 110 -157 112 301 274 -138 -82 16 -115 -589 -22 -559 352 56 448 -556 -479 139 -744 26 -311 221 370 3 -200 112 -91]
[285 548 84 408 86 159 220 -166 -182 41 349 91 -118 -267 285 42 -261 -271 521 214 126 66 328 -287 267 -232 -53 -10 -192 -240 -119 1035 36 18 -179 371 838 292 -360 92]
[337 787 54 92 24 -328 -465 310 152 -586 -80 255 144 155 103 -393 276 103 161 571 454 106 -92 -380 370 -74 161 -436 -374 49 285 -462 -299 -212 311 -294 338 68 588 -75]
[763 567 653 179 727 -225 -724 -310 36 -250 523 -319 445 233 -170 288 -77 614 156 458 23 5 -134 -382 405 140 344 -560 -209 -450 -73 167 -343 195 399 -112 338 -345 20 0]
[-356 -28 -162 101 -584 57 649 435 -96 185 145 -141 37 -304 43 -659 204 -90 319 -591 -650 367 -110 203 -473 372 3 250 521 -233 -687 444 -98 -185 -112 -163 -337 345 -284 -16]
[967 228 -192 442 382 22 -564 -386 -25 -45 -381 -410 571 -193 346 87 -236 281 107 -258 52 -269 532 -14 -321 249 -198 -509 281 -454 -396 469 -230 -424 104 119 -162 -308 -173 94]
[667 -291 -259 -1 53 -200 -214 -235 -539 -457 -155 184 -96 -279 128 139 -4 -241 -244 -291 704 -705 -177 346 -602 264 -425 83 -244 -45 -720 19 -160 346 635 396 -8 -155 -150 95]
[-676 107 -152 444 20 -148 178 -34 -847 -576 272 255 -612 -373 -12 -448 12 -180 298 -122 118 -287 -238 402 19 -240 -165 1077 -170 -2 33 384 -138 186 389 -43 -29 202 -268 1]
[-844 -690 244 359 19 268 553 -162 257 -298 62 -454 -385 -436 -81 345 -104 345 155 -154 -12 -396 -452 277 109 -98 276 599 -150 562 156 -104 59 264 -442 -250 -357 138 -213 -17]
[-714 72 139 -598 -532 -212 228 417 427 561 381 -112 692 195 -660 128 128 210 -434 63 -471 907 -171 -662 -66 26 173 -31 280 47 261 -128 430 -207 266 -34 -22 -335 260 -52]
[134 -183 -178 -61 341 414 -652 -796 -798 -258 -131 -435 -407 386 214 306 131 145 189 -222 343 -683 -80 128 -449 -119 -597 330 -379 -390 -468 18 24 350 -419 25 -171 -32 -81 3]
[222 -112 494 -445 -239 -722 345 331 547 410 514 68 567 192 -61 583 -241 -162 -57 -485 -553 301 -570 -156 106 219 17 342 181 85 243 262 274 -510 277 -114 -58 82 -321 -17]
[185 -470 316 -397 228 569 27 -162 -560 403 52 12 -194 -176 -89 -30 -263 144 -378 144 374 519 223 190 87 282 -652 -394 -295 -168 -672 47 260 350 -206 515 174 332 -232 92]
[-133 593 67 178 -295 92 -196 529 -124 35 161 316 -62 -629 -96 -285 -288 281 -161 665 435 512 -233 29 244 -248 35 -485 -92 -312 -612 574 -255 -148 263 111 98 -137 -125 47]
[429 -219 63 -46 672 -174 -174 -96 -217 -204 507 123 -275 -459 -862 -165 93 -204 -576 -12 255 -156 -176 121 34 -96 -108 864 -191 -383 310 133 196 465 779 727 1086 -140 -154 25]
[-692 -352 178 171 -107 458 388 -542 -432 341 -54 50 -32 -294 189 231 -564 -158 57 -224 346 335 836 -479 191 -56 -363 852 -176 205 652 352 123 55 -644 -227 -23 -134 -218 72]
[238 405 143 369 64 256 52 658 401 27 15 -86 126 79 -713 -159 782 -9 381 365 0 -65 -18 -840 -419 -57 36 92 -267 198 720 -41 112 -633 20 829 895 222 512 -114]
[216 -663 -346 -195 -281 166 -135 -147 -72 644 -96 -344 -133 -272 -52 -164 162 -5 -137 -373 -973 24 -518 34 -544 -140 203 318 166 -399 197 -166 162 -229 155 339 513 -29 68 4]
[197 354 -41 221 86 -618 599 2 -75 -607 897 889 -734 125 341 -6 164 -323 250 614 18 -156 -45 46 532 5 494 -283 -287 -346 -91 -202 -472 193 325 388 421 39 -110 -44]
[-141 58 -489 204 -432 494 451 362 129 -18 -697 222 -116 95 237 -655 246 -832 -81 17 415 82 217 7 -600 338 496 -202 431 188 -763 654 -98 -82 270 626 -409 2 -258 120]
[-279 -458 -392 208 -819 -56 260 9 51 -103 -388 -382 -196 -458 321 299 -424 -457 292 -487 73 -81 -444 732 -625 -359 -552 -134 206 215 -209 368 -13 300 -57 7 -22 215 168 66]
[-77 -540 264 -161 -237 92 247 695 482 -416 -68 99 -578 -219 27 757 677 -524 -313 -254 725 -271 -891 349 -550 193 370 479 -60 73 376 -416 -351 119 351 237 -542 -51 -22 -40]
[184 247 -289 178 280 556 115 -514 -59 -426 384 192 -568 231 -235 38 52 57 -435 331 575 -490 -105 -137 -412 -459 172 101 -165 -10 -965 -100 -366 244 -549 235 293 -193 -268 -9]
[-248 -693 316 215 410 114 388 -674 -255 290 501 -250 -556 -28 -513 627 -728 -304 -155 116 -79 -338 -408 365 45 83 379 -46 70 745 197 513 -689 277 245 238 16 147 -229 50]
[659 -320 200 -1 416 -293 416 96 113 -543 -220 84 26 -234 91 460 250 -190 -397 -588 91 -879 99 -54 -335 -257 119 668 -200 120 2 10 -405 -162 402 -376 -136 -410 -268 80]
[339 180 -177 756 489 -274 -350 218 -247 -553 -189 -274 -173 522 19 -389 -38 -33 43 165 406 465 126 -53 -104 274 -140 367 -533 -620 -86 18 -386 -468 -143 -71 92 168 148 -367]
[147 -136 -421 -183 -519 -224 562 607 -81 442 -704 236 -38 368 -57 -504 15 -633 36 -103 -632 498 282 530 418 159 577 -420 125 200 134 64 7 79 1 -199 -458 272 269 -31]
[604 -406 306 214 408 555 335 -174 246 631 303 256 -100 -175 -58 188 -296 214 395 245 -815 177 -147 -138 381 209 388 11 441 -870 -194 449 -59 -454 -359 126 148 -327 -769 -67]
[-117 167 -142 511 206 -408 -133 188 640 -739 -385 -566 459 -287 -34 -533 -227 130 -300 74 488 231 288 219 -222 125 225 380 50 838 182 -634 154 -248 70 146 357 -7 13 -140]
[450 360 64 -191 107 -597 -767 -293 157 -1047 152 -67 509 -67 -273 356 135 400 -102 -185 554 127 220 -240 -365 344 -650 -89 88 -434 232 -372 -422 -516 179 -501 17 -185 243 93]
[384 117 76 -41 -666 -482 175 662 -229 -82 113 -25 -22 246 288 -142 93 234 637 -265 28 -119 -775 -744 -31 184 -176 373 -830 -18 -182 -357 -88 12 -214 -14 602 -19 225 65]
[504 280 -395 -396 -357 -134 -490 -387 -124 688 20 296 115 146 187 422 -41 229 239 -298 -102 -9 592 -716 222 88 -257 -718 207 -648 -674 436 -424 55 -231 -293 -317 -165 -408 193]
[203 363 209 155 168 -52 -175 87 540 -334 -959 1 -154 -274 537 -294 -32 -165 -28 -495 292 -486 627 -69 591 -126 -11 -55 15 298 423 -27 -138 -606 89 -673 301 217 -175 282]
[123 -35 94 -700 -86 71 313 595 626 414 -105 -313 -291 472 -295 193 334 -418 -275 693 -239 285 -489 -457 434 -115 34 -334 395 22 707 150 120 153 99 -481 -214 -186 347 -151]
[-265 25 -683 -181 154 41 65 -377 -80 -111 -321 65 -444 129 684 1100 -749 -644 -36 -280 568 207 435 369 -229 -134 -486 -232 -63 -71 -585 1017 598 -84 307 641 184 -65 -526 102]
[-150 325 267 -252 724 232 265 -391 -80 -357 -14 331 -293 -256 227 -118 -307 404 193 921 54 248 -229 -567 881 -263 209 254 -401 24 662 -259 -258 -166 314 130 435 -172 103 80]
[-1155 446 -547 567 19 116 315 189 56 194 36 -154 38 -448 194 -343 -101 -455 427 -78 -341 614 -220 150 174 -419 22 376 30 -427 -313 760 252 -269 -899 245 75 577 -313 -543]
[-128 -815 186 -859 515 239 524 -462 80 535 167 -295 -102 331 -697 -171 -489 170 -879 -4 116 237 -199 -461 -183 -51 -250 214 -7 -84 210 -479 244 385 25 73 -22 -399 -140 237]
[-105 198 -323 301 99 -195 -470 -80 -201 75 -70 -57 409 11 339 -217 276 -141 200 -296 -328 255 402 7 -36 214 -570 -45 -380 -444 650 82 -270 -679 381 265 405 432 243 296]
[-484 -352 -139 51 124 225 -568 331 -400 774 -110 87 -38 240 0 -68 624 559 15 182 -443 -72 -565 41 -529 104 37 97 -16 -202 -303 -402 183 588 -36 93 -553 -410 133 312]]
[phase 0 refreshed accepted=1]
[[-61 325 378 -106 286 111 233 -37 -279 -160 386 -283 221 -171 38 233 -152 147 133 364 -266 -450 -82 -603 19 36 380 209 271 271 -283 -216 -448 -69 -594 126 -126 -466 111 -227]
[-87 364 506 -184 -554 -391 368 254 -351 -160 690 -240 245 0 -434 -85 329 244 495 -50 -371 131 -318 -234 -279 379 367 471 -187 265 -263 -31 -100 -52 83 409 -39 -187 -194 38]
[473 53 -177 -22 -315 -201 -121 -257 -316 -140 -359 -190 334 -122 39 373 -34 1 127 -175 308 -510 458 -69 -532 116 -178 272 -218 494 101 -173 111 -486 -100 803 -202 -495 -103 148]
[330 67 290 -179 -256 -559 -514 -144 24 -185 159 184 -13 475 -515 341 277 187 43 177 545 214 -126 166 175 -29 -16 12 -979 227 707 -259 446 202 789 446 424 -66 -21 281]
[7 720 -236 271 280 231 49 454 128 -401 -239 71 157 -320 618 -734 -1 -84 118 394 -91 -108 34 -546 195 -45 177 -448 605 -178 -422 -203 -745 -414 -478 -740 -86 134 609 -356]
[494 175 -15 464 697 223 -443 -129 291 95 -22 -220 237 -71 307 -286 -202 280 -20 -83 -256 241 74 55 211 133 -20 -781 499 -948 -497 642 -341 62 204 -684 40 187 -70 -54]
[-507 97 298 451 43 -60 88 148 409 -884 -18 -199 -241 -281 22 -48 172 448 316 417 442 -290 -544 -103 479 -172 437 163 -524 611 441 -566 -240 52 -131 -544 -19 206 375 -92]
[433 -277 347 151 357 -27 -741 126 -172 -203 96 -126 141 110 -157 112 301 274 -138 -82 16 -115 -589 -22 -559 352 56 448 -556 -479 139 -744 26 -311 221 370 3 -200 112 -91]
[-21 -258 -248 -521 361 90 -121 -109 -40 104 -78 29 572 -255 -60 585 -357 -128 -1040 186 338 -379 -112 -685 -370 -53 -239 -210 494 8 -479 -294 -78 122 224 79 -117 -769 415 -222]
[-45 -296 -222 380 -284 357 203 270 -390 88 -78 284 -422 -390 298 -134 117 -611 227 -326 119 -54 -127 73 -697 -20 -341 998 -539 -269 93 124 405 -488 -357 853 503 437 -268 1]
[-423 407 -205 288 -130 -338 -158 -3 -445 -60 272 -267 651 -371 -326 -233 -96 311 -29 -317 -301 351 123 -274 -368 35 -190 537 391 -409 -102 725 62 -445 759 42 -213 -441 -181 43]
[194 -344 -82 21 368 1 -93 22 -223 -317 204 374 -430 -157 89 -234 30 -242 -371 -116 396 -195 -635 415 -70 148 -247 -189 -26 -539 -821 192 -271 832 735 -407 194 340 -47 -53]
[353 -70 183 158 -186 352 -506 130 -132 714 -103 694 -169 15 329 369 -364 -506 -151 115 282 152 212 -285 -322 -97 133 509 -396 -620 512 -24 -188 -361 -582 241 136 -568 -193 -15]
[91 -439 754 -436 -313 216 485 -232 -159 440 568 -71 395 -78 -144 360 -217 24 -117 -268 253 558 121 -700 -177 711 -78 57 -219 -67 -465 129 -110 649 -215 -182 161 -183 -191 56]
[-133 593 67 178 -295 92 -196 529 -124 35 161 316 -62 -629 -96 -285 -288 281 -161 665 435 512 -233 29 244 -248 35 -485 -92 -312 -612 574 -255 -148 263 111 98 -137 -125 47]
[-57 -163 -174 -150 95 412 474 -401 317 -382 135 -781 -415 -395 -414 -230 287 205 88 -204 256 -360 -83 -31 131 -127 -156 82 153 86 -576 389 -6 807 -493 -282 585 377 12 10]
[570 284 793 -962 -59 -353 20 114 370 457 798 -460 61 104 -823 381 -152 512 -113 114 -384 239 -530 111 597 -35 128 -45 214 -16 -384 390 -55 73 -349 98 134 -218 -469 51]
[660 -158 172 495 856 439 86 -339 212 -36 -208 -513 -288 119 -454 240 261 289 427 57 -102 -1024 372 129 -26 11 43 -439 366 371 81 425 -424 274 -200 304 76 52 -68 12]
[329 -93 -258 190 -154 285 -701 -16 102 306 -526 154 649 218 892 671 -258 -68 -214 -34 491 178 -115 -512 -715 127 -508 -845 -334 -599 -486 80 236 -567 81 -33 -236 -71 210 -19]
[-388 74 -120 106 94 -215 -820 -111 -235 0 -348 -319 -371 236 -39 333 -156 311 61 681 619 -205 629 178 -54 -77 -266 -228 76 -73 342 -144 -403 252 -189 230 -410 -919 131 -178]
[11 -215 -13 -509 -340 650 362 159 131 443 -544 342 -30 -341 -357 -259 -253 -156 93 251 257 118 -314 -182 497 -207 -228 2 385 413 -281 483 158 222 -63 -649 216 55 -160 -6]
[178 -186 -293 127 -295 452 594 446 362 295 -300 830 -401 -253 215 -493 57 -297 400 358 -384 278 -105 -136 346 -5 205 135 276 -371 164 -180 -15 -861 -447 -56 148 86 -201 -142]
[518 -78 -71 334 342 29 -223 -1052 284 -348 -150 -435 -202 289 -236 190 -416 402 465 356 545 54 524 397 444 -166 -56 285 -311 284 88 318 539 161 -140 373 755 -232 -970 168]
[-462 -407 198 344 -269 -216 611 -239 319 238 776 -396 -93 -163 338 431 -537 369 39 65 -328 408 -580 -418 -338 67 91 -69 274 -57 -686 560 -451 -103 49 -196 299 -21 -475 -193]
[626 -257 -311 -29 251 -146 17 15 132 -670 -520 312 50 241 37 420 -240 -327 207 221 604 -171 -178 725 22 25 -1067 -791 159 6 -369 -244 362 -149 387 448 -164 147 113 -48]
[-401 -250 -166 531 -133 245 952 34 840 110 36 248 -2 -57 220 197 -488 -322 -382 -206 -126 -103 -405 227 531 -593 772 -112 125 136 12 -126 2 366 -254 -528 -706 -327 235 -28]
[-31 -732 616 -147 486 592 -186 62 -197 715 67 -138 -165 -333 151 36 -521 -382 -234 143 -133 399 -500 79 -22 -69 -202 -55 89 -835 -36 26 -371 223 524 -248 95 -610 39 -157]
[-309 441 -514 116 -72 -7 158 -315 312 -501 -380 -362 790 -466 484 490 -265 172 -486 -442 368 327 663 66 -73 -583 -230 -241 443 786 431 -364 208 -255 65 -707 -254 125 209 112]
[-519 -390 -170 105 -176 395 56 254 -155 190 -264 -300 -285 -295 -548 520 342 197 -430 16 123 52 35 -240 -417 -102 124 -303 -577 209 97 712 0 -35 -141 184 189 684 210 163]
[523 552 -624 -199 -286 315 306 -433 112 430 225 203 -401 -104 211 -219 85 -810 73 -335 399 -1125 98 -361 -226 -118 7 -37 427 24 -458 576 -636 -270 -333 216 -115 -238 75 87]
[-221 573 -664 971 917 467 -316 745 313 63 -301 -540 -42 -370 -2 -132 22 278 -58 -91 72 3 157 -77 289 -243 202 -237 61 -269 501 412 -40 -450 -144 -153 404 525 120 20]
[-559 -144 115 340 182 19 427 -17 391 17 -100 16 -297 377 88 249 -423 -69 -68 -374 -784 -129 130 -81 525 -191 192 460 764 -534 243 -460 -25 -46 -939 -320 -323 -504 -25 -223]
[-352 535 -25 -63 -26 147 -41 218 -405 -35 126 855 431 -157 -163 86 -311 -122 -144 25 -219 183 281 -550 346 -238 143 -366 353 41 -223 -674 -592 67 -309 -373 -839 -204 337 51]
[-316 530 -579 -56 261 400 312 -264 -129 -773 -401 -296 343 -699 285 -305 94 -75 -201 448 205 -378 28 -836 530 -211 486 -207 461 -82 -382 546 9 -503 322 361 -354 -336 390 78]
[384 126 388 -364 721 164 255 652 101 -131 143 498 -405 -362 -398 -162 182 124 253 287 -367 -459 -859 674 31 -74 -18 307 -287 55 -51 -636 -20 604 78 229 540 325 -36 -40]
[-671 436 -226 -495 -66 -226 181 102 -185 70 384 447 -315 85 103 535 -163 150 -123 -168 -416 -243 -161 -235 90 -107 161 46 702 380 26 -191 -113 120 112 257 -529 -484 405 -123]
[-321 141 -139 322 87 83 599 637 292 -73 -131 423 -779 98 26 -741 70 -858 358 126 -197 560 -76 327 484 -343 -784 -340 481 258 -292 588 441 -121 -276 212 162 641 -159 -496]
[375 366 622 -728 -254 35 -150 339 -193 181 416 355 -250 339 -186 211 215 -459 -14 63 29 -560 -39 -237 -22 -28 -54 218 511 309 -200 -274 -462 132 231 -256 -803 -69 226 72]
[105 -198 323 -301 -99 195 470 80 201 -75 70 57 -409 -11 -339 217 -276 141 -200 296 328 -255 -402 -7 36 -214 570 45 380 444 -650 -82 270 679 -381 -265 -405 -432 -243 -296]
[-448 -114 -85 185 -294 -661 709 -140 -413 -44 -156 -348 -142 -110 -211 85 -135 207 -88 160 -496 189 106 323 126 173 83 474 662 512 -630 -69 -184 -57 -322 486 -693 -505 -162 32]]
[phase 1 initial]
[[-61 325 378 -106 286 111 233 -37 -279 -160 386 -283 221 -171 38 233 -152 147 133 364 -266 -450 -82 -603 19 36 380 209 271 271 -283 -216 -448 -69 -594 126 -126 -466 111 -227]
[-87 364 506 -184 -554 -391 368 254 -351 -160 690 -240 245 0 -434 -85 329 244 495 -50 -371 131 -318 -234 -279 379 367 471 -187 265 -263 -31 -100 -52 83 409 -39 -187 -194 38]
[473 53 -177 -22 -315 -201 -121 -257 -316 -140 -359 -190 334 -122 39 373 -34 1 127 -175 308 -510 458 -69 -532 116 -178 272 -218 494 101 -173 111 -486 -100 803 -202 -495 -103 148]
[330 67 290 -179 -256 -559 -514 -144 24 -185 159 184 -13 475 -515 341 277 187 43 177 545 214 -126 166 175 -29 -16 12 -979 227 707 -259 446 202 789 446 424 -66 -21 281]
[7 720 -236 271 280 231 49 454 128 -401 -239 71 157 -320 618 -734 -1 -84 118 394 -91 -108 34 -546 195 -45 177 -448 605 -178 -422 -203 -745 -414 -478 -740 -86 134 609 -356]
[494 175 -15 464 697 223 -443 -129 291 95 -22 -220 237 -71 307 -286 -202 280 -20 -83 -256 241 74 55 211 133 -20 -781 499 -948 -497 642 -341 62 204 -684 40 187 -70 -54]
[-507 97 298 451 43 -60 88 148 409 -884 -18 -199 -241 -281 22 -48 172 448 316 417 442 -290 -544 -103 479 -172 437 163 -524 611 441 -566 -240 52 -131 -544 -19 206 375 -92]
[433 -277 347 151 357 -27 -741 126 -172 -203 96 -126 141 110 -157 112 301 274 -138 -82 16 -115 -589 -22 -559 352 56 448 -556 -479 139 -744 26 -311 221 370 3 -200 112 -91]
[-21 -258 -248 -521 361 90 -121 -109 -40 104 -78 29 572 -255 -60 585 -357 -128 -1040 186 338 -379 -112 -685 -370 -53 -239 -210 494 8 -479 -294 -78 122 224 79 -117 -769 415 -222]
[-45 -296 -222 380 -284 357 203 270 -390 88 -78 284 -422 -390 298 -134 117 -611 227 -326 119 -54 -127 73 -697 -20 -341 998 -539 -269 93 124 405 -488 -357 853 503 437 -268 1]
[-423 407 -205 288 -130 -338 -158 -3 -445 -60 272 -267 651 -371 -326 -233 -96 311 -29 -317 -301 351 123 -274 -368 35 -190 537 391 -409 -102 725 62 -445 759 42 -213 -441 -181 43]
[194 -344 -82 21 368 1 -93 22 -223 -317 204 374 -430 -157 89 -234 30 -242 -371 -116 396 -195 -635 415 -70 148 -247 -189 -26 -539 -821 192 -271 832 735 -407 194 340 -47 -53]
[353 -70 183 158 -186 352 -506 130 -132 714 -103 694 -169 15 329 369 -364 -506 -151 115 282 152 212 -285 -322 -97 133 509 -396 -620 512 -24 -188 -361 -582 241 136 -568 -193 -15]
[91 -439 754 -436 -313 216 485 -232 -159 440 568 -71 395 -78 -144 360 -217 24 -117 -268 253 558 121 -700 -177 711 -78 57 -219 -67 -465 129 -110 649 -215 -182 161 -183 -191 56]
[-133 593 67 178 -295 92 -196 529 -124 35 161 316 -62 -629 -96 -285 -288 281 -161 665 435 512 -233 29 244 -248 35 -485 -92 -312 -612 574 -255 -148 263 111 98 -137 -125 47]
[-57 -163 -174 -150 95 412 474 -401 317 -382 135 -781 -415 -395 -414 -230 287 205 88 -204 256 -360 -83 -31 131 -127 -156 82 153 86 -576 389 -6 807 -493 -282 585 377 12 10]
[570 284 793 -962 -59 -353 20 114 370 457 798 -460 61 104 -823 381 -152 512 -113 114 -384 239 -530 111 597 -35 128 -45 214 -16 -384 390 -55 73 -349 98 134 -218 -469 51]
[660 -158 172 495 856 439 86 -339 212 -36 -208 -513 -288 119 -454 240 261 289 427 57 -102 -1024 372 129 -26 11 43 -439 366 371 81 425 -424 274 -200 304 76 52 -68 12]
[329 -93 -258 190 -154 285 -701 -16 102 306 -526 154 649 218 892 671 -258 -68 -214 -34 491 178 -115 -512 -715 127 -508 -845 -334 -599 -486 80 236 -567 81 -33 -236 -71 210 -19]
[-388 74 -120 106 94 -215 -820 -111 -235 0 -348 -319 -371 236 -39 333 -156 311 61 681 619 -205 629 178 -54 -77 -266 -228 76 -73 342 -144 -403 252 -189 230 -410 -919 131 -178]
[11 -215 -13 -509 -340 650 362 159 131 443 -544 342 -30 -341 -357 -259 -253 -156 93 251 257 118 -314 -182 497 -207 -228 2 385 413 -281 483 158 222 -63 -649 216 55 -160 -6]
[178 -186 -293 127 -295 452 594 446 362 295 -300 830 -401 -253 215 -493 57 -297 400 358 -384 278 -105 -136 346 -5 205 135 276 -371 164 -180 -15 -861 -447 -56 148 86 -201 -142]
[518 -78 -71 334 342 29 -223 -1052 284 -348 -150 -435 -202 289 -236 190 -416 402 465 356 545 54 524 397 444 -166 -56 285 -311 284 88 318 539 161 -140 373 755 -232 -970 168]
[-462 -407 198 344 -269 -216 611 -239 319 238 776 -396 -93 -163 338 431 -537 369 39 65 -328 408 -580 -418 -338 67 91 -69 274 -57 -686 560 -451 -103 49 -196 299 -21 -475 -193]
[626 -257 -311 -29 251 -146 17 15 132 -670 -520 312 50 241 37 420 -240 -327 207 221 604 -171 -178 725 22 25 -1067 -791 159 6 -369 -244 362 -149 387 448 -164 147 113 -48]
[-401 -250 -166 531 -133 245 952 34 840 110 36 248 -2 -57 220 197 -488 -322 -382 -206 -126 -103 -405 227 531 -593 772 -112 125 136 12 -126 2 366 -254 -528 -706 -327 235 -28]
[-31 -732 616 -147 486 592 -186 62 -197 715 67 -138 -165 -333 151 36 -521 -382 -234 143 -133 399 -500 79 -22 -69 -202 -55 89 -835 -36 26 -371 223 524 -248 95 -610 39 -157]
[-309 441 -514 116 -72 -7 158 -315 312 -501 -380 -362 790 -466 484 490 -265 172 -486 -442 368 327 663 66 -73 -583 -230 -241 443 786 431 -364 208 -255 65 -707 -254 125 209 112]
[-519 -390 -170 105 -176 395 56 254 -155 190 -264 -300 -285 -295 -548 520 342 197 -430 16 123 52 35 -240 -417 -102 124 -303 -577 209 97 712 0 -35 -141 184 189 684 210 163]
[523 552 -624 -199 -286 315 306 -433 112 430 225 203 -401 -104 211 -219 85 -810 73 -335 399 -1125 98 -361 -226 -118 7 -37 427 24 -458 576 -636 -270 -333 216 -115 -238 75 87]
[-221 573 -664 971 917 467 -316 745 313 63 -301 -540 -42 -370 -2 -132 22 278 -58 -91 72 3 157 -77 289 -243 202 -237 61 -269 501 412 -40 -450 -144 -153 404 525 120 20]
[-559 -144 115 340 182 19 427 -17 391 17 -100 16 -297 377 88 249 -423 -69 -68 -374 -784 -129 130 -81 525 -191 192 460 764 -534 243 -460 -25 -46 -939 -320 -323 -504 -25 -223]
[-352 535 -25 -63 -26 147 -41 218 -405 -35 126 855 431 -157 -163 86 -311 -122 -144 25 -219 183 281 -550 346 -238 143 -366 353 41 -223 -674 -592 67 -309 -373 -839 -204 337 51]
[-316 530 -579 -56 261 400 312 -264 -129 -773 -401 -296 343 -699 285 -305 94 -75 -201 448 205 -378 28 -836 530 -211 486 -207 461 -82 -382 546 9 -503 322 361 -354 -336 390 78]
[384 126 388 -364 721 164 255 652 101 -131 143 498 -405 -362 -398 -162 182 124 253 287 -367 -459 -859 674 31 -74 -18 307 -287 55 -51 -636 -20 604 78 229 540 325 -36 -40]
[-671 436 -226 -495 -66 -226 181 102 -185 70 384 447 -315 85 103 535 -163 150 -123 -168 -416 -243 -161 -235 90 -107 161 46 702 380 26 -191 -113 120 112 257 -529 -484 405 -123]
[-321 141 -139 322 87 83 599 637 292 -73 -131 423 -779 98 26 -741 70 -858 358 126 -197 560 -76 327 484 -343 -784 -340 481 258 -292 588 441 -121 -276 212 162 641 -159 -496]
[375 366 622 -728 -254 35 -150 339 -193 181 416 355 -250 339 -186 211 215 -459 -14 63 29 -560 -39 -237 -22 -28 -54 218 511 309 -200 -274 -462 132 231 -256 -803 -69 226 72]
[105 -198 323 -301 -99 195 470 80 201 -75 70 57 -409 -11 -339 217 -276 141 -200 296 328 -255 -402 -7 36 -214 570 45 380 444 -650 -82 270 679 -381 -265 -405 -432 -243 -296]
[-448 -114 -85 185 -294 -661 709 -140 -413 -44 -156 -348 -142 -110 -211 85 -135 207 -88 160 -496 189 106 323 126 173 83 474 662 512 -630 -69 -184 -57 -322 486 -693 -505 -162 32]]
[phase 1 refreshed accepted=1]
[[-109 87 -113 -131 326 660 121 -406 161 297 -445 141 333 376 -151 -31 -551 -162 310 271 191 283 601 125 -6 320 157 59 -180 79 -41 -12 286 -373 17 -251 164 215 353 -40]
[-61 325 378 -106 286 111 233 -37 -279 -160 386 -283 221 -171 38 233 -152 147 133 364 -266 -450 -82 -603 19 36 380 209 271 271 -283 -216 -448 -69 -594 126 -126 -466 111 -227]
[-87 364 506 -184 -554 -391 368 254 -351 -160 690 -240 245 0 -434 -85 329 244 495 -50 -371 131 -318 -234 -279 379 367 471 -187 265 -263 -31 -100 -52 83 409 -39 -187 -194 38]
[473 53 -177 -22 -315 -201 -121 -257 -316 -140 -359 -190 334 -122 39 373 -34 1 127 -175 308 -510 458 -69 -532 116 -178 272 -218 494 101 -173 111 -486 -100 803 -202 -495 -103 148]
[330 67 290 -179 -256 -559 -514 -144 24 -185 159 184 -13 475 -515 341 277 187 43 177 545 214 -126 166 175 -29 -16 12 -979 227 707 -259 446 202 789 446 424 -66 -21 281]
[68 395 -614 377 -6 120 -184 491 407 -241 -625 354 -64 -149 580 -967 151 -231 -15 30 175 342 116 57 176 -81 -203 -657 334 -449 -139 13 -297 -345 116 -866 40 600 498 -129]
[494 175 -15 464 697 223 -443 -129 291 95 -22 -220 237 -71 307 -286 -202 280 -20 -83 -256 241 74 55 211 133 -20 -781 499 -948 -497 642 -341 62 204 -684 40 187 -70 -54]
[-507 97 298 451 43 -60 88 148 409 -884 -18 -199 -241 -281 22 -48 172 448 316 417 442 -290 -544 -103 479 -172 437 163 -524 611 441 -566 -240 52 -131 -544 -19 206 375 -92]
[-63 237 -143 668 353 117 -233 -259 -4 -805 232 106 -240 -416 -27 126 146 439 355 281 511 204 -516 -269 152 -167 -532 -205 -626 -499 309 -1 -99 233 -31 -82 317 21 -376 176]
[-538 34 -406 545 -380 135 603 345 370 -394 12 63 29 -936 252 -313 -90 -188 -17 -138 522 214 -356 -269 -116 -121 -232 -16 28 -125 -561 835 68 76 396 -383 491 540 35 -11]
[-47 -219 -120 -599 -479 -412 14 182 -112 104 226 72 596 -84 -532 267 124 -31 -678 -228 233 202 -348 -316 -668 290 -252 52 36 2 -459 -109 270 139 901 362 -30 -490 110 43]
[335 -194 494 448 -153 -156 -433 404 338 -81 -191 -57 -199 149 139 -253 218 -135 211 -96 339 -93 -207 460 16 79 592 597 -917 120 435 -58 369 -405 536 153 631 743 392 -40]
[-492 -134 94 26 533 140 -166 -264 703 205 430 -607 168 -42 -245 302 -63 586 171 92 279 640 -414 -476 -288 735 -113 -18 -707 -600 -51 305 156 270 258 -417 767 395 -180 -49]
[194 -344 -82 21 368 1 -93 22 -223 -317 204 374 -430 -157 89 -234 30 -242 -371 -116 396 -195 -635 415 -70 148 -247 -189 -26 -539 -821 192 -271 832 735 -407 194 340 -47 -53]
[-99 125 -431 187 137 -923 -830 166 -114 -429 -214 -294 -304 -342 497 -176 267 -11 -403 -136 828 -669 -53 -145 -298 5 -287 570 -476 96 363 98 -257 -50 789 -27 432 121 254 -149]
[533 124 579 400 -340 -222 -65 474 14 -240 295 -305 98 309 221 147 496 -318 487 165 -228 -264 121 -520 -184 -62 293 -181 356 -232 67 -139 -247 161 -478 543 249 -439 400 -297]
[91 -439 754 -436 -313 216 485 -232 -159 440 568 -71 395 -78 -144 360 -217 24 -117 -268 253 558 121 -700 -177 711 -78 57 -219 -67 -465 129 -110 649 -215 -182 161 -183 -191 56]
[186 159 -839 24 152 25 -584 -173 -103 804 -359 264 -625 294 304 -8 -221 -361 367 -187 -176 -203 335 779 -833 332 -148 335 -79 -827 -59 524 -274 -344 -203 252 -97 -140 -763 61]
[185 -470 316 -397 228 569 27 -162 -560 403 52 12 -194 -176 -89 -30 -263 144 -378 144 374 519 223 190 87 282 -652 -394 -295 -168 -672 47 260 350 -206 515 174 332 -232 92]
[-213 347 89 269 396 308 -143 343 175 111 -491 -890 216 -378 330 -262 209 2 20 69 10 -441 432 -93 -249 -232 253 45 -208 472 250 -102 57 -847 -67 605 -221 -237 139 -6]
[30 199 -354 281 196 592 -173 -705 -11 267 82 -560 265 -264 -468 210 89 660 367 -191 -394 -293 -23 -79 -969 374 716 501 -633 -186 -199 168 112 -320 -168 543 128 -340 -609 335]
[174 -48 35 274 -131 142 -39 -21 -185 -703 -101 -445 -116 -159 -561 -68 53 229 767 -221 111 -165 -224 504 -415 157 -608 766 276 -434 -220 -111 -176 -357 -568 125 -503 -474 -193 -107]
[34 -135 -672 -3 542 130 502 -290 -463 -189 -73 -155 -396 -515 66 -21 -81 -268 -125 -166 77 -1030 -809 -242 163 -556 -574 806 32 282 -179 117 121 447 -193 379 28 -337 -421 -115]
[-204 -130 -17 31 -52 515 270 -438 148 -77 73 -17 348 -212 -522 748 -86 -12 666 80 -358 -6 81 -364 -333 -113 -229 106 527 -5 138 834 460 -193 -132 114 590 1 -526 165]
[-292 -14 832 -209 365 -443 -221 532 -8 585 700 16 23 535 -422 -7 53 -272 -472 -149 -670 647 -44 419 54 109 461 277 -246 123 857 -376 217 433 213 464 237 338 82 3]
[473 -706 -227 423 -119 83 -381 -424 575 195 -580 -360 -387 -203 -144 361 72 -283 4 -482 -153 -656 223 625 153 -396 312 -45 67 -307 69 709 714 -59 317 397 -203 -587 146 -160]
[65 145 186 206 -124 -467 -716 258 341 326 -182 -206 -153 406 -465 -775 612 208 -220 -390 -330 610 180 41 49 84 122 -36 -184 265 507 7 259 -212 409 -42 -250 -172 -106 -165]
[133 -96 -137 350 -117 -741 -290 78 -265 -613 -142 395 -353 -422 216 471 140 -17 -438 -122 535 -410 263 223 198 -237 -169 -144 297 761 309 -75 -165 258 826 -291 -102 158 746 -509]
[345 3 -224 719 -236 -250 655 79 482 -147 18 83 -393 -70 -99 -325 18 353 95 -114 372 -168 138 -98 510 87 34 -417 101 318 -47 336 -602 558 -340 -391 4 488 401 -105]
[-178 186 293 -127 295 -452 -594 -446 -362 -295 300 -830 401 253 -215 493 -57 297 -400 -358 384 -278 105 136 -346 5 -205 -135 -276 371 -164 180 15 861 447 56 -148 -86 201 142]
[-146 -80 -304 456 -145 250 -6 178 -292 -458 -219 64 -726 -165 271 -392 125 -632 77 163 301 -269 -628 214 161 -265 -55 -285 176 451 -187 135 -362 172 -574 3 -189 437 -369 -34]
[-380 -297 -87 112 381 581 409 -31 -246 284 -249 -3 122 -226 728 226 -476 -109 -167 -667 -312 -123 326 -420 -4 -411 -371 35 -359 42 168 59 241 -494 -328 -166 141 233 -116 446]
[-338 -85 1000 -200 489 29 130 -147 449 47 25 -163 -424 -3 -82 300 -149 65 -140 -350 -191 -318 53 -57 947 -161 370 330 -101 253 461 133 48 225 73 -610 463 112 -570 263]
[-459 -181 -88 -108 444 676 108 424 -32 -235 -197 -441 -397 -52 -428 123 432 831 -433 17 -120 112 -994 -43 665 -701 281 -71 -196 31 329 -373 274 184 340 54 -168 146 285 294]
[-358 951 214 -294 310 -578 -398 619 -201 95 254 272 423 -141 177 253 285 47 5 406 -122 -26 155 -733 503 159 119 -329 -127 42 830 -104 -147 181 -130 68 -410 -442 -71 38]
[23 426 -186 379 120 4 562 311 -364 -523 -86 59 -57 -219 -46 -145 9 -47 524 542 -387 252 -316 -342 589 28 425 -416 -230 -28 160 -153 -540 243 -624 -155 -267 -173 4 -82]
[-352 535 -25 -63 -26 147 -41 218 -405 -35 126 855 431 -157 -163 86 -311 -122 -144 25 -219 183 281 -550 346 -238 143 -366 353 41 -223 -674 -592 67 -309 -373 -839 -204 337 51]
[906 93 9 147 666 347 -232 -74 -5 155 -168 397 -460 374 413 -138 -69 -393 -106 559 -187 32 12 -271 673 22 615 -452 -154 22 -17 -267 -259 449 61 -365 -107 332 -525 120]
[-456 512 324 -434 670 -12 -241 362 -79 351 603 -630 -586 236 13 211 171 440 172 673 -74 101 -336 -91 65 -436 267 251 -246 -693 524 -24 281 256 -222 284 198 -172 -582 15]
[170 -786 -277 248 -472 197 209 -49 -368 643 -2 760 -30 404 -89 -121 252 -641 -29 -416 -300 395 -186 141 -91 56 -105 581 292 -199 35 30 544 -211 -201 356 -475 -166 -252 486]]
[phase 2 initial]
[[-109 87 -113 -131 326 660 121 -406 161 297 -445 141 333 376 -151 -31 -551 -162 310 271 191 283 601 125 -6 320 157 59 -180 79 -41 -12 286 -373 17 -251 164 215 353 -40]
[-61 325 378 -106 286 111 233 -37 -279 -160 386 -283 221 -171 38 233 -152 147 133 364 -266 -450 -82 -603 19 36 380 209 271 271 -283 -216 -448 -69 -594 126 -126 -466 111 -227]
[-87 364 506 -184 -554 -391 368 254 -351 -160 690 -240 245 0 -434 -85 329 244 495 -50 -371 131 -318 -234 -279 379 367 471 -187 265 -263 -31 -100 -52 83 409 -39 -187 -194 38]
[473 53 -177 -22 -315 -201 -121 -257 -316 -140 -359 -190 334 -122 39 373 -34 1 127 -175 308 -510 458 -69 -532 116 -178 272 -218 494 101 -173 111 -486 -100 803 -202 -495 -103 148]
[330 67 290 -179 -256 -559 -514 -144 24 -185 159 184 -13 475 -515 341 277 187 43 177 545 214 -126 166 175 -29 -16 12 -979 227 707 -259 446 202 789 446 424 -66 -21 281]
[68 395 -614 377 -6 120 -184 491 407 -241 -625 354 -64 -149 580 -967 151 -231 -15 30 175 342 116 57 176 -81 -203 -657 334 -449 -139 13 -297 -345 116 -866 40 600 498 -129]
[494 175 -15 464 697 223 -443 -129 291 95 -22 -220 237 -71 307 -286 -202 280 -20 -83 -256 241 74 55 211 133 -20 -781 499 -948 -497 642 -341 62 204 -684 40 187 -70 -54]
[-507 97 298 451 43 -60 88 148 409 -884 -18 -199 -241 -281 22 -48 172 448 316 417 442 -290 -544 -103 479 -172 437 163 -524 611 441 -566 -240 52 -131 -544 -19 206 375 -92]
[-63 237 -143 668 353 117 -233 -259 -4 -805 232 106 -240 -416 -27 126 146 439 355 281 511 204 -516 -269 152 -167 -532 -205 -626 -499 309 -1 -99 233 -31 -82 317 21 -376 176]
[-538 34 -406 545 -380 135 603 345 370 -394 12 63 29 -936 252 -313 -90 -188 -17 -138 522 214 -356 -269 -116 -121 -232 -16 28 -125 -561 835 68 76 396 -383 491 540 35 -11]
[-47 -219 -120 -599 -479 -412 14 182 -112 104 226 72 596 -84 -532 267 124 -31 -678 -228 233 202 -348 -316 -668 290 -252 52 36 2 -459 -109 270 139 901 362 -30 -490 110 43]
[335 -194 494 448 -153 -156 -433 404 338 -81 -191 -57 -199 149 139 -253 218 -135 211 -96 339 -93 -207 460 16 79 592 597 -917 120 435 -58 369 -405 536 153 631 743 392 -40]
[-492 -134 94 26 533 140 -166 -264 703 205 430 -607 168 -42 -245 302 -63 586 171 92 279 640 -414 -476 -288 735 -113 -18 -707 -600 -51 305 156 270 258 -417 767 395 -180 -49]
[194 -344 -82 21 368 1 -93 22 -223 -317 204 374 -430 -157 89 -234 30 -242 -371 -116 396 -195 -635 415 -70 148 -247 -189 -26 -539 -821 192 -271 832 735 -407 194 340 -47 -53]
[-99 125 -431 187 137 -923 -830 166 -114 -429 -214 -294 -304 -342 497 -176 267 -11 -403 -136 828 -669 -53 -145 -298 5 -287 570 -476 96 363 98 -257 -50 789 -27 432 121 254 -149]
[533 124 579 400 -340 -222 -65 474 14 -240 295 -305 98 309 221 147 496 -318 487 165 -228 -264 121 -520 -184 -62 293 -181 356 -232 67 -139 -247 161 -478 543 249 -439 400 -297]
[91 -439 754 -436 -313 216 485 -232 -159 440 568 -71 395 -78 -144 360 -217 24 -117 -268 253 558 121 -700 -177 711 -78 57 -219 -67 -465 129 -110 649 -215 -182 161 -183 -191 56]
[186 159 -839 24 152 25 -584 -173 -103 804 -359 264 -625 294 304 -8 -221 -361 367 -187 -176 -203 335 779 -833 332 -148 335 -79 -827 -59 524 -274 -344 -203 252 -97 -140 -763 61]
[185 -470 316 -397 228 569 27 -162 -560 403 52 12 -194 -176 -89 -30 -263 144 -378 144 374 519 223 190 87 282 -652 -394 -295 -168 -672 47 260 350 -206 515 174 332 -232 92]
[-213 347 89 269 396 308 -143 343 175 111 -491 -890 216 -378 330 -262 209 2 20 69 10 -441 432 -93 -249 -232 253 45 -208 472 250 -102 57 -847 -67 605 -221 -237 139 -6]
[30 199 -354 281 196 592 -173 -705 -11 267 82 -560 265 -264 -468 210 89 660 367 -191 -394 -293 -23 -79 -969 374 716 501 -633 -186 -199 168 112 -320 -168 543 128 -340 -609 335]
[174 -48 35 274 -131 142 -39 -21 -185 -703 -101 -445 -116 -159 -561 -68 53 229 767 -221 111 -165 -224 504 -415 157 -608 766 276 -434 -220 -111 -176 -357 -568 125 -503 -474 -193 -107]
[34 -135 -672 -3 542 130 502 -290 -463 -189 -73 -155 -396 -515 66 -21 -81 -268 -125 -166 77 -1030 -809 -242 163 -556 -574 806 32 282 -179 117 121 447 -193 379 28 -337 -421 -115]
[-204 -130 -17 31 -52 515 270 -438 148 -77 73 -17 348 -212 -522 748 -86 -12 666 80 -358 -6 81 -364 -333 -113 -229 106 527 -5 138 834 460 -193 -132 114 590 1 -526 165]
[-292 -14 832 -209 365 -443 -221 532 -8 585 700 16 23 535 -422 -7 53 -272 -472 -149 -670 647 -44 419 54 109 461 277 -246 123 857 -376 217 433 213 464 237 338 82 3]
[473 -706 -227 423 -119 83 -381 -424 575 195 -580 -360 -387 -203 -144 361 72 -283 4 -482 -153 -656 223 625 153 -396 312 -45 67 -307 69 709 714 -59 317 397 -203 -587 146 -160]
[65 145 186 206 -124 -467 -716 258 341 326 -182 -206 -153 406 -465 -775 612 208 -220 -390 -330 610 180 41 49 84 122 -36 -184 265 507 7 259 -212 409 -42 -250 -172 -106 -165]
[133 -96 -137 350 -117 -741 -290 78 -265 -613 -142 395 -353 -422 216 471 140 -17 -438 -122 535 -410 263 223 198 -237 -169 -144 297 761 309 -75 -165 258 826 -291 -102 158 746 -509]
[345 3 -224 719 -236 -250 655 79 482 -147 18 83 -393 -70 -99 -325 18 353 95 -114 372 -168 138 -98 510 87 34 -417 101 318 -47 336 -602 558 -340 -391 4 488 401 -105]
[-178 186 293 -127 295 -452 -594 -446 -362 -295 300 -830 401 253 -215 493 -57 297 -400 -358 384 -278 105 136 -346 5 -205 -135 -276 371 -164 180 15 861 447 56 -148 -86 201 142]
[-146 -80 -304 456 -145 250 -6 178 -292 -458 -219 64 -726 -165 271 -392 125 -632 77 163 301 -269 -628 214 161 -265 -55 -285 176 451 -187 135 -362 172 -574 3 -189 437 -369 -34]
[-380 -297 -87 112 381 581 409 -31 -246 284 -249 -3 122 -226 728 226 -476 -109 -167 -667 -312 -123 326 -420 -4 -411 -371 35 -359 42 168 59 241 -494 -328 -166 141 233 -116 446]
[-338 -85 1000 -200 489 29 130 -147 449 47 25 -163 -424 -3 -82 300 -149 65 -140 -350 -191 -318 53 -57 947 -161 370 330 -101 253 461 133 48 225 73 -610 463 112 -570 263]
[-459 -181 -88 -108 444 676 108 424 -32 -235 -197 -441 -397 -52 -428 123 432 831 -433 17 -120 112 -994 -43 665 -701 281 -71 -196 31 329 -373 274 184 340 54 -168 146 285 294]
[-358 951 214 -294 310 -578 -398 619 -201 95 254 272 423 -141 177 253 285 47 5 406 -122 -26 155 -733 503 159 119 -329 -127 42 830 -104 -147 181 -130 68 -410 -442 -71 38]
[23 426 -186 379 120 4 562 311 -364 -523 -86 59 -57 -219 -46 -145 9 -47 524 542 -387 252 -316 -342 589 28 425 -416 -230 -28 160 -153 -540 243 -624 -155 -267 -173 4 -82]
[-352 535 -25 -63 -26 147 -41 218 -405 -35 126 855 431 -157 -163 86 -311 -122 -144 25 -219 183 281 -550 346 -238 143 -366 353 41 -223 -674 -592 67 -309 -373 -839 -204 337 51]
[906 93 9 147 666 347 -232 -74 -5 155 -168 397 -460 374 413 -138 -69 -393 -106 559 -187 32 12 -271 673 22 615 -452 -154 22 -17 -267 -259 449 61 -365 -107 332 -525 120]
[-456 512 324 -434 670 -12 -241 362 -79 351 603 -630 -586 236 13 211 171 440 172 673 -74 101 -336 -91 65 -436 267 251 -246 -693 524 -24 281 256 -222 284 198 -172 -582 15]
[170 -786 -277 248 -472 197 209 -49 -368 643 -2 760 -30 404 -89 -121 252 -641 -29 -416 -300 395 -186 141 -91 56 -105 581 292 -199 35 30 544 -211 -201 356 -475 -166 -252 486]]
