[phase 0]
squared_norm=3052493
coefficients=[2 3 0 -4 0 2 -2 -1 -1 3 1 -2 0 -1 1 -2 -2 -2 0 0 0 0 -1 2 1 0 -1 0 0 0 1 0 0 0 -1 1 0 -1 -1 0]
vector=[-61 325 378 -106 286 111 233 -37 -279 -160 386 -283 221 -171 38 233 -152 147 133 364 -266 -450 -82 -603 19 36 380 209 271 271 -283 -216 -448 -69 -594 126 -126 -466 111 -227]

[phase 1]
squared_norm=3026155
coefficients=[-2 2 -2 0 3 2 1 -1 2 4 0 -1 -3 1 -1 -3 1 0 0 1 0 0 3 -2 0 1 1 0 2 1 -1 0 0 -1 0 1 -1 0 0 0]
vector=[-109 87 -113 -131 326 660 121 -406 161 297 -445 141 333 376 -151 -31 -551 -162 310 271 191 283 601 125 -6 320 157 59 -180 79 -41 -12 286 -373 17 -251 164 215 353 -40]

[phase 2]
squared_norm=3026155
coefficients=[1 0 0 0 0 0 0 0 0 0 0 0 0 0 0 0 0 0 0 0 0 0 0 0 0 0 0 0 0 0 0 0 0 0 0 0 0 0 0 0]
vector=[-109 87 -113 -131 326 660 121 -406 161 297 -445 141 333 376 -151 -31 -551 -162 310 271 191 283 601 125 -6 320 157 59 -180 79 -41 -12 286 -373 17 -251 164 215 353 -40]

