phase	depth	k	node	parent	z_k	nodes_at_depth	parent_rho	rho	bound_r2	remaining	center	delta	legal_lo	legal_hi	offset	P	Ptheta	N	Q	M
0	1	35	2	0	-1	5	0	0.093304015962746192	0.65466427803039551	0.65466427803039551	0	2.6488609054064574	-2	2	-0.37752076674126228	0.19732886552810669	0.19732886552810669	243431	1.9218174372885939e-06	0.46782994057659966
0	2	34	9	2	0	21	0.093304015962746192	0.10541994277750623	0.65466427803039551	0.56136026206764933	-0.34911326708805029	2.376341572431905	-2	2	0.14691207322134844	0.36672806739807129	0.36672806739807129	133140	3.5138195927339617e-06	0.46782994057659966
0	3	33	44	9	-1	83	0.10541994277750623	0.14817022510409478	0.65466427803039551	0.54924433525288929	-0.27084529549887426	2.6135630516585198	-2	2	-0.27898875599669093	0.25951683521270752	0.25951683521270752	48221	9.7017884443831452e-06	0.46782994057659966
0	4	32	93	44	0	257	0.14817022510409478	0.15352527761662682	0.65466427803039551	0.50649405292630068	-0.23651280283497855	2.30017014916106	-2	2	0.10282404669986772	0.40122628211975098	0.40122628211975098	28975	1.6145985869770479e-05	0.46782994057659966
0	5	31	282	93	0	663	0.15352527761662682	0.16188996859074542	0.65466427803039551	0.50113900041376869	0.27636607534527019	2.1391383902871919	-1	2	-0.12919504254615638	0.43303549289703369	0.43303549289703369	17595	2.6588800260107967e-05	0.46782994057659966
0	6	30	686	282	0	1625	0.16188996859074542	0.16302094236016318	0.65466427803039551	0.49277430943965012	-0.10294919996001269	2.1489224287986182	-2	2	0.0479073597912828	0.4513486921787262	0.4513486921787262	11305	4.1382568825882323e-05	0.46782994057659966
0	7	29	1574	686	0	3579	0.16302094236016318	0.17038302248781648	0.65466427803039551	0.49164333567023233	0.26057138330571383	2.129371940254551	-1	2	-0.12237006526655199	0.43897682428359985	0.43897682428359985	6477	7.2229418029427157e-05	0.46782994057659966
0	8	28	3850	1574	-1	7085	0.17038302248781648	0.23506495340708103	0.65466427803039551	0.484281255542579	-0.27220400359575936	1.9914389812987037	-2	1	-0.36546236326538778	0.28366145491600037	0.28366145491600037	2343	0.0001996713361402474	0.46782994057659966
0	9	27	10411	3850	0	13445	0.23506495340708103	0.23519859023409448	0.65466427803039551	0.41959932462331445	-0.033264580893016975	1.863959056927603	-1	1	0.01784619719482872	0.58504253625869751	0.58504253625869751	1639	0.00028543620535485034	0.46782994057659966
0	10	26	19539	10411	-1	23017	0.23519859023409448	0.23533746828106131	0.65466427803039551	0.41946568779630106	-0.96771930314909616	1.774084583120493	-2	0	-0.018195692109631182	0.59800064563751221	0.59800064563751221	1173	0.00039883200390161948	0.46782994057659966
0	11	25	31563	19539	1	35155	0.23533746828106131	0.23934613364809265	0.65466427803039551	0.41932680974933423	0.83754839056447605	1.6615003279583285	0	2	0.097774045964316131	0.57347351312637329	0.57347351312637329	834	0.00056094717095515542	0.46782994057659966
0	12	24	48143	31563	-1	57147	0.23934613364809265	0.24611379008606152	0.65466427803039551	0.41531814438230286	-1.2326612794950462	1.8226169836732933	-3	0	0.12765231619105288	0.48180276155471802	0.48180276155471802	512	0.0009137303526886712	0.46782994057659966
0	13	23	94650	48143	0	82885	0.24611379008606152	0.25799533761725457	0.65466427803039551	0.40855048794433402	0.28626470639974011	1.6786268637620505	-1	1	-0.17053504419569376	0.52501964569091797	0.52501964569091797	328	0.0014263107944408526	0.46782994057659966
0	14	22	143815	94650	0	102835	0.25799533761725457	0.26051264514683203	0.65466427803039551	0.39666894041314094	-0.11680282465146065	1.4662205634631356	-1	1	0.079662519788686187	0.62221020460128784	0.62221020460128784	245	0.0019095099615371413	0.46782994057659966
0	15	21	226105	143815	0	118413	0.26051264514683203	0.27247543642942296	0.65466427803039551	0.39415163288356347	-0.24747838934153932	1.4205374352113587	-1	1	0.17421461990877948	0.57611125707626343	0.57611125707626343	173	0.0027042193096913276	0.46782994057659966
0	16	20	294055	226105	1	129465	0.27247543642942296	0.28353642501055298	0.65466427803039551	0.38218884160097255	0.75877877735850074	1.4179389875276889	0	2	0.17012101702774343	0.57939976453781128	0.57939976453781128	116	0.0040330167291086176	0.46782994057659966
0	17	19	447622	294055	-1	119581	0.28353642501055298	0.30450747022367053	0.65466427803039551	0.37112785301984252	-0.68822932312323648	1.3115564941450937	-1	0	-0.23771044424585289	0.63970035314559937	0.63970035314559937	81	0.0057756782787234525	0.46782994057659966
0	18	18	542526	447622	1	96561	0.30450747022367053	0.306842822014325	0.65466427803039551	0.35015680780672498	0.90038813829680708	1.2197369739313462	0	2	0.081666673907681051	0.68350732326507568	0.68350732326507568	68	0.0068798520673029363	0.46782994057659966
0	19	17	713710	542526	0	75926	0.306842822014325	0.30685932666239041	0.65466427803039551	0.34782145601607051	-0.0085939486234519052	1.2475782746915651	-1	1	0.0068885045514090566	0.71014463901519775	0.71014463901519775	51	0.009173136089737249	0.46782994057659966
0	20	16	881051	713710	1	51201	0.30685932666239041	0.30691944088387968	0.65466427803039551	0.3478049513680051	0.98563292117796664	1.0928177516510311	0	2	0.013146820501705436	0.7521933913230896	0.7521933913230896	42	0.011138808108966659	0.46782994057659966
0	21	15	971271	881051	0	34894	0.30691944088387968	0.32430459764618402	0.65466427803039551	0.34774483714651583	0.24317425928681574	1.0875735616870097	0	1	-0.22359338977458365	0.72002434730529785	0.72002434730529785	34	0.013759704134605873	0.46782994057659966
0	22	14	982407	971271	-1	22893	0.32430459764618402	0.32439814749287288	0.65466427803039551	0.33035968038421148	-0.98276553180326809	1.0241648477370529	-2	0	-0.016827826335586941	0.77301973104476929	0.77301973104476929	31	0.015091288405696764	0.46782994057659966
0	23	13	993548	982407	0	14038	0.32439814749287288	0.32886264496788747	0.65466427803039551	0.33026613053752263	-0.11286730424831402	0.97076448757750977	-1	0	0.11626641239212228	0.83134174346923828	0.83134174346923828	27	0.017327034836170357	0.46782994057659966
0	24	12	996082	993548	0	8580	0.32886264496788747	0.34933388114674263	0.65466427803039551	0.32580163306250803	-0.2437887638622433	0.97256420021856915	-1	0	0.25066598565673653	0.74149543046951294	0.74149543046951294	23	0.020340432198982593	0.46782994057659966
0	25	11	1002546	996082	0	4952	0.34933388114674263	0.35233339415723713	0.65466427803039551	0.30533039688365288	-0.091451115013367709	0.9226747823423076	-1	0	0.099115221054605365	0.85460060834884644	0.85460060834884644	20	0.023391497028829984	0.46782994057659966
0	26	10	1005964	1002546	-2	2810	0.35233339415723713	0.42360920330377622	0.65466427803039551	0.30233088387315837	-1.5609090619549404	0.90432524138183545	-2	-1	-0.48554537455364588	0.56694859266281128	0.56694859266281128	11	0.042529994597872697	0.46782994057659966
0	27	9	1008548	1005964	0	1466	0.42360920330377622	0.4236805698992715	0.65466427803039551	0.23105507472661929	0.013205118877775647	0.75136780329853625	0	0	-0.017574773393010213	1	1	10	0.046782994057659968	0.46782994057659966
0	28	8	1009068	1008548	-1	734	0.4236805698992715	0.42573532591707053	0.65466427803039551	0.23098370813112404	-1.0671442940479208	0.71190108698346877	-1	-1	0.09431688653887392	1	1	9	0.051981104508511074	0.46782994057659966
0	29	7	1009460	1009068	-2	376	0.42573532591707053	0.4411088429794997	0.65466427803039551	0.22892895211332498	-2.1761032762591919	0.67956527501457864	-2	-2	0.25914107552863713	1	1	8	0.058478742572074957	0.46782994057659966
0	30	6	1009530	1009460	1	158	0.4411088429794997	0.44175377342240069	0.65466427803039551	0.2135554350508958	0.96547720192480901	0.6282100265665157	1	1	0.054954229660859513	1	1	7	0.066832848653799945	0.46782994057659966
0	31	5	1009687	1009530	-2	76	0.44175377342240069	0.48752454266495276	0.65466427803039551	0.21291050460799485	-2.2741376232254522	0.59125262518565069	-2	-2	0.46365565504148804	1	1	6	0.077971656762766614	0.46782994057659966
0	32	4	1009770	1009687	0	42	0.48752454266495276	0.53161852708332213	0.65466427803039551	0.16713973536544272	0.28508434180184877	0.55503906051139773	0	0	-0.51362933185131121	1	1	5	0.093565988115319937	0.46782994057659966
0	33	3	1009840	1009770	0	16	0.53161852708332213	0.53193371959884717	0.65466427803039551	0.1230457509470734	0.022464846899926345	0.44386287881818881	0	0	-0.05061213264722729	1	1	4	0.11695748514414991	0.46782994057659966
0	34	2	1009898	1009840	2	10	0.53193371959884717	0.5605331886674545	0.65466427803039551	0.12273055843154836	2.2125544034661773	0.44031905117385856	2	2	-0.48272815563969546	1	1	3	0.15594331352553323	0.46782994057659966
0	35	1	1009947	1009898	0	2	0.5605331886674545	0.60726530931503142	0.65466427803039551	0.09413108936294097	0.24301364168909942	0.34489702746604423	0	0	-0.70459766926528411	1	1	2	0.23391497028829983	0.46782994057659966
0	36	0	1009997	1009947	-1	1	0.60726530931503142	0.63786840438842773	0.65466427803039551	0.047398968715364052	-1.1950262687681681	0.24271403067185454	-1	-1	0.80352284632378956	1	1	1	0.46782994057659966	0.46782994057659966
1	1	35	1	0	0	5	0	0	0.63786840438842773	0.63786840438842773	0	2.6925563288181045	-2	2	0	0.41591906547546387	0.41591906547546387	680742	0	0
1	2	34	3	1	0	21	0	0	0.63786840438842773	0.63786840438842773	0	2.6219258403186476	-2	2	0	0.4223504364490509	0.4223504364490509	422723	0	0
1	3	33	12	3	0	73	0	0	0.63786840438842773	0.63786840438842773	0	2.6199746258954679	-2	2	0	0.42253309488296509	0.42253309488296509	258158	0	0
1	4	32	29	12	0	227	0	0	0.63786840438842773	0.63786840438842773	0	2.4920155472183865	-2	2	0	0.43514478206634521	0.43514478206634521	162847	0	0
1	5	31	70	29	0	681	0	0	0.63786840438842773	0.63786840438842773	0	2.7356954882006668	-2	2	0	0.41215759515762329	0.41215759515762329	92220	0	0
1	6	30	163	70	0	1753	0	0	0.63786840438842773	0.63786840438842773	0	2.615625812025312	-2	2	0	0.42294126749038696	0.42294126749038696	53507	0	0
1	7	29	378	163	0	3561	0	0	0.63786840438842773	0.63786840438842773	0	2.2780450346151304	-2	2	0	0.45939457416534424	0.45939457416534424	34960	0	0
1	8	28	977	378	0	7257	0	0	0.63786840438842773	0.63786840438842773	0	2.3927339828701495	-2	2	0	0.44586250185966492	0.44586250185966492	21361	0	0
1	9	27	2178	977	0	12739	0	0	0.63786840438842773	0.63786840438842773	0	2.1570909632314348	-2	2	0	0.47518360614776611	0.47518360614776611	14270	0	0
1	10	26	4983	2178	0	21903	0	0	0.63786840438842773	0.63786840438842773	0	2.210938283917927	-2	2	0	0.46794846653938293	0.46794846653938293	9187	0	0
1	11	25	10284	4983	0	33741	0	0	0.63786840438842773	0.63786840438842773	0	2.0935038637902932	-2	2	0	0.48418477177619934	0.48418477177619934	6098	0	0
1	12	24	24063	10284	0	50215	0	0	0.63786840438842773	0.63786840438842773	0	2.0957771508803504	-2	2	0	0.4838540256023407	0.4838540256023407	4009	0	0
1	13	23	45366	24063	0	70879	0	0	0.63786840438842773	0.63786840438842773	0	2.0722601661270046	-2	2	0	0.48730841279029846	0.48730841279029846	2596	0	0
1	14	22	71183	45366	0	88873	0	0	0.63786840438842773	0.63786840438842773	0	1.9074170047515413	-1	1	0	0.58792436122894287	0.58792436122894287	1771	0	0
1	15	21	90003	71183	0	107083	0	0	0.63786840438842773	0.63786840438842773	0	1.8980474986021905	-1	1	0	0.58917772769927979	0.58917772769927979	1226	0	0
1	16	20	130548	90003	0	116633	0	0	0.63786840438842773	0.63786840438842773	0	1.7606374880818232	-1	1	0	0.60892719030380249	0.60892719030380249	887	0	0
1	17	19	164385	130548	0	120009	0	0	0.63786840438842773	0.63786840438842773	0	1.7141192192785779	-1	1	0	0.61624324321746826	0.61624324321746826	656	0	0
1	18	18	215624	164385	0	108905	0	0	0.63786840438842773	0.63786840438842773	0	1.5552187044894996	-1	1	0	0.64401775598526001	0.64401775598526001	517	0	0
1	19	17	268873	215624	0	96237	0	0	0.63786840438842773	0.63786840438842773	0	1.5607164003052352	-1	1	0	0.64297854900360107	0.64297854900360107	386	0	0
1	20	16	346864	268873	0	78477	0	0	0.63786840438842773	0.63786840438842773	0	1.4670600229391568	-1	1	0	0.66153085231781006	0.66153085231781006	313	0	0
1	21	15	481567	346864	0	57371	0	0	0.63786840438842773	0.63786840438842773	0	1.3623709702837943	-1	1	0	0.68457597494125366	0.68457597494125366	260	0	0
1	22	14	640556	481567	0	44337	0	0	0.63786840438842773	0.63786840438842773	0	1.4579291751608889	-1	1	0	0.66343992948532104	0.66343992948532104	185	0	0
1	23	13	893057	640556	0	31285	0	0	0.63786840438842773	0.63786840438842773	0	1.3522177722839479	-1	1	0	0.68695127964019775	0.68695127964019775	150	0	0
1	24	12	965710	893057	0	21165	0	0	0.63786840438842773	0.63786840438842773	0	1.3491263143979091	-1	1	0	0.68767964839935303	0.68767964839935303	109	0	0
1	25	11	1071467	965710	0	14355	0	0	0.63786840438842773	0.63786840438842773	0	1.3629200081345969	-1	1	0	0.6844482421875	0.6844482421875	84	0	0
1	26	10	1093696	1071467	0	8841	0	0	0.63786840438842773	0.63786840438842773	0	1.2764610777146521	-1	1	0	0.70551186800003052	0.70551186800003052	67	0	0
1	27	9	1104007	1093696	0	5343	0	0	0.63786840438842773	0.63786840438842773	0	1.2715885766448463	-1	1	0	0.70675766468048096	0.70675766468048096	48	0	0
1	28	8	1106132	1104007	0	2995	0	0	0.63786840438842773	0.63786840438842773	0	1.1895591605930904	-1	1	0	0.7287219762802124	0.7287219762802124	33	0	0
1	29	7	1107373	1106132	0	1563	0	0	0.63786840438842773	0.63786840438842773	0	1.1602812567697469	-1	1	0	0.73702692985534668	0.73702692985534668	28	0	0
1	30	6	1107672	1107373	0	747	0	0	0.63786840438842773	0.63786840438842773	0	1.0950071274381843	-1	1	0	0.75645196437835693	0.75645196437835693	21	0	0
1	31	5	1107779	1107672	0	365	0	0	0.63786840438842773	0.63786840438842773	0	1.1027450829166348	-1	1	0	0.75408303737640381	0.75408303737640381	16	0	0
1	32	4	1107824	1107779	0	175	0	0	0.63786840438842773	0.63786840438842773	0	1.0379721163966438	-1	1	0	0.77446317672729492	0.77446317672729492	9	0	0
1	33	3	1107845	1107824	0	83	0	0	0.63786840438842773	0.63786840438842773	0	1.0304539108398183	-1	1	0	0.77690929174423218	0.77690929174423218	6	0	0
1	34	2	1107892	1107845	0	27	0	0	0.63786840438842773	0.63786840438842773	0	0.93449509151505528	0	0	0	1	1	5	0	0
1	35	1	1107897	1107892	0	7	0	0	0.63786840438842773	0.63786840438842773	0	0.91254079949719991	0	0	0	1	1	4	0	0
1	36	0	1107916	1107897	1	3	0	0.63786840438842773	0.63786840438842773	0.63786840438842773	0	1.000000000002	-1	1	0.99999999999800004	0.10650698095560074	0.10650698095560074	1	0	0
