[phase 0]
score=0.2359615849024306
squared_norm=2302447
coefficients=[1 2 0 0 1 1 1 0 -1 0 0 0 0 0 -1 0 0 0 0 0 0 1 0 0 0 0 0 0 1 0 0 -1 0 0]
vector=[-201 -253 -101 -39 87 149 -382 -151 -376 179 -225 -106 7 32 -488 248 485 -252 251 -525 17 -56 -257 111 264 299 399 50 -214 478 -130 -326 16 119]

[phase 1]
score=0
squared_norm=2302447
coefficients=[1 0 0 0 0 0 0 0 0 0 0 0 0 0 0 0 0 0 0 0 0 0 0 0 0 0 0 0 0 0 0 0 0 0]
vector=[-201 -253 -101 -39 87 149 -382 -151 -376 179 -225 -106 7 32 -488 248 485 -252 251 -525 17 -56 -257 111 264 299 399 50 -214 478 -130 -326 16 119]

