[phase 0 initial]
[[-95 304 -164 285 -21 27 -48 533 80 28 13 71 293 -84 286 -30 -45 -366 10 450 -256 -284 528 -492 349 330 570 524 -364 -66 -688 -163 11 33 -600 221 -254 5]
[-76 510 -47 -196 -490 231 -400 496 -149 -169 300 -1 -346 515 -611 35 378 76 127 -229 -443 -547 399 -390 246 445 -125 701 122 -690 -21 -9 -278 -255 -332 131 -64 4]
[152 432 -261 -233 -453 740 507 385 -211 -37 348 -317 -704 233 -536 -274 1012 -94 97 25 -226 -207 285 406 504 -225 -70 177 352 395 -174 475 230 55 14 410 -80 4]
[97 -533 498 -173 -35 -32 -283 -67 -385 -149 140 263 145 382 241 -90 -316 -178 -151 -738 451 59 -117 608 -24 680 -701 -260 289 -934 57 -590 239 -70 468 -507 350 -12]
[39 -661 -227 163 -14 97 170 -340 -201 -364 -54 496 -236 -337 -273 -182 443 73 -132 32 -736 734 46 -207 -24 -1002 19 -247 158 812 714 128 -16 -198 -101 -214 -31 0]
[70 -309 -174 329 423 161 -399 -495 -229 -190 -31 337 345 -336 272 -208 -129 772 -83 -552 -188 -549 -715 -201 22 -99 -371 218 324 -159 1091 -26 150 -455 131 -397 -80 7]
[66 -1068 22 -151 250 154 697 -425 12 -682 524 104 -437 232 -79 338 -254 -47 -502 219 303 788 -72 378 150 -476 373 -381 -380 215 126 158 76 44 313 -436 223 -13]
[-51 -416 933 -370 -160 -204 -386 434 -8 242 404 -127 -113 359 -95 676 -223 147 -88 -82 829 -501 372 180 81 742 551 251 221 -857 -87 98 46 203 109 -387 104 1]
[-318 -29 400 -246 16 -463 -62 215 404 -13 -242 -531 -627 699 -376 475 -261 46 647 88 476 64 -136 -58 386 166 269 -110 -289 -709 29 643 -310 -60 -152 -545 118 -23]
[-387 273 12 89 353 164 3 -72 -13 -711 -247 -21 499 4 242 247 -621 305 737 396 -468 -9 -146 -532 -71 -171 224 -168 -494 -389 -503 174 -317 -327 -316 -14 -323 -31]
[250 -682 239 677 84 199 159 155 -284 -88 440 -8 -321 149 -48 291 -67 -786 267 395 -702 574 145 102 591 313 359 250 -243 -1034 -164 -235 7 -250 -208 -518 81 -16]
[-17 -276 151 156 -256 31 -10 -51 -246 123 106 293 490 -849 -529 605 -203 86 -103 117 -537 663 -225 -72 -120 -488 208 118 -52 -119 -104 440 -412 389 170 158 -101 -19]
[-211 -559 45 309 638 -497 300 11 -306 381 404 553 667 -471 245 336 -68 475 233 142 -138 166 158 -685 -445 -438 663 331 20 163 209 93 -308 -17 6 51 -530 12]
[2 352 125 181 -339 406 -428 505 -406 68 -7 785 -132 -164 -37 6 -208 59 -518 89 -555 226 159 -83 521 167 -399 276 101 5 -972 -453 447 -6 79 309 147 -26]
[329 217 29 -1 -341 -123 -530 399 675 -186 447 68 -553 164 -89 617 -4 506 -659 -43 -292 -882 58 105 -92 286 -274 391 -62 22 527 -201 151 -249 456 -136 -53 36]
[-319 -392 -185 -75 433 196 182 73 294 280 344 -218 -779 414 326 -454 298 296 89 287 686 -101 -371 238 96 -344 274 786 504 450 46 -52 170 -174 23 -61 150 6]
[-412 -317 57 -13 -152 45 -908 147 -130 -146 -162 456 290 -818 7 -213 237 254 -465 -370 -50 -193 -283 257 167 247 -711 267 118 -113 -295 -634 645 -431 -38 38 524 20]
[5 -326 198 63 28 240 128 -147 176 -1099 298 285 661 -339 82 82 -24 225 -741 319 183 -180 -293 237 -321 -208 -854 -124 20 -179 -120 67 -32 -107 268 -102 285 2]
[-17 68 220 113 392 -297 465 87 222 -594 287 361 -408 491 261 -691 -309 -281 -73 537 12 -62 -7 -190 609 179 -94 564 -676 -53 -423 -489 416 -174 -547 -472 522 -50]
[324 110 174 456 618 -212 704 -309 -79 291 205 -605 -208 -92 -948 -59 332 112 546 152 636 -452 -307 190 -165 -668 362 -438 -272 106 586 800 18 -210 -137 -239 22 -16]
[-436 230 -546 61 -604 218 -397 -433 342 -657 100 627 -646 -66 -264 -162 207 110 -810 115 -316 145 156 -329 384 -83 -322 762 271 -106 181 433 -276 79 -27 -69 90 -11]
[-230 -431 -288 510 -204 -387 -541 -209 -5 -786 -120 195 11 -243 -479 32 -146 19 -286 -723 381 -338 -20 44 475 42 -38 -308 -101 -532 305 153 350 145 -260 -516 544 132]
[556 -502 90 -145 -342 890 77 123 -248 -755 530 215 -38 431 684 -125 441 209 -353 302 -306 -663 64 -187 230 -279 188 464 491 399 -80 -209 28 -118 27 -313 415 44]
[-52 304 107 68 157 427 193 295 -120 -16 -209 -736 -359 773 -127 -21 497 -64 365 120 -59 -12 -216 1002 -467 -504 -428 -204 171 -457 0 401 104 -438 261 28 -440 -103]
[-159 -42 79 -97 561 136 -220 -649 92 -681 780 -78 343 445 140 -191 -63 146 -85 -204 138 -33 -480 271 -406 -10 108 507 -122 -648 527 -757 99 -114 -246 -134 440 -106]
[309 407 477 -276 -293 555 359 -300 -272 381 133 -131 -119 75 -374 -47 -14 396 -645 -108 396 58 -312 561 497 -565 339 -384 -68 332 -85 641 507 235 81 -603 461 -121]
[-122 -316 283 -376 -217 467 -887 -470 -103 430 17 284 81 705 180 102 -255 200 549 -293 -155 442 -530 -261 -108 20 -484 -66 551 -600 69 -304 -555 -285 -5 -161 -49 129]
[-74 946 148 -250 196 292 454 -411 73 -335 27 -546 -191 164 -637 -115 356 -234 113 -10 304 -112 185 -220 152 346 -222 -58 -156 323 326 -189 40 -395 -330 30 7 -47]
[-150 -127 -324 335 120 -15 -338 155 6 -294 138 188 -48 63 245 -830 -217 248 334 -277 22 -231 5 -157 170 -163 -64 314 242 28 45 -233 147 -50 165 -867 -71 -292]
[128 -133 -1 110 -552 -200 93 356 140 848 -497 -581 388 -164 342 270 675 -516 424 143 86 794 35 719 398 268 347 -470 -183 4 -434 319 43 93 -81 396 177 217]
[-430 180 -81 -353 -292 -806 20 130 -20 -403 -419 -303 430 -19 295 -422 -53 -88 506 223 477 -319 560 553 -122 211 59 -366 -35 -291 -1023 -90 172 161 73 310 75 -212]
[360 361 98 -219 -454 222 156 22 609 -70 388 -308 -383 246 264 -656 133 420 -403 120 57 -162 -690 253 -281 302 -826 -5 385 460 -71 55 -376 -4 579 -22 -15 -127]
[-258 23 -390 19 136 -268 -180 -256 175 -454 443 -9 -479 257 -111 -59 -731 -542 -232 204 -498 367 79 -436 -229 -412 837 191 -551 190 223 -412 -645 -529 -693 -69 253 -272]
[-108 189 -199 -227 362 723 575 -116 -389 -194 437 -632 -453 140 466 173 270 730 93 262 496 42 -268 242 103 -52 628 -295 85 297 -316 -47 272 239 54 206 -192 136]
[-146 438 -536 -380 -160 -132 471 -255 -80 561 -388 -358 -430 52 -61 -118 491 160 22 649 -12 154 -106 281 -358 -200 76 -358 -97 747 -129 261 -413 221 258 317 234 -143]
[137 1264 -886 105 -656 229 -489 307 370 -146 -517 -21 90 -44 -40 -85 245 -341 -132 -478 -128 -590 113 -340 860 793 -531 361 -58 -22 -95 230 463 281 563 344 -287 359]
[315 -378 -257 -477 -382 631 771 30 211 -562 105 -116 309 93 251 -498 -574 -13 -160 346 329 -142 -477 721 278 43 -270 -159 -574 19 190 -195 166 706 533 14 -282 -95]
[158 99 709 -184 592 463 -305 -136 -357 -417 362 151 275 -126 486 397 -761 579 -515 224 0 -706 393 20 366 859 -150 150 -16 -798 140 -204 -44 -15 196 -67 -238 -42]]
[phase 0 refreshed]
[[-303 171 -626 -177 338 526 -86 -610 -226 -394 111 220 89 439 -201 219 105 -285 136 -28 437 -179 -149 195 -31 234 -131 177 91 -201 -161 532 94 -248 14 -128 -37 -164]
[-95 304 -164 285 -21 27 -48 533 80 28 13 71 293 -84 286 -30 -45 -366 10 450 -256 -284 528 -492 349 330 570 524 -364 -66 -688 -163 11 33 -600 221 -254 5]
[-305 -348 105 -37 404 34 -599 -587 -298 335 -363 486 523 -286 121 340 201 -94 291 -68 670 -187 -58 180 -370 5 191 -139 728 229 361 609 326 -32 41 -424 -123 -154]
[217 -120 461 -22 -51 170 70 418 -257 -349 148 -388 -793 243 -540 -172 794 58 682 -288 -177 113 1 232 399 -481 -114 -409 -311 -295 -9 -313 -115 -480 132 321 185 26]
[-76 510 -47 -196 -490 231 -400 496 -149 -169 300 -1 -346 515 -611 35 378 76 127 -229 -443 -547 399 -390 246 445 -125 701 122 -690 -21 -9 -278 -255 -332 131 -64 4]
[52 -121 -414 118 422 -176 -243 -438 126 154 18 -93 -644 63 -688 164 824 -260 135 1 503 91 -170 -55 -41 -531 302 19 -367 432 450 160 -173 -386 -20 304 201 -99]
[-54 350 80 -230 -366 181 574 -28 179 -33 -171 -241 206 -361 161 -44 -463 804 6 287 -698 134 -241 -61 -284 -479 -171 -283 442 568 181 593 -77 423 152 -18 -297 106]
[-12 -1077 706 -207 -174 -107 -216 94 -209 -122 350 369 -349 22 -368 494 220 220 -220 -50 93 233 418 -27 57 -260 570 4 379 -45 627 226 30 5 8 -601 73 1]
[53 187 -599 482 104 199 55 32 -297 -363 -251 461 551 -61 622 -796 -138 -691 -53 -206 -634 276 39 -64 244 268 -682 13 -296 -143 -544 -851 204 -240 -241 101 -8 -8]
[-265 158 -199 236 120 -264 -7 247 107 -376 -493 -70 -76 638 246 -321 -399 -645 594 -118 -158 340 -97 -122 630 434 -413 -97 -585 -852 -515 -208 -106 -300 -393 -444 110 -31]
[387 -273 -12 -89 -353 -164 -3 72 13 711 247 21 -499 -4 -242 -247 621 -305 -737 -396 468 9 146 532 71 171 -224 168 494 389 503 -174 317 327 316 14 323 31]
[-182 261 189 72 -151 60 -97 -171 435 -473 2 -256 -857 -1 80 -187 180 19 -123 24 686 71 -288 500 561 -7 -330 -101 -320 -523 -521 1 -97 52 538 335 370 11]
[-446 -153 -712 49 377 -218 778 -308 -233 289 98 483 387 241 209 -57 -204 44 232 -113 -89 470 -183 -141 -59 -78 -276 296 462 67 217 836 -80 185 95 -525 -431 -46]
[-87 125 -185 -64 -33 -106 -335 177 243 413 -173 -38 119 401 -922 -311 -122 -660 175 -213 66 176 -276 398 513 515 -433 24 32 -482 417 -178 -295 18 -194 49 636 -329]
[121 391 -429 -40 970 84 309 -40 -71 429 504 326 299 174 306 606 -40 223 -471 443 800 -263 -267 -65 -524 125 363 446 -590 559 -52 -39 -8 -204 101 -224 -662 -149]
[-187 -221 -288 312 420 461 -530 -829 -646 -498 -301 106 -652 -1 -144 -142 504 334 -96 404 142 -361 -1 -34 -675 -494 -35 -138 308 188 -112 -41 300 -694 92 596 144 25]
[499 -64 93 144 -158 -111 216 -69 -31 180 -463 -789 -418 91 318 -224 -170 -296 -799 246 468 84 -442 867 -622 316 -536 -306 -270 -234 194 -354 31 175 207 -436 33 134]
[192 -516 125 367 -456 -291 315 91 -369 45 33 282 -204 -616 397 348 141 -204 -421 -184 -293 836 100 -60 68 -398 4 165 -175 -100 -533 236 94 398 287 -321 -304 310]
[294 417 -505 527 -33 121 15 -837 548 -71 68 -99 -573 -429 446 143 43 -192 185 137 -692 356 -263 -441 330 -434 72 -76 -187 558 -303 82 386 -122 199 309 176 200]
[-58 855 948 39 -57 557 -293 -127 184 -64 -547 -147 -161 133 113 -341 -133 -320 540 916 37 -377 67 71 104 255 -170 81 148 -590 -359 485 -135 -407 -331 -439 -215 -199]
[-343 -482 -536 370 -178 67 275 -24 259 -872 13 129 -530 314 -30 -64 308 -342 745 -236 -734 48 123 354 844 -279 -463 -168 284 -342 -41 739 347 -300 328 -154 136 2]
[316 337 -263 -68 -415 366 533 -51 -135 -552 -153 -391 -264 -445 151 -230 -276 -21 -330 547 -167 -120 -87 -261 278 424 46 -93 -583 229 -483 -106 -160 341 -356 -68 70 210]
[305 109 798 -127 -248 -368 160 69 -304 84 120 -63 339 -696 -308 154 -362 301 446 -527 104 221 -92 -420 -679 101 -509 -289 318 -279 14 -80 -303 448 148 57 -329 361]
[234 -343 -103 183 219 -610 -272 276 138 607 -107 333 85 66 302 10 -230 -224 -364 116 -213 535 191 -322 -467 14 -76 -371 -268 139 -65 -140 602 -97 -637 -484 -263 185]
[-150 181 -298 -284 148 142 227 -346 -142 -44 244 235 527 386 280 -225 -223 595 -17 331 -67 -201 -391 15 -74 188 -369 -331 -14 119 54 -208 -152 413 -173 327 -39 80]
[-439 -64 -389 61 -84 314 431 -436 -260 223 398 -461 606 296 -213 603 -205 253 -66 -164 -36 -149 -258 130 -594 -12 -150 89 122 -98 -104 689 -247 774 604 -120 -144 67]
[433 372 769 -114 7 100 94 144 -205 -610 -52 -77 -356 -332 -229 368 618 215 188 50 -355 22 -147 76 -124 -450 -429 -53 -300 90 203 390 321 -38 74 219 -560 139]
[-224 -12 -199 -113 -107 124 -157 -580 -113 76 588 214 -335 387 -239 425 647 412 -199 -312 500 -455 42 176 207 396 -355 -328 310 208 523 -456 23 -307 339 -422 233 112]
[433 489 -325 74 423 -263 23 516 -336 283 664 109 -336 385 -165 -412 145 388 89 -508 -72 -763 -41 55 -64 443 21 379 -129 -575 120 -476 226 -160 282 335 426 -222]
[317 234 420 -538 -549 280 114 -355 -2 -823 545 -240 -274 -177 -427 117 209 321 111 365 47 -738 451 153 451 -346 603 295 -216 -88 -690 654 354 -325 155 153 71 -178]
[-68 -180 -98 279 525 432 -834 -108 57 -256 -346 302 292 -386 -441 -137 556 234 572 483 207 -406 -57 -152 -409 157 -67 -336 107 919 491 78 98 -293 -2 896 296 -85]
[-475 1044 42 54 64 230 -462 -14 100 209 -545 34 -455 157 92 449 -34 122 -4 319 268 -246 -681 -247 -455 402 -541 577 203 -38 -206 607 67 487 -402 -360 -8 283]
[304 184 466 152 -732 -42 87 122 223 -548 -519 -490 -216 -307 115 -597 -313 140 -153 24 -612 -424 160 -869 418 -353 106 417 -547 -311 -251 386 -189 -141 -591 -23 -64 319]
[-154 165 -298 -418 -456 271 -291 -613 -518 92 -461 117 580 -183 -342 236 -126 -210 17 -138 -425 -513 79 83 -938 12 -256 550 224 731 66 151 181 75 -276 163 -605 208]
[-383 98 -618 -13 366 513 981 237 -737 -232 654 249 313 463 -23 233 12 -40 -549 286 -244 16 -246 245 -26 186 130 -331 270 282 -909 241 151 560 -244 117 -140 -200]
[-237 539 -265 -117 -237 -10 -481 -276 771 470 -433 499 922 -71 80 -82 -100 -103 35 556 -262 -333 -160 -694 -415 286 463 261 118 482 560 218 -361 -239 -301 202 -228 -408]
[246 -278 666 -161 -36 -225 303 374 -137 599 484 -50 628 -48 58 -203 310 -241 -449 -308 453 522 -15 184 189 184 -33 211 315 22 -77 -218 -271 493 268 -33 201 514]
[108 55 -212 339 255 -160 -202 -175 -387 -185 171 25 219 -105 279 -450 211 -72 -242 277 -200 373 241 -421 -371 -897 16 -157 -718 470 204 -114 -97 211 -199 798 106 15]]
[phase 1 initial]
[[-303 171 -626 -177 338 526 -86 -610 -226 -394 111 220 89 439 -201 219 105 -285 136 -28 437 -179 -149 195 -31 234 -131 177 91 -201 -161 532 94 -248 14 -128 -37 -164]
[-95 304 -164 285 -21 27 -48 533 80 28 13 71 293 -84 286 -30 -45 -366 10 450 -256 -284 528 -492 349 330 570 524 -364 -66 -688 -163 11 33 -600 221 -254 5]
[-305 -348 105 -37 404 34 -599 -587 -298 335 -363 486 523 -286 121 340 201 -94 291 -68 670 -187 -58 180 -370 5 191 -139 728 229 361 609 326 -32 41 -424 -123 -154]
[217 -120 461 -22 -51 170 70 418 -257 -349 148 -388 -793 243 -540 -172 794 58 682 -288 -177 113 1 232 399 -481 -114 -409 -311 -295 -9 -313 -115 -480 132 321 185 26]
[-76 510 -47 -196 -490 231 -400 496 -149 -169 300 -1 -346 515 -611 35 378 76 127 -229 -443 -547 399 -390 246 445 -125 701 122 -690 -21 -9 -278 -255 -332 131 -64 4]
[52 -121 -414 118 422 -176 -243 -438 126 154 18 -93 -644 63 -688 164 824 -260 135 1 503 91 -170 -55 -41 -531 302 19 -367 432 450 160 -173 -386 -20 304 201 -99]
[-54 350 80 -230 -366 181 574 -28 179 -33 -171 -241 206 -361 161 -44 -463 804 6 287 -698 134 -241 -61 -284 -479 -171 -283 442 568 181 593 -77 423 152 -18 -297 106]
[-12 -1077 706 -207 -174 -107 -216 94 -209 -122 350 369 -349 22 -368 494 220 220 -220 -50 93 233 418 -27 57 -260 570 4 379 -45 627 226 30 5 8 -601 73 1]
[53 187 -599 482 104 199 55 32 -297 -363 -251 461 551 -61 622 -796 -138 -691 -53 -206 -634 276 39 -64 244 268 -682 13 -296 -143 -544 -851 204 -240 -241 101 -8 -8]
[-265 158 -199 236 120 -264 -7 247 107 -376 -493 -70 -76 638 246 -321 -399 -645 594 -118 -158 340 -97 -122 630 434 -413 -97 -585 -852 -515 -208 -106 -300 -393 -444 110 -31]
[387 -273 -12 -89 -353 -164 -3 72 13 711 247 21 -499 -4 -242 -247 621 -305 -737 -396 468 9 146 532 71 171 -224 168 494 389 503 -174 317 327 316 14 323 31]
[-182 261 189 72 -151 60 -97 -171 435 -473 2 -256 -857 -1 80 -187 180 19 -123 24 686 71 -288 500 561 -7 -330 -101 -320 -523 -521 1 -97 52 538 335 370 11]
[-446 -153 -712 49 377 -218 778 -308 -233 289 98 483 387 241 209 -57 -204 44 232 -113 -89 470 -183 -141 -59 -78 -276 296 462 67 217 836 -80 185 95 -525 -431 -46]
[-87 125 -185 -64 -33 -106 -335 177 243 413 -173 -38 119 401 -922 -311 -122 -660 175 -213 66 176 -276 398 513 515 -433 24 32 -482 417 -178 -295 18 -194 49 636 -329]
[121 391 -429 -40 970 84 309 -40 -71 429 504 326 299 174 306 606 -40 223 -471 443 800 -263 -267 -65 -524 125 363 446 -590 559 -52 -39 -8 -204 101 -224 -662 -149]
[-187 -221 -288 312 420 461 -530 -829 -646 -498 -301 106 -652 -1 -144 -142 504 334 -96 404 142 -361 -1 -34 -675 -494 -35 -138 308 188 -112 -41 300 -694 92 596 144 25]
[499 -64 93 144 -158 -111 216 -69 -31 180 -463 -789 -418 91 318 -224 -170 -296 -799 246 468 84 -442 867 -622 316 -536 -306 -270 -234 194 -354 31 175 207 -436 33 134]
[192 -516 125 367 -456 -291 315 91 -369 45 33 282 -204 -616 397 348 141 -204 -421 -184 -293 836 100 -60 68 -398 4 165 -175 -100 -533 236 94 398 287 -321 -304 310]
[294 417 -505 527 -33 121 15 -837 548 -71 68 -99 -573 -429 446 143 43 -192 185 137 -692 356 -263 -441 330 -434 72 -76 -187 558 -303 82 386 -122 199 309 176 200]
[-58 855 948 39 -57 557 -293 -127 184 -64 -547 -147 -161 133 113 -341 -133 -320 540 916 37 -377 67 71 104 255 -170 81 148 -590 -359 485 -135 -407 -331 -439 -215 -199]
[-343 -482 -536 370 -178 67 275 -24 259 -872 13 129 -530 314 -30 -64 308 -342 745 -236 -734 48 123 354 844 -279 -463 -168 284 -342 -41 739 347 -300 328 -154 136 2]
[316 337 -263 -68 -415 366 533 -51 -135 -552 -153 -391 -264 -445 151 -230 -276 -21 -330 547 -167 -120 -87 -261 278 424 46 -93 -583 229 -483 -106 -160 341 -356 -68 70 210]
[305 109 798 -127 -248 -368 160 69 -304 84 120 -63 339 -696 -308 154 -362 301 446 -527 104 221 -92 -420 -679 101 -509 -289 318 -279 14 -80 -303 448 148 57 -329 361]
[234 -343 -103 183 219 -610 -272 276 138 607 -107 333 85 66 302 10 -230 -224 -364 116 -213 535 191 -322 -467 14 -76 -371 -268 139 -65 -140 602 -97 -637 -484 -263 185]
[-150 181 -298 -284 148 142 227 -346 -142 -44 244 235 527 386 280 -225 -223 595 -17 331 -67 -201 -391 15 -74 188 -369 -331 -14 119 54 -208 -152 413 -173 327 -39 80]
[-439 -64 -389 61 -84 314 431 -436 -260 223 398 -461 606 296 -213 603 -205 253 -66 -164 -36 -149 -258 130 -594 -12 -150 89 122 -98 -104 689 -247 774 604 -120 -144 67]
[433 372 769 -114 7 100 94 144 -205 -610 -52 -77 -356 -332 -229 368 618 215 188 50 -355 22 -147 76 -124 -450 -429 -53 -300 90 203 390 321 -38 74 219 -560 139]
[-224 -12 -199 -113 -107 124 -157 -580 -113 76 588 214 -335 387 -239 425 647 412 -199 -312 500 -455 42 176 207 396 -355 -328 310 208 523 -456 23 -307 339 -422 233 112]
[433 489 -325 74 423 -263 23 516 -336 283 664 109 -336 385 -165 -412 145 388 89 -508 -72 -763 -41 55 -64 443 21 379 -129 -575 120 -476 226 -160 282 335 426 -222]
[317 234 420 -538 -549 280 114 -355 -2 -823 545 -240 -274 -177 -427 117 209 321 111 365 47 -738 451 153 451 -346 603 295 -216 -88 -690 654 354 -325 155 153 71 -178]
[-68 -180 -98 279 525 432 -834 -108 57 -256 -346 302 292 -386 -441 -137 556 234 572 483 207 -406 -57 -152 -409 157 -67 -336 107 919 491 78 98 -293 -2 896 296 -85]
[-475 1044 42 54 64 230 -462 -14 100 209 -545 34 -455 157 92 449 -34 122 -4 319 268 -246 -681 -247 -455 402 -541 577 203 -38 -206 607 67 487 -402 -360 -8 283]
[304 184 466 152 -732 -42 87 122 223 -548 -519 -490 -216 -307 115 -597 -313 140 -153 24 -612 -424 160 -869 418 -353 106 417 -547 -311 -251 386 -189 -141 -591 -23 -64 319]
[-154 165 -298 -418 -456 271 -291 -613 -518 92 -461 117 580 -183 -342 236 -126 -210 17 -138 -425 -513 79 83 -938 12 -256 550 224 731 66 151 181 75 -276 163 -605 208]
[-383 98 -618 -13 366 513 981 237 -737 -232 654 249 313 463 -23 233 12 -40 -549 286 -244 16 -246 245 -26 186 130 -331 270 282 -909 241 151 560 -244 117 -140 -200]
[-237 539 -265 -117 -237 -10 -481 -276 771 470 -433 499 922 -71 80 -82 -100 -103 35 556 -262 -333 -160 -694 -415 286 463 261 118 482 560 218 -361 -239 -301 202 -228 -408]
[246 -278 666 -161 -36 -225 303 374 -137 599 484 -50 628 -48 58 -203 310 -241 -449 -308 453 522 -15 184 189 184 -33 211 315 22 -77 -218 -271 493 268 -33 201 514]
[108 55 -212 339 255 -160 -202 -175 -387 -185 171 25 219 -105 279 -450 211 -72 -242 277 -200 373 241 -421 -371 -897 16 -157 -718 470 204 -114 -97 211 -199 798 106 15]]
