[phase 0]
score=0.03230435187149735
squared_norm=2842493
coefficients=[2 -1 2 0 -1 3 2 2 -1 0 -1 1 -2 0 0 -1 -1 1 1 0 0 -1 -1 0 0 -1 1 0 1 0 0 -1 0 0 1 0 -1 -1]
vector=[-303 171 -626 -177 338 526 -86 -610 -226 -394 111 220 89 439 -201 219 105 -285 136 -28 437 -179 -149 195 -31 234 -131 177 91 -201 -161 532 94 -248 14 -128 -37 -164]

[phase 1]
score=0
squared_norm=2527776
coefficients=[0 0 0 0 0 0 0 0 0 0 0 0 0 0 0 0 0 0 0 0 0 0 0 0 1 0 0 0 0 0 0 0 0 0 0 0 0 0]
vector=[-150 181 -298 -284 148 142 227 -346 -142 -44 244 235 527 386 280 -225 -223 595 -17 331 -67 -201 -391 15 -74 188 -369 -331 -14 119 54 -208 -152 413 -173 327 -39 80]

