[phase 0]
score=4.267164956283388
squared_norm=2986298
coefficients=[-3 0 -1 1 0 0 -3 2 -2 0 -1 -2 -1 2 -2 0 0 1 -2 1 0 -1 0 0 1 -1 1 1 0 -1 0 -1 0 0 0 0 -1]
vector=[-312 -190 205 -553 140 -85 188 -335 172 -113 233 528 -506 -269 21 59 130 -260 202 79 500 282 -216 -311 -220 210 49 -133 31 251 -338 -533 -306 -123 379 -350 -262]

[phase 1]
score=1.879881308471169
squared_norm=2610702
coefficients=[0 0 0 0 0 0 0 0 0 0 0 0 0 0 0 0 0 0 0 0 0 0 0 0 0 0 0 -1 0 0 0 0 0 0 0 0 0]
vector=[58 15 -299 568 7 346 117 -42 452 -154 67 22 177 587 84 -300 -349 62 195 -93 541 -11 -382 -129 -265 -433 345 18 284 -144 45 -314 70 -34 182 310 109]

[phase 2]
score=0.6326838771560163
squared_norm=2610702
coefficients=[0 0 0 -1 0 0 1 0 1 1 0 -1 0 0 0 0 -1 0 0 0 0 0 0 0 0 -1 0 0 -1 0 0 0 0 0 0 0 0]
vector=[58 15 -299 568 7 346 117 -42 452 -154 67 22 177 587 84 -300 -349 62 195 -93 541 -11 -382 -129 -265 -433 345 18 284 -144 45 -314 70 -34 182 310 109]

