[phase 0]
score=4.289274208309379
squared_norm=2426162
coefficients=[4 3 2 2 0 0 1 1 3 1 1 1 0 1 0 0 0 0 -1 0 -1 1 1 0 1 0 -1 -1 0 0 0 0 0 0]
vector=[-87 -568 13 428 240 95 -123 -52 220 460 1 -213 -452 -168 144 211 302 131 -319 571 -229 442 -79 119 -212 -59 -358 -52 63 223 95 -380 182 33]

[phase 1]
score=0
squared_norm=2426162
coefficients=[1 0 0 0 0 0 0 0 0 0 0 0 0 0 0 0 0 0 0 0 0 0 0 0 0 0 0 0 0 0 0 0 0 0]
vector=[-87 -568 13 428 240 95 -123 -52 220 460 1 -213 -452 -168 144 211 302 131 -319 571 -229 442 -79 119 -212 -59 -358 -52 63 223 95 -380 182 33]

