phase	depth	k	node	parent	z_k	nodes_at_depth	parent_rho	rho	bound_r2	remaining	center	delta	legal_lo	legal_hi	offset	P	Ptheta	N	Q	M
0	1	33	1	0	0	7	0	0	0.65858078002929688	0.65858078002929688	0	2.8566906846321514	-2	2	0	0.38893262338340095	0.38893262338340095	1093190	8.585687160173833e-06	4.2892742083093793
0	2	32	3	1	0	31	0	0	0.65858078002929688	0.65858078002929688	0	2.8232900304306452	-2	2	0	0.3914167950877111	0.3914167950877111	564975	7.5919716948703555e-06	4.2892742083093793
0	3	31	16	3	0	105	0	0	0.65858078002929688	0.65858078002929688	0	2.6072562283265595	-2	2	0	0.40908261524017731	0.40908261524017731	311190	1.3783457721357946e-05	4.2892742083093793
0	4	30	45	16	0	347	0	0	0.65858078002929688	0.65858078002929688	0	2.6420386541302348	-2	2	0	0.40603668102676693	0.40603668102676693	166759	2.5721395596695708e-05	4.2892742083093793
0	5	29	90	45	0	993	0	0	0.65858078002929688	0.65858078002929688	0	2.5629520962284627	-2	2	0	0.41308540105819702	0.41308540105819702	89440	4.7957001434586081e-05	4.2892742083093793
0	6	28	215	90	0	2675	0	0	0.65858078002929688	0.65858078002929688	0	2.5620289039540278	-2	2	0	0.41317030787467957	0.41317030787467957	44875	9.5582712162883103e-05	4.2892742083093793
0	7	27	585	215	-1	6889	0	0.095124642685443045	0.65858078002929688	0.65858078002929688	0	2.6312251211761892	-2	2	-0.3800510993726709	0.19910454750061035	0.19910454750061035	10481	0.00040924284021652318	4.2892742083093793
0	8	26	3065	585	-1	16141	0.095124642685443045	0.14805978510652046	0.65858078002929688	0.5634561373438538	-0.27980552568052736	2.3496750148219343	-2	2	-0.30650812124077986	0.26298820972442627	0.26298820972442627	3632	0.0011809675683671199	4.2892742083093793
0	9	25	7651	3065	0	33141	0.14805978510652046	0.15332355997813535	0.65858078002929688	0.51052099492277647	-0.21135590845931401	2.0814814424531685	-2	1	0.10154109671533589	0.4433214871875078	0.4433214871875078	1967	0.0021806172894302893	4.2892742083093793
0	10	24	29606	7651	1	59537	0.15332355997813535	0.25809897077390792	0.65858078002929688	0.50525722005116158	0.12468407969955005	1.9221682770908339	-1	2	0.45537944348203707	0.23654288229750753	0.23654288229750753	544	0.0078846952358628299	4.2892742083093793
0	11	23	91200	29606	0	102148	0.25809897077390792	0.26550662709481143	0.65858078002929688	0.40048180925538895	-0.23214393289269253	1.7069009592338951	-1	1	0.1360031650558596	0.523263548564879	0.523263548564879	343	0.012505172618977782	4.2892742083093793
0	12	22	255342	91200	1	156130	0.26550662709481143	0.26612953804731532	0.65858078002929688	0.39307415293448544	0.93671893888932523	1.5896371838344245	0	2	0.03980849325506599	0.5919228196144104	0.5919228196144104	246	0.017436074017517803	4.2892742083093793
0	13	21	384530	255342	1	217539	0.26612953804731532	0.29549986919192728	0.65858078002929688	0.39245124198198156	0.5634513526050503	1.5957728773353639	-1	2	0.27356565185134779	0.40561368759264282	0.40561368759264282	131	0.032742551208468543	4.2892742083093793
0	14	20	586749	384530	-1	244946	0.29549986919192728	0.29905915289131951	0.65858078002929688	0.3630809108373696	-1.1361570357173374	1.375182994100437	-2	0	0.099010121781213073	0.60369646549224854	0.60369646549224854	102	0.042051707924601757	4.2892742083093793
0	15	19	843753	586749	0	233289	0.29905915289131951	0.29911085315012959	0.65858078002929688	0.35952162713797736	0.014435968450275848	1.2038214459648628	-1	1	-0.01199178540859556	0.68518964394361837	0.68518964394361837	85	0.050462049509522107	4.2892742083093793
0	16	18	1087247	843753	-1	230188	0.29911085315012959	0.2996850627687565	0.65858078002929688	0.35946992687916729	-1.0502678184333065	1.2577261419172856	-2	0	0.039967220810627237	0.65951193361747162	0.65951193361747162	70	0.061275345832991136	4.2892742083093793
0	17	17	1708045	1087247	0	217895	0.2996850627687565	0.33330784740016051	0.65858078002929688	0.35889571726054037	-0.37785653962531335	1.2345089464142669	-1	0	0.30607841338276959	0.58795350790023804	0.58795350790023804	42	0.10212557638831855	4.2892742083093793
0	18	16	1752670	1708045	0	185361	0.33330784740016051	0.34493127872593182	0.65858078002929688	0.32527293262913637	-0.20485810282103264	1.0837021426523756	-1	0	0.18903543211572849	0.74826568365097046	0.74826568365097046	33	0.12997800631240544	4.2892742083093793
0	19	15	1996519	1752670	0	161105	0.34493127872593182	0.34961793654006607	0.65858078002929688	0.31364950130336505	0.13625389939939023	1.1146528169178409	0	1	-0.12223886875928763	0.78672981262207031	0.78672981262207031	27	0.15886200771516221	4.2892742083093793
0	20	14	2208923	1996519	0	129492	0.34961793654006607	0.38470051507348346	0.65858078002929688	0.30896284348923081	0.35319418403303776	1.0481439145968146	0	1	-0.33697107726747577	0.63651049137115479	0.63651049137115479	19	0.22575127412154627	4.2892742083093793
0	21	13	2238173	2208923	1	95409	0.38470051507348346	0.38470145553083207	0.64082169532775879	0.25612118025427533	1.0017197904453199	0.89748815785486491	1	1	-0.0019162263371033188	1	1	18	0.2382930115727433	4.2892742083093793
0	22	12	2245347	2238173	0	67129	0.38470145553083207	0.41044104939512105	0.64082169532775879	0.25612023979692672	0.27799488792523924	0.87691583924835592	0	1	-0.31701433077491353	0.73354101181030273	0.73354101181030273	13	0.32994416986995223	4.2892742083093793
0	23	11	2255794	2245347	1	46125	0.41044104939512105	0.41208404347731276	0.64082169532775879	0.23038064593263771	1.0698492255613206	0.8271163228167191	1	1	-0.084449095773434985	1	1	12	0.35743951735911494	4.2892742083093793
0	24	10	2257483	2255794	1	27700	0.41208404347731276	0.41365928664388157	0.64082169532775879	0.22873765185044601	1.0607255196371184	0.73175595752623923	1	1	-0.082986026984195702	1	1	11	0.3899340189372163	4.2892742083093793
0	25	9	2257885	2257483	1	14730	0.41365928664388157	0.41685176876116836	0.64082169532775879	0.22716240868387724	0.92153492314054941	0.66188174068237138	1	1	0.11854848387048182	1	1	10	0.42892742083093793	4.2892742083093793
0	26	8	2259076	2257885	3	7168	0.41685176876116836	0.48063357683960334	0.64082169532775879	0.2239699265665904	2.6730903394350225	0.61259605440461773	3	3	0.53364636976433233	1	1	9	0.47658602314548659	4.2892742083093793
0	27	7	2260784	2259076	1	3402	0.48063357683960334	0.4955384134252292	0.64082169532775879	0.16018811848815542	1.152398266873526	0.49961051350387087	1	1	-0.30503414710936683	1	1	8	0.53615927603867242	4.2892742083093793
0	28	6	2261018	2260784	1	1468	0.4955384134252292	0.51958428698822645	0.64082169532775879	0.14528328190252957	1.1805911717432203	0.44389888812702055	1	1	-0.40682952035587111	1	1	7	0.61275345832991135	4.2892742083093793
0	29	5	2261492	2261018	0	614	0.51958428698822645	0.51966850035917	0.64082169532775879	0.12123740833953235	-0.01118476558193008	0.42437977902821578	0	0	0.026355557297150198	1	1	6	0.71487903471822989	4.2892742083093793
0	30	4	2261920	2261492	0	255	0.51966850035917	0.52039594705221659	0.64082169532775879	0.12115319496858881	-0.031328277083832436	0.40429964507635785	0	0	0.07748776795961726	1	1	5	0.85785484166187587	4.2892742083093793
0	31	3	2262017	2261920	2	113	0.52039594705221659	0.54013142928841162	0.64082169532775879	0.12042574827554217	2.1642120477044964	0.40564004485771982	2	2	-0.40482208249950863	1	1	4	1.0723185520773448	4.2892742083093793
0	32	2	2262078	2262017	2	56	0.54013142928841162	0.55912957616455394	0.64082169532775879	0.10069026603934718	2.1889369897650388	0.43496580432439186	2	2	-0.43437205381812466	1	1	3	1.4297580694364598	4.2892742083093793
0	33	1	2262135	2262078	3	25	0.55912957616455394	0.56430743361727131	0.64082169532775879	0.081692119163204874	3.0902879873545777	0.35862867211590149	3	3	-0.25175897627448601	1	1	2	2.1446371041546897	4.2892742083093793
0	34	0	2262163	2262135	4	10	0.56430743361727131	0.57844209671020508	0.64082169532775879	0.076514261710487447	3.864579167010799	0.31507500095983038	4	4	0.42980507046468602	1	1	1	4.2892742083093793	4.2892742083093793
1	1	33	1	0	0	5	0	0	2.3137683868408203	2.3137683868408203	0	2.677248219167454	-2	2	0	0.41728362441062927	0.41728362441062927	139068	0	0
1	2	32	3	1	0	19	0	0	2.3137683868408203	2.3137683868408203	0	2.6459456205133316	-2	2	0	0.42012405395507812	0.42012405395507812	81047	0	0
1	3	31	12	3	0	71	0	0	2.3137683868408203	2.3137683868408203	0	2.443481939347369	-2	2	0	0.44027560949325562	0.44027560949325562	50242	0	0
1	4	30	29	12	0	207	0	0	2.3137683868408203	2.3137683868408203	0	2.4760795138912881	-2	2	0	0.4368073046207428	0.4368073046207428	30181	0	0
1	5	29	70	29	0	561	0	0	2.3137683868408203	2.3137683868408203	0	2.4019607626237289	-2	2	0	0.44482928514480591	0.44482928514480591	18300	0	0
1	6	28	159	70	0	1287	0	0	2.3137683868408203	2.3137683868408203	0	2.3743021968802491	-2	2	0	0.44795036315917969	0.44795036315917969	11005	0	0
1	7	27	354	159	0	2521	0	0	2.3137683868408203	2.3137683868408203	0	2.1794354176030759	-2	2	0	0.47213965654373169	0.47213965654373169	7080	0	0
1	8	26	805	354	0	4423	0	0	2.3137683868408203	2.3137683868408203	0	2.0476859663484266	-2	2	0	0.49099770188331604	0.49099770188331604	4763	0	0
1	9	25	1862	805	0	7261	0	0	2.3137683868408203	2.3137683868408203	0	2.0214232733445714	-2	2	0	0.49503308534622192	0.49503308534622192	3228	0	0
1	10	24	4123	1862	0	10409	0	0	2.3137683868408203	2.3137683868408203	0	1.8544755953773484	-1	1	0	0.59515672922134399	0.59515672922134399	2339	0	0
1	11	23	5857	4123	0	13755	0	0	2.3137683868408203	2.3137683868408203	0	1.790907203633116	-1	1	0	0.60434567928314209	0.60434567928314209	1702	0	0
1	12	22	9004	5857	0	18027	0	0	2.3137683868408203	2.3137683868408203	0	1.8467530053843364	-1	1	0	0.59624290466308594	0.59624290466308594	1191	0	0
1	13	21	13829	9004	0	21503	0	0	2.3137683868408203	2.3137683868408203	0	1.7461498480629412	-1	1	0	0.61116927862167358	0.61116927862167358	864	0	0
1	14	20	19788	13829	0	24569	0	0	2.3137683868408203	2.3137683868408203	0	1.731167623713826	-1	1	0	0.61352229118347168	0.61352229118347168	619	0	0
1	15	19	24265	19788	0	24433	0	0	2.3137683868408203	2.3137683868408203	0	1.55352308914447	-1	1	0	0.64433950185775757	0.64433950185775757	470	0	0
1	16	18	31216	24265	0	23013	0	0	2.3137683868408203	2.3137683868408203	0	1.5409859898700307	-1	1	0	0.64673614501953125	0.64673614501953125	345	0	0
1	17	17	42233	31216	0	20449	0	0	2.3137683868408203	2.3137683868408203	0	1.4864494059158229	-1	1	0	0.65753775835037231	0.65753775835037231	264	0	0
1	18	16	56316	42233	0	18565	0	0	2.3137683868408203	2.3137683868408203	0	1.5614296004041548	-1	1	0	0.64284420013427734	0.64284420013427734	191	0	0
1	19	15	80347	56316	0	14659	0	0	2.3137683868408203	2.3137683868408203	0	1.4072052256194048	-1	1	0	0.67439031600952148	0.67439031600952148	148	0	0
1	20	14	112386	80347	0	11735	0	0	2.3137683868408203	2.3137683868408203	0	1.4232954739912418	-1	1	0	0.67085230350494385	0.67085230350494385	109	0	0
1	21	13	171857	112386	0	8039	0	0	2.3137683868408203	2.3137683868408203	0	1.272195334092485	-1	1	0	0.70660221576690674	0.70660221576690674	82	0	0
1	22	12	211608	171857	0	5215	0	0	2.3137683868408203	2.3137683868408203	0	1.2039007728750049	-1	1	0	0.72474443912506104	0.72474443912506104	69	0	0
1	23	11	229829	211608	0	3059	0	0	2.3137683868408203	2.3137683868408203	0	1.1583740412893322	-1	1	0	0.73757660388946533	0.73757660388946533	60	0	0
1	24	10	235748	229829	0	1773	0	0	2.3137683868408203	2.3137683868408203	0	1.1613820352343536	-1	1	0	0.73671013116836548	0.73671013116836548	49	0	0
1	25	9	236853	235748	0	1021	0	0	2.3137683868408203	2.3137683868408203	0	1.1650200459753246	-1	1	0	0.73566573858261108	0.73566573858261108	42	0	0
1	26	8	237372	236853	0	585	0	0	2.3137683868408203	2.3137683868408203	0	1.1477283689083977	-1	1	0	0.74066454172134399	0.74066454172134399	31	0	0
1	27	7	237461	237372	0	285	0	0	2.3137683868408203	2.3137683868408203	0	1.0841482018352124	-1	1	0	0.75980651378631592	0.75980651378631592	26	0	0
1	28	6	237622	237461	0	151	0	0	2.3137683868408203	2.3137683868408203	0	1.1103630944762146	-1	1	0	0.75176823139190674	0.75176823139190674	19	0	0
1	29	5	237699	237622	0	91	0	0	2.3137683868408203	2.3137683868408203	0	1.1134085530916544	-1	1	0	0.75084775686264038	0.75084775686264038	14	0	0
1	30	4	237740	237699	0	55	0	0	2.3137683868408203	2.3137683868408203	0	1.0458416520101479	-1	1	0	0.77192068099975586	0.77192068099975586	9	0	0
1	31	3	237759	237740	0	27	0	0	2.3137683868408203	2.3137683868408203	0	1.0607128385793689	-1	1	0	0.76716595888137817	0.76716595888137817	6	0	0
1	32	2	237772	237759	0	11	0	0	2.3137683868408203	2.3137683868408203	0	0.95870838481167209	0	0	0	1	1	5	0	0
1	33	1	237773	237772	0	1	0	0	2.3137683868408203	2.3137683868408203	0	0.87709120515429695	0	0	0	1	1	4	0	0
1	34	0	237780	237773	1	3	0	2.3137683868408203	2.3137683868408203	2.3137683868408203	0	1.000000000002	-1	1	0.99999999999800004	0.10650698095560074	0.10650698095560074	1	0	0
