[[254 -452 -365 -225 -494 369 -117 -454 192 202 -334 -385 8 -307 42 -189 367 -52 -106 177 -310 -187 -33 72 -336 991 -279 335 230 244 -212 25 266 -7]
[-98 173 45 -115 681 -187 -187 326 -430 -97 -63 622 -211 92 -760 -102 -404 404 -105 -585 225 85 -38 -623 -339 -211 -267 97 -183 -446 58 -1 -38 -5]
[217 538 204 54 405 -4 735 273 945 259 13 386 718 186 337 -227 196 -229 430 269 -195 -371 156 98 282 -190 308 -565 -335 -136 53 149 101 0]
[-116 308 -545 161 -396 -119 -454 257 -156 268 80 57 147 229 687 -128 40 -531 554 64 435 145 -82 278 -250 511 -482 399 -459 -56 -270 113 387 3]
[167 -156 -906 308 -775 49 38 133 131 315 -246 -32 631 49 363 -149 22 -409 374 133 -414 95 873 127 -389 441 -178 -28 139 -530 -316 147 -198 1]
[151 -120 -51 -277 396 467 12 -269 -284 114 -319 -124 -118 -873 -574 642 -241 -429 -715 -156 -1 -239 -473 272 203 14 -64 -78 -225 -47 329 -586 -388 -3]
[-34 872 162 239 411 182 -606 607 179 -141 45 -78 155 116 206 581 183 -569 62 426 371 -489 -686 359 762 -599 -772 71 -547 -56 -435 -32 -126 7]
[97 450 229 172 381 -47 -786 704 -343 -1026 281 -52 -458 650 502 313 157 680 -256 -78 441 13 7 -224 -289 -161 -206 542 -18 79 347 -14 -252 7]
[-164 -51 -267 -381 -71 -598 -808 164 -444 442 -596 313 -402 -383 -555 341 559 -445 -49 -1 416 38 -220 120 -28 300 -839 -129 -132 332 286 42 -208 -1]
[-100 272 851 109 526 1050 185 184 -130 486 -25 272 262 -183 -623 -208 -771 -114 156 -221 -385 -670 -510 -21 422 -361 -196 -238 -682 60 -264 361 89 -5]
[-167 -165 -1383 -333 166 518 205 -68 -267 -378 3 313 128 -31 -36 -373 -132 -100 -539 -172 -113 -232 32 244 -720 420 452 557 379 -288 169 -741 205 -7]
[266 -342 378 -165 -632 503 251 -636 164 -754 143 -705 -365 257 173 582 194 591 -184 367 -321 728 -175 140 56 -153 351 298 -80 -129 -217 243 -528 -7]
[-382 307 -653 -915 -471 -10 37 95 -444 353 -242 -327 -594 -8 -89 -338 231 -226 234 372 -88 38 -640 178 188 560 -287 62 -166 275 224 141 550 -5]
[401 -94 5 297 -287 -464 -273 -368 45 451 -762 126 234 -44 -384 73 222 -411 88 -659 427 -203 -86 -51 -163 229 68 -21 -7 498 420 -409 -136 -46]
[-452 159 816 -912 319 24 523 112 472 186 -203 295 -334 62 233 45 74 -178 -89 551 189 520 12 270 712 -270 91 -410 -100 316 435 75 16 -1]
[104 -215 333 140 -352 99 -179 207 -139 -141 61 -30 -15 -26 -747 605 136 668 -268 -264 -230 -14 -67 -382 -501 -883 -1 -119 117 -470 -537 127 -183 33]
[1055 -104 251 -274 -116 -273 624 12 61 -316 -65 272 245 -126 -40 473 370 198 25 -436 219 290 -578 228 -518 237 312 -234 -344 16 321 -567 -196 -15]
[769 -428 485 67 155 596 -142 263 548 -477 -308 121 -234 -283 -470 -479 -152 426 -134 75 -275 -439 86 -384 27 576 -566 -360 122 -75 -422 388 82 114]
[-197 -28 -86 550 741 -494 95 -385 330 691 -45 191 265 -398 33 294 -263 -459 138 -765 -278 40 207 189 -262 433 -19 -126 -401 -440 -215 -253 -32 -89]
[-101 505 -242 -190 647 564 104 668 -185 -716 159 -6 487 589 612 -280 -322 -114 1 383 62 -30 -189 -448 119 45 -568 142 329 -318 -152 216 366 151]
[282 105 55 -495 284 -582 280 -48 418 76 88 92 642 -503 -689 -149 328 603 -137 -138 -106 257 214 -790 -347 -39 -500 -720 529 -228 -24 60 -188 38]
[-171 6 151 -82 774 -209 254 -16 -20 -23 -4 418 -2 21 -187 9 -84 339 -225 334 713 413 -179 45 -96 342 -193 -62 -213 244 28 27 530 197]
[7 796 306 -645 483 -182 105 41 182 181 -307 199 338 -81 -423 258 151 -460 376 -64 -346 503 157 -300 8 -478 -333 -284 -414 -866 -420 41 -89 -315]
[196 -725 583 168 -98 -390 147 89 340 -147 -15 -790 327 549 204 698 341 243 34 -359 -358 -81 210 -262 285 -929 203 -119 445 -216 -304 -28 -429 -218]
[303 -194 -78 -287 -337 -125 -69 -317 -255 -109 -223 -611 20 347 -542 90 -21 -231 372 175 -423 200 -362 -588 -347 -488 -110 276 -212 -70 -231 236 35 -146]
[163 643 -262 -174 -131 -31 96 394 110 289 -582 -61 421 196 -165 22 185 -447 366 23 107 -185 -3 -461 -69 826 -538 202 488 -94 -1058 -475 785 93]
[42 686 -228 -597 160 95 34 232 631 84 354 59 163 -200 55 405 635 386 432 -13 126 -690 -257 98 161 17 108 192 -394 33 262 94 142 184]
[615 147 -104 9 -141 679 -162 -138 87 472 109 -436 441 12 122 -682 -428 -748 398 38 -16 -679 -353 350 4 606 177 -78 -314 474 116 -331 454 297]
[70 129 272 -273 3 -299 215 428 -266 290 662 700 -364 -203 158 -32 206 -340 -296 -11 272 -558 -430 53 475 -296 -222 -577 -43 126 191 183 389 -33]
[-329 -476 -174 -402 -92 1113 115 15 -7 168 -53 -73 -511 -200 -418 -134 -317 437 -245 274 -612 246 -188 -681 -402 280 15 197 265 -88 -239 -135 514 568]
[70 -721 257 184 507 200 -176 -16 349 279 -246 -441 -112 87 -318 -257 -235 113 -237 31 -449 54 127 -601 -60 893 -183 229 -76 180 -138 776 327 316]
[252 255 260 610 -174 -131 766 -29 159 677 55 -467 150 -382 137 5 -338 91 171 -186 -86 195 -105 89 270 -298 -82 -146 326 295 9 -728 -568 -186]
[-623 -416 0 -575 -568 220 136 -840 -364 -10 -182 -46 -361 -854 -237 -72 211 57 141 -322 -673 202 268 211 -299 402 79 -247 -19 84 173 429 -378 298]
[270 -222 548 91 289 216 505 -382 -296 110 43 -193 258 46 361 223 -191 217 -433 316 35 175 262 74 875 -534 -219 -129 354 134 -584 69 -161 80]]
