[[420 15 -349 297 271 -85 -29 449 490 392 -379 -407 266 130 -121 -140 147 -155 -296 -331 -438 259 -168 -8 -309 -479 181 -199 39 -9 -137 -450 3 71 272 -246 -2]
[-675 326 47 -631 -326 -283 -169 146 438 -252 295 189 -359 -172 239 -446 -297 262 152 -90 75 64 -444 -422 227 -92 188 -340 -296 -27 389 409 -52 -97 -9 431 187]
[9 188 -136 -24 181 -354 42 238 511 -59 -19 -13 -216 -354 -154 -516 -356 317 671 -366 50 527 -506 597 486 -52 -23 -248 320 34 -279 42 -171 -393 -185 244 1]
[185 189 58 61 766 371 -116 -19 356 372 -65 -190 -654 -62 198 -308 59 -89 -475 93 -267 82 368 243 -36 -111 -179 514 311 -568 -82 288 -8 -153 -265 -422 -21]
[-355 -34 -119 130 -123 -329 69 -75 465 -64 -230 -84 -150 253 15 101 -112 917 804 -280 71 624 -127 79 -252 -210 1080 -625 -91 0 -257 -430 204 96 -191 184 27]
[380 636 44 -145 -461 -251 -140 -87 308 92 -468 82 837 -286 296 373 842 -527 -326 -124 -195 -562 -569 -188 -269 -385 67 -186 -76 730 380 -49 -82 -25 750 -183 -3]
[396 -687 66 183 346 170 779 139 -586 90 -10 299 154 -123 -337 -628 -395 -212 26 617 75 72 -256 602 271 175 -852 243 278 -332 8 937 44 88 -843 15 -13]
[-204 -335 93 -100 181 68 678 -138 -445 16 21 -269 127 148 448 6 306 -92 -260 959 -199 -166 -145 -186 -454 -467 -366 -313 -134 -237 61 -405 159 -48 -104 -738 -34]
[105 -250 -43 -721 -499 -32 -156 -245 463 -144 -36 111 536 55 -52 36 -29 -275 348 -35 -89 -224 46 -439 527 191 -97 77 -18 876 127 710 -450 578 413 526 21]
[-246 363 495 157 17 -128 357 -749 257 324 43 423 -434 -335 347 -567 -289 197 -135 -105 272 -289 -264 556 -275 -236 -46 505 -370 -272 427 429 -187 -184 -251 -226 177]
[-665 828 343 170 -568 -63 -968 -709 217 11 301 658 68 457 241 448 -300 57 -49 -26 590 -151 -212 -149 -448 117 466 -149 -254 -49 394 -81 -166 106 217 407 202]
[246 46 -330 -540 -95 -187 -385 -308 588 -201 624 69 -487 233 542 554 -13 -311 -649 38 -284 -102 -162 -356 -223 -65 -135 180 -276 254 -139 -181 -648 138 351 -93 -11]
[20 -207 -774 317 475 120 -8 174 -245 32 219 64 83 408 32 566 281 -374 -543 715 -418 -84 -250 620 -699 42 533 -489 -79 -409 12 -555 390 327 152 -244 -34]
[114 -337 275 -237 -242 359 261 -96 -147 -210 -486 335 238 -24 -98 -553 16 -338 -316 -211 386 -160 -365 -454 501 159 -301 58 487 -439 -128 806 -23 -190 -125 363 22]
[324 -402 -99 -43 -63 -4 401 -4 561 143 -429 456 626 167 79 -109 170 323 340 -3 -460 66 -593 180 191 149 -219 196 423 -116 -263 231 -101 -337 162 125 47]
[-463 -528 -375 384 527 256 -222 -113 426 -2 86 -715 548 630 60 115 -182 -141 -83 165 -30 -148 391 -146 -112 455 94 79 321 -797 -183 -989 197 -18 329 -426 15]
[-263 -77 268 127 -313 -169 -14 119 -288 -618 34 -130 -530 267 -426 362 -311 170 529 -735 521 954 30 -115 77 -12 419 -254 175 -190 -240 -101 -45 141 -304 1142 -126]
[-22 1 55 -355 -198 -177 -298 -187 -6 7 633 -602 210 -50 -158 -328 -470 -409 -43 60 -322 -176 86 -331 205 373 -469 186 274 -105 -25 349 -96 11 228 506 39]
[-805 -49 344 -8 -161 -343 267 623 16 14 -413 13 -7 77 611 517 405 436 -72 -99 54 -80 64 -861 -166 145 48 -536 -134 42 459 -62 591 -243 -220 131 67]
[-183 235 -137 334 440 396 -150 -2 -650 31 -104 218 154 -150 -242 -308 510 375 179 512 424 168 -253 359 -42 -113 -415 141 150 -62 122 -324 -49 -714 -265 -350 -212]
[-196 -359 -501 284 -136 -619 -125 652 833 385 -71 107 438 -52 -412 -230 -363 -392 662 -379 -288 102 -414 493 115 -68 -181 -289 -437 399 222 208 -572 -65 429 406 394]
[371 318 -578 147 674 -326 -463 -97 113 92 654 204 145 -269 77 242 611 -341 -9 104 -467 -263 -509 407 -150 442 -597 -165 156 172 91 -5 4 -683 137 -633 -59]
[369 328 370 -357 177 365 -107 134 -2 761 -760 -548 -284 486 148 -285 166 -513 -425 -123 -114 -240 528 -714 140 -366 238 -242 81 -111 -419 659 93 35 319 -437 -155]
[-508 -205 -536 120 397 223 -73 358 -672 -277 -45 -394 -106 -274 138 51 175 -717 -290 -493 31 -297 -203 -344 -218 -635 35 -186 129 -130 120 -847 -219 -230 598 -127 -131]
[463 74 87 231 -292 -6 -380 -572 154 -144 -236 535 208 245 -364 415 -334 419 517 -413 -190 -6 -649 554 -606 11 708 -326 485 0 -358 -317 -81 -158 82 -635 48]
[593 -582 38 -212 242 -32 470 -178 101 280 -405 -513 -23 190 -483 -470 -600 97 -9 18 98 88 74 433 302 -83 -112 116 344 -298 307 465 -37 670 57 -80 -142]
[-110 -471 -730 -50 -460 -452 -134 321 319 1 -264 143 92 476 318 184 333 496 -228 657 -639 284 -185 126 -323 -486 127 -788 -214 588 184 36 50 590 185 200 197]
[-378 26 165 -313 -126 -74 -12 333 123 6 64 -11 -360 -366 -26 -205 -486 -182 -44 -213 605 -266 -100 -641 -75 745 -519 90 -542 486 363 213 -39 -216 67 -199 133]
[-116 514 188 263 -758 37 -279 -116 0 457 -415 126 560 18 15 262 416 -294 -87 -704 211 31 -552 -646 153 -218 89 22 -221 -105 765 292 -545 -480 667 581 102]
[224 559 12 487 229 116 -468 -148 30 298 -130 -214 -41 -494 -184 -181 612 47 597 349 -547 5 407 -444 51 10 599 67 107 -127 -45 150 148 -60 -118 -309 -105]
[-468 692 836 173 -464 188 -41 -140 206 -192 137 224 102 -177 -78 320 -346 18 96 -107 363 81 204 -185 58 -97 23 157 57 216 741 -334 -134 -449 298 -86 -181]
[-76 -7 -31 -585 -74 5 500 55 5 -66 -151 -304 186 -494 415 -70 489 -113 -42 31 35 -355 -394 -521 145 -455 -538 112 -18 0 376 -367 427 -187 47 382 349]
[188 106 -244 -34 310 -447 82 56 253 320 -94 410 147 233 -139 -320 106 -276 -37 207 429 -14 -671 582 -12 203 -65 -7 135 -842 299 282 -516 -182 -333 -372 246]
[-507 684 -54 248 310 114 -209 113 53 -61 277 -240 135 -157 -113 -144 15 273 676 -137 94 200 -1 -77 -209 -392 299 -586 -455 263 248 -834 -130 170 546 -124 501]
[0 -530 -266 316 175 267 50 -65 749 183 45 -581 -178 298 129 -529 -72 -123 -94 -473 179 466 -103 506 246 -47 191 -74 413 147 -449 -373 -117 622 -224 887 161]
[142 -844 5 293 -117 -74 120 363 367 -259 -261 -294 130 370 264 -102 -92 53 276 -287 -97 603 339 -341 -41 -363 667 188 -191 -129 -395 -272 1 135 876 320 237]
[577 183 223 -316 220 427 -363 59 314 184 65 374 297 507 441 297 286 58 182 474 -683 -418 626 -375 -162 159 -135 87 -325 -111 -121 519 132 323 -314 -473 -535]]
