[[42 -193 290 409 581 -420 177 10 -118 -231 23 -519 543 -368 -325 248 147 -227 -567 195 278 157 -166 -37 195 -25 -465 30 355 80 -364 3]
[51 163 -591 80 148 -159 -560 -47 120 223 161 -649 90 -74 -266 150 247 306 -296 570 150 598 -352 306 150 -128 -355 252 -423 -66 38 -98]
[-49 46 439 416 -334 -113 116 146 -375 -366 -41 -414 214 -256 62 214 -533 -40 -503 -196 269 -682 198 190 180 357 163 153 49 655 -456 97]
[4 -226 557 601 512 354 276 223 -423 275 230 143 59 -217 -61 240 -111 309 321 53 126 367 -661 -122 123 -93 40 -663 121 178 -136 17]
[207 -519 303 -458 48 298 169 -220 56 -350 -2 -301 177 -404 356 -518 -167 -616 -458 176 400 -36 670 -5 -245 79 78 191 72 566 -126 83]
[-258 -108 -76 -254 248 181 -121 111 263 166 186 65 -575 261 792 -778 391 -642 183 -11 -314 -259 437 18 -275 -84 129 328 -131 -129 -325 58]
[-688 532 -247 417 -250 81 184 149 -340 585 213 -529 -727 -115 -388 -88 -81 444 421 -180 -321 -144 -654 333 110 333 417 336 -170 170 -393 16]
[-14 296 -302 -32 -174 -198 -292 143 464 -125 -397 -603 -175 608 434 372 -175 -276 -298 75 -632 275 -11 18 -66 -113 73 126 -561 158 -434 144]
[-84 -25 -314 23 -62 35 -14 -26 553 -192 -76 -825 -148 -364 79 107 94 -77 -458 -153 16 -87 603 -282 -534 -298 442 492 -621 250 -376 118]
[273 219 94 608 -115 -219 679 175 167 320 -46 -97 -24 -9 -401 688 -90 106 -616 -639 467 -193 -85 -183 96 686 291 299 171 207 37 -28]
[132 -151 -210 -25 105 269 -577 72 -621 -223 314 -945 348 -227 177 115 44 186 -51 434 -162 454 788 -65 -180 -43 -334 65 -417 155 -291 61]
[222 68 392 -71 -156 -200 400 -229 -143 280 -119 297 589 198 492 179 -637 613 329 -445 82 -197 -497 156 -67 -3 -150 -400 -117 65 36 4]
[-48 251 -260 27 -143 -386 45 199 -122 -132 550 -5 111 399 97 -228 441 624 313 -615 -552 -455 150 233 -605 153 141 232 -417 -329 304 -120]
[-363 -286 6 -578 -238 -162 212 -251 -485 -201 -553 165 -358 -221 -299 -240 -347 -648 -475 99 616 -135 232 -171 133 -39 631 137 493 186 -12 82]
[43 -88 315 -54 57 386 612 146 -522 432 557 438 40 121 80 -103 -103 451 -229 -666 204 60 648 -176 -425 -210 66 -329 -223 134 490 -93]
[-74 30 151 130 332 -680 90 233 19 225 -179 -439 402 147 334 -73 169 -90 -96 43 -588 -646 649 -471 -461 -11 -213 -279 256 -275 -281 -14]
[-353 337 -397 511 -454 46 -280 376 159 -79 322 -94 147 -540 -254 -96 -44 309 123 -334 -104 226 -515 148 449 -59 -19 -43 -307 268 -352 86]
[378 -155 -169 -591 514 306 -204 -320 422 -97 390 403 296 -45 42 362 317 -462 7 497 295 133 -24 247 330 -69 -451 157 -364 36 61 -35]
[31 272 458 -563 -445 -535 -394 -394 -251 298 -37 430 -258 318 332 -679 158 -205 147 148 -2 -371 492 264 -569 -260 -352 89 86 -366 241 -123]
[-239 187 274 143 606 -615 758 -155 -28 -44 538 -251 323 426 73 -137 157 -200 -226 -255 68 -746 -671 179 506 -17 381 -4 389 -108 -352 50]
[-617 -231 82 79 -490 -194 -279 465 -155 -301 216 502 -368 -230 91 -368 -450 140 491 -480 201 -746 214 -314 -475 -99 317 503 -176 -294 -110 217]
[-54 282 -143 341 603 2 62 -290 351 664 105 -465 293 -268 263 -186 495 25 86 598 178 144 159 204 69 300 290 255 52 -387 -28 -216]
[144 -158 49 -308 175 319 590 552 656 896 247 263 344 -81 525 -390 -112 -235 35 312 -177 267 -90 63 -169 -36 -199 -107 -137 -131 -72 -372]
[-145 168 124 -159 108 -54 -126 -443 -115 101 56 366 -729 -110 -463 -9 -250 -325 142 -309 707 -445 -103 349 372 61 -255 18 -251 -135 -152 -142]
[-120 89 -151 199 37 -12 -290 -41 406 -142 127 -129 851 92 -799 115 -274 629 -9 -501 34 148 -326 510 -251 -328 -470 334 -497 -705 335 -149]
[-109 -46 -59 282 -105 -277 -91 269 -157 81 55 354 163 775 -234 -171 229 -23 208 216 -141 -354 222 183 -748 -333 -557 161 -42 -679 290 -381]
[200 -362 -266 -142 -179 -156 154 511 493 -172 318 -668 -29 253 465 -362 301 93 -408 246 142 544 -85 77 163 227 689 668 -451 329 -541 374]
[-486 361 -542 473 124 -236 38 170 -300 256 235 -361 -161 77 -134 113 250 -72 -305 300 26 -227 84 94 560 394 203 349 466 28 -183 -921]
[-143 344 187 239 -107 33 218 -153 -699 486 -491 -127 442 184 -363 -197 340 550 239 -124 -169 428 -232 -482 -132 -60 -192 -482 85 -384 -118 325]
[-136 198 483 680 320 40 471 357 222 260 -52 199 -225 233 -100 114 -22 28 436 277 455 156 -33 154 63 573 -237 -291 846 34 -49 26]
[419 199 261 -197 -336 -224 244 285 172 360 16 -231 184 24 -773 -185 265 191 -279 -169 95 -264 303 -334 590 246 -316 242 343 -75 710 -322]
[-503 19 -64 -314 -127 447 -43 -216 616 -24 529 -377 -444 -684 537 -110 524 67 562 -289 -383 346 -499 241 -324 -152 444 -449 -524 379 36 50]]
