[[-624 319 428 -229 -467 148 341 -187 243 227 -176 -126 -357 -367 -99 160 -60 386 -376 -294 -285 178 92 7 326 96 11 510 212 216 83 -106 110 213 275 107]
[226 64 -126 326 -138 304 304 348 397 -551 -455 136 543 -54 320 -143 39 -767 477 296 -66 -687 -233 -47 -298 226 212 197 75 -81 85 -389 -126 -85 -333 -107]
[-384 -307 143 227 106 -376 678 -411 478 -110 -422 323 -520 -740 264 280 60 112 -215 -135 276 -58 -305 -190 247 298 364 718 24 177 -20 19 -514 -83 -219 -84]
[-35 -627 -56 208 904 -372 96 333 -265 -259 401 120 -474 -322 -401 151 -99 65 293 39 -540 423 -455 340 364 -62 -3 57 -239 -243 -366 56 151 -413 -136 7]
[-481 361 -729 -484 42 103 44 645 -98 -286 -13 144 -159 -271 -201 -202 120 -517 29 -451 -612 -412 -391 -202 172 48 -179 552 446 125 22 -368 -89 27 -324 91]
[-271 276 304 218 -672 202 427 -500 589 -288 -308 -89 -276 181 -427 103 110 133 245 214 610 -256 -892 -533 -14 -130 -29 460 -264 82 265 -183 -162 2 265 -91]
[140 -120 64 -363 -130 -20 407 -595 901 551 -242 155 268 42 674 218 -85 240 -478 419 -208 61 540 341 414 122 -256 -5 567 797 347 168 -136 9 211 -20]
[239 536 -99 -625 -236 237 -686 360 -473 -307 -328 134 -24 612 -549 -432 -25 -165 518 -485 71 -68 -350 205 -617 136 438 64 -472 61 196 -479 -67 121 -152 139]
[363 171 -201 19 634 -187 -744 -460 -922 -87 258 306 -9 -198 309 -591 398 116 76 -575 -218 159 439 295 -256 98 343 -107 -195 154 -387 -461 -133 175 114 95]
[96 -16 117 275 -382 252 -12 -971 -165 -29 -121 13 -51 -479 359 -299 221 -63 153 -34 362 -35 -159 351 -482 719 1056 309 291 192 85 -170 -512 186 -198 151]
[-520 348 -1 195 23 238 -258 42 -979 135 272 -144 -253 -290 -805 -252 -175 -105 -85 302 -185 252 -8 163 -286 32 -256 -325 -120 -7 249 117 208 -132 220 339]
[-26 -234 440 -452 -289 47 522 -232 -72 42 143 -198 -235 758 -549 282 6 294 -12 -228 631 146 189 -499 -94 91 -281 -267 60 -249 -214 187 354 394 -48 -45]
[105 128 367 609 347 496 448 -382 -151 -50 347 12 344 -30 601 -170 -72 -839 -134 681 424 -497 532 264 -213 623 115 -317 233 7 55 -319 203 -192 -365 67]
[102 288 -561 646 672 240 -275 330 -47 -507 162 231 -276 -603 -551 78 23 252 244 24 -17 -315 -530 -450 -32 -428 -479 -333 -494 -159 -262 242 -74 -143 223 234]
[338 -553 -67 9 -208 -184 235 -376 108 173 106 -148 -99 713 -99 107 194 237 5 740 116 151 -170 -340 -73 43 -253 -606 -235 168 664 -69 263 -535 -171 -444]
[190 83 363 348 211 258 -578 169 32 66 72 38 385 783 535 21 292 -531 -300 601 -544 -46 56 77 77 -469 -292 -546 -54 307 -29 -157 299 -361 -122 -372]
[-336 21 225 144 114 184 419 -437 -18 -550 37 643 243 560 -447 -37 13 -402 1 530 -511 93 -197 66 213 32 -12 357 369 46 123 244 284 -136 261 145]
[-485 328 -270 -328 -385 252 -100 3 -236 -84 298 286 172 -8 28 -235 748 227 -413 -292 -536 -54 -60 195 -77 140 539 29 189 -200 121 -318 114 26 -564 327]
[-157 -843 -40 -88 129 -547 325 13 -18 80 134 170 216 -546 -114 0 288 -344 -176 -243 -678 264 36 275 107 486 511 180 -15 -517 92 90 358 381 -273 -259]
[-431 -989 -204 -535 17 -411 327 -304 171 119 226 -154 -490 122 -470 33 -482 -435 506 295 -13 32 -821 325 -194 -5 -470 372 21 207 76 331 93 190 -82 -35]
[27 -203 -405 -323 37 -579 -96 -184 -460 185 319 36 -104 23 -429 295 -201 -179 184 193 -36 326 -585 319 539 -40 -55 -168 200 -245 320 689 -189 -464 -319 -377]
[-377 -398 -145 -684 364 -239 -215 259 122 241 385 293 -278 -534 -130 214 -455 287 -365 -903 -457 194 348 -417 101 -13 -230 -124 156 392 -367 -143 357 398 -23 261]
[-5 -74 426 446 -134 -501 -133 -152 224 -377 274 434 305 -344 -150 483 201 93 80 443 -12 -8 -514 -222 -408 -84 158 102 -544 -552 -23 9 536 -62 -18 78]
[-158 34 -376 -136 29 974 -38 -203 56 -120 434 -221 -41 306 187 119 111 -252 -245 -357 -316 228 105 277 776 21 -687 236 1060 253 -183 204 -59 550 -1 -81]
[-150 375 310 147 -491 134 -440 442 239 -190 353 117 -161 -172 -549 -16 123 92 68 -327 -304 560 -985 138 14 -122 217 329 -435 -292 -361 -754 -302 544 57 267]
[315 -77 -315 158 502 -535 509 601 -498 105 -41 199 95 -278 588 37 209 -537 -242 -262 -115 -396 -526 -482 83 201 252 93 -440 -649 -453 -469 -51 -439 -746 -282]
[256 -377 383 49 -48 -199 593 -177 24 76 -107 179 110 53 -116 262 35 432 120 266 183 247 -286 -62 625 -703 -491 -144 254 252 -492 -500 480 -183 83 -3]
[5 705 33 359 -433 558 652 -396 173 -180 -481 507 490 -270 -2 97 532 -93 -127 -149 685 -208 377 -215 -225 -83 -606 224 344 -421 -114 -249 370 379 658 395]
[197 -195 260 -45 338 -5 311 346 -678 -476 -228 973 215 -260 8 -33 -27 -769 191 -155 -256 157 49 -191 283 470 598 473 -564 -71 -257 -198 -8 253 -459 -149]
[-282 -465 -178 -546 29 -133 -36 -142 115 -24 -3 115 -556 -237 212 -87 -320 -66 -643 -832 -380 488 -317 475 489 629 243 606 625 296 470 316 46 -612 -647 -532]
[137 290 199 410 86 1 108 515 228 -514 73 102 -44 -604 841 94 145 -529 -354 -324 402 -610 141 238 135 -126 842 216 626 -487 -130 802 -135 -128 -241 -198]
[146 3 61 -343 -25 397 84 107 4 -6 19 38 -340 19 227 128 -298 -148 -86 -86 -708 460 439 -315 420 -298 -703 95 265 189 -201 -592 938 -310 -90 329]
[387 -623 -269 -342 3 -333 -254 -148 35 -297 372 -248 -340 766 -431 357 107 -9 338 -111 -190 549 -719 678 243 -48 33 -938 -355 -211 -29 -332 174 -305 -186 1]
[-456 -441 568 614 -76 -109 295 696 121 -111 -210 -49 -249 66 -214 -42 -187 45 366 -56 436 442 -207 -596 242 631 74 -219 -172 -104 -294 57 -261 -426 -117 -65]
[-403 72 -92 213 22 -90 -193 134 -15 -204 284 -506 -316 395 -670 -123 -53 -301 -274 -924 -720 94 -318 -505 -155 -931 -346 112 -213 4 -313 322 464 310 605 -68]
[360 -221 -56 -36 -310 -569 530 298 678 -138 197 -399 738 -194 297 -155 -41 -50 742 640 -180 210 -234 598 35 -59 342 -372 428 137 -380 -198 216 116 146 -127]]
