[[148 -141 -123 -156 -288 5 -70 270 -547 -11 -155 -71 244 105 -61 134 203 -768 58 54 357 146 52 8 215 403 -259 -572 -713 317 -276 446 27]
[635 -318 319 -179 -131 136 108 183 -185 172 14 494 -155 488 92 -230 -311 -249 248 320 783 -343 -119 -87 -63 506 -323 -280 -11 -188 8 328 0]
[-54 291 -395 10 548 -371 -51 52 -54 94 115 -234 -382 -29 -848 -459 -534 94 -262 -255 -897 -142 -795 -293 380 -306 249 419 466 -93 -89 18 0]
[-783 364 229 -421 -50 196 -528 450 291 119 -83 261 567 167 231 141 -10 -90 0 429 -204 43 865 660 -53 200 -474 -402 -596 248 -221 51 0]
[-1262 -113 -548 156 -96 -506 -35 -44 394 278 257 178 316 -333 392 450 -182 146 410 252 -698 -226 -55 99 -328 -49 -366 404 122 -145 94 -180 -20]
[-865 407 357 -103 689 -233 122 262 431 -562 -6 -66 -397 -78 -48 -4 418 769 -568 251 63 386 206 -224 40 32 201 -356 350 31 -37 -169 0]
[-792 342 -6 -344 -57 -426 84 -31 264 -520 -239 336 -398 100 207 -324 -408 62 68 403 -820 98 -47 -442 -751 151 -388 -181 316 -29 338 -167 -20]
[515 214 -112 -4 126 -141 -76 -497 27 296 -345 263 147 509 568 261 -91 -168 130 647 -602 -228 402 296 -609 116 82 16 316 -103 -179 0 -37]
[33 -172 -308 485 -193 115 98 -756 -339 22 356 -69 290 -103 -281 55 414 -87 49 -650 35 276 330 344 483 -178 443 -546 194 578 -597 84 19]
[466 -222 -121 371 -632 161 399 -573 -61 81 117 -164 142 -218 75 -718 -484 -204 525 -8 -201 -148 -586 -232 -593 -229 -8 74 1179 -449 -68 407 -3]
[412 -219 167 240 -812 -325 372 293 -277 283 218 267 163 -64 -248 -310 -191 -9 361 -346 544 39 -944 351 253 -121 -325 -341 428 125 -295 213 27]
[131 267 -58 7 248 304 520 -625 -105 179 16 175 -94 -661 -74 -149 139 244 199 167 -422 -98 56 -689 -76 -57 530 -391 957 -367 12 28 -69]
[-539 64 78 -397 -641 96 457 -360 -745 -382 -73 -316 66 -673 407 -268 100 42 354 -397 347 373 562 -150 -128 -130 568 -521 243 249 555 -141 -50]
[540 -167 -189 179 -640 698 303 118 312 -237 -418 -242 -33 -75 -202 67 65 51 -334 -151 151 222 -100 210 447 -185 -125 -359 -558 568 -226 -341 15]
[275 380 1 -219 -355 312 367 -628 -100 311 -390 177 191 40 53 60 132 -698 405 -43 -56 345 -62 311 -432 -8 380 -270 -366 330 78 -623 -43]
[255 20 -154 307 -300 -38 217 -514 -71 436 105 -330 -410 -346 -562 -434 -274 -448 339 -489 81 -438 -31 222 380 9 703 324 -293 -64 -74 41 -22]
[-168 -449 -58 159 320 286 -293 -250 339 226 736 78 -85 -154 307 185 833 574 -108 -543 -53 563 204 -306 -27 -294 12 275 224 165 31 96 165]
[-303 -78 -136 -24 770 -207 345 -592 -245 -105 73 342 -127 362 -262 635 177 -9 -481 -219 -68 -427 -349 -275 -15 -229 433 244 255 -420 206 137 -100]
[-468 93 -649 -464 659 -540 -454 488 191 -44 -136 6 -106 482 204 200 -284 -489 -65 272 -570 10 -45 -758 -287 1042 -376 67 -65 209 -502 279 86]
[201 -216 -108 -735 -450 507 -68 49 416 -60 186 263 341 73 69 298 31 -36 245 -225 -252 -17 -104 336 -259 -247 -211 107 171 -124 -152 -229 199]
[152 91 112 463 245 -238 -658 336 221 -416 430 -337 -129 -194 -267 44 172 395 -255 379 -90 -246 -172 283 -402 -791 -8 129 302 -173 -436 249 49]
[-105 -267 45 -414 -162 -50 439 59 197 666 -296 -569 38 -253 -34 -736 -538 -463 531 275 419 -195 -131 -559 11 528 -78 753 -370 -45 251 268 149]
[-1000 -31 -32 76 496 107 -6 308 426 250 286 114 -307 253 21 -397 -599 5 52 -255 -269 283 -505 -452 165 556 -370 488 -336 -405 -254 -120 -159]
[-352 -54 51 584 432 -38 -376 -540 358 71 80 441 -279 -71 385 -496 17 -7 511 291 -474 -58 170 185 -808 139 -507 -131 198 -292 -248 -93 103]
[475 55 316 -1 -330 36 -110 39 17 -17 -662 -292 528 -609 -16 103 311 266 70 -68 26 -135 409 123 292 149 -363 20 -649 -176 -332 -39 -490]
[295 -198 -39 -324 -356 -426 -311 115 -81 -283 170 -230 294 238 -181 56 -408 -512 81 -676 -355 -237 -455 -164 -100 -378 -648 339 -407 63 316 534 -334]
[-459 -543 -461 -576 97 -726 217 71 -378 182 4 -256 -333 392 -139 416 -113 187 100 -159 283 -84 -823 93 427 -175 -362 -234 96 116 198 -44 285]
[-402 37 -872 5 159 263 12 -377 -163 291 215 117 -9 -264 7 27 -262 -122 341 479 -435 -396 488 506 48 -103 -212 200 550 -9 -715 267 283]
[378 -168 423 571 148 89 499 -244 -68 340 -306 57 -205 -201 -235 541 790 -50 -28 440 979 192 142 210 -121 -73 -160 -896 385 281 -670 140 -115]
[362 -438 -207 581 351 201 163 -123 -13 -850 204 -348 127 249 52 248 110 400 -208 184 440 417 178 -33 256 192 527 -475 83 -194 -667 499 425]
[151 -17 1001 54 -688 554 99 -340 50 -593 -247 250 142 -88 -239 -292 -425 -199 156 342 55 74 247 232 -475 -67 169 7 -55 44 -101 411 -192]
[-54 -18 26 -313 462 -587 -246 352 -546 594 151 -312 -235 21 265 501 428 -28 2 165 -39 -412 -117 -221 -335 690 289 136 21 367 242 103 -199]
[509 -535 122 -713 -101 -346 36 -194 -881 -378 491 205 -507 55 -689 -426 -381 -308 -615 -475 383 335 167 -580 418 -228 165 -713 -127 182 503 424 283]]
