[[-100 -236 -317 -51 889 291 179 -81 216 467 -420 213 -28 670 -185 313 -93 236 4 -66 134 -282 289 -352 458 -33 141 -131 313 19 -356 30 163 -59]
[123 304 430 -156 -593 3 -546 -236 187 -397 -158 191 560 -489 -310 -304 173 80 -323 284 -3 139 382 438 251 -225 12 180 -93 372 492 418 -36 36]
[-65 426 317 -159 -333 -423 222 -420 372 -339 -319 28 745 -182 -351 -167 413 -112 -126 175 -552 447 -207 -354 179 441 178 -138 -635 5 286 129 231 -9]
[-523 -400 -293 -340 548 -202 247 -73 208 -316 -457 -118 101 293 -212 -521 -195 -38 182 -304 -90 560 -362 -470 121 437 408 -288 278 250 326 -323 245 -71]
[219 85 91 298 181 -302 95 -235 -322 256 -248 873 676 436 -11 -12 404 190 -10 -1 -138 -401 70 -6 324 -94 -177 449 -446 34 -202 130 226 317]
[-843 -529 -220 188 386 -124 198 218 -258 -394 89 160 135 393 -144 -367 229 -334 -154 -179 -374 -143 -155 -42 -270 106 115 367 210 -578 -186 -391 101 296]
[-172 -400 396 -196 567 -227 -97 -264 52 -40 -60 -61 780 176 -78 -84 314 372 30 -111 -585 319 -259 -466 -309 413 213 768 107 137 396 -28 -110 211]
[68 -290 246 -352 116 256 288 691 62 -119 892 -284 -128 -106 -81 401 349 399 356 -388 -380 447 -124 185 -96 -132 109 0 379 -617 -254 17 -141 -40]
[-145 567 132 828 -607 -197 323 -256 -42 -31 -116 417 341 -450 -266 -169 719 -754 -608 786 -25 -98 228 -218 330 -39 291 226 -441 -287 158 -618 68 40]
[271 853 -173 267 -601 -21 309 -120 -267 -33 100 -271 22 -851 158 97 185 -120 87 -101 652 -190 332 -111 13 -722 -57 -7 153 -69 447 330 -198 -259]
[-470 244 -39 544 550 -501 118 99 57 489 54 -156 154 -18 172 -152 -278 -79 -304 -400 120 -783 -154 -746 101 13 -239 48 101 -301 -452 215 319 54]
[817 544 -162 -67 -335 -1 40 -11 -171 -316 174 432 442 -12 46 -249 185 94 258 192 429 301 322 600 -215 158 94 410 191 -54 598 -263 -37 -100]
[225 793 79 47 344 -313 117 -199 957 774 -188 157 86 -65 -51 526 -6 437 -230 -67 -54 -331 138 -587 22 415 -236 397 16 383 111 -362 430 -302]
[-765 -278 -186 16 772 331 357 -458 331 -137 -45 323 -380 491 106 380 424 -90 -170 487 -105 326 267 -326 -51 544 5 87 -31 -42 348 -742 117 -156]
[-360 -219 325 -175 -60 3 451 -301 86 -93 504 12 -184 256 50 158 -457 -192 99 -69 -161 54 -546 -110 -533 188 -556 58 -789 411 192 -497 14 -22]
[251 -64 -226 -11 531 -338 372 -521 -644 -30 -70 277 810 92 229 200 -539 26 308 68 56 342 -417 -413 -80 14 -13 -432 -39 79 314 -262 -107 -107]
[448 -165 229 100 -151 850 -399 -184 159 271 118 29 -4 309 -432 358 156 -26 -171 -82 -255 -934 -7 511 49 -114 140 141 -96 397 -274 236 170 94]
[823 372 285 -359 -498 221 -453 248 -418 -118 879 49 -41 -596 89 218 -327 346 -269 -365 -38 -208 47 -230 369 -305 -108 -338 153 102 -108 553 -229 -247]
[-436 318 -723 -622 217 -135 443 -645 148 25 -369 -83 -360 -99 -24 -131 14 228 184 -34 -47 -18 627 -795 532 390 78 -628 -132 636 105 -103 365 -270]
[88 -591 -248 -98 598 301 -719 253 56 330 340 129 898 324 -402 220 -252 -71 -27 393 28 -289 463 783 -214 -69 -26 482 174 565 101 -282 75 299]
[-196 -138 262 93 -451 90 -142 -167 139 -173 85 -139 -819 97 -226 681 328 -82 -240 473 -923 -160 88 318 -377 -17 635 102 -113 5 -70 161 -184 -60]
[86 -423 -196 78 156 401 -389 -141 788 -595 -567 219 -95 597 -214 79 -1187 -419 -321 121 256 -513 301 552 147 -55 205 -52 590 605 6 -133 37 -125]
[584 350 230 -58 -465 133 -242 47 86 123 188 -167 464 -68 -773 936 509 -41 -188 127 -511 283 -293 195 -260 104 -206 215 -251 -17 651 -922 -436 -57]
[282 -57 292 -578 -150 55 379 -305 580 196 296 -239 -831 -264 504 472 398 -495 167 185 -45 21 26 -335 -303 100 -394 -46 -666 380 -493 -77 -224 23]
[-223 196 316 186 413 517 51 157 -148 -295 825 67 661 -406 124 386 191 88 -93 -93 -226 -21 139 -466 444 -395 689 150 -440 13 -15 80 173 -52]
[321 189 470 -253 -157 108 142 113 203 169 342 -206 -235 -409 -263 122 160 -484 -223 -291 78 64 677 -199 468 -142 312 -208 -590 114 69 124 6 -105]
[268 580 295 -125 -88 -47 -159 -119 -484 -472 -314 -271 47 -369 -376 310 701 121 -202 380 -384 47 17 194 -180 -698 -201 510 131 -572 -17 544 -370 217]
[-251 54 333 1050 -529 -46 163 -114 128 -75 562 443 -490 -206 483 12 36 -557 -379 60 -136 -669 57 370 -279 -542 -255 44 22 -14 536 -325 -56 368]
[214 -398 183 376 -579 368 -352 454 457 -154 -133 -449 -502 -332 154 184 160 -343 -21 380 107 194 226 28 -1215 97 245 895 -82 137 -123 -757 -244 -270]
[-226 -185 73 -187 411 27 -285 -214 162 -266 163 -284 73 -1 -183 -306 156 -389 186 301 -196 -147 420 -802 298 366 -261 -273 -41 -104 182 300 409 164]
[-473 -266 -315 181 602 179 -230 -307 -162 -76 -161 11 71 -92 18 -226 -184 44 -366 6 160 -749 385 -375 338 -447 110 530 477 173 -146 -641 -693 -448]
[-514 134 158 -219 456 -120 288 490 -190 -126 -203 -46 587 -300 352 -467 -571 15 -124 -136 -362 351 -225 -411 93 344 118 13 214 -591 207 218 -66 -293]
[32 -226 -133 -418 -212 -289 301 31 29 -8 385 203 -191 56 372 -510 202 299 52 94 779 -109 78 335 54 -347 -522 788 187 86 72 -253 185 -124]
[84 -129 237 124 -48 467 -233 61 -295 -177 495 554 120 15 -155 -34 128 384 119 662 214 -92 407 222 -491 10 248 907 -313 -564 -131 -68 -476 383]]
