[[-257 -139 261 -20 607 326 -183 98 219 -119 -109 -210 33 -206 13 -644 175 19 248 296 -370 -174 -457 281 -252 -104 51 -335 286 8]
[19 -321 -115 -55 503 -383 -256 399 -8 645 390 110 79 128 23 -192 -241 210 455 175 267 -763 -187 670 -153 -69 -108 -4 266 1]
[507 269 -337 167 -280 -237 -241 200 -222 532 609 417 -224 586 32 -129 38 -391 41 -292 616 -101 -413 135 60 161 417 -356 -295 0]
[814 276 8 262 -60 673 -412 -158 -199 117 416 -202 54 1 194 -282 -227 -447 -160 198 -101 -97 -244 317 71 -462 444 -53 133 -2]
[695 -17 355 -419 268 -331 -893 210 -167 440 -328 -216 226 -211 429 -25 -201 160 79 420 104 -281 -21 123 27 -303 335 -128 123 34]
[112 278 -26 -59 -387 48 -288 77 -365 272 31 441 468 -343 -70 550 222 -65 -413 -636 -453 76 -159 -299 179 478 -143 51 -345 -73]
[-11 242 423 -140 -18 148 154 24 -181 294 -659 -597 51 -279 277 -484 -362 -376 270 362 86 -84 -15 138 -468 -412 641 159 520 102]
[51 41 688 186 831 -253 -210 130 -279 37 -337 -140 -173 -102 296 42 -1000 265 424 291 28 161 196 74 -87 -331 403 521 342 108]
[302 220 400 -202 3 330 370 62 -430 -781 -156 9 96 -307 140 -45 -434 269 324 483 76 197 253 -609 -445 -204 499 409 -157 107]
[89 -98 -63 -390 -451 -83 232 103 -53 -356 -562 -401 633 -585 114 83 -549 -150 -209 -211 -153 130 266 -486 -718 170 -194 465 -481 62]
[-247 224 191 -192 629 -546 -335 28 127 832 -363 204 -97 -383 457 460 126 -326 829 -295 -249 -207 -370 264 129 354 319 -6 181 -72]
[49 422 250 613 -257 327 -87 -329 -750 64 512 287 295 -101 -23 -878 -157 169 253 -84 -60 -117 -303 -123 -299 -198 514 420 138 -5]
[-618 20 34 81 834 259 -43 -239 -194 -181 -325 616 406 -257 313 182 222 519 518 309 -208 -156 -157 -258 -171 284 -567 -90 -203 -51]
[-472 -228 -263 190 7 120 219 -424 44 -797 -462 326 -92 -299 118 -163 170 -206 176 595 -236 158 388 -114 -31 -437 329 253 -241 -30]
[160 -284 332 2 168 -127 -678 -649 108 -171 -329 -324 143 236 27 -112 -577 438 82 615 358 325 497 -256 -246 135 -405 -135 441 -75]
[-928 316 -321 571 -47 -94 187 -254 80 117 -317 215 -158 -790 174 270 -640 129 4 -455 -250 -120 237 34 134 42 -22 695 -485 43]
[544 310 183 -61 1 285 171 -91 354 -199 772 460 -14 -39 -316 -291 -602 308 167 -70 310 -69 -143 306 -79 -49 592 42 107 191]
[-1090 112 -248 -141 270 406 14 597 -540 397 307 95 263 282 -87 -252 -69 -267 -44 -278 -74 -583 -515 478 -627 146 3 -389 -172 -237]
[-36 -19 130 184 527 51 -168 144 196 688 -416 -69 128 -234 367 184 -111 -411 15 -271 -101 -162 -119 204 132 872 45 247 -77 286]
[899 389 13 -348 -381 232 -294 119 175 -280 19 -245 -495 -104 -176 176 -301 135 -340 139 -674 8 -200 -954 -314 130 163 -245 -116 98]
[509 31 -602 -565 -447 -124 -797 418 -36 -258 576 118 305 -323 -363 410 -332 -331 -99 -30 162 198 37 128 359 20 -187 143 -271 104]
[-70 -73 342 -501 208 -147 28 200 249 -612 -72 -532 142 -501 182 -97 17 82 -176 336 -52 637 -344 -269 -432 -449 -220 301 -23 311]
[266 -54 856 205 -65 -489 312 640 -180 397 -135 58 -139 159 97 53 -330 -295 -37 7 387 137 945 112 257 -388 708 29 193 153]
[-163 273 634 196 268 -552 -363 156 -33 -291 -297 24 130 -63 -280 234 155 142 -176 -270 -315 1003 46 -41 -514 233 215 -542 105 -97]
[444 -592 -130 -245 688 136 -458 34 208 128 126 201 565 -72 -151 -174 54 -242 370 352 440 238 -509 -266 57 348 -227 -149 -96 -192]
[124 -660 137 -261 76 -141 -189 44 337 424 -146 -173 200 -35 71 -102 -305 -313 -594 283 -693 218 0 -55 111 -155 263 -144 -228 423]
[39 247 86 -17 279 -147 -219 402 636 -186 536 231 -465 704 -661 -114 -508 126 491 -236 124 -288 -67 371 -298 487 -292 -101 -388 256]
[149 -103 213 -281 197 -54 -689 -142 -55 119 -413 251 73 -878 265 -5 -653 0 -162 -74 -209 75 346 889 -165 -175 -185 -196 279 -489]
[-391 -337 -484 102 146 -123 -668 -498 88 40 57 -11 94 274 -610 -431 327 -85 -129 29 86 -448 -290 684 -10 -57 -209 -248 338 475]
[151 -735 -204 228 -333 96 99 -152 549 -572 215 -286 283 -227 43 -140 289 212 204 -355 181 347 295 -180 -19 -156 -228 18 98 238]]
