[[-417 14 181 40 301 -20 -325 -223 -53 210 321 618 -100 329 123 328 305 -481 37 65 -44 572 72 274 -77 276 632 -153 -67 -198 -250 -294 363 38 -86 -71 -384 -71]
[-91 -56 -129 32 -496 204 -483 -280 -224 -485 213 371 -255 403 9 638 -442 -81 -533 -350 11 134 -38 375 226 64 210 -61 188 100 -190 -371 269 -335 -30 -255 288 -357]
[-761 208 -171 281 60 152 110 354 -347 136 -82 -75 -272 -275 -17 -416 -105 -153 100 239 -79 -460 -131 381 56 -420 -469 -414 322 134 361 76 230 -362 467 -276 339 -1]
[253 140 381 -363 -176 173 -326 723 -261 -227 513 -288 -19 -142 -136 -108 250 440 -96 169 117 275 -504 444 581 -19 -32 -72 200 -306 -462 -358 -36 29 22 -322 266 -19]
[-337 178 -444 100 140 -48 137 -534 -265 -53 -254 246 -227 150 434 601 -347 -448 -603 -233 287 316 -137 579 170 570 355 203 203 243 704 330 558 -170 -436 75 -124 -1]
[110 171 330 -154 -53 173 -281 447 62 250 342 -229 337 -209 -240 -389 717 686 419 486 -149 780 44 -1031 -18 -286 391 133 -369 261 -246 -147 -64 -63 -258 -334 -73 -18]
[25 443 169 -756 -277 598 -174 266 -151 -478 426 164 1 -142 -7 71 -279 -132 -399 -212 380 -11 335 198 209 411 70 -167 491 -608 -225 468 117 -6 -189 365 -127 4]
[143 -283 -80 475 141 331 -470 -7 28 -415 -411 116 352 724 373 -137 -437 160 -130 14 22 709 -411 72 123 451 587 -192 -269 308 -148 -503 74 -341 -193 -549 97 -358]
[-385 -6 -30 -31 239 150 -401 150 408 331 -655 647 131 150 339 -377 -104 -303 392 188 -608 -202 -75 474 -553 -81 216 -409 -531 183 -92 -51 90 239 235 621 -295 -50]
[-498 -138 -92 109 -143 276 316 -214 -232 -56 -293 255 -525 -187 361 -186 92 -358 -218 443 -393 280 -154 852 367 -93 8 -230 -149 282 -53 -350 445 -55 -665 -327 285 -63]
[360 116 -462 -347 -21 -53 86 224 197 -479 -456 231 329 542 -367 201 -252 -329 -610 -459 280 67 -531 202 136 253 54 3 165 -88 241 628 -247 -341 -276 241 -404 -80]
[38 -84 180 712 284 -197 428 122 -283 204 -473 -201 -35 -31 -272 -591 -217 104 -10 501 54 -193 -773 102 160 26 127 -359 -3 -472 41 284 -817 -217 476 -554 174 -11]
[-199 468 -209 -535 77 76 -309 49 444 -602 -20 502 330 462 346 202 282 290 125 -333 327 320 329 -353 -467 -65 683 145 -74 102 -471 163 -65 -409 318 -38 -119 -353]
[438 -254 -15 222 -31 -128 -490 -954 -193 377 320 134 -181 384 135 977 -30 -199 -76 -615 -101 80 19 404 858 288 279 306 52 348 501 -147 847 422 188 259 -78 79]
[-393 501 -287 5 -267 -30 -196 854 154 -47 322 -230 29 446 -24 398 39 -309 -394 -304 275 93 96 308 -408 191 41 -209 -121 466 329 22 261 -460 59 -68 51 -327]
[-596 242 268 38 310 323 -449 -2 36 436 208 869 -559 -32 127 260 51 25 506 329 -244 -110 76 -9 3 -562 -146 -280 -373 -36 88 80 -39 305 393 366 -316 343]
[472 121 85 850 144 -324 -74 -720 7 408 -174 12 669 32 153 -273 171 2 549 -72 324 355 -109 -466 228 372 565 442 -412 479 -107 95 -429 69 -30 -342 -118 -145]
[-78 -117 -354 -218 513 -208 402 -570 53 -144 -37 431 -842 886 261 269 493 -509 -500 -145 413 121 639 -110 404 341 260 86 -119 -207 71 528 77 -109 -323 307 -228 19]
[257 404 -146 139 170 -256 138 -156 47 149 162 222 24 103 616 -527 -803 -83 -99 -192 252 -71 154 77 -376 563 789 367 67 -18 -12 618 -391 224 -4 737 -168 -264]
[523 240 -380 -332 -43 146 386 -440 92 157 24 196 473 -141 -122 -437 -51 -147 404 -159 -175 105 349 -99 -536 276 136 336 -383 767 197 188 452 465 -607 313 -711 -47]
[401 65 296 -204 279 406 606 -35 102 147 437 -27 205 -188 183 -274 -872 -498 -14 226 314 203 337 -315 71 603 146 29 -617 -192 32 178 -513 137 -641 -179 -296 331]
[-213 -211 -341 274 -403 -132 201 155 -390 240 -53 -374 -416 80 518 708 -2 563 13 68 234 -78 155 208 12 -337 -18 221 244 528 112 93 55 35 102 58 463 -91]
[-396 -13 -353 326 242 -51 -490 467 -42 -119 -42 -152 304 379 324 -713 156 -122 420 493 268 207 266 -235 -178 -147 229 132 27 654 313 104 142 133 -124 256 -525 32]
[833 -705 -255 349 232 -319 86 -9 354 282 -198 98 161 556 -150 -538 -43 393 -64 -289 -177 379 -29 161 59 231 -22 -129 135 151 -94 103 -235 -89 -706 161 -241 15]
[-27 -41 -87 -406 -379 -639 511 99 397 461 260 150 120 254 -156 679 514 362 -230 383 285 789 -320 168 -176 89 556 476 -262 68 8 48 -199 -138 -342 -848 -103 -205]
[437 -342 -284 165 228 -279 638 87 -456 -339 -715 -622 373 347 83 -629 554 -104 268 401 153 -413 -407 413 563 552 -329 210 -216 -349 -44 329 -718 380 -442 -474 220 81]
[47 453 -91 12 -173 472 -329 953 -254 -560 -50 511 -326 -165 -191 -748 6 -111 -363 -193 -373 -587 -19 734 181 96 49 -536 -144 65 -258 173 -7 -419 -144 -124 164 -660]
[132 501 -599 216 -261 -101 649 -387 92 -638 -220 -176 -99 -211 458 -404 -593 -539 127 -16 124 -464 -512 755 -212 422 140 28 -350 221 357 274 -247 72 126 60 609 81]
[-72 -57 -135 481 -180 376 224 135 -262 -172 -424 -429 -693 -182 482 -122 -935 58 -511 48 -134 -26 -371 54 -279 436 123 -210 557 120 643 26 -147 -382 -19 71 433 -722]
[-192 158 330 973 142 -42 105 -4 77 415 -741 -131 201 -130 83 -468 -193 231 490 186 50 -250 137 249 -605 651 -36 412 -218 314 233 160 -172 -38 618 -54 -78 -577]
[-206 261 316 -146 285 -88 2 -95 -168 709 244 136 -342 -345 239 63 175 648 181 103 -311 -1 -113 182 78 -113 -140 209 -147 323 305 648 199 -10 687 278 32 885]
[-97 106 425 -387 113 29 419 91 347 -426 57 -136 473 414 513 190 0 -515 -52 -41 -60 103 178 758 856 877 310 -111 -78 -314 -91 -287 354 106 -359 72 212 244]
[-360 -215 267 430 360 -85 527 114 258 156 344 794 -467 7 -112 -284 831 -77 175 413 -304 -75 -556 400 283 -590 -343 -292 -385 -106 -672 -400 -96 -67 463 325 198 102]
[-343 -487 -646 114 285 196 510 -404 -255 -778 -464 -308 -123 -154 -63 -209 -265 -472 -38 -419 410 -224 -250 372 140 1 -536 3 108 -114 506 -310 281 -658 384 -258 -86 400]
[236 519 187 398 268 980 -49 -253 -46 -353 -128 139 -84 268 207 656 -150 -203 -166 -580 452 -368 291 472 245 622 133 -96 384 -418 26 99 -55 32 171 -468 129 -66]
[216 191 -178 -54 -592 110 291 104 -79 325 138 -193 -85 117 -91 50 -432 279 -610 60 316 -171 154 152 -396 -413 -224 186 223 -418 266 21 -200 -222 422 400 299 -81]
[-186 39 -402 153 223 -287 -121 -76 -38 413 352 292 119 -541 -526 -887 619 -546 -110 -269 -227 61 -194 157 205 -522 -415 -382 361 -36 20 219 -131 265 537 408 -95 504]
[-232 -642 694 88 96 -247 -281 326 -229 -282 -290 -465 369 -177 -603 33 138 293 325 -37 -304 -460 -319 559 -258 -222 -658 -163 277 38 386 -583 532 458 224 101 267 -77]]
