[[-462 -616 -133 -514 -272 -256 -40 -529 -148 21 103 -108 -54 58 116 -76 82 -158 151 -353 -103 -105 145 408 -52 131 456 472 394 -119 -15]
[255 126 -337 360 538 -289 214 -6 -227 569 -234 465 33 -240 -263 -476 -314 -215 -10 372 148 220 323 -21 636 22 -200 -242 -467 -24 19]
[-103 16 -658 800 641 421 -146 195 170 306 232 -25 -35 -236 150 -576 190 -104 430 280 308 225 176 300 -189 -343 -61 -561 -642 1 17]
[-380 517 -315 516 200 -295 -307 447 -542 344 85 -113 126 416 403 -729 -164 -266 351 170 383 458 -21 -18 257 -38 97 -708 -302 -201 24]
[383 -287 411 -723 -208 -52 389 -657 -610 -127 -253 485 -280 -375 488 64 -190 -154 -148 445 -357 63 326 356 96 60 -78 592 -130 28 -4]
[658 -107 95 -205 -699 2 -21 -275 -73 -324 75 -115 252 32 -495 33 542 -332 359 448 -352 -13 -95 364 79 -371 -10 292 -56 67 -27]
[-362 -525 -157 149 608 -107 -344 655 17 57 -170 261 -213 509 557 -543 159 197 -9 -33 357 605 -8 -153 -328 -187 -144 -781 381 212 39]
[81 45 -85 -580 -783 -678 272 -173 1 -404 46 -144 227 204 -440 432 84 -477 -205 185 160 20 -419 -365 -823 96 302 -70 472 372 -9]
[264 84 4 409 90 313 414 48 -416 14 -353 121 232 83 146 9 151 52 68 456 -426 784 -619 494 -811 -249 -145 -722 39 100 15]
[19 334 632 326 17 291 -290 375 378 -219 816 -419 -153 -270 171 -265 150 -352 9 455 0 162 238 824 334 -326 183 -288 -613 99 -2]
[177 280 -553 -328 -201 235 60 515 -232 -169 54 850 -380 -243 10 -133 113 421 -501 598 665 317 -11 -480 -283 -336 -368 88 94 709 23]
[863 -183 212 -37 666 -232 8 174 521 -163 -207 369 345 50 345 609 32 278 -440 -12 432 -628 -128 -354 -803 426 -223 -35 294 38 18]
[345 -61 688 -855 -103 -152 -173 160 -90 -528 -201 768 377 -191 622 -173 -172 -280 -9 -291 -49 -184 -200 399 330 -373 -335 36 515 98 15]
[222 403 -7 -362 -565 -186 242 -291 -964 -104 413 1127 539 -39 117 94 -66 -554 5 219 131 -149 -248 -253 5 -247 469 183 534 -362 0]
[48 243 305 -109 228 76 -41 -217 337 -456 -97 -208 399 -92 -675 7 73 -49 184 146 418 76 -421 358 164 -650 -757 -136 -284 535 -11]
[106 -735 -416 73 -224 -300 205 -78 270 146 -871 517 -321 -595 181 -481 361 -215 425 -268 86 430 -49 -99 190 -139 -69 155 -243 248 23]
[-356 -180 -18 -549 179 92 268 -571 -493 482 -28 -352 567 152 279 -492 244 -254 -21 338 334 44 73 547 7 425 -80 39 1 -157 -11]
[-46 -416 -69 -311 46 326 -144 -246 477 -114 280 -349 20 -193 471 -452 174 -509 445 9 -552 477 455 1134 409 336 -442 -24 8 -253 -78]
[639 384 107 -276 -306 -259 -129 31 -267 527 -185 640 58 -237 210 -558 -60 -54 413 462 -177 -572 238 -150 287 -117 -41 150 33 302 108]
[-2 -115 -461 515 -110 575 -801 455 246 -362 773 -301 -276 -218 -1035 244 -13 134 -32 220 246 434 360 -66 11 -496 -285 -198 208 -69 -108]
[-223 -296 -100 -246 526 125 99 -269 73 -26 961 703 14 -143 85 -338 -340 -66 -907 -327 522 -309 274 379 -121 -343 88 208 -445 122 -31]
[-300 125 -593 -103 4 432 93 380 -83 -44 -124 -717 -12 11 3 -29 472 -274 555 -695 -247 -311 -118 -226 39 -625 -17 55 26 241 57]
[134 340 -326 219 424 239 -50 -685 533 110 201 -567 157 -58 -365 69 908 -339 383 -136 -157 -652 307 281 19 451 -199 274 170 -252 -40]
[-214 -229 40 -92 -73 25 752 -568 215 389 -246 -261 342 80 -471 77 -823 -402 -164 0 -269 402 160 -201 -120 411 -276 172 271 -217 -326]
[-244 678 34 1 148 200 160 134 -39 719 -286 -112 391 -255 -359 -308 -229 813 177 -115 15 -27 -754 -314 274 -35 -334 162 -593 -69 288]
[-271 524 -20 437 753 -274 561 480 -13 422 11 -343 -425 -6 166 -383 -171 -208 170 305 607 -86 -56 153 -377 266 152 -328 -408 157 -134]
[-13 851 -213 -666 -433 -265 160 408 642 -782 -11 29 -426 -181 -331 487 -460 -375 -586 174 176 -145 -536 318 97 -9 -109 -130 83 217 -207]
[-138 411 -891 103 -390 -323 466 145 12 373 -308 -447 538 -174 -213 -161 304 -136 364 142 -150 320 -43 82 -201 35 -334 -456 620 165 -178]
[-193 -126 -963 567 26 -373 -597 -311 -322 349 815 136 -2 488 -376 -644 309 333 256 451 -97 -357 66 -23 242 -315 135 99 45 -275 251]
[290 478 -170 180 -633 -121 -334 99 -105 -644 55 -97 -156 222 -311 402 -124 -198 341 226 170 389 -366 -831 -130 24 1 -404 -255 -77 -553]
[-375 -246 692 -325 287 64 -622 127 -80 -508 32 -498 -196 436 364 89 367 253 207 252 -253 -92 79 1003 -416 -165 -253 27 -404 -153 -217]]
