[[340 -94 119 -302 820 -101 -395 147 -109 173 139 -511 238 -38 63 253 245 36 614 -43 421 108 226 -110 -68 468 -161 343 -160 -67 -47 88 -193 165 -78 -109 71 -451 7]
[-120 141 375 -141 502 21 -75 35 -498 162 -89 -581 -288 933 349 -229 -190 -139 -182 -46 147 50 -424 228 64 122 65 -565 -150 -196 -212 -530 -125 353 -312 -50 -435 -295 124]
[-643 18 -298 70 -64 435 209 102 -520 -177 171 -162 146 -16 743 334 29 131 -58 -43 21 313 -257 148 -187 -31 -739 379 105 -609 -572 -73 -525 -203 126 -4 131 19 24]
[316 -14 -730 593 -400 579 243 556 75 -344 -231 519 345 -401 313 284 -32 -106 -308 -295 -311 114 60 324 300 38 -510 252 856 355 -55 -127 -327 -767 373 -160 -221 -4 -108]
[-192 -30 -96 -278 297 157 -773 -411 4 45 54 -276 -4 378 -581 320 28 -216 167 161 117 -686 588 -354 -318 68 788 -185 -286 45 -250 -155 -65 109 13 631 455 24 -16]
[305 134 178 -290 -557 -409 -111 88 758 -284 -342 53 -337 -44 -220 507 183 51 545 374 -254 -16 304 -384 66 235 -123 169 522 -256 240 -93 227 427 104 -187 -425 265 -55]
[-154 -32 136 -138 201 107 26 111 -290 616 148 -267 -296 -53 -78 -917 -155 -376 -77 -84 -659 311 -426 352 -645 -537 189 -686 -426 26 -478 8 388 140 -152 258 111 -115 47]
[-917 -202 155 31 -305 605 107 -640 -41 278 395 -658 218 -240 -55 -148 -259 119 -58 226 -156 -258 -407 279 -537 25 192 -86 73 -421 -794 -446 -137 -381 203 417 28 39 -74]
[175 -1 -67 354 138 583 -342 98 -605 -188 -249 381 -133 -135 289 221 40 4 -450 -356 -381 -74 -301 584 -309 -115 14 -801 -297 465 -61 134 56 -197 -48 262 -534 331 98]
[-484 375 420 333 -133 52 179 -470 -155 436 85 -369 -272 601 3 219 -75 -299 -551 -237 -15 209 -28 194 -138 74 -136 365 425 -771 -350 -721 -20 -110 -41 -179 103 -280 -81]
[125 132 -587 32 -605 556 394 -487 279 353 -183 86 28 -429 -69 101 -484 -414 -458 -33 -30 300 -14 11 72 -251 -629 -47 691 -507 168 -17 -205 -270 332 -292 525 -117 3]
[106 -325 -412 363 -313 587 268 167 -211 -243 97 278 -239 -900 202 -380 -198 230 29 622 -81 328 -179 154 -871 -186 -602 -700 -265 35 258 95 120 60 154 82 241 362 145]
[235 385 296 -498 -172 -502 -327 -434 693 120 -132 200 -270 142 -231 231 -292 -683 11 -284 207 -717 588 -595 291 109 200 27 -377 -441 91 73 -446 399 -30 488 1086 -104 -26]
[473 -253 -169 44 274 704 -196 403 -290 -502 -396 6 205 -247 614 660 224 -651 -774 -604 481 -111 -132 -167 -225 390 -236 -152 232 -206 -204 201 -465 157 -142 52 181 -25 73]
[-780 441 -134 -177 236 644 153 -202 -391 565 272 -598 56 492 -14 -1154 -470 -80 343 580 302 95 236 260 -294 -148 282 -172 -355 -74 -457 -185 96 13 520 196 -50 -194 111]
[443 380 -230 -171 -644 -184 -133 -218 406 145 84 43 -149 -100 175 -43 -102 30 34 -20 -848 -404 -302 347 -98 113 -431 -1192 200 318 -301 -610 -59 -399 -400 444 -742 -26 -8]
[-251 -1 -249 101 -220 18 342 267 302 2 183 -468 398 -898 97 -421 400 -45 142 361 -50 306 471 -93 -429 -390 -194 364 675 -239 -430 -144 -102 74 -286 35 -95 3 -21]
[182 -657 -207 281 -523 315 72 60 -97 -265 -419 415 603 81 50 -165 52 584 -313 -291 -292 -266 -383 -195 323 -109 505 694 -60 656 342 431 254 -463 141 237 -192 305 -68]
[-72 67 46 421 -348 -72 224 -490 -266 -783 -135 -264 -116 385 554 -60 243 228 14 358 83 -84 -553 -201 27 -192 -442 -377 -145 -65 445 -106 -372 259 -735 -62 -780 -73 323]
[-497 214 -13 443 -239 -440 -122 -485 -401 -205 221 35 -570 392 255 222 -56 63 356 -144 95 -45 164 30 -483 -211 -658 360 47 -706 -152 -580 -503 827 -718 -47 298 -416 93]
[-224 -223 -497 -25 8 -613 693 523 406 -109 149 775 259 -130 352 -781 -277 -53 -490 -364 -236 -173 343 35 -252 -281 53 -226 -411 241 -524 244 361 214 -499 34 396 160 -58]
[421 211 384 -405 279 -209 -44 -179 1306 -273 -339 -112 40 -513 126 343 400 -957 28 -42 286 259 257 -157 92 -323 -517 397 462 -324 21 51 -170 27 144 -591 478 -78 -34]
[34 -131 -305 71 -81 63 55 -138 98 -256 -612 218 -166 185 413 -727 -237 -470 -5 279 132 384 -107 75 -99 -305 -576 -110 364 -264 -281 -240 -489 29 224 -345 -499 -202 254]
[745 24 -223 117 509 384 -471 577 -503 252 -211 -415 367 862 12 252 655 -99 -435 -433 -498 191 705 -136 -31 8 486 -430 -85 343 -534 -70 738 -331 -480 15 136 -311 -216]
[229 -162 -7 -820 350 -303 -11 957 213 -46 -615 -426 -164 -101 -290 -248 -61 -673 96 1 -466 -442 544 23 197 287 375 174 454 43 -363 246 -215 401 552 103 -604 25 -148]
[-31 232 173 -210 213 -114 167 540 1043 56 -237 3 511 -583 198 -223 -254 -300 313 -120 176 -207 -159 503 64 -165 435 -115 325 546 -458 219 -18 399 220 442 -101 -197 -28]
[-161 73 -406 -504 310 348 -237 -166 75 -405 60 -192 -169 -228 174 -527 -240 -307 426 143 -42 324 679 117 -376 -375 -400 241 -850 -66 -385 436 -683 368 161 -87 1107 -461 46]
[-544 495 209 -241 375 -117 425 -708 196 187 747 -325 39 379 111 -115 -78 198 -661 346 552 152 217 144 -475 409 -247 170 -141 -318 -90 -80 62 -184 689 -274 482 -315 337]
[5 169 -568 203 -321 233 -45 -160 -345 45 8 790 -323 -462 269 25 -512 511 -50 -244 493 446 -78 -149 169 -556 -941 235 -26 234 308 -169 -397 -208 -57 127 640 326 -298]
[-201 208 156 744 285 -137 554 323 -458 774 332 451 -236 -79 772 13 -134 385 -141 -133 -151 312 107 519 -699 142 -229 -349 -76 248 77 -34 285 -41 -111 -85 -546 202 275]
[-130 18 -87 -419 141 -594 -598 56 817 -433 293 4 15 612 38 -65 444 -133 -36 -9 204 -66 70 -980 -122 116 275 255 -328 -21 288 -93 303 318 -256 288 352 -63 -244]
[532 440 176 207 476 511 613 659 244 -222 -314 -81 -201 472 349 -372 131 -731 -290 -233 -230 291 -387 -245 -136 55 -541 -226 25 -12 -171 -937 105 -86 -253 108 176 -545 -53]
[-186 227 665 330 -130 -301 -78 -399 -146 366 -67 -208 -230 483 293 13 339 355 249 680 185 256 -564 -247 -350 400 -954 621 121 -300 363 -543 -220 -474 227 -535 -376 -195 -325]
[28 13 -24 329 -654 237 779 394 631 -221 -70 130 417 -162 -250 -274 -524 -352 329 266 -416 610 -158 196 -1 -122 -95 -413 826 -234 153 326 170 62 18 -507 200 -142 -86]
[-509 167 -275 -234 -627 -112 349 -286 107 -121 -16 -96 253 -194 -495 542 -284 -572 5 311 178 -181 241 -443 -353 287 134 389 162 -559 360 257 344 259 774 175 592 133 -266]
[-347 97 -530 131 204 392 24 425 -348 -580 -254 357 31 154 133 230 55 -147 -383 -463 577 -5 248 -95 -613 565 103 -398 -164 -136 -570 371 -621 -168 19 -52 -15 -63 -190]
[-778 317 -807 -455 396 -24 212 -248 -334 -185 586 -342 -121 1240 192 205 -139 634 128 177 463 -16 -151 -129 -485 365 31 33 293 -503 -323 -438 -264 391 -300 399 625 -158 -8]
[337 13 403 379 46 -16 66 622 -224 -989 -632 -42 -345 -210 476 -48 307 -238 -383 -303 -357 147 -179 -151 4 -100 -451 375 278 126 320 412 257 -156 191 -89 -370 195 471]
[-62 -241 236 -57 449 -163 -216 55 -26 277 26 33 -160 -260 513 -376 -114 -38 16 386 374 -266 309 154 157 -646 -47 -89 -635 -116 -287 -259 -99 -616 -240 301 149 -121 12]]
