[[366 334 9 388 209 383 200 165 275 -519 124 -615 -72 -24 94 471 11 -71 -109 -490 -134 -96 45 -49 -151 83 162 -197 5 556 -263 392 -424 241 -519 126 -150]
[107 -434 -655 401 -26 -55 150 -203 -267 139 137 -42 332 188 314 -17 334 -226 -449 800 305 76 237 -17 130 -223 -372 666 179 -785 287 439 113 -175 338 416 -3]
[-541 -71 214 -192 -135 -703 -95 264 -193 285 489 657 50 -362 -465 -90 -435 178 56 -47 -527 -815 -353 -604 453 -138 361 -303 -75 -292 138 -520 -221 54 256 -316 112]
[228 -100 229 713 440 250 -204 -247 190 249 -642 -72 2 87 270 -8 338 -509 -751 -39 501 166 131 168 -386 -153 -131 375 -336 -73 562 -98 852 319 -9 476 2]
[62 -302 -93 347 -107 -343 -147 -227 -149 170 -107 24 -88 -124 -170 277 255 -365 -530 238 314 -575 -341 -631 -549 -517 488 613 -543 -65 708 179 -544 -161 492 80 0]
[-33 88 455 -292 -44 49 -439 -321 -246 716 -604 303 -131 718 -11 21 -487 -222 -50 -41 611 -126 -418 -183 -227 -117 566 591 -105 447 188 -416 606 176 570 -211 -102]
[-772 -322 154 -276 -102 -314 -155 -187 -463 -289 87 448 -641 405 -143 -81 198 -63 714 -266 -480 -354 -385 -563 106 -356 111 -383 -20 -97 125 215 -278 -470 231 -529 -54]
[710 277 -45 -211 -139 40 -377 4 262 -83 -223 -261 -409 -509 -738 96 35 106 -8 -59 181 16 35 184 77 408 -68 -209 -515 174 588 -345 -446 408 -114 -514 181]
[70 452 71 -595 -226 291 688 -9 -67 -191 -171 -307 396 -70 373 -491 15 456 -317 -224 83 823 363 212 -50 389 300 238 278 -206 -330 68 350 362 119 270 -114]
[577 321 -7 806 -25 -40 61 101 -17 434 5 290 333 558 166 -169 -296 282 -355 -217 -536 -165 -39 -135 427 90 -148 579 241 -98 520 -357 617 259 73 -247 1]
[-461 662 225 58 248 215 310 -116 -257 537 -173 -200 198 308 -330 202 -214 -286 284 -519 7 -460 -7 96 310 -3 438 -509 15 -287 -507 -395 189 339 -300 237 -7]
[130 12 -184 -50 -38 -47 -469 -220 164 167 526 -491 -194 -745 -16 157 -511 806 278 234 -297 -100 256 -159 129 527 -6 -207 121 493 -262 7 -375 16 42 -293 14]
[9 391 577 385 60 297 -282 -602 240 43 37 -425 -107 -100 206 236 0 -20 212 -453 39 -124 307 613 214 538 -200 -860 -802 303 -272 19 309 211 -552 -43 -26]
[-240 -493 215 181 523 88 -138 65 357 -103 19 195 -275 -190 168 250 -223 202 177 208 -206 416 -313 167 -585 -66 384 -44 126 713 -284 -483 -493 -177 88 -508 37]
[269 -44 -133 -308 -150 -390 345 206 22 -85 0 -419 319 -500 573 269 -245 406 -308 -56 552 148 -178 -247 -114 10 101 -341 181 425 -434 398 -335 389 -66 681 61]
[210 -484 490 307 251 -303 -208 -503 -71 -363 306 -1 -87 -92 174 -240 -68 -227 -449 -37 101 -224 284 -38 -466 -11 332 558 -256 580 47 81 325 -577 110 76 29]
[0 578 -181 -542 92 327 90 37 -16 -97 141 -346 292 -51 -91 -26 129 -351 -286 -192 76 354 194 355 -199 -222 891 234 -387 -116 -26 45 -1029 283 -8 46 302]
[194 451 162 -337 -769 -5 254 -148 -168 -60 195 -512 192 -309 10 -60 -596 501 382 165 444 -37 -346 -300 13 315 152 15 -16 73 -269 218 -468 676 692 -765 -113]
[14 34 -272 295 -278 44 -67 -408 -14 -255 -140 -139 375 559 -73 291 208 -273 702 198 214 -198 184 502 -430 -279 -301 106 611 -175 -720 511 622 -433 -47 233 -231]
[-833 -192 -612 -63 -97 -182 -125 475 2 -134 145 -118 112 321 -127 -93 -55 -500 -35 672 58 321 -142 -91 -291 -156 151 350 335 -210 151 593 -526 109 233 -314 107]
[-528 -502 -53 -411 -215 -795 -41 361 -746 -369 160 -45 -2 647 -294 115 -145 -407 208 260 83 -33 12 -164 460 -312 207 -94 407 -88 -49 341 137 -39 665 205 -225]
[14 282 -66 -78 -430 -355 -59 91 615 157 -461 387 121 -592 -103 289 31 939 -421 -165 -297 -481 -540 -590 -407 -270 400 -109 -371 328 158 -422 39 -266 134 -542 200]
[426 -18 -181 -414 -599 59 -134 -106 599 86 472 193 -319 -523 360 -305 257 315 128 159 -138 -1 278 -371 -497 139 -342 520 -133 98 286 -163 -543 -152 252 15 -45]
[-27 335 -697 -470 -401 258 -76 -200 271 82 -154 -336 -337 -480 111 -478 -281 104 446 150 125 605 42 216 169 517 -500 -168 -285 -258 -34 462 -238 -88 50 -6 475]
[-126 -790 -502 650 323 61 -306 -376 191 27 184 393 -288 327 -181 50 -179 -486 -311 604 -125 -195 468 -593 327 470 -332 -238 -224 -311 273 263 167 141 -93 286 -108]
[42 -43 63 1259 440 464 408 -73 248 -146 188 60 351 354 -84 -29 -264 -526 -334 -66 258 80 55 114 -342 -256 66 625 -145 409 51 -75 -355 -170 -239 895 43]
[4 675 167 -394 -669 -89 544 518 -634 -522 290 108 596 84 -171 -21 -320 465 188 -365 -34 -121 -285 414 175 604 207 -18 17 7 -358 -247 49 39 -359 325 -172]
[-230 -60 -331 220 -434 321 555 -285 -94 313 -161 -509 -60 159 511 -218 427 139 361 396 -783 503 328 -55 -429 -31 389 61 -398 -218 -228 -14 -268 -168 21 223 72]
[23 -520 -478 -173 -5 141 320 46 -178 -543 5 -34 -97 234 519 -49 58 30 364 56 408 143 532 -552 363 -497 76 8 453 287 47 730 -200 -60 -115 532 291]
[126 89 -777 150 -655 302 75 595 -375 163 143 -113 577 553 -241 364 151 -128 172 193 -433 -591 161 45 -205 -537 457 34 30 634 -102 597 -915 -352 -121 34 15]
[387 334 702 740 -222 286 -550 -223 153 114 -428 -236 -621 -382 309 103 88 -80 396 -81 -16 449 -170 559 -59 241 -415 -480 -589 -282 229 -292 328 -78 -134 -195 -15]
[325 159 111 242 466 -137 398 307 -80 490 -432 -167 577 705 -263 -200 -5 147 -462 -29 -333 -455 197 -235 187 287 -29 514 353 -534 92 -731 432 -58 172 613 -166]
[463 -43 57 511 260 -6 163 -240 528 -331 52 -146 261 -150 69 120 798 0 -146 -375 -2 359 852 424 324 108 -218 -443 -171 174 -510 -64 336 -320 -492 309 -611]
[712 154 -580 993 -395 396 38 602 786 136 340 138 552 -286 290 72 133 -479 -459 9 -274 -302 293 117 145 -80 -245 -524 -367 20 394 -319 225 111 -689 536 -11]
[-492 507 154 -1025 -313 136 226 -81 147 -31 -513 9 357 -338 35 -414 -657 138 469 562 -245 368 342 241 -128 828 282 -361 111 -342 -478 -446 528 -304 21 -274 -46]
[-580 -255 52 -761 514 -271 159 -30 -487 377 -118 6 -598 329 214 11 508 192 -9 71 0 637 347 225 -244 -54 761 -56 157 396 -46 87 730 -70 406 -302 401]
[-262 -531 -386 -572 -248 85 199 84 427 -386 556 -470 116 -583 92 206 135 -275 -277 439 107 354 61 -514 -210 -144 175 398 389 131 -44 447 -1238 183 -13 255 463]]
