[[296 -193 -131 -118 86 -155 -483 316 -584 72 410 5 473 -192 278 -651 99 346 -114 53 300 503 -505 90 262 160 -408 35 268 240 -106 -174 -91 -90]
[76 231 319 -345 -122 251 473 400 20 -17 -399 -253 -40 -285 -46 571 67 -24 -296 -509 141 -377 -211 -350 -205 121 93 -251 -950 -278 77 39 -98 23]
[-435 205 26 405 70 493 -13 -37 -566 -233 225 51 -621 720 -242 614 -424 -294 380 18 -404 -62 353 -6 273 364 747 292 -15 -27 50 -36 74 -2]
[97 -421 -167 288 -381 -452 152 -479 -20 894 -84 177 75 -116 455 -471 -391 -315 -185 -176 45 416 433 97 35 -534 -627 216 235 -60 224 94 72 67]
[159 197 148 115 197 497 -208 132 80 -251 -286 -439 -382 -179 -45 -99 185 100 -52 -367 804 -389 -503 -46 -664 -165 -867 -265 79 68 66 330 94 -76]
[-67 -613 -611 680 136 153 10 -798 -79 266 -168 -155 -77 220 -24 -244 -113 -18 59 -279 -141 -245 -355 713 -241 -342 -597 222 66 382 -528 236 49 -3]
[-100 6 280 431 960 5 -30 48 -541 -48 91 -125 -311 439 335 -545 -235 16 260 -458 -273 184 81 542 -137 -544 -178 550 -151 160 -399 -111 -43 -117]
[-650 -185 -881 -457 -226 -338 501 -486 578 249 338 -12 356 333 -596 120 -1 119 300 420 -671 -448 -199 212 559 -122 -13 -314 179 -338 -94 189 93 66]
[-619 444 -89 138 772 -521 361 -8 539 -295 231 295 -256 -136 113 -635 311 -108 118 -63 18 -479 274 54 -30 -143 174 9 565 -552 -389 121 492 -1]
[-304 -182 649 136 418 -65 94 607 -572 60 -61 739 -321 -191 468 -403 181 -311 486 -240 200 573 178 -183 444 751 291 -3 -240 -203 169 -232 -92 -66]
[406 -160 496 -438 203 -1069 -315 59 288 236 -201 -348 -99 -279 611 -27 87 606 -168 334 -141 813 154 442 -369 -297 218 -73 44 -54 -37 -514 -300 9]
[-167 81 273 98 -178 961 -213 -249 238 54 115 114 -469 -169 53 243 228 -592 -229 -37 617 -314 794 -187 482 552 -50 -306 213 -123 81 489 -121 49]
[40 187 77 139 394 -349 -300 61 -235 186 283 -356 -37 -120 -188 -667 321 -541 87 -444 194 478 512 602 58 -513 -383 -5 769 -202 -116 354 -426 5]
[-345 325 -77 372 -635 -466 -695 101 -81 -99 330 -149 -133 -256 -12 1 139 -475 413 -235 -70 -267 91 -143 -195 192 -28 -321 587 -286 -37 -61 200 -1]
[511 -110 64 404 -370 528 -280 327 -21 -92 -7 289 167 272 -10 198 -92 119 193 901 -98 -452 267 -207 86 536 378 -71 -54 -151 129 64 -304 -58]
[399 192 -348 203 -177 -529 206 -156 -617 436 638 -468 -36 424 19 -3 -456 -155 -305 176 39 365 84 -169 235 688 68 427 320 -613 -20 316 -178 25]
[532 149 529 -833 -131 66 -483 58 847 -371 543 210 638 -425 189 -3 497 22 -393 135 55 269 10 -553 161 321 -85 -45 -670 193 -31 -589 197 -552]
[-223 669 -203 103 89 -614 -53 553 383 25 45 -223 -449 -331 166 -416 -135 452 -233 365 13 -140 -429 -431 -482 -336 -360 -11 646 -585 -132 377 364 194]
[-86 183 -11 -388 458 -299 169 59 816 247 350 97 -159 -78 118 382 -148 353 -95 69 209 287 -86 -62 -1 -381 63 -55 -1 -550 -239 -85 -109 -91]
[-572 356 -663 157 -117 228 225 -688 238 -39 -202 -807 -442 -319 31 227 51 -103 -499 -132 402 -673 131 392 -140 -279 -129 -537 27 -653 -346 13 192 -209]
[-613 -342 -788 -13 -192 240 -179 -407 97 237 361 519 480 76 330 -576 -119 -134 321 -77 -87 -452 482 288 473 121 -465 -494 206 128 196 514 83 197]
[-290 138 -57 -95 -600 84 149 326 -246 394 514 -242 -366 -274 -418 338 599 -352 -5 160 53 -414 252 -190 113 539 321 -216 -165 -764 -332 7 -294 274]
[37 -171 -248 -860 190 -180 465 -9 -297 -227 -368 -380 87 -353 -400 -177 426 76 -327 -458 -408 77 -277 58 -137 -754 61 175 -553 -315 -538 -325 -14 -196]
[-123 517 306 143 465 -131 -290 -336 126 -76 719 7 -37 356 597 129 132 232 -25 219 -316 750 471 -304 619 -104 537 506 -191 55 -278 -457 402 112]
[-457 -89 375 -93 430 80 -488 37 -724 322 857 306 -294 -274 215 -436 -119 163 -76 -538 366 471 207 680 183 259 298 186 -267 187 -274 12 306 -52]
[66 -347 57 380 10 -352 -361 281 -548 -72 117 -47 -261 -258 427 -151 -525 403 167 -131 827 51 -279 -435 299 -55 -88 -9 370 -634 428 215 129 -125]
[-66 258 347 -485 -47 -218 532 -503 642 -199 -250 -121 -342 53 197 299 524 -271 49 14 40 144 191 321 -149 211 802 -210 245 379 -18 -146 -579 247]
[-718 -516 -40 285 -376 48 -469 -277 -288 625 121 -84 -334 -339 -128 872 -30 -689 286 102 -117 177 -51 521 807 194 133 -278 -496 -286 -131 89 -38 251]
[759 47 123 423 135 -286 354 -174 23 282 -206 -55 -212 -340 419 128 -362 -20 -236 -67 -147 -143 22 -432 -542 -507 311 60 -1005 -206 93 -142 -172 -287]
[-185 -365 241 133 495 -118 -144 -174 254 339 -171 594 -148 142 31 -780 -269 71 63 -721 -348 -24 -371 40 -263 -397 -481 73 -194 -278 163 -79 375 -215]
[-191 7 735 438 -55 -173 360 285 -324 210 333 -134 -446 304 647 207 -411 -66 44 -194 31 423 319 -343 -58 11 79 276 400 -419 -263 33 466 245]
[-242 -610 -363 -210 -400 -546 146 -228 228 8 -330 274 11 -412 -304 90 160 711 317 -54 -208 -92 -476 62 47 -231 -374 -90 -220 -401 127 -820 -148 351]
[-31 471 -205 345 23 524 -579 288 89 -477 -119 -755 -571 -297 -379 95 -218 -415 -139 -648 54 -408 235 -126 -284 -16 425 -555 -342 -235 158 -63 228 -285]
[-91 -60 640 -198 202 -290 -784 -169 629 48 -338 126 -119 -473 143 168 293 125 439 -51 -74 -40 256 113 -381 85 96 455 899 -194 -181 14 -47 163]]
