[[195 -155 -342 -469 -461 -523 227 72 211 -765 469 -239 -215 704 9 -17 -493 500 55 -44 -310 -317 355 88 -508 -167 100 131 -316 136 280 -278 -312 111 -245 240 0]
[-236 -520 59 -36 233 -44 154 -536 459 -738 367 -747 155 222 -546 418 81 209 71 648 -209 158 330 160 112 -201 -2 -158 -60 124 627 -91 -232 -189 -335 123 0]
[694 227 390 305 431 539 -262 -565 186 -10 -173 349 183 -310 -136 306 80 10 -176 642 782 130 82 4 -69 -210 359 325 -261 239 95 -161 238 -33 -668 -125 104]
[-298 174 -59 389 -137 47 438 466 225 942 -559 -432 -277 -159 541 -143 -128 -163 192 -273 -449 -545 -304 221 270 409 -9 -268 -487 -48 -330 298 -44 119 290 472 -5]
[28 -139 -614 -151 42 -126 -133 -504 594 -101 -797 252 338 281 135 406 -499 363 -259 263 415 -9 -73 206 542 170 53 -71 -518 530 -166 -83 -149 50 -460 299 48]
[142 -255 -344 -477 308 -315 -432 -369 436 -400 400 301 -148 496 -371 453 -406 315 120 242 79 344 345 -280 566 -97 697 77 -387 -39 61 -986 -59 -453 -346 -70 189]
[463 -1 582 256 -4 348 46 -40 496 183 -25 -245 -1032 473 -246 -283 81 -101 484 596 210 -543 278 -304 210 118 367 -124 -78 -142 111 -502 -43 -71 -74 50 0]
[-319 96 -95 -66 223 202 441 321 -248 88 -220 -23 391 -176 357 -187 217 223 -711 -383 -170 -574 -176 -222 -20 -484 -170 492 373 -163 -439 352 120 287 -91 351 -60]
[-423 19 508 -177 84 142 377 -605 -120 -401 424 6 41 -82 -51 -432 -84 188 -544 598 -182 -312 396 284 65 -275 139 -94 237 -138 -26 -463 -69 -22 -35 372 146]
[-725 -507 -319 -233 189 -120 70 -745 -131 35 -56 99 84 -179 450 126 366 -28 -446 47 242 -215 173 -61 775 310 408 208 -308 -50 -320 -301 226 -286 160 -132 129]
[115 715 -136 195 -446 109 80 830 17 83 68 -187 -593 660 88 -54 -10 -297 168 -269 -813 -587 207 -408 -430 55 -269 -196 -48 171 393 9 -305 124 -224 -298 -224]
[60 62 310 -314 278 63 -72 215 -142 183 -111 -723 356 -739 -396 -14 -72 132 44 -542 -220 309 -607 -268 -16 -466 -535 246 902 -235 314 613 224 -184 589 -15 -53]
[-744 -436 -58 141 521 222 -269 72 76 -411 -543 -218 430 544 8 616 441 -65 -301 -58 240 -373 -1 289 392 -57 -167 -121 367 344 150 407 636 54 -91 -243 -84]
[-489 -160 -343 264 75 -617 -471 601 368 -125 -210 97 682 446 -327 185 -340 641 -184 -55 -321 -18 -249 205 -258 -405 261 542 -84 127 -442 111 239 337 -383 405 -13]
[-46 -201 46 -264 -196 -221 -322 107 212 340 -269 -594 130 -48 -191 343 -64 -264 211 -339 211 -123 -5 -392 -401 -70 256 413 -368 -212 -408 27 288 -427 642 -253 205]
[450 -285 706 -447 234 -274 -113 19 -236 -728 456 -721 -194 333 101 -122 147 432 28 -49 -59 -76 436 141 178 -745 99 826 529 -321 526 192 115 -67 -83 43 -78]
[-230 -376 -260 54 223 -430 -104 -129 -63 -195 -56 279 261 -307 -279 -257 -80 577 -434 -226 97 481 -692 -256 140 150 486 133 -396 289 -232 -256 -160 270 -94 193 135]
[-675 159 23 -193 304 213 -140 -48 -414 -96 -8 -1065 481 -53 201 -21 -229 355 -173 33 -1171 -369 76 672 251 85 -147 -391 230 165 473 250 36 366 -277 94 94]
[151 432 20 -22 228 -117 -237 -397 -405 184 -499 788 152 -200 199 540 425 -202 -416 -244 529 859 -278 -119 -300 -85 95 415 -30 295 -190 579 205 188 121 -257 -221]
[48 -307 -353 -292 172 -234 -316 -672 105 -401 282 280 444 76 -336 218 -609 775 -567 425 -104 -296 -584 -123 -227 -22 -294 383 121 -167 -27 -134 -191 313 -608 232 -131]
[-772 313 829 -74 920 -361 -789 -297 -728 399 352 -592 -44 -7 -677 320 308 -357 -388 222 -585 -124 352 -214 475 20 153 -91 558 -202 267 -321 92 -192 354 -213 133]
[-720 10 -165 222 157 -731 -308 -555 272 -63 333 182 353 186 196 328 122 -10 -127 519 1 376 264 250 583 280 -340 247 -60 -286 -403 -197 -211 240 113 446 243]
[618 38 -162 -227 -502 69 -107 -358 -10 -316 -3 468 -432 -26 -145 -210 -351 -131 200 -8 -116 281 295 207 134 -382 200 367 -95 69 122 271 371 -119 314 -65 -233]
[-295 -307 43 -171 -124 -338 -827 -555 -362 -109 -190 -85 16 116 -3 -155 113 -482 -162 313 -387 553 182 -1 -262 391 17 -86 -259 3 -118 563 304 -380 372 -191 -122]
[-1095 466 -59 405 -480 -559 -45 -662 -126 336 -357 -68 73 45 744 328 -461 -130 -59 -69 -568 272 -455 486 2 132 -666 -58 -341 28 138 -117 -9 -107 532 -160 -154]
[-603 -52 -204 -598 -235 -244 -63 -42 249 -698 -300 555 142 -19 280 -430 -335 130 -395 -285 318 -267 -147 -590 -140 546 302 38 144 -144 -266 -171 -50 125 416 -106 -74]
[313 119 480 533 -395 641 -2 -156 442 -104 15 -231 -180 -747 -443 378 58 -558 611 482 492 243 -147 -670 335 -165 -655 -356 -158 -536 342 -2 194 -311 564 -561 -272]
[232 -204 856 659 -252 481 85 53 275 85 -275 -914 82 -43 -66 -113 447 -318 507 -94 158 81 51 288 -202 168 -481 -598 -276 -85 119 484 632 -166 -107 116 209]
[466 -351 -524 -178 -399 68 374 121 347 -174 -675 370 112 314 459 -376 -475 1 -106 138 -335 -668 -375 -390 -82 569 -293 -517 -495 260 -304 630 -492 335 395 134 -462]
[111 -440 56 -444 -82 -406 37 660 -156 -609 365 -108 29 -92 47 173 -210 -260 -49 -1104 -235 -547 -544 -172 -318 -317 -464 -145 -3 340 -259 -29 234 -138 844 187 364]
[-231 218 255 -180 499 359 162 -1032 275 -328 -625 185 355 -565 183 451 495 103 -109 -22 -26 223 -7 -191 759 -23 528 636 -42 0 -77 -416 -180 -489 230 20 133]
[-488 -16 122 -68 374 302 571 -153 385 18 -698 -258 -137 -417 -300 710 462 45 -1 648 245 -231 -340 -142 516 189 506 360 186 184 39 -254 159 -225 -250 -46 -81]
[440 -32 733 -340 269 590 -119 469 -128 -80 544 626 -110 96 346 -443 316 -62 -387 -68 512 397 97 194 -417 -47 -340 380 -46 -435 -252 -49 -31 -405 552 -100 220]
[-557 -33 -109 -154 -288 -80 90 184 254 514 -239 -423 675 -225 -645 517 346 39 116 48 -832 587 -73 -506 520 -336 -212 -5 -261 73 521 112 -246 18 -453 -279 -85]
[-227 -192 221 234 -327 -150 440 -59 97 -710 -524 412 234 660 154 -15 -289 -125 -535 219 -185 184 213 22 -284 -602 -9 -87 464 52 232 -255 -609 427 -288 108 -50]
[-357 -93 -77 65 245 236 -182 198 -1150 65 116 137 249 -223 440 -121 349 -176 -489 -529 -110 316 -142 31 134 110 -875 -273 355 -87 92 696 346 327 133 -245 663]
[771 -33 -13 -98 -115 -114 88 -783 242 -395 -72 315 -872 -458 -45 131 -190 -38 161 360 431 -568 270 -158 -578 402 -210 -152 -420 -438 -137 -93 179 -9 103 103 154]]
