[[26 -838 -109 391 -256 344 -187 -447 30 268 361 311 25 180 529 -242 18 -146 -215 143 171 -326 -218 -82 -122 39 -791 91 209 249]
[390 -321 385 -311 -117 -581 -50 265 -22 -165 -463 316 263 21 373 -36 109 889 20 -368 17 -153 178 20 -242 -225 610 35 89 -248]
[-58 -50 58 -187 -119 475 -349 226 -166 363 149 351 -88 -622 899 -480 472 647 -240 417 -391 -387 -172 69 -210 -158 148 72 -147 3]
[-85 24 331 -557 41 -470 534 -424 -67 -277 -493 206 585 439 -442 436 351 -106 -333 256 639 61 301 -381 -4 147 545 24 145 -5]
[279 -711 565 407 -528 -71 233 -344 61 -6 282 -81 -284 284 477 250 -90 196 783 -521 -374 110 -423 74 111 447 -313 283 371 3]
[385 -89 -74 -87 444 -316 -20 -13 382 163 -108 127 -88 51 -631 -53 -347 245 -151 105 -367 -422 371 80 42 -219 -31 -466 -805 -6]
[-114 484 -9 223 86 466 263 811 -124 -388 2 512 -86 323 -315 -148 213 -333 406 -92 238 522 -62 62 92 183 142 20 -88 249]
[52 265 -60 42 -630 -359 -536 -47 184 32 193 -244 -178 -453 317 -96 107 -66 65 -174 568 -452 202 281 458 161 -129 116 661 -225]
[-746 660 422 -88 118 79 155 410 -210 -80 -229 122 567 52 -235 -226 366 423 131 215 -697 602 144 -250 -225 264 310 221 8 246]
[-329 -25 -10 -196 218 351 52 64 -89 215 27 310 210 -4 -412 -635 752 30 -70 -159 692 -49 288 -425 -204 283 -594 404 41 249]
[350 -200 -55 -231 203 -280 -105 -28 216 -318 -116 -502 206 169 -352 375 669 -67 -619 -332 840 -465 534 -113 -320 7 341 -90 -484 -408]
[-4 41 -278 74 116 603 -168 -637 -377 -114 284 -242 -346 -345 45 22 362 -553 -808 184 30 119 35 -46 -665 -295 -212 570 -345 -217]
[-80 -97 793 70 98 -415 467 -22 -346 -491 -64 -183 -280 -58 -142 -327 -197 256 643 -1315 -221 479 60 120 -177 -410 464 98 175 -14]
[-414 -749 429 55 -737 -223 73 -411 294 -390 -156 62 182 -268 569 46 -250 384 547 159 19 -56 196 -124 428 64 -151 -256 618 428]
[-8 -89 202 381 -234 -111 -575 173 194 -500 155 -356 -385 -516 605 -207 -143 811 -382 230 -120 22 -1 206 -338 88 -480 654 560 6]
[-725 33 -110 35 -321 -51 -135 -539 -120 141 422 845 -328 -311 170 -213 351 -234 339 561 -283 233 206 -418 333 345 -494 -290 -150 476]
[-274 506 178 422 301 78 393 625 -263 -538 -120 -197 -23 162 239 89 -452 -296 83 -355 545 539 -204 363 -615 -227 532 73 -630 -172]
[-85 95 315 -131 328 -435 196 -86 303 357 96 264 -401 -76 -252 -458 356 494 -727 -670 -530 -191 193 -263 87 276 -58 -203 72 273]
[612 176 -233 340 -250 99 -193 -229 -305 -620 -355 -5 333 426 -548 409 24 -237 -286 465 858 -145 121 -234 187 2 -103 244 63 65]
[287 466 -293 -56 494 264 -14 132 420 -201 -399 -191 84 -323 -294 649 -554 393 -28 -191 -772 63 -396 30 -7 -190 291 -53 -93 113]
[-526 -168 -396 249 359 51 -591 -77 -341 350 -237 239 622 462 -44 276 -296 198 107 -399 298 -4 80 -334 -147 372 -464 201 -201 -130]
[-55 174 -276 180 22 188 61 -171 -245 -368 -171 -125 222 488 171 15 186 -465 -668 371 531 465 417 231 -122 492 -178 565 -375 232]
[281 -536 -95 -184 297 -255 -515 -768 -133 192 -109 76 583 503 207 264 204 246 -775 -362 399 312 -214 88 -452 -301 -451 270 233 -111]
[72 205 112 -191 453 380 -231 277 495 76 93 65 -56 -144 -195 -947 204 -354 -433 198 324 -529 -86 -175 378 -45 -10 -33 263 655]
[-180 -324 3 -460 -239 616 744 -171 39 -51 -414 216 -156 502 142 -28 398 70 98 60 341 -3 -116 -293 611 103 -470 346 144 501]
[-81 -168 -403 197 -348 76 44 281 -257 -205 1042 329 -887 -208 16 -257 393 -361 295 -198 -55 -8 -644 176 325 -190 -323 398 229 -70]
[-184 46 -196 -34 -78 -115 -92 -469 -239 151 583 -326 100 -133 565 -210 863 316 -77 148 518 -220 438 -581 86 -141 -338 73 495 368]
[145 -160 -64 471 35 -418 -129 366 -234 -523 189 63 75 -256 -293 -483 -146 -223 149 -473 365 253 86 277 23 -417 -134 -293 384 -699]
[-220 196 -87 -225 -2 873 359 -109 168 -264 522 -14 286 -174 -39 -545 605 -275 -379 -18 -342 544 325 -164 -255 166 -154 -129 -406 200]
[-199 615 680 -185 166 16 418 369 -227 -230 71 -274 -9 221 -71 30 -258 -391 170 -242 -704 621 -528 -293 266 -280 -10 -13 568 743]]
