[[58 -25 14 -522 378 -363 -24 458 -307 -72 -82 -469 -134 -296 -66 2 -37 255 162 162 415 -538 323 -641 -482 -236 -213 458 -259 80 -172 -190 -7]
[179 -160 428 124 -67 -165 220 8 -242 249 -103 -266 85 31 -195 -279 419 28 32 82 -191 -307 488 452 387 240 801 6 -687 -667 390 -44 -2]
[348 252 -228 -78 104 419 -33 -210 371 -356 514 43 -37 397 270 472 -507 -53 -156 -970 -549 431 111 -164 -324 -493 174 180 424 40 65 -84 10]
[-120 511 -108 -64 228 40 48 -314 -406 38 210 -356 430 -32 138 -39 95 -238 -568 -214 -806 545 164 653 -12 541 308 -641 -819 -186 543 -159 8]
[404 -264 -166 126 240 -321 -9 321 288 233 -951 -583 113 -542 -198 -145 269 -103 547 330 237 -575 -460 -384 725 -5 84 558 -387 -438 98 87 -10]
[90 281 91 -133 -490 -233 -323 516 -654 457 -658 -469 -141 -940 345 -153 445 -69 -186 -23 51 52 -65 268 -573 165 -697 -316 -476 41 -569 154 -7]
[1033 377 69 77 288 150 5 257 -542 124 13 -730 291 -573 74 -77 -255 539 -452 -451 -685 -220 -315 -315 -166 -175 -28 -120 -391 244 -567 -429 -7]
[-106 31 165 314 -879 268 281 -442 -122 12 -286 356 21 164 538 -274 290 315 476 79 -148 -317 -170 -186 252 153 -273 -606 877 152 -1278 -5 -4]
[-232 211 446 760 110 280 388 147 -590 188 -245 -48 381 7 278 -179 872 185 616 341 337 -449 -66 2 -151 97 188 20 -145 -506 -575 38 -10]
[128 -1079 -214 -3 -267 -569 -350 589 178 22 -609 7 -235 -159 -463 154 -32 -410 213 63 85 -604 214 531 263 9 -359 791 -210 -128 -117 322 -14]
[948 394 181 -428 -344 -12 215 225 -278 226 3 86 -285 -431 -680 -369 -158 472 -257 -230 159 282 177 197 104 -135 596 661 -62 152 -146 -274 4]
[75 572 88 468 -16 699 -332 808 -47 47 438 758 -77 171 -340 105 -381 407 -129 -314 107 3 -122 236 -72 -63 -386 452 6 575 -629 152 -12]
[119 -176 -35 -38 -261 -234 604 -302 -109 -281 -304 -151 -183 -91 -277 -27 511 186 514 -88 -73 -111 590 -388 -122 -533 769 287 313 181 -428 290 10]
[-14 445 23 -722 -379 -126 -486 353 -249 -136 335 -60 -735 -426 300 -80 -193 243 -475 -292 -88 -11 609 392 0 -677 102 -157 -498 41 105 542 -67]
[237 105 -385 -102 -416 407 -209 -30 50 145 -204 -197 736 -394 50 -121 144 -433 -14 -791 -1088 417 571 493 107 718 436 217 -345 -335 124 290 2]
[-170 638 -278 644 -290 167 -450 69 338 224 -54 97 -327 313 118 -196 228 25 419 -38 508 798 -294 923 -218 151 152 292 -341 -7 271 440 8]
[68 -162 320 -559 -613 -272 147 -417 -89 -97 -393 -97 -104 -192 -602 90 607 -279 453 -1 -283 -297 22 -585 511 399 416 92 -261 92 201 152 4]
[-377 -404 -77 153 -254 -142 -61 -5 918 -245 -650 521 100 194 -529 -134 -462 -302 -188 646 410 315 97 -215 568 343 341 -129 507 -86 264 589 65]
[14 -291 115 -379 736 -315 209 52 -137 134 -200 268 -282 204 380 -106 14 228 -285 275 -117 -146 -248 -252 380 -261 -823 -334 539 50 -177 -297 -139]
[212 152 -28 55 -16 -9 214 -359 -222 385 209 27 -19 808 -525 -140 206 373 -67 -173 -731 140 56 518 78 -31 303 -24 -600 215 837 148 69]
[-156 185 107 494 205 -276 98 25 -462 402 164 -516 109 -283 644 -269 48 152 -538 368 383 273 -700 -513 -555 127 -453 -228 113 37 -387 -338 -273]
[-592 207 -411 50 285 -171 40 -62 -228 191 616 -780 672 108 19 -421 -133 348 148 588 -117 -630 530 427 668 910 -183 132 -357 -209 -155 -215 -135]
[64 54 80 -863 184 -122 172 -395 521 95 10 -666 -134 -223 -25 126 318 239 -297 -373 -422 -472 322 -759 -507 -167 -273 -330 -7 -157 386 -272 204]
[-318 -620 391 358 124 -806 -312 399 62 215 468 -52 31 788 -111 228 72 346 377 278 -50 -211 269 92 112 397 -53 387 47 -224 558 -97 -137]
[-235 -37 5 577 528 -87 -3 112 -531 275 -425 -204 287 206 253 -114 762 37 -69 -224 -160 -399 -369 -558 107 168 -661 -477 -830 515 -590 -164 170]
[-324 599 602 -601 -451 -176 205 -497 -748 594 -136 -383 342 -372 368 -137 431 -496 -106 -126 166 61 -269 227 269 277 -238 -519 -89 -42 21 -94 -256]
[-40 -563 -314 -530 -95 -189 626 -478 374 -150 -327 -592 108 526 67 259 -556 -258 349 341 47 -279 227 -298 208 -23 935 42 122 -48 129 265 -93]
[-99 -61 -67 67 327 56 -390 -356 -1231 -275 160 106 -59 112 492 208 580 66 110 -186 -529 -404 212 79 -792 -254 -209 -380 -39 41 -186 -392 214]
[423 -5 -132 -566 -287 -313 393 -427 148 -500 -82 93 26 -280 -420 -51 -194 -257 719 146 115 -388 596 -407 642 -31 618 207 -114 -652 184 229 -145]
[-66 -392 427 118 150 229 -194 -161 -126 -234 -12 328 76 58 -687 -143 212 426 -389 -54 78 225 375 14 -424 -416 254 -148 58 102 278 43 -90]
[286 396 -413 2 676 402 364 168 -297 -533 326 173 179 295 30 276 -266 -170 95 -366 8 -349 -49 -546 350 193 -498 -425 -426 528 250 -467 200]
[636 105 -505 108 -169 663 -586 229 311 -584 461 -14 51 180 20 321 155 -557 732 -604 275 186 -189 255 -3 -239 -219 701 403 -493 -543 414 -245]
[329 -273 449 -109 -343 -345 -481 259 458 70 -46 -171 -476 -117 -54 339 206 184 21 -129 185 -211 927 -158 -19 -186 -447 156 -409 -26 466 -244 246]]
