[[432 224 -302 197 -86 645 -10 -133 404 -352 -423 349 197 391 107 191 141 -331 -9 -402 15 -173 313 -29 131 -221 65 310 -803 -174 17 194 338 -73 -183 -402 -282 0]
[230 -40 -16 -532 177 -293 -233 -3 69 72 817 131 -166 186 -421 -22 556 240 -129 245 -111 467 91 -140 110 -9 42 -997 286 -23 -613 -314 435 -151 53 98 65 15]
[567 -7 -433 -429 -963 199 -525 -84 273 -568 399 523 -309 133 -156 -180 -55 -144 261 -69 -67 445 429 15 68 -113 -67 -503 -611 393 109 487 420 48 -442 -80 -100 -2]
[-342 -213 -6 440 -664 93 -371 205 -357 -114 25 -285 249 -636 -435 -178 -886 -191 286 259 -119 -516 -473 -420 -408 243 63 236 -546 416 -675 376 -423 601 57 88 -128 -17]
[468 -235 -300 -632 756 -434 477 -109 75 -24 -45 689 421 345 367 117 357 151 182 229 -19 -578 689 486 401 347 -22 -655 114 -464 79 -429 350 -501 -240 -317 139 12]
[-306 473 -303 2 -324 330 302 18 372 -373 -715 -176 -766 -206 251 380 -144 -197 -109 -669 -44 92 290 -132 -300 -341 -632 223 -340 282 811 530 159 -168 -323 910 156 -15]
[291 -43 -81 -323 -447 491 -430 422 226 -206 -174 -118 384 438 -126 26 275 101 -219 -517 -77 555 -563 77 -624 -70 712 286 -308 -293 -666 -432 346 534 326 -651 -324 -4]
[-503 -75 29 -549 -143 -383 95 461 -192 -414 -243 -422 -236 -106 639 620 -119 287 159 42 -99 -652 234 751 -224 -103 -72 -431 293 -87 798 -374 199 52 406 492 119 -15]
[-9 193 96 -37 -318 119 -345 -183 809 -92 -715 362 -318 484 452 -424 -78 -520 -220 -525 -144 642 128 -91 -276 208 210 929 -137 74 420 -73 -268 -251 -148 116 -146 -102]
[323 332 299 -111 424 -506 -85 87 54 64 103 261 -167 114 -762 -423 404 194 -284 -143 -120 431 -33 -293 60 530 32 -61 369 -111 375 198 -133 95 64 490 -44 -1]
[133 124 -291 -107 -23 133 244 375 22 -347 25 -481 -98 -386 -948 163 199 93 -529 -486 566 198 -379 -576 -35 567 -365 -362 -133 -363 -620 -381 73 183 -115 335 -136 40]
[482 248 63 -341 80 492 178 709 161 44 185 -327 58 -89 -1166 -134 228 -276 -445 -788 -33 333 0 -175 -183 284 255 -116 93 -230 -435 -352 27 304 152 -552 -100 3]
[146 76 -418 118 -130 134 1 112 -516 255 -199 132 -165 9 216 230 -145 64 422 -390 79 357 -255 -578 -54 191 -381 422 -864 339 -41 1078 339 451 11 223 -116 -9]
[373 -197 125 217 -530 -31 -357 187 -78 -105 107 -191 -473 80 640 248 -335 -410 -5 -410 505 720 187 510 85 355 48 718 -52 647 710 -229 -548 -337 -283 -385 378 -92]
[41 -346 106 -189 -148 -73 224 -540 119 836 448 784 125 -182 -351 -573 -22 330 438 753 -84 -204 -22 -70 244 -73 721 -86 -36 3 -366 77 -52 -42 -474 -217 37 9]
[381 -236 -385 -355 -354 -81 -337 407 250 -557 -16 212 -296 365 504 10 69 176 500 417 350 -35 453 300 590 324 724 -429 -652 114 -248 -528 169 -65 -58 -849 22 -92]
[-46 -334 -13 -403 -271 -608 -175 22 -173 -162 -38 440 -647 -453 356 -11 -329 106 233 -128 569 -587 500 719 1 224 -58 -284 63 -372 699 -203 105 187 -76 732 -636 90]
[-163 -367 253 -371 297 204 -220 438 -350 605 -22 86 -688 -189 -552 620 75 -64 -435 -313 -199 -299 -242 51 -580 391 -103 -388 196 278 -1180 -599 -324 193 0 485 14 -143]
[70 371 -194 177 719 -148 683 845 102 226 233 -548 -311 -449 -579 593 53 132 -350 7 169 91 -18 -531 -37 -13 44 -22 -477 -297 274 -371 -421 -118 251 192 481 65]
[361 111 -245 -222 -459 239 -223 401 -240 -383 96 -536 156 673 201 -439 377 192 166 -665 211 477 352 852 96 -588 196 337 -123 -236 465 338 736 302 313 -243 40 130]
[-112 223 -379 189 267 392 -77 -419 196 -113 -74 229 -843 183 -520 -181 315 -152 -68 239 -53 399 50 -588 496 -105 5 -89 -79 -458 -854 -62 215 160 38 1117 -178 -4]
[131 -68 -170 -515 -230 107 -5 -120 287 -386 -213 407 7 1060 -275 533 216 512 -320 -529 575 -231 196 325 -321 282 95 11 -165 -94 -241 0 332 -274 -626 564 -46 -81]
[896 85 -381 -701 -11 359 35 -276 -250 107 -228 811 64 637 71 24 207 252 -59 42 -108 276 307 274 -238 159 920 -537 345 -195 28 498 311 90 -483 -282 -154 10]
[-255 -103 190 16 608 -113 210 -336 -77 431 714 500 -538 -298 -594 801 -36 240 -472 33 191 -297 421 -330 -171 -447 -368 -356 -104 325 -727 -25 105 -160 351 114 178 -33]
[-255 557 377 254 509 640 277 122 -158 339 -180 -510 180 259 433 50 54 -556 -525 -606 147 -80 169 -522 -30 -268 -216 439 -154 133 497 -187 -138 -129 64 214 -531 60]
[54 -336 182 337 21 -466 -174 -582 255 -490 267 316 36 -937 105 -306 -2 -167 668 912 435 -281 -229 362 491 -276 183 215 66 -597 711 268 -250 311 237 -159 -420 316]
[-483 -857 602 177 -49 -152 -248 357 -253 49 -290 -70 -59 -103 113 -384 -442 -35 422 210 -130 -426 -471 545 -367 66 132 162 -302 873 -741 -163 -592 -52 -16 74 66 134]
[272 476 -409 -279 89 -62 -365 52 508 -271 -320 414 437 212 -243 -775 151 -12 -297 -387 -215 -531 545 -706 -405 -15 102 -271 -113 -233 -437 216 742 -317 -380 636 20 176]
[389 86 -172 -229 -46 -136 -266 49 670 -38 55 346 428 64 558 -117 -95 -356 -319 -32 -333 113 472 -352 303 90 -333 -566 -354 277 467 -27 -61 -574 -430 277 95 396]
[-48 397 -251 716 -7 363 325 -619 336 -229 -68 -241 -80 461 382 -194 -233 269 90 -43 831 304 433 421 698 -339 245 -145 -207 -140 232 -165 -59 -591 -111 102 148 -138]
[461 -79 -562 -197 139 309 -293 644 140 -421 -585 88 527 330 -140 430 703 183 -260 456 57 -375 -352 287 12 -151 188 -523 -639 -519 -1144 -226 -9 -103 551 131 -109 181]
[497 358 131 -92 -146 66 -491 -592 291 -82 -4 519 -105 276 -288 -367 332 301 75 -156 91 161 305 -108 -107 491 886 -430 -445 496 -378 86 -389 -161 -496 -738 91 234]
[-431 175 -464 -633 -287 -406 42 -259 319 -363 -372 355 -467 148 -15 145 -257 197 390 -146 -46 363 453 -409 75 -85 106 -53 -427 -516 -85 140 170 312 -18 120 216 -197]
[-76 9 317 -348 892 -374 413 405 74 408 -186 -45 -133 -253 -390 -342 -54 391 181 376 393 -117 -280 218 -150 346 -10 -617 200 49 198 48 -10 606 10 -261 -341 285]
[582 -639 240 -457 374 -636 -143 -298 -287 144 -274 283 432 -60 679 397 318 294 70 344 -20 -206 112 680 160 -45 239 302 490 -54 451 -411 -289 541 131 -48 -121 -200]
[-165 20 -87 248 60 -230 -599 -276 -37 -20 213 230 -596 -251 485 -169 -82 -205 -445 13 39 732 -681 183 153 -116 -448 -512 248 490 -370 -321 -515 89 -430 846 65 -219]
[7 350 -423 -19 -11 29 89 -295 -102 79 -205 -300 -98 -80 1093 43 -344 445 -126 -257 130 99 32 -163 25 -471 17 191 -105 -154 -144 520 538 189 118 -654 -560 -308]
[-102 -414 376 -78 -190 -489 -340 877 -327 -108 -28 70 -630 393 535 -275 -158 -220 -75 314 -478 108 -400 83 -84 41 -220 -336 119 203 146 -502 -35 175 412 -230 466 -151]]
