[[459 550 -60 44 339 343 -4 -558 -5 121 98 72 -145 348 342 -717 284 -156 -112 -264 -103 -265 76 -219 -53 -126 -684 0 -565 -283 876 275 146 56 -309 -374 54 -451 301]
[-70 -265 589 -540 213 208 130 469 -161 -373 227 -134 -111 -118 -618 555 -637 611 -68 32 -282 223 103 -54 -227 67 351 -632 -147 120 -218 -404 -520 -463 346 106 -380 109 18]
[-262 66 -14 269 -68 82 398 571 33 -35 -39 -535 -238 0 -884 397 -126 295 283 -148 -48 -770 -426 -262 -152 201 11 -373 48 -594 211 140 -2 -261 -95 -450 -192 -28 -172]
[-315 -377 -129 -217 -319 412 537 502 102 -223 -222 -234 299 393 -42 128 -110 274 172 504 103 324 142 171 -668 -42 956 -97 244 424 -57 -683 -166 -326 491 -751 -50 69 0]
[290 -133 -250 529 -103 -589 -225 80 -578 251 153 114 -518 267 -372 518 87 274 218 -204 194 -644 -13 -478 405 54 27 155 -741 -397 222 354 -344 549 -183 102 -167 194 -143]
[294 -328 84 637 -712 -509 -272 708 -324 -193 -31 -192 -309 -548 -170 -170 -147 218 -436 -456 -170 -355 -323 -432 435 305 39 -49 -25 -327 158 -62 11 349 -325 -161 -344 224 -327]
[-197 -299 -70 -472 -8 389 546 -368 -225 212 -16 284 -342 547 -18 282 -578 248 626 -207 77 55 363 -256 -342 132 -80 32 -698 722 -276 -619 -72 -100 808 -270 -19 -162 196]
[886 -163 546 28 290 -444 -448 120 -4 -521 -210 -108 535 -849 209 -95 633 -533 -504 -537 -84 262 -127 -113 11 -153 -195 404 -106 369 11 210 -152 21 -191 353 201 -1 0]
[-197 -635 159 436 -320 439 573 271 295 -15 -516 24 444 2 246 -76 -38 -408 -690 330 -53 194 -377 -190 -492 -185 -127 304 693 498 197 354 280 -75 9 -160 382 335 -189]
[903 74 22 -115 -261 198 4 -312 -492 160 -109 -3 -843 -354 143 -244 -207 164 346 -1056 324 -76 -442 -196 110 -282 165 -133 -845 1 277 -223 -349 -5 139 -726 -382 -56 171]
[-420 -178 157 -53 444 327 -95 -113 703 -402 -94 -297 146 640 28 658 -520 220 -9 765 92 570 507 -167 63 -53 -57 -79 -129 364 438 63 -162 -86 272 218 224 36 24]
[-226 -356 -249 402 -148 -209 -205 705 473 263 -265 -499 143 443 194 -83 12 52 249 363 287 -281 382 72 422 403 725 -47 492 -89 244 -218 683 117 322 -231 677 -65 -303]
[955 140 164 -195 25 148 -204 166 -792 -309 -243 342 -476 -196 35 -541 -19 -184 -70 -235 -73 124 -124 -862 -415 -259 312 163 -506 60 -369 -533 -605 266 63 -331 30 -175 150]
[-115 -104 519 -258 -74 94 343 -406 -87 108 339 205 408 -10 -166 -212 147 -787 135 -293 201 62 -80 305 -264 193 -520 221 -703 264 -43 25 99 -217 537 -148 -532 -85 330]
[591 -319 814 -309 677 -126 -29 431 -362 37 440 40 411 -308 45 156 -472 -3 -199 -368 387 315 143 104 341 236 -60 87 -459 358 -476 260 -364 -23 -23 353 -578 232 -104]
[93 -542 397 688 259 144 165 679 -353 114 280 47 -175 107 -204 -249 -809 453 94 62 -127 -170 -281 -420 457 -140 85 -104 -458 -930 543 418 -499 317 -135 -170 -167 83 -165]
[377 309 -482 268 178 83 -92 -77 -322 -8 -377 268 331 837 -52 16 503 -200 227 -20 724 -149 316 -159 138 25 -193 1046 -618 488 141 220 506 34 135 -181 -49 -18 55]
[-58 -443 14 270 433 -475 308 401 226 0 11 -539 374 -580 108 -479 269 6 -309 -396 -344 -602 186 412 90 303 -13 203 676 -206 366 254 340 239 -629 -561 121 -520 45]
[-39 280 187 270 -166 -181 -441 571 -365 -348 -208 209 546 351 170 -183 584 413 -89 46 -127 -460 424 36 6 -14 241 -202 -113 -582 275 74 95 -281 81 -340 54 -92 -249]
[-75 37 -345 719 -165 -537 -500 69 -204 -3 -219 -120 2 247 71 859 228 -83 -479 398 -293 -667 344 -354 357 -206 -7 232 -167 -359 -4 713 342 67 -355 199 77 223 90]
[140 120 -522 355 -212 -378 -115 35 -826 -351 510 -61 190 -452 43 -551 289 -53 11 -298 -496 202 153 -428 -144 37 -61 -55 -726 -290 149 -128 -103 364 -436 311 36 -283 53]
[-90 -168 -141 280 311 -311 252 482 -54 -222 -55 525 446 -645 154 -701 158 -287 -174 -269 146 -536 318 -111 48 -40 -416 320 894 -536 21 230 277 299 -426 165 4 -167 -492]
[-107 -146 407 63 -77 233 -525 272 312 110 437 97 -468 624 -454 723 -216 763 -332 408 94 164 -129 195 125 -176 513 -377 -65 270 88 -301 -320 -308 44 318 312 207 261]
[-6 -262 -510 -121 -162 -501 528 158 83 142 -373 -471 232 -167 -237 168 432 110 340 -493 413 23 -627 26 42 685 -284 -74 65 791 -567 -132 -151 -241 179 -21 6 355 -224]
[-594 -549 -83 -30 -148 -686 -75 -209 582 -90 -21 -244 94 230 -14 532 367 -500 -19 494 37 180 396 93 318 -163 1 319 510 382 -504 164 381 -53 45 861 -63 277 372]
[-407 335 -543 363 -69 43 102 -140 -219 861 36 9 -323 -310 -395 54 318 123 -434 -342 -235 -432 -505 206 17 -29 305 -417 394 -99 509 310 632 -266 -122 162 34 -97 171]
[448 637 315 -87 63 -102 -698 -339 -251 -318 270 -105 -674 158 -473 -130 -225 -121 -526 337 79 -284 309 -300 498 4 -353 -398 -311 -414 281 501 -88 274 236 150 304 -218 553]
[-243 -332 468 231 33 -452 24 526 -217 -158 258 -496 708 -381 -336 -600 86 -501 179 -203 -70 337 -530 228 -504 304 -471 291 159 192 -376 -398 -562 20 -360 255 -209 -18 -1]
[335 1 107 -20 -435 -263 -286 -103 -566 487 378 234 -689 238 431 -87 -744 -410 -179 -260 -186 432 46 -357 235 242 -159 -40 -561 146 -19 218 -280 70 -207 775 154 272 277]
[-350 221 -48 53 481 115 139 -868 468 436 220 -169 -200 -154 -387 271 -141 -291 488 -502 -201 -535 -438 427 221 -313 -381 -231 -58 -309 215 800 147 357 -454 -459 -375 33 -199]
[573 -38 -19 -15 -364 -257 148 -20 458 347 227 -590 -624 -388 -23 9 32 1011 530 -337 -335 -614 -306 206 44 -441 307 -483 -574 -393 560 -3 63 287 -291 -303 -352 28 -12]
[331 6 641 -326 -80 517 189 185 304 -386 -100 -44 -74 22 468 -940 -400 -436 57 80 -447 316 -83 -188 -675 311 -588 -88 -322 316 136 -675 -271 -205 -278 137 -473 -717 441]
[376 -29 454 217 32 236 82 -439 55 -35 -443 114 492 211 -13 433 -217 206 -120 -230 778 7 -375 -185 119 -142 30 -117 -234 628 311 204 -508 -164 526 190 -217 241 -182]
[531 -222 181 -377 483 45 107 -236 -382 -326 73 145 -225 604 248 679 134 -727 -637 456 333 437 27 -71 -196 -495 321 -95 -682 255 828 260 -495 -187 410 58 94 190 538]
[518 -442 746 -40 -131 58 191 -83 263 -19 -341 -178 205 -666 150 -58 -210 -87 -103 -496 -368 337 -613 226 172 547 107 292 290 176 -261 263 1 -617 -68 -442 -426 -106 -372]
[-167 -44 87 -506 -371 1 276 -31 194 238 -118 -110 -41 -30 -447 709 -383 638 1079 -247 449 413 -368 117 297 711 329 25 -268 -159 -137 -323 101 -162 170 47 138 220 -99]
[-265 -167 279 287 92 249 -143 417 -237 -130 310 -285 150 -97 138 -549 10 -124 -44 225 -421 -437 188 322 -190 11 981 -386 -249 -329 499 -163 -466 -164 9 -933 101 -133 44]
[-173 541 77 231 -701 -267 174 333 151 -371 106 360 259 68 -73 -2 -82 173 -87 225 574 245 377 469 -48 445 34 109 217 76 -495 -1024 -29 -398 133 93 -766 -5 -358]
[293 -38 465 -544 319 -41 -167 -12 223 -4 244 167 217 -346 114 -79 -343 -707 -1166 680 -30 321 489 -415 5 99 -559 356 243 -241 -207 160 -375 -15 -612 129 -458 -250 -176]]
