[[-70 332 137 0 -372 -132 117 -80 39 -916 259 9 106 102 170 -178 169 -216 -171 -41 224 208 406 552 -477 291 44 10 343 -123 341 435 -312 190 125 -381]
[-2 578 -9 -206 -114 -423 -49 350 -320 -313 90 -574 131 -156 -48 -521 54 -428 -45 97 -44 -111 114 297 106 59 -358 -955 -501 124 -121 414 -121 -83 -203 7]
[-116 542 203 462 110 -192 -212 -588 -137 912 160 -28 -101 -156 29 -334 16 -336 631 -76 -620 -291 -184 -312 257 -26 -167 -350 -336 -27 -418 383 96 -180 -594 29]
[-89 -146 -60 -118 50 -102 341 38 -487 -740 -423 -422 -38 -403 -261 63 253 21 -514 420 209 315 -48 586 36 523 -396 -180 -81 61 -84 531 -559 225 606 -13]
[-319 164 -116 -114 -137 -190 -34 -350 -104 -636 422 385 -183 305 339 99 -10 109 145 -56 -305 300 -104 -380 -206 165 670 -125 678 179 177 -647 405 291 6 0]
[-459 -105 416 354 -65 -81 82 326 84 701 -105 175 -101 -162 533 64 249 -212 -151 129 -52 -177 -329 397 -79 -104 -194 718 54 -331 98 271 -344 -7 515 -379]
[70 462 579 154 -72 456 -146 -329 115 1130 86 296 404 126 -90 -34 -254 278 11 -11 -136 -302 122 -536 -300 -315 -11 797 -308 177 284 -128 9 169 70 -353]
[-319 -278 113 320 -349 -192 -136 412 514 -340 207 -127 -295 311 694 385 527 -167 -189 183 431 -308 430 292 20 -255 4 261 111 -516 106 109 -322 383 -403 -407]
[488 463 295 -82 -249 88 -88 -944 178 -80 270 129 84 287 -163 -14 -262 45 -583 -489 100 -83 210 248 -315 375 -24 995 283 -80 471 374 117 -564 99 -378]
[-19 -117 -260 -654 -203 -33 -118 9 -203 22 -38 417 -241 221 -162 171 -377 255 -1092 -96 147 366 -481 137 -141 479 114 506 120 -26 -291 25 -212 483 792 -20]
[-634 -465 464 163 515 253 52 246 -331 295 -62 -203 62 49 -87 431 204 443 150 -75 -33 -277 -219 -220 249 -229 -66 -397 -519 -120 388 160 -36 248 439 1]
[115 -402 153 -263 66 108 208 266 455 150 378 -284 63 356 -184 -113 -737 524 -249 161 359 -141 142 -385 -315 -759 -314 8 -499 -369 -75 123 -305 366 -66 -51]
[-323 206 -446 -370 -76 356 270 156 -464 -196 -47 -12 258 -160 -413 57 -150 -464 -268 -271 490 358 96 94 -212 429 43 -632 -484 319 318 -110 -39 441 -367 12]
[542 253 166 187 -349 136 -135 -509 -492 -570 -624 -183 301 -57 -169 246 479 232 182 346 568 222 657 255 361 -93 -361 474 188 -301 -1 67 -297 137 205 -381]
[-2 82 305 285 -99 56 444 490 -640 -393 -383 -368 280 -111 337 222 -412 47 -123 623 325 514 708 306 -111 -266 -455 413 -415 -73 405 238 -543 360 155 -386]
[78 -580 144 44 -91 376 273 250 5 398 431 518 -796 173 413 369 -234 -393 126 -679 -287 14 -42 96 33 97 627 145 122 181 602 -316 528 -557 17 -12]
[439 -212 -165 -11 371 260 -397 272 87 -104 -305 699 319 -292 -169 -292 -84 261 226 42 -130 -61 52 217 5 145 278 190 128 154 -16 418 202 -540 -652 804]
[-216 -576 331 316 453 299 -16 -69 199 -228 -205 -275 73 212 -75 467 286 161 257 -456 -356 436 -189 535 -329 323 -68 234 709 -33 266 142 -398 -582 170 7]
[164 316 -232 415 184 -210 280 -15 471 -153 -142 -38 322 176 -285 90 -355 10 60 381 254 245 928 -387 274 -699 234 -81 4 -101 69 -264 86 -18 -485 85]
[239 114 110 76 290 231 -349 292 44 -164 -289 -81 226 528 -306 346 -9 221 -90 339 429 -292 174 -360 -115 -340 531 464 278 -368 -49 -509 89 539 676 -379]
[89 -60 163 49 186 247 -180 689 -567 301 -718 -246 -259 -766 253 -105 252 -171 187 279 350 132 -174 189 200 193 47 -154 -453 -407 99 -199 263 -767 90 -18]
[261 -222 -195 551 100 -25 349 -433 -743 -242 273 -108 217 -338 -34 12 88 -874 510 -230 -241 86 425 474 59 198 442 -212 -5 -231 213 583 -52 246 73 -2]
[-156 394 468 -15 392 -334 -86 -409 -903 320 -26 148 -607 -298 476 170 335 305 318 497 -201 -673 -324 -586 197 -12 -443 -24 -312 127 -290 -110 180 -276 466 -86]
[-340 276 -14 216 -63 154 170 -822 460 72 148 -84 -516 94 -387 131 -243 331 -994 52 131 194 133 -37 -460 596 80 133 319 72 324 130 247 555 119 -847]
[515 215 -809 168 -4 105 -237 -342 -373 767 -321 -412 -177 -41 -471 -110 345 -672 105 -109 -555 -20 -490 336 224 295 -422 157 -40 -226 -389 36 66 13 -597 -152]
[226 -398 -87 -242 -380 186 -200 691 421 29 136 -173 -453 -133 653 116 124 30 -441 -45 1 -32 509 381 -445 -328 -491 645 90 15 390 -607 -448 231 209 -30]
[301 31 312 -234 813 79 -448 349 -718 -42 -568 -398 220 -401 -6 140 -116 136 -410 -200 -81 124 10 -242 717 434 81 -87 -19 -37 -89 -286 -192 -546 392 484]
[97 399 -186 -465 32 -300 -291 470 224 -222 64 -64 274 240 -99 264 459 -35 -177 162 408 -348 -30 -49 -193 430 783 -785 -388 -365 -11 -110 512 284 46 429]
[-362 307 233 186 493 -598 77 137 90 541 214 214 129 95 138 -340 -460 -8 379 706 -565 83 -255 -105 2 -15 40 344 239 442 -416 446 451 -137 471 646]
[198 -439 -164 422 148 392 499 374 704 -551 482 91 146 -415 428 24 -11 -666 -116 -291 348 -337 -50 585 -178 -354 -6 435 460 -7 584 -591 276 205 294 -522]
[-432 -72 -144 -294 -722 33 356 -152 -16 -778 197 -66 -759 335 472 72 -16 201 -362 -153 431 295 -216 -4 -36 -276 293 123 486 39 652 54 251 -412 -69 -70]
[735 -520 -571 -193 -114 -156 20 -333 226 -247 -141 162 -499 -221 80 236 -93 509 89 522 80 370 -311 -517 192 208 -428 409 -57 133 -133 58 -271 137 90 813]
[-498 -926 244 387 406 -470 258 -192 299 -493 -370 117 -285 320 174 111 252 -163 -737 496 -131 -369 -111 404 54 -96 -95 309 235 46 427 511 70 -263 486 -220]
[309 -680 94 380 -36 317 631 683 235 -236 194 35 -154 182 -76 -220 -4 -382 -177 265 594 322 437 -263 -351 -18 437 -105 -294 -592 656 -241 234 145 -102 156]
[401 281 153 -364 465 215 44 628 -476 -561 154 87 66 254 -126 87 45 228 130 80 113 -295 477 461 120 -564 640 145 -279 579 414 -364 238 -121 110 -127]
[-261 302 -382 8 75 -491 -383 -279 -437 -594 146 339 -100 728 312 -269 -121 140 62 215 -108 -105 62 284 -288 -167 507 -184 435 -394 -223 9 -163 -258 224 -349]]
