[[-296 152 59 129 -673 703 -208 -123 82 35 147 -272 207 97 574 -393 -14 -51 -7 -88 140 -351 311 -14 -503 -176 -169 -219 -50 -144 0]
[232 50 -148 -473 569 -305 -371 -22 110 467 -920 219 344 -237 142 344 431 564 69 75 12 414 133 -485 220 -153 217 -57 609 -135 205]
[365 -241 -645 -416 21 38 379 434 -309 -168 383 -481 -271 -429 -536 271 -381 -109 146 -485 -483 -298 50 175 109 287 -372 -95 -422 -211 2]
[-331 -122 460 368 100 -564 523 -331 230 98 536 581 -347 -479 347 15 -220 -70 390 163 -264 35 -544 -127 540 300 -193 139 -330 483 -207]
[30 433 -107 -733 -375 136 -201 -292 -26 239 -517 -723 95 268 -219 195 102 394 -207 -111 92 -202 183 192 -406 543 -90 262 -531 -337 195]
[-140 -39 128 269 118 -541 -480 -690 102 -298 -225 -360 -327 275 -656 151 33 -191 -660 -60 120 282 -13 97 -361 337 551 -357 -315 -115 -9]
[-441 -151 -123 284 121 541 -854 -57 29 108 -373 -345 381 -227 244 399 349 67 280 43 -316 47 -30 -432 -703 -545 -30 -187 -187 61 -44]
[194 -348 -221 611 -137 35 385 287 -322 -546 21 -352 173 -126 46 -835 -619 -477 -11 7 368 -316 -44 169 298 165 132 -456 159 -217 49]
[-149 227 -320 -368 -355 -241 -228 -577 103 281 -220 145 -145 169 353 488 428 -134 -71 73 -51 -8 383 -435 -581 150 240 -68 -399 -765 -66]
[-130 -103 325 239 -54 -114 -517 -417 260 -510 -143 -118 -227 232 -436 447 -72 214 303 57 -441 56 -239 400 -114 -13 487 -332 300 427 55]
[145 -33 47 232 -237 256 -835 94 220 234 23 456 247 354 236 302 324 -398 460 180 84 334 679 -17 183 -463 433 -276 347 -240 77]
[180 -262 -643 170 1027 -286 -455 -229 -239 226 -314 96 135 -330 516 336 15 -361 -76 129 -181 -81 -7 -363 250 -429 28 -426 -202 -86 175]
[-40 -240 77 -424 57 -33 -363 -803 141 326 -566 -128 -253 341 574 758 579 -237 91 -132 -258 417 74 -49 152 126 -53 -156 15 -93 204]
[-136 -109 678 -95 -269 147 214 -291 -355 399 -325 77 278 370 69 38 -355 -271 61 255 219 95 341 -68 287 185 483 -266 335 -390 -21]
[418 -438 50 158 622 -39 -497 297 348 83 -16 -489 -137 140 -246 -96 69 -209 680 -269 -361 296 -364 162 163 -228 209 380 87 141 33]
[205 -7 -477 -410 -268 637 229 525 -344 -248 -164 -107 -18 355 -480 9 558 17 -330 -760 -243 -73 -76 285 214 -377 -296 164 -35 633 266]
[-162 344 -399 -598 -324 -32 -328 -195 -49 625 -87 528 -473 -97 355 343 -500 273 335 339 -305 -266 676 -370 333 251 -224 -771 -56 -339 204]
[116 508 340 -883 -200 -280 -35 552 39 -77 -42 -427 415 -390 -448 348 -34 235 53 -74 -168 -308 106 412 -470 7 37 32 106 26 0]
[-117 338 119 -76 263 -322 -207 -238 180 -108 -544 -254 588 -369 -232 -393 111 -385 -64 -210 -90 540 -47 -296 -23 267 664 -153 576 12 -117]
[-306 -201 -387 -443 600 584 -478 -188 -192 488 129 26 159 518 -265 -211 -2 -318 -278 -598 -297 462 308 -176 442 -769 -67 -295 237 -506 183]
[-482 421 354 -131 107 62 -738 -53 144 58 -341 -95 375 358 -635 -202 400 444 516 239 -336 28 -279 -316 -78 173 -156 92 477 163 432]
[449 -35 -564 42 377 -77 -365 277 -562 -154 155 -336 -48 -270 112 -95 -193 -700 225 38 201 627 7 108 -394 88 287 -13 -301 -75 -164]
[-513 -203 -479 97 -257 -428 403 -109 353 -55 -298 -311 66 -586 131 301 -323 9 154 -637 190 -363 -353 95 290 -14 -227 -289 -319 209 37]
[362 -403 -492 403 -281 328 339 118 -416 -461 -142 186 16 533 -90 -1342 46 -202 -381 -267 159 -330 151 170 -361 -125 -429 -212 106 -150 299]
[132 181 67 25 168 -47 328 -199 548 540 -289 130 172 134 488 283 -497 497 198 306 1 29 -242 -361 692 264 54 -368 701 295 358]
[440 -217 -517 135 190 40 -221 399 41 188 -774 -85 717 -213 -48 465 36 399 371 -56 -325 253 -344 326 91 261 131 700 442 753 458]
[16 -275 78 273 291 -262 91 352 297 5 543 -517 42 -77 210 -78 -142 347 584 -236 -429 -5 -318 414 341 56 -551 -112 -208 -1 -301]
[-257 370 -502 -145 474 -181 245 -262 -113 223 69 643 20 -74 492 137 -429 117 -153 -631 -492 367 429 -651 55 -459 373 -609 251 -216 194]
[131 -160 -307 609 -232 480 -390 229 383 350 -209 -163 163 -871 228 -34 242 -47 72 -656 15 12 177 51 62 -115 13 -213 559 -236 -434]
[141 -711 61 325 -555 387 -226 -336 96 -724 514 -187 -478 -492 476 392 -311 -99 -83 -337 -489 -407 -405 200 350 -457 -481 -317 -117 254 -211]
[-291 167 22 -226 176 -175 110 354 -451 -73 242 -51 307 -551 -769 147 -196 137 248 497 -139 271 -127 338 -304 -556 -217 328 469 569 85]]
