[[-36 -177 -286 292 71 -330 122 -121 150 460 -295 253 -680 544 -9 126 157 360 -373 -170 731 171 -116 492 -164 -102 297 438 418 37 -146 44 29 599 1]
[60 256 176 -30 39 584 -551 366 -275 -4 284 145 505 -82 -132 77 -262 -811 -96 123 -358 769 -99 -60 210 174 469 -63 -851 108 228 281 -306 -127 -53]
[-203 391 -103 -248 332 -634 382 281 232 295 40 -544 -521 283 -79 -633 366 414 -619 188 421 -95 -393 72 -19 -468 -117 -73 373 479 -472 292 41 81 -3]
[151 156 711 452 576 -41 -335 8 -129 -489 41 -711 273 -286 -99 -751 -524 -526 -191 430 -567 159 -210 91 292 -429 354 466 -332 545 -22 385 -336 -115 -53]
[-79 164 480 470 33 -523 -270 329 53 -283 84 -545 0 471 217 -306 67 -476 -306 424 -458 341 -6 448 -4 304 380 190 657 90 14 173 -633 -242 11]
[233 583 476 -403 238 45 -43 51 107 278 68 127 205 -343 -473 -523 -769 203 218 -135 -432 246 -233 -82 107 -124 168 -205 -858 377 -129 -517 -108 -471 -223]
[-38 448 -16 -69 183 -389 -131 14 9 79 516 565 -355 194 60 -127 471 335 172 -273 168 -29 68 -437 271 -301 182 -601 -310 43 397 -234 -204 -457 -222]
[-272 -359 -89 -388 -724 174 -344 17 -533 -246 295 3 -49 116 58 1 764 186 195 62 -106 40 -295 -590 -5 108 128 -359 467 -100 486 -430 -379 -212 53]
[104 -404 -365 535 -461 -162 216 -500 110 -215 283 668 -645 -223 565 394 453 -9 -328 139 288 -237 296 -85 412 -100 416 74 688 194 -26 -14 255 -161 195]
[-442 95 -503 -605 -85 429 184 -241 -78 -228 762 460 -545 -486 252 21 930 167 -162 253 63 -51 -87 -97 163 -918 -138 -297 191 -291 -98 -37 229 -164 181]
[-299 -389 -67 255 -164 205 -104 84 479 -642 502 636 -19 -111 685 112 -180 -202 218 -36 -340 484 35 147 -235 303 67 -378 -50 -370 -44 -551 -264 -73 29]
[243 361 848 89 480 -251 -15 291 -216 158 367 -899 299 -16 -86 -481 256 244 263 113 -626 673 -160 -149 -296 -729 455 83 -70 -32 241 -471 -837 -161 -222]
[-365 113 -325 -132 -351 -126 -187 201 121 -210 -579 180 272 410 -279 -564 -49 232 150 146 -636 15 -85 9 -447 18 -328 34 -312 5 -13 -778 68 -54 -168]
[270 -175 488 149 -292 -255 8 513 -43 -199 195 146 -34 35 -206 -89 861 -329 -95 423 -549 -480 378 -202 186 -128 262 -52 271 -233 279 -645 11 -253 6]
[284 79 -271 -58 -142 -297 95 -416 -13 791 -699 379 -169 581 -524 267 222 378 329 -639 297 532 520 95 -431 -259 -155 -423 -382 205 293 160 62 -13 -236]
[525 46 -51 924 81 -33 -59 -614 257 -57 -622 580 -273 81 532 -296 -765 610 -419 -476 -154 -584 -9 168 91 372 -349 367 148 238 -248 -534 553 79 -218]
[397 361 176 219 -262 349 68 -304 -587 440 -11 -406 435 -195 401 321 100 -989 -369 423 -204 304 -77 -237 -457 688 268 -267 147 242 -157 610 242 -58 204]
[122 -209 79 439 443 333 478 -128 -225 738 -554 -285 151 -52 -13 -673 -54 -327 -583 447 542 -48 203 144 -35 -342 -272 86 -112 777 -277 607 222 621 142]
[18 -323 460 699 591 -344 -45 -623 -69 -170 140 426 -70 -442 37 -384 -669 -78 555 89 -246 -65 406 -285 124 441 -565 -73 -265 198 -110 -186 -271 -423 -200]
[203 -281 -172 295 -11 273 264 234 -161 -245 134 212 397 -383 314 204 66 -513 341 -191 45 -241 236 -634 -543 -21 667 -556 -228 -318 424 251 -192 -264 219]
[-298 -154 -400 -222 -782 -212 -429 -632 73 124 227 654 -126 -214 403 65 25 768 260 -240 340 -33 -391 -74 19 225 -412 94 73 133 -278 -926 64 -390 -337]
[-390 396 -100 -219 646 -149 659 -148 346 292 90 94 248 -250 -290 345 -198 723 603 109 176 -215 -27 49 -549 11 -289 271 258 -313 -190 199 152 -258 -147]
[-566 82 45 -198 3 178 -372 415 126 104 269 -13 733 69 161 -175 -287 -402 757 359 112 255 -406 273 -301 396 88 -747 -138 345 203 -250 -3 -330 54]
[-23 -114 -47 -320 -525 -20 -215 119 526 -716 -424 384 365 -225 -173 -77 -191 429 216 -901 -24 -242 532 -538 -232 407 -161 -720 -167 -222 290 -208 388 -220 -265]
[566 71 -95 -86 154 -109 128 -65 196 782 576 575 -14 93 222 118 -498 -339 -60 -28 -145 129 277 397 -465 183 434 169 -247 -731 -327 -171 -333 -101 3]
[-433 -153 -363 782 -130 -126 -174 55 -127 -246 -287 -134 352 -124 687 -338 -38 116 -437 226 -88 156 -101 -136 446 226 -66 -222 407 68 -370 -5 -7 -449 368]
[-160 264 -319 -23 -118 171 260 28 171 789 -229 354 -118 369 -318 -454 364 72 -408 282 451 -59 -583 55 169 -485 65 142 -353 -366 173 -368 16 550 177]
[349 -66 -417 184 -161 -462 412 273 -78 -513 -106 -1334 448 27 -64 -193 209 394 -166 451 -102 52 -532 -275 -196 -178 -275 781 762 117 38 112 -171 -287 -378]
[-555 168 -527 -278 -104 -624 -122 94 284 466 -376 -540 170 635 72 618 441 620 -288 29 104 -131 -173 528 -212 -207 -307 243 206 -106 223 341 -151 -49 223]
[-160 363 166 -555 450 2 575 123 253 178 -20 438 -407 -88 -594 92 415 481 287 254 257 -703 373 -411 66 -674 -292 -401 95 303 -145 11 -405 -222 21]
[402 89 357 129 908 240 321 -394 85 40 -186 -231 -268 -187 140 -413 615 -121 -266 -192 581 -236 446 47 59 -585 -448 377 110 347 -433 474 28 815 50]
[296 67 405 6 166 228 -353 95 154 298 -247 631 162 372 -34 267 -140 -38 102 -505 -334 477 -97 305 -227 -481 801 259 -327 -586 395 -192 369 -230 -489]
[-71 -186 172 171 -58 128 306 101 286 449 -39 -356 163 70 300 715 -27 -103 464 -452 7 -454 -67 31 -642 348 398 -214 352 -331 277 185 -201 -261 -358]
[-89 67 -119 -104 99 206 -234 710 -154 269 -399 -36 48 -138 -615 -54 -668 49 338 429 709 -142 -551 280 164 680 9 109 66 19 346 291 -326 477 -60]
[28 -105 79 111 -276 221 121 492 33 390 471 -286 -101 44 -197 177 362 -475 253 485 -239 146 133 -478 643 170 490 89 -515 392 223 -412 -34 -369 512]]
