[[392 -282 -122 335 -199 6 213 44 467 310 11 51 153 422 278 45 189 -283 -451 503 9 -197 53 -51 197 -284 591 -24 -201 36 53 288 -412 87 -9]
[374 -530 -618 -63 192 734 220 -8 -279 -474 196 -99 72 139 5 -97 -42 741 472 256 -120 459 -69 -512 -341 0 -596 -470 14 205 294 -256 543 -309 4]
[520 121 605 -288 129 -221 -201 -16 763 553 340 -55 -324 40 -172 368 -543 -179 -439 97 674 -86 202 524 -115 132 365 598 55 434 81 503 -497 177 -10]
[-48 548 -128 -325 268 -245 148 -79 -612 -312 -137 -50 162 -449 335 342 48 -583 -776 -94 -600 -149 125 -1 211 302 45 -807 -120 -480 58 -604 -405 222 6]
[452 2 -185 -58 353 -148 347 -380 446 52 403 30 -407 -493 -698 366 -528 -256 -514 -422 -13 120 244 441 176 701 36 -86 600 -250 398 -459 209 1 2]
[383 -178 -187 -756 -135 98 -3 -91 -477 31 125 359 416 61 187 -76 -233 773 338 354 -4 -643 589 -223 -425 -50 -370 -510 -177 570 -278 -124 363 -221 1]
[687 -310 -389 -139 -253 -280 610 -397 176 201 -607 402 144 667 -131 -16 224 -5 -233 110 -295 -38 55 663 122 349 476 -354 140 -329 -387 210 350 -403 -6]
[-602 -374 54 7 -148 -150 -314 373 697 -447 107 -70 175 -465 -50 -123 -15 -48 -61 -260 -295 -763 -217 21 340 228 -224 328 666 -102 230 -131 111 374 49]
[-893 -133 -486 215 189 510 -636 731 202 -326 149 -345 465 616 198 -87 44 371 500 426 110 35 -110 -347 83 -396 -148 203 -51 -224 -6 -144 528 470 41]
[256 266 -383 51 294 680 -278 -301 525 421 -254 -636 -126 -128 217 -6 -210 247 -48 379 870 318 42 -606 -780 -307 75 -157 -202 62 466 373 -438 447 -8]
[547 -422 -417 -433 74 -369 -291 661 44 -331 554 156 188 524 338 326 -512 -247 -280 177 294 -438 437 514 -210 -166 446 -245 -347 55 535 -193 174 -334 -3]
[-326 730 -39 -341 25 583 -429 -435 -626 313 -43 -178 155 -340 -2 -338 11 -151 274 475 88 -242 329 -35 365 -174 -68 122 47 -954 -370 206 -189 457 1]
[-336 438 -518 362 -603 -38 -296 -52 -28 441 233 521 449 -101 -856 -226 173 -265 500 -173 -109 -35 -187 185 445 -495 -155 587 -72 -802 264 -395 534 128 94]
[275 54 116 -343 196 477 -115 -463 -503 -541 117 -573 -443 178 331 -254 151 55 161 254 682 -258 -409 95 -627 450 -223 -308 349 -202 91 452 -452 147 2]
[235 -79 -310 -261 521 161 -209 122 -136 -273 300 -273 -107 -291 21 -155 82 -91 80 89 -229 811 334 -537 -97 -251 -38 -221 -54 -79 -126 166 -603 -358 -10]
[-549 559 -143 329 563 -204 -89 223 -688 108 72 47 -99 -179 420 486 137 -236 251 -628 434 -83 353 35 -492 515 403 -314 -262 55 -147 31 92 -120 -3]
[-270 -35 217 301 135 -712 167 276 -18 153 191 -302 -106 177 -288 -608 -143 -361 154 -358 -94 355 -6 -409 130 -134 261 671 424 32 -136 -72 195 137 -21]
[-164 -975 -860 -562 37 -43 76 4 30 -128 343 -32 100 -75 -255 -770 -520 640 409 -68 308 -88 259 395 -80 538 -181 184 796 -221 -2 420 782 -265 64]
[389 -500 493 201 144 217 837 212 -606 33 -81 -324 -412 165 -128 -106 -261 494 38 13 208 1356 -181 139 -133 38 -148 -144 144 427 328 -278 124 -11 24]
[-112 -113 331 496 -271 -286 85 -58 362 257 149 -238 -178 316 430 -321 -130 -19 129 -156 -355 10 652 -503 505 -320 357 -333 -510 244 109 -435 162 -182 -179]
[655 219 70 -590 -27 -234 369 -512 -108 -173 266 627 3 -160 -410 774 -35 86 279 -265 -99 340 124 620 -852 -125 -324 166 79 472 -174 37 138 -481 90]
[250 -483 -145 510 -303 -379 -197 764 171 -426 -337 446 -61 575 -392 276 -270 -122 72 -106 -83 -133 -393 542 17 163 -173 -36 441 108 41 136 585 -553 225]
[-189 -89 732 85 124 368 81 -246 -648 -11 326 -146 -329 -733 -294 -779 134 100 256 4 15 61 -252 -459 434 -115 36 -362 82 102 -219 39 -132 336 -300]
[-402 -291 -555 -32 438 400 538 -7 31 -305 -689 -235 139 161 307 -21 68 356 -254 490 -208 -262 36 -571 -54 442 30 -595 -23 416 5 -510 -489 571 -64]
[-151 -133 -31 170 -442 597 384 -693 152 35 -281 -50 153 347 -156 -282 77 38 426 339 4 -342 -22 -428 -342 -13 -60 -607 196 226 -819 428 154 -373 -277]
[-466 170 -643 5 -345 -123 87 -63 12 143 -317 -334 130 421 114 -139 305 -208 -240 336 -90 458 -617 131 -725 -474 -35 -284 20 -640 269 -220 260 -360 165]
[151 -425 -363 -135 -485 -97 112 -117 338 -65 571 -114 260 1013 -88 -289 -457 108 65 51 655 -692 170 -201 -43 -240 101 127 374 -138 483 434 655 -194 151]
[-330 63 948 -43 233 -44 -255 298 -223 -433 -163 -174 -53 35 375 157 -445 0 -176 -359 556 52 40 -387 -698 104 450 -121 -266 227 13 -247 232 304 -379]
[-306 -306 259 413 -229 831 174 -734 -212 295 349 80 -625 -523 -701 -133 -322 369 408 -100 652 141 -265 -459 168 219 -5 434 603 394 157 -18 -111 94 -447]
[535 348 -301 -64 108 642 -163 551 281 149 200 -307 246 -417 328 40 -282 -24 -403 976 0 225 20 -556 -324 -124 139 115 -270 -467 148 622 -205 -148 -105]
[153 281 -182 -213 188 -406 233 -137 -438 71 -1080 29 336 -301 543 -360 66 -284 -454 -871 4 -361 -57 440 -368 405 554 -275 -270 55 160 -49 22 11 207]
[40 -694 128 -192 -204 -491 -125 -8 299 -361 629 544 -289 -147 -597 -441 208 371 281 -529 -17 -1 -443 917 -242 323 -445 511 260 -127 391 313 213 -19 -341]
[561 -419 359 -90 -380 51 -106 -241 649 162 216 -172 162 12 -647 -162 203 -47 39 -168 -54 -263 -540 -6 -50 331 415 623 67 -103 318 465 557 -324 27]
[-301 604 790 -517 279 -306 -608 305 628 -2 436 176 320 -110 -196 162 -783 234 427 500 -141 -214 256 255 701 -397 -493 475 -8 130 -297 182 -454 324 154]
[-1016 88 12 101 49 334 -459 -4 -143 -848 209 -469 29 -85 -265 -180 858 26 715 -3 230 -137 -39 -82 560 -64 -106 451 476 -198 111 367 -278 462 -421]]
