[[-184 -131 -378 -306 -203 599 -387 105 97 105 -491 440 124 -119 -688 -502 -177 -301 -20 -38 -48 185 80 -607 -12 432 -84 55 168 -18 110]
[141 83 315 286 465 14 514 43 -22 -278 761 296 -61 -248 462 -82 -59 653 385 -111 315 -46 554 -122 513 -100 588 50 86 225 -2]
[-215 -316 409 99 451 11 430 216 221 694 -28 421 357 -630 -400 -472 -210 146 480 133 9 -23 344 20 -119 -164 -296 152 -499 171 124]
[-127 230 124 -398 232 267 17 276 -548 -469 510 -37 1 511 107 439 -578 409 -7 158 -148 133 888 -47 -167 89 165 -295 470 -279 -124]
[-695 606 -267 -98 -724 128 -389 -63 -73 -265 -175 -323 19 153 -626 -169 -31 260 -120 48 -280 216 -358 -94 41 338 729 -818 176 -309 1]
[71 251 -207 -334 -61 204 -367 -84 -402 23 -447 86 -82 550 10 505 -120 123 -58 -592 736 286 -458 111 454 -234 -204 787 340 -178 -124]
[-718 529 497 -524 -68 58 114 197 -542 627 84 -491 296 81 126 475 -128 580 -189 247 521 -140 -675 325 -538 -547 -537 -752 -288 -265 -109]
[346 -63 59 174 280 -711 -463 168 122 -161 -196 179 -83 208 -35 242 -477 69 -11 141 -244 459 247 442 -205 466 -674 46 -572 -85 -114]
[-362 -150 24 -277 -904 -399 -243 -8 24 273 -236 -390 582 -119 -422 -645 -13 -509 -438 258 -414 -552 -325 -403 -14 339 263 -339 176 438 125]
[450 -273 262 -658 483 318 -366 72 -270 -495 232 -74 243 -424 833 63 -513 268 -273 -25 -57 -212 811 -192 267 668 49 -252 -198 218 -25]
[389 -449 31 -492 34 -238 154 -180 432 480 120 -219 360 -14 325 243 -176 -438 36 -474 -206 -576 230 487 200 -680 -587 230 -644 -135 172]
[-115 -107 329 -576 -440 -470 -730 -423 74 -350 272 -553 201 -226 430 110 325 18 -429 88 -628 -274 -221 -15 38 195 -196 -582 431 -397 -17]
[49 -376 -256 -170 126 -426 -24 -339 797 -286 130 353 -247 197 130 -281 581 -761 -82 76 162 -316 -35 -629 -135 -263 366 -104 703 244 318]
[680 169 -510 189 -135 267 430 151 -45 -153 520 -654 -16 -62 427 -363 527 67 -358 -368 -496 -178 450 438 191 -182 511 -363 -201 241 -14]
[145 -105 219 -293 562 206 219 -318 -440 294 -283 150 110 -351 207 -893 23 265 242 -97 377 -41 -97 65 -69 -276 10 391 390 106 10]
[461 10 -56 315 363 171 398 -67 61 342 -78 691 218 -63 -316 -9 -444 170 718 307 158 -237 364 -76 687 -351 -315 348 -46 168 -78]
[-356 576 -189 215 -429 821 267 -572 -233 -106 -307 -633 -646 51 -299 -391 177 -344 -486 -230 -211 204 -239 -31 -390 400 159 -151 111 -136 -107]
[237 283 -180 367 -336 75 -128 -165 -219 -226 -443 -191 -83 740 -178 -376 -47 -329 -871 602 -296 151 -16 389 -67 25 2 128 221 454 -495]
[397 144 -623 -383 343 190 -131 165 -317 -20 659 237 -501 -22 309 321 261 487 143 -449 131 -253 61 190 953 -185 266 -92 65 -9 -15]
[74 355 473 175 -1065 -363 -71 34 416 -332 -251 18 -193 662 -214 227 -113 -471 -451 -338 167 -67 -47 120 472 -52 39 569 231 -222 -15]
[17 -10 -580 458 -182 183 -646 -190 604 143 -2 -320 -182 280 -502 -16 280 -432 -341 -45 -930 -430 -377 -301 341 258 -41 -210 -31 26 -101]
[-95 267 -34 -395 325 312 463 401 -283 96 -167 284 117 202 103 -107 -252 149 156 -1 29 726 215 386 -21 -135 -177 630 -117 250 -152]
[-124 -233 -472 227 443 160 -312 101 -186 -109 321 -84 -277 -320 -62 -90 -586 -445 -38 127 7 -320 118 -137 -425 396 -479 -483 -722 68 261]
[190 46 -273 -257 324 -74 208 -272 322 294 -116 623 -132 -216 -488 -106 517 -563 298 -408 170 156 6 -368 258 -534 -737 238 54 -123 -244]
[-192 -31 -478 -408 278 126 255 81 -562 121 -350 -381 122 291 480 282 -425 -96 529 -240 -5 49 502 845 300 9 273 564 330 -58 -121]
[-1 101 118 272 -13 -401 -418 -152 318 -207 444 274 -43 -127 -148 -266 113 842 -534 -242 510 691 -460 -260 462 467 829 175 462 -67 -113]
[-148 -390 68 -127 -42 231 110 390 14 -196 -142 -287 -348 129 159 42 272 15 -450 -407 -83 -240 336 -471 -326 -72 53 -283 182 132 -308]
[253 508 -442 324 -309 335 447 17 -195 -412 -90 33 -593 51 173 730 83 210 499 -413 -129 -587 -763 558 351 -619 498 295 38 -36 60]
[-92 661 -508 329 -486 -318 -317 -64 -219 109 -7 -135 -150 636 400 599 -19 -20 -777 -52 -109 -313 -99 691 489 -354 -387 203 165 -25 -67]
[-436 243 291 172 751 132 -13 382 -105 494 -87 41 112 130 -477 26 -605 -258 -329 -139 -167 647 460 36 -222 0 282 -10 -82 293 200]
[210 197 320 -104 436 -555 -744 -36 -21 -243 -33 -220 119 248 513 475 1 161 191 444 -276 160 578 309 187 6 -92 831 461 341 -374]]
