[[140 -21 438 -35 100 -155 291 -316 147 -74 -176 148 37 219 551 172 -42 608 -16 261 -671 -78 548 19 -459 -374 286 -298 221 -703 367 471 -197 -26 -395 228 -43]
[219 160 404 -314 -614 -53 9 -744 -461 -331 -540 -38 325 -327 390 -163 391 -214 -302 -44 -463 -149 -191 165 -332 286 -41 -203 -295 334 -71 600 -200 461 -106 153 -1]
[240 -206 15 41 -66 -43 -192 535 294 -44 438 148 -22 42 -455 358 67 201 345 -2 283 537 273 -288 -556 -714 151 -238 508 -1082 -63 129 -118 290 -219 -297 8]
[289 -337 466 -512 -893 -10 5 217 -303 -105 -66 143 34 -454 2 397 560 -14 -22 -263 560 -444 -501 -139 211 315 -126 -525 -286 -506 -359 -166 300 530 180 -121 46]
[169 -312 156 -242 -58 -14 138 273 502 -74 240 -707 -191 297 -194 602 305 51 -101 21 -46 -465 266 290 599 334 15 402 -638 171 -32 -164 134 -852 191 179 -7]
[-192 136 -379 232 -138 42 -151 499 -139 -248 326 -104 -296 159 -716 453 250 67 -436 -549 1 751 642 -49 -152 383 135 355 -371 93 -571 -244 228 19 548 -221 43]
[-852 208 142 -163 9 -11 -15 559 47 635 -284 -214 72 27 84 -28 -703 286 175 459 958 -697 -695 205 482 -27 -221 66 -197 195 49 -474 346 -249 -284 279 1]
[-364 284 -111 -190 25 -233 -375 160 589 274 -37 -231 258 226 263 64 -353 -128 7 -21 -565 144 57 159 -486 -216 333 -464 117 -131 -272 387 -594 126 -726 582 -38]
[107 -73 -342 93 -418 273 619 167 -672 111 -43 -582 48 -303 -236 6 303 187 -343 81 249 -34 215 278 -26 181 -111 381 -56 128 -313 -336 225 288 -306 -216 10]
[-357 -138 422 -298 -242 -633 -516 -198 -324 26 -222 259 29 -511 777 201 327 390 -373 -259 -242 -175 -426 66 -381 146 -66 -572 77 214 184 81 215 143 275 308 -11]
[-1 -180 -343 106 -554 150 112 -395 -117 204 269 -168 -170 -565 467 -409 346 -256 95 -281 -517 173 -586 180 264 155 49 -379 488 1074 -290 -479 -16 799 304 335 43]
[384 287 -182 -62 366 277 -324 -258 -274 144 94 -404 195 722 -161 9 76 -716 164 319 -344 -86 256 125 -434 119 100 -86 -39 -219 -51 115 -114 12 -759 57 162]
[139 519 105 196 44 -149 65 -118 342 -313 -300 156 -129 -189 946 28 10 163 325 -375 -127 -176 -764 -64 177 -244 -145 -309 474 519 566 -97 -173 -3 244 292 4]
[88 583 -535 -321 -481 -148 -500 134 -37 -86 -339 -312 515 -269 -593 341 605 -612 -104 -273 76 470 -96 235 -311 403 478 101 -290 348 -3 174 -168 -361 -331 71 128]
[-289 394 -531 -282 -138 -660 -619 323 -103 359 -220 301 539 -547 -602 2 150 -626 -91 -654 -12 388 306 -179 -259 8 -147 117 -223 456 -181 327 -107 10 52 312 -13]
[401 -783 455 115 236 -207 86 -639 -148 -508 7 -121 -184 -194 304 68 163 387 -12 284 -275 197 398 317 -77 -5 384 142 -185 265 637 503 -527 -129 76 215 384]
[270 -122 15 -14 -143 27 384 -823 -345 20 188 129 -97 -325 -263 -631 371 -445 -234 279 -254 -195 -144 -567 -338 -285 -296 -4 199 -76 -98 225 -58 1089 -290 -853 -314]
[-59 254 -394 496 -58 356 776 -59 -111 207 -509 320 -79 -85 223 40 -875 390 -63 265 183 -69 353 -218 108 -747 116 358 385 210 602 -8 -164 137 -38 670 429]
[254 -283 -353 -380 -931 -81 -593 256 327 -680 -128 65 96 -168 339 399 136 -143 -203 -680 -547 212 -264 242 130 382 461 172 -248 574 -21 131 -246 -108 532 166 272]
[246 195 -164 -95 -343 212 369 138 -46 475 38 -440 -158 344 335 -280 -215 -470 842 -429 309 -198 -517 -173 151 -136 -80 127 514 172 -704 -342 398 157 -40 173 -113]
[-320 358 138 -59 -182 144 285 -381 129 -252 -87 -110 275 -249 566 -378 -44 163 482 -156 87 -137 -728 -76 -221 139 137 477 -221 537 -136 826 -139 391 -176 -410 -113]
[444 -433 -194 185 323 -182 568 -616 381 -77 -556 -80 221 -11 -320 -228 -21 -253 -462 769 55 336 424 -69 136 -381 -186 287 -325 23 296 370 -469 -213 -737 -305 -108]
[121 -321 -158 -114 -50 83 -253 -185 254 196 145 -180 -492 -87 331 -517 26 -498 32 280 -709 417 -24 -265 -249 -451 -126 133 644 368 100 -158 112 290 -587 80 -126]
[16 227 207 -44 -46 496 -30 -718 -562 -608 212 147 -98 -52 -54 -34 546 93 141 -119 -91 103 -61 -532 235 497 -168 -345 -45 38 52 237 60 663 118 170 262]
[60 -296 -130 -608 -393 -222 304 -161 -486 -96 -432 296 107 -320 187 200 431 -35 179 -63 645 -413 -833 -459 -122 -449 -780 118 229 188 -220 473 221 828 203 -337 46]
[-31 696 -362 -75 451 490 -166 808 336 68 469 -275 -194 -150 -888 948 88 -517 -33 -423 340 -210 102 27 28 -292 -440 130 -147 -577 -199 54 305 -51 46 -263 -132]
[-58 -15 299 -568 -7 -346 -117 42 -452 154 -67 -22 -177 -587 -84 300 349 -62 -195 93 -541 11 382 129 265 433 -345 -18 -284 144 -45 314 -70 34 -182 -310 -109]
[187 131 -459 163 388 255 -51 125 -30 -48 107 -320 303 -365 -142 50 -645 476 -350 158 574 -116 -62 804 -145 -286 118 794 -295 132 436 -25 -43 -484 198 138 270]
[475 -163 -795 34 671 123 274 -48 283 216 -72 -161 -244 137 186 -215 94 308 -105 42 115 -105 -97 -251 197 -14 -83 -167 465 -342 1039 -608 -495 -336 -525 37 298]
[213 -408 -31 -443 -562 -113 467 -240 -356 24 -9 371 -257 -216 -343 23 251 -284 -69 -93 498 -252 6 -142 126 82 -92 108 -548 -421 -704 526 -7 247 1 755 96]
[-358 236 -313 -52 257 -194 -234 321 284 486 -233 148 23 -345 -27 413 115 170 -364 -588 115 -375 -188 -306 -112 90 -27 -1042 -219 21 366 -17 704 -391 -205 104 -46]
[235 388 -98 304 199 -73 -88 -233 -361 -235 -453 196 -86 -255 197 -364 459 344 -338 -558 274 240 33 -494 101 389 174 -25 16 298 -203 463 148 -347 913 -654 -65]
[331 561 -63 427 432 241 111 -898 192 50 -844 451 303 -265 -43 -341 -136 -504 -508 -223 -813 -487 47 -76 107 -65 -436 3 532 164 31 347 -473 548 433 233 -277]
[-40 -605 -174 304 -281 29 433 163 24 521 105 522 218 -95 323 223 -301 645 353 95 194 -83 -442 -127 -65 -720 261 177 569 -616 -192 77 323 90 -321 -293 -717]
[35 -265 441 -386 -169 -173 164 -264 -451 421 -338 -660 318 54 127 78 18 -741 -169 70 158 -762 -317 88 -12 159 -312 -328 -536 -235 -705 -378 -280 439 -582 187 608]
[29 -49 -278 309 -322 112 -445 505 349 -301 336 -647 263 -258 -366 181 526 -209 -28 -238 -258 231 -240 -398 -338 -253 71 -73 226 196 202 135 -145 12 349 610 -244]
[410 269 105 -51 -278 368 -412 -221 -153 -102 202 -547 636 -86 -349 -162 -316 -419 601 -235 -107 434 -1113 289 -73 122 164 215 480 335 -21 470 -209 554 275 -153 429]]
