[[338 455 -464 259 -157 -271 -222 283 -366 21 20 -92 634 -267 151 -9 -280 484 267 595 335 -288 -159 577 238 -214 -192 306 -138 96 -1]
[145 -442 -381 163 -639 -76 278 -258 -414 -16 428 -166 194 -298 -40 399 73 11 -203 176 547 13 194 -327 -207 -113 804 0 -535 105 23]
[160 -124 358 -559 -382 -206 -151 -423 216 258 383 -558 -489 -381 -107 10 228 -120 -820 -164 413 261 30 -541 -476 109 296 451 301 -155 -52]
[-245 -406 -200 -330 178 526 -108 -375 -203 -229 357 -288 -443 138 -470 -255 392 235 -460 7 -18 580 378 -694 234 325 181 620 -34 172 -2]
[-312 -764 -216 -296 -85 219 332 144 -719 -218 48 276 -340 -106 -371 -194 -36 -248 -262 409 -113 -222 303 -942 82 292 142 -158 -489 478 24]
[320 -292 -330 -10 -274 42 -615 323 -495 -303 377 -410 59 -124 -326 96 -7 237 -697 1134 657 -3 -303 -65 1 199 171 180 109 719 176]
[-470 -14 206 19 -123 65 150 -406 353 545 394 443 -751 171 -130 -52 -396 235 31 -894 -210 29 146 123 380 -177 89 -68 -81 -163 -156]
[-315 180 -65 140 -41 326 -22 168 -227 -133 547 48 -312 41 -410 -16 197 -6 493 -1075 -282 18 216 114 151 -218 -319 349 302 -168 101]
[-60 669 104 -116 -69 -494 219 -331 237 85 -310 210 -8 -26 236 -38 -548 186 295 403 -135 -709 -390 491 -222 -259 -422 74 -676 397 -389]
[-152 532 222 -60 -383 -412 -274 -156 656 178 -571 284 329 360 134 41 40 -170 162 657 428 -144 -543 223 -105 -447 -325 -210 325 449 -103]
[-365 270 187 18 575 305 -512 -495 61 -199 -292 -524 -71 -379 -365 -757 460 157 251 -531 -150 290 -271 -560 -216 -157 -275 627 370 -622 -24]
[-286 -143 -143 -227 -342 281 -410 48 448 -384 81 192 279 -408 -255 -182 79 42 -135 21 533 423 -341 -565 -587 45 667 80 459 161 248]
[98 375 287 -634 -482 -280 -96 200 581 -333 798 312 -528 -100 -376 -547 347 95 117 -311 216 86 140 -46 90 -110 -204 443 200 276 -196]
[30 132 381 505 424 74 -291 172 93 34 -247 -27 -282 835 -171 -254 -135 633 83 116 140 68 -537 461 52 -382 -365 -249 -441 -473 -137]
[312 618 -82 279 -116 -303 -52 241 -73 116 -60 -116 194 -386 226 -192 743 -178 -58 331 -18 -932 -701 375 -15 -385 -507 -417 269 267 -30]
[-156 -519 -662 465 -138 663 123 -91 -21 120 -568 -242 70 56 -210 168 542 -132 -154 782 196 521 -193 -358 64 -11 650 -758 -145 -518 -9]
[21 347 -387 147 4 -286 172 -342 485 112 462 -185 -101 -245 482 -570 234 688 -375 -376 96 468 176 -125 397 72 204 707 -181 524 -231]
[37 -93 541 -93 330 -188 221 8 -427 -66 -490 -43 42 206 -74 -204 -457 -407 -7 26 -70 -824 -322 128 358 -232 -91 -65 430 6 231]
[307 386 218 -553 57 275 -447 388 58 -211 637 25 707 -452 96 131 165 547 131 108 -43 103 152 75 358 194 -317 258 322 553 -61]
[505 601 230 -393 -246 -421 31 153 488 718 -201 13 95 236 855 -69 368 68 -79 -71 -32 587 -241 -385 182 -174 -649 27 214 -873 -591]
[57 158 -386 633 -93 54 -234 344 -24 -679 275 315 305 293 -513 -103 -22 573 -35 -539 597 39 435 199 89 -205 264 342 -188 195 -13]
[-186 -681 442 -149 -124 344 302 18 321 201 239 119 -225 143 34 -141 -308 414 -231 -196 145 602 287 -207 790 -102 361 632 -317 -261 305]
[205 21 287 -275 397 -478 97 -59 -41 296 121 362 -283 470 -41 -255 275 149 -418 151 -116 363 -462 -7 559 -241 -534 -484 45 736 -259]
[237 415 -469 -302 62 -318 -228 348 -446 -293 -513 -429 -766 -260 -300 -202 345 311 -349 315 285 -8 -329 -244 -405 -86 -245 72 -99 60 18]
[-684 321 718 322 540 -243 -171 -233 412 110 66 157 -368 398 309 -155 301 616 415 -395 -669 -467 -443 388 300 -25 119 -663 -543 -156 -141]
[-405 -276 -336 5 498 997 138 -258 42 -397 -227 60 347 -342 -93 -251 49 -149 480 -734 -223 230 529 14 86 525 -36 198 15 -140 -416]
[12 -568 -248 49 -272 280 335 -176 33 -602 -312 -35 -124 348 179 251 718 71 193 -125 -108 533 923 -351 378 9 -380 188 -97 -318 -220]
[-457 161 -266 424 158 393 240 227 117 -589 363 -121 440 -144 287 -254 535 13 567 -66 98 524 -424 193 -433 25 -56 -758 -82 -640 -110]
[804 -245 147 -103 1 47 15 -333 77 -360 128 -452 475 -109 -30 -218 165 163 -518 481 161 565 -191 -192 -75 637 -272 5 -241 307 -4]
[-29 444 237 201 -706 -294 29 -119 353 221 -249 70 -74 -622 53 66 -318 421 -336 63 421 754 461 380 546 -392 552 163 142 -251 -227]
[-173 639 -253 703 74 169 229 -67 366 201 -262 246 126 -32 239 203 242 403 88 363 685 153 -160 129 -586 46 674 -167 -22 -1 -22]]
