[[267 -204 -13 -287 -264 -363 -44 37 -169 323 -258 -354 579 162 377 -290 201 -205 -215 117 -423 254 -60 654 -26 -81 809 -313 -624 774 -118 -15 29 0]
[-522 496 257 235 273 288 445 81 431 -222 410 -305 316 -108 -65 269 -98 -129 281 -964 -282 -130 -310 -757 -157 369 -335 170 -106 -115 -396 -20 -75 -12]
[533 251 -368 -52 36 21 -173 -627 447 120 -512 -266 -306 -51 -280 -468 -340 -45 -434 484 -266 333 -319 1041 -142 -284 104 -273 -12 184 71 231 62 0]
[114 -7 164 -658 224 93 -551 417 -269 387 -119 858 31 399 306 -223 790 -392 32 -129 476 67 46 521 405 -365 555 -403 -84 198 262 -202 -250 20]
[288 71 -479 -15 -522 -238 -125 164 -251 -119 -225 -455 -573 -338 233 -850 187 130 524 623 -50 28 -139 347 68 464 -412 266 105 -114 -52 180 417 -8]
[-277 28 333 -535 -100 556 110 308 159 493 613 409 243 185 -44 412 -198 393 252 -387 392 -379 -456 -19 -71 -241 110 367 -698 -391 -214 -360 17 0]
[48 -389 279 839 507 58 -26 -85 230 -190 -89 178 -238 816 113 262 -110 -260 49 129 190 -51 489 -16 669 23 760 -418 92 257 373 33 -309 20]
[-235 -50 -314 -397 -192 165 -561 217 -480 376 221 65 655 119 421 -381 445 602 582 -107 601 36 -138 240 -708 232 -1 -84 -82 169 -235 -480 -126 0]
[79 569 611 222 119 416 670 31 652 -121 243 328 -223 258 111 356 -291 605 -460 -866 -384 -451 -261 447 77 -150 321 -18 -166 -350 214 -17 -286 -51]
[-302 35 275 344 -607 -85 419 8 -63 -647 -254 -270 -155 -130 -33 269 -398 94 -192 -91 -483 -168 -142 -234 -296 -495 -194 345 583 -407 757 -162 194 -59]
[-194 -245 273 -392 -195 -6 836 90 -364 227 120 65 14 -433 -299 265 -757 410 -87 -17 -401 36 -12 -104 -129 -424 356 -156 -219 166 -275 858 490 -12]
[-3 308 -386 -87 -214 71 273 2 118 74 377 -39 535 340 365 -412 368 -89 -561 -40 -77 -73 -757 845 -572 508 -105 64 -651 -43 -1210 -447 -189 -12]
[275 11 -251 -75 -269 -44 148 -136 294 -304 619 -425 287 215 -86 271 -185 1135 -217 -627 99 -339 457 -391 -127 -298 23 423 -540 -308 347 -42 29 -11]
[-136 584 6 -442 354 340 495 -420 -186 -48 20 -30 52 -252 263 276 -581 410 30 -202 -692 -141 -372 -229 -188 55 -223 -105 254 -151 -234 -331 22 -74]
[-235 39 -366 -637 -689 -439 114 18 316 97 460 19 -130 -278 -185 5 -462 417 671 261 -79 292 -380 -622 -210 326 -646 419 -335 145 -236 66 308 33]
[140 -303 -681 -51 -191 -230 -187 -370 737 -176 246 -246 15 232 93 15 -163 562 -43 -21 -331 158 331 -65 46 209 -271 -421 -394 60 -686 -430 252 -30]
[575 371 -404 -678 281 -130 -749 -11 62 -20 -142 -305 -78 -89 286 -359 250 329 205 -492 419 183 -270 9 -101 641 -41 247 -320 200 -140 88 -681 57]
[5 201 633 184 419 -197 390 300 267 -545 21 245 139 170 9 -174 -14 -262 -252 -490 -337 484 -9 90 267 -4 344 207 -212 737 -545 915 -470 3]
[291 -670 -35 255 -38 -327 38 220 13 233 -392 -59 73 44 -314 521 53 -451 317 832 131 201 316 -257 577 346 389 -172 -366 189 824 765 -169 51]
[-150 -195 -17 183 -564 -314 -67 -4 -688 31 30 -81 -362 -117 299 -418 202 -445 255 135 -294 45 82 -152 -42 310 -145 -767 511 171 -708 187 -174 10]
[65 -332 -527 -352 30 -107 -831 299 301 494 194 139 -491 240 -187 233 -225 430 117 44 931 -66 63 -280 26 -184 -439 -71 -351 208 11 -788 -403 179]
[206 578 402 -916 -431 -157 -241 -313 -226 -280 -210 834 -606 -27 -184 560 -7 367 -180 -291 231 -411 149 42 311 -506 -10 39 192 -505 463 26 -184 -169]
[44 280 106 -295 -774 128 -291 -125 333 211 140 1102 -331 -195 -243 376 -186 230 -212 -343 561 -334 -324 101 -153 -260 -118 100 322 -278 330 32 -7 -434]
[-254 -389 220 511 293 22 67 -37 -301 -45 -441 -22 -328 -135 -306 -45 49 -549 -107 112 115 188 360 -329 199 277 -759 259 327 290 -667 329 101 -447]
[-183 138 31 -324 -131 155 -529 -432 -511 37 -167 -728 61 -201 175 -172 -207 -68 490 -12 -595 -119 87 -191 -660 290 -502 426 -100 -153 -454 -263 678 -192]
[247 285 608 -486 171 30 -412 -498 717 -447 -456 144 -697 -79 -630 -122 113 -849 204 250 -440 471 -197 -489 289 -83 -606 50 689 -185 106 -416 -289 -114]
[581 243 12 -33 180 -54 103 -210 -198 -244 -285 -419 935 -113 297 812 -295 376 -301 -492 -530 -36 65 189 -754 521 -226 -183 -233 585 -81 -686 -400 -253]
[217 296 -330 18 298 102 -174 114 -262 309 466 34 -367 329 122 333 11 80 -335 110 -214 -424 17 -15 475 -327 -266 518 64 -206 -285 -90 -84 -160]
[-157 -246 -503 -237 -669 100 -143 214 21 548 -99 -204 191 -228 -429 -356 -183 402 645 531 -203 143 -157 6 -74 -208 -242 662 -70 489 -75 -54 544 128]
[293 -43 -395 -64 -496 -91 -346 -265 -477 219 -237 155 323 287 349 -98 392 -229 184 129 266 6 122 739 -149 -338 108 336 599 77 504 -509 -730 -235]
[-114 -29 225 21 155 43 -487 -19 -106 198 44 -55 69 -67 497 -123 771 -612 604 364 410 -315 642 -408 -193 523 146 -625 98 166 -447 -198 -2 276]
[-312 475 389 -227 -450 406 19 589 34 176 74 -443 574 342 498 -333 -38 -201 1175 -76 19 -461 104 -436 432 -286 271 492 -500 7 -263 47 326 -154]
[-842 340 -471 113 -432 -196 318 -4 370 -803 363 -106 -225 -280 -262 274 1 -298 -839 -512 92 164 -120 -830 134 212 -374 -207 79 -53 -361 -25 -160 224]
[107 -23 134 -712 692 -188 -424 -367 264 -29 -520 53 373 -369 -241 269 85 -453 -189 -79 -365 209 27 645 186 -329 -452 -617 595 812 -220 -333 -316 -611]]
