[[-549 456 546 331 -522 -164 -31 129 -29 -682 176 -18 286 -139 -16 460 -152 224 -271 -419 -414 -79 409 -350 -286 -225 -578 -277 352 321 -214 341 -79 148 187 -24]
[124 46 341 15 528 180 407 -210 474 -187 81 -167 405 131 144 117 -795 -189 500 -107 -220 -562 116 125 -473 -172 340 -75 113 -510 -36 -368 730 -197 169 -23]
[162 -874 -527 -367 -183 -308 68 77 181 221 -294 -575 306 249 -39 -469 785 566 -113 125 432 -475 -96 457 581 -9 -214 295 -332 11 128 -16 -577 196 -380 47]
[17 1142 -52 -172 170 441 84 -316 567 -214 -78 -84 -380 -301 -29 98 -857 91 -332 190 -251 -121 344 155 -370 329 324 336 -129 344 66 382 239 304 226 -26]
[223 -81 14 50 -482 -226 -796 203 -693 452 127 36 -125 349 -11 -331 28 218 603 397 208 227 -605 -350 -451 -504 198 -154 -223 262 -202 213 -373 -162 -507 26]
[-436 65 -783 5 127 -52 65 -21 -548 -249 -723 -34 -164 -470 42 -473 155 -503 48 144 -98 142 -12 250 496 631 427 528 -561 -415 35 108 -375 76 214 -5]
[117 42 517 216 -465 61 116 -216 97 222 7 1139 -252 141 389 284 -374 -174 -171 -11 154 317 -354 194 6 -212 -280 -442 168 -656 -56 -421 533 -1020 214 -23]
[-281 109 367 339 -144 -519 686 -396 -199 -262 -532 345 -66 166 89 409 -560 -278 -107 -202 -991 29 291 394 -174 303 -30 -245 -91 -325 -99 236 451 -488 1094 -48]
[112 -416 161 -546 185 433 547 -72 729 -658 90 -17 131 -155 345 579 -94 -216 -259 -646 207 219 -164 -68 53 -169 263 339 581 -364 133 -306 386 47 -382 -3]
[382 90 -457 -176 234 -24 -137 339 -101 536 -266 -60 -294 -142 -373 410 -58 57 -292 -124 -63 313 -719 11 -28 91 226 107 72 -176 -447 442 -207 484 -302 -5]
[-159 760 -405 -10 -1011 -754 -12 -53 30 98 -27 -172 121 240 -40 503 -22 640 94 -179 -217 -273 -312 542 43 254 -210 22 -220 518 -470 882 -234 378 72 -14]
[231 -48 193 386 -36 640 -619 422 97 494 -281 409 -361 169 -299 -404 391 -174 211 270 299 632 -262 -142 -573 -159 431 -222 85 490 -145 -116 -107 -17 -247 -61]
[16 -367 204 -18 293 -318 -312 -300 58 284 -734 -434 -60 79 70 -586 316 316 243 498 157 -42 -28 514 -444 31 347 40 28 -121 209 -191 369 -165 -330 -15]
[-462 503 -106 -420 544 344 -777 -15 363 -244 -92 -492 270 -158 205 71 -548 173 261 -481 -157 -190 -213 -83 -468 117 585 663 336 -136 -423 1 430 148 -176 -102]
[-436 -243 -607 -385 -792 -240 85 332 765 -268 -255 583 38 -26 323 517 246 650 -769 -442 -265 -296 -194 619 171 159 -510 156 344 584 -146 506 -381 390 115 4]
[64 451 -577 -8 -429 570 266 -121 181 55 -511 322 -198 -207 -130 71 -609 -241 483 -299 842 593 -203 63 268 141 759 359 -384 -487 -60 170 -349 86 -100 87]
[420 90 -23 -428 -303 -571 48 -63 6 -541 160 -471 286 674 217 -108 -834 -420 554 15 -438 -318 -281 -77 -271 -284 56 139 -173 602 90 220 325 39 278 -239]
[188 243 89 259 677 29 63 -497 -125 575 175 -58 -336 77 -211 164 -527 492 -239 -367 75 -224 243 549 82 364 386 167 75 -764 -287 -395 711 -7 489 208]
[-210 267 -440 -65 623 -673 446 -278 -129 -56 59 -370 -185 243 -114 -231 361 -498 -110 343 224 -207 -48 240 1154 289 -1 20 99 -160 101 -323 428 54 -199 -61]
[-421 67 -309 132 -269 -276 176 -346 -467 -236 -637 -201 -734 -11 52 -745 262 -21 -520 98 79 -463 189 455 -18 -85 149 415 -139 -188 545 187 -224 -260 -301 33]
[-485 -46 488 472 -746 102 -701 193 -374 -475 74 738 -812 -4 208 -207 158 140 25 490 -358 249 -297 -181 -259 -247 97 -159 -292 88 -551 426 -335 176 -88 201]
[124 -510 -455 28 69 56 -51 184 -311 -24 425 -368 -333 436 -92 238 343 150 158 182 475 -251 -447 -50 861 -63 -62 228 -278 -540 -627 22 -231 -202 -170 -258]
[-481 -601 -757 49 -141 -272 -509 -182 -175 199 -424 -364 -294 208 103 -226 799 88 524 -184 118 189 -325 -434 -50 -51 416 113 -235 343 -60 76 -467 -243 -38 -275]
[491 -322 461 -139 458 -230 291 219 -467 -164 599 -381 340 0 4 36 35 57 -120 48 -62 -832 793 105 -641 -614 -817 -733 877 -33 366 -324 294 328 134 -267]
[-262 172 34 540 -115 589 -8 657 420 370 955 187 -70 255 -221 -175 98 91 360 -130 181 -124 369 74 81 -533 336 -163 -11 544 30 88 193 644 -562 441]
[-702 297 -452 509 -699 -254 -136 -142 -101 150 -114 174 484 -272 -105 -400 300 452 74 -276 -276 -622 -310 94 291 16 -365 -41 -3 -248 -536 98 -758 465 22 -194]
[-534 -54 77 286 -81 -960 44 -143 -282 -277 -254 25 461 185 45 -18 -400 729 -77 742 -182 -456 -139 258 -525 -96 -529 -285 -24 -434 -199 701 -287 133 187 -417]
[-41 342 80 -630 17 -46 -662 -414 447 220 -49 25 151 58 426 32 -205 819 -273 397 875 -450 -220 108 399 -37 -618 -47 -151 -111 261 21 128 382 190 -300]
[641 -626 -106 78 2 -66 3 322 -609 345 -247 12 313 332 -334 -93 -508 -115 595 749 -528 -426 -395 -57 -204 -40 175 -295 -371 -530 390 -92 183 -251 -28 146]
[582 -72 -50 -351 504 363 -70 -66 674 308 123 211 -353 -166 588 300 -186 -302 -318 -122 567 467 -129 178 15 554 -65 584 679 -339 -186 -1 521 -99 139 -223]
[164 -635 800 96 -472 -460 -710 148 -284 -51 -342 -443 857 205 70 117 898 295 -185 165 -268 280 -54 -183 -192 -432 -210 106 14 1056 -139 157 -341 -304 59 170]
[-505 288 -171 623 621 -580 273 106 17 -334 -174 -426 -58 -393 -28 315 -477 -129 -214 -293 -269 345 296 249 38 184 715 -167 262 -291 -534 5 113 318 754 -71]
[-2 -139 147 84 -442 -490 -17 221 -883 549 173 172 -107 -137 276 -441 -52 -389 172 74 374 -179 -226 -83 141 -280 489 -85 -252 200 196 -359 304 -672 -231 427]
[132 -393 -390 -167 270 -35 326 194 562 -486 105 -420 717 -576 440 268 249 -346 149 -671 192 -286 -97 105 146 -173 -335 243 619 -445 236 0 747 -376 -184 194]
[159 509 -244 -83 438 516 -262 -554 101 552 231 68 -369 -582 338 230 -139 93 -649 89 -12 -158 -227 211 -174 116 -211 -275 290 -8 265 -224 157 128 369 254]
[-482 183 331 -47 -484 -466 320 -207 57 93 96 -3 252 285 114 758 -354 645 -78 213 178 -301 -20 166 -227 -357 -312 187 230 -277 -390 -16 500 -290 -319 464]]
