[[-165 94 -171 -146 -430 -22 -331 -160 -760 452 40 -262 42 -371 -84 444 -6 -117 400 -42 503 160 -152 40 -337 356 -250 -73 -692 -62 -227 521 150 -97 1]
[-241 710 183 -63 161 349 223 -116 1030 -120 -92 799 340 -127 -277 129 256 -157 -170 148 68 -320 -463 -15 163 100 244 -300 337 -192 -393 135 -69 44 -2]
[383 241 182 205 625 -5 -480 -548 -211 -700 -66 -162 -334 221 395 -169 -729 335 250 516 -173 58 175 562 360 -270 -38 -142 133 -139 210 -424 -56 -21 41]
[225 -591 18 81 -49 29 161 40 362 230 -220 -525 372 262 -251 -950 216 -361 222 182 67 -412 468 50 19 226 368 6 451 771 246 -672 -364 281 -3]
[224 679 -110 -13 465 570 144 53 203 -531 -224 -356 -70 54 -502 -87 516 232 408 871 -286 -350 239 60 288 -50 480 -543 269 -288 265 -426 -418 430 -1]
[-97 -308 -355 -35 -114 403 640 453 326 -233 -289 -69 -366 247 -619 922 455 -163 105 -429 -396 221 78 -215 459 298 335 373 138 -125 206 -249 73 -148 -41]
[-244 353 -198 193 405 -92 358 27 522 53 23 973 229 173 386 -231 -180 401 -1104 246 174 -300 -338 -134 -10 -195 426 321 -710 -330 -350 376 232 -189 2]
[-72 -345 180 527 -312 147 543 319 466 772 -224 -40 30 759 -356 -274 136 -64 -341 -84 50 -363 325 196 53 345 977 -221 117 13 686 -427 -195 275 -3]
[221 -129 -91 -295 255 131 -230 -556 -147 -15 114 -1123 713 312 492 -543 -449 279 158 674 24 244 99 -73 -570 64 -476 -39 -15 184 269 -499 -155 125 7]
[191 513 -259 263 -7 -296 -199 263 -693 13 -101 -242 -644 36 814 256 -856 130 -143 -165 -521 -30 239 -103 248 46 0 -271 -722 -336 -334 -189 19 -313 42]
[-338 -304 372 100 -132 -63 39 51 59 527 65 1187 303 198 -684 622 288 -449 519 -482 352 32 -183 -267 217 7 53 -33 765 -24 525 44 -227 41 -4]
[-133 -374 157 108 205 299 -186 -719 -25 185 266 685 -44 -341 -427 289 -659 -47 432 219 740 -288 -449 236 -118 125 493 -242 -255 382 -182 429 328 -663 65]
[-242 -258 -26 -346 -32 512 425 8 727 -156 229 181 311 -183 -808 88 -304 -178 132 -16 234 -233 30 370 169 440 382 -232 -773 152 -50 -31 106 -136 10]
[-104 83 433 78 86 245 473 113 -237 38 686 -458 -588 349 503 -629 -659 949 -559 -58 -755 14 20 103 246 -518 -358 -565 -207 -462 341 -261 72 -158 11]
[-12 -204 -335 -335 373 22 421 -791 235 145 477 5 335 -252 -121 -472 493 477 -137 957 252 49 -17 -461 -302 108 237 -48 -145 517 388 -319 -125 316 81]
[-148 -126 -484 283 -229 349 -297 -246 -154 559 -44 80 936 -181 -100 354 -225 -199 107 126 484 -258 -389 -315 -320 133 480 -326 213 -449 -69 574 -368 -347 7]
[-380 661 214 -495 294 612 -124 215 -248 88 105 -246 223 149 121 286 74 -48 554 389 -506 141 -396 -646 -56 -397 -387 161 -478 -223 167 283 -212 -331 -49]
[51 304 -172 -490 -196 212 382 -143 -125 -63 656 219 -123 -209 -312 75 278 390 -974 336 -304 142 161 -169 -2 -402 -313 -349 -303 -689 -356 21 -178 217 -161]
[221 -430 -605 -103 103 407 45 193 -530 -143 -680 -658 423 -89 281 210 -284 -334 482 -129 1 -39 410 190 -533 780 -23 484 -570 586 25 -238 487 7 168]
[-44 295 408 407 -484 123 44 214 49 -428 -68 508 116 -54 -299 -439 -191 -390 -245 -289 -275 -309 363 686 201 -72 -150 -346 424 -179 -386 -265 -225 130 480]
[309 330 83 141 337 -67 -23 -772 172 -719 330 775 197 -193 160 171 -153 583 -746 168 27 -619 -290 403 25 -268 615 -335 -354 -327 -10 430 279 219 -185]
[-119 -250 -105 152 -317 -329 -211 151 -251 324 19 -707 -547 122 -131 -259 173 -133 -391 -782 42 506 386 189 -197 -534 -40 222 382 -752 -133 330 -94 -94 79]
[239 548 -139 -139 -230 -162 217 181 604 -522 -11 -69 238 -205 -337 160 794 -658 -228 -301 -586 -365 553 -78 628 43 252 320 101 -192 -746 219 -575 -169 333]
[-676 -1012 -500 -112 45 333 -177 26 -230 416 -208 -321 538 -14 -141 -495 20 -495 454 -326 206 40 126 523 -133 153 -672 724 67 366 504 -61 6 -144 -365]
[-107 105 -383 -148 159 0 -241 -550 376 -258 -115 3 261 523 142 -640 -47 -263 -852 -69 549 -457 -18 420 33 181 -1 367 130 -106 -225 -28 43 -165 -185]
[153 -22 418 94 166 84 -569 -433 215 186 180 -108 -193 215 924 -36 -245 253 -1147 370 32 255 190 -35 -219 -149 465 -211 324 -109 279 -50 -30 108 -241]
[-53 -363 74 310 179 -319 195 687 -232 -51 -325 122 258 1167 486 32 -329 199 -615 -395 -55 -388 266 -199 -56 254 58 346 -188 420 500 -479 -197 470 352]
[28 -99 -85 -90 107 -541 -32 -27 485 188 132 -166 92 -350 26 -78 36 -524 -333 -301 -407 273 67 39 -40 -308 143 49 681 259 352 -614 150 279 33]
[20 -904 -191 196 167 254 401 -170 207 269 271 344 -149 609 -206 -97 -97 436 -101 40 -144 310 62 586 -434 533 46 308 268 52 710 -599 -173 -110 299]
[111 -189 313 298 -165 228 88 350 157 -348 -248 -8 -12 193 373 -149 -662 -312 -539 -61 247 -168 -41 916 -1 540 143 -85 -305 -217 77 -634 -42 463 413]
[355 -18 692 366 130 -201 -320 -477 -66 56 -187 167 394 30 -270 378 -29 -864 186 -801 407 42 163 372 -26 412 -279 57 297 404 157 -629 -26 272 -17]
[-223 105 688 -255 -413 -33 233 -437 183 -8 -383 274 118 -492 85 -617 542 157 70 -226 -156 -240 -226 94 -47 450 43 128 358 373 -215 103 -57 282 57]
[-260 -1190 -179 -6 -30 555 256 242 117 287 -83 -229 217 -462 -174 -271 -102 -519 418 -239 -318 55 -31 -2 557 124 55 -330 200 195 -112 -348 431 -68 -131]
[484 -482 -267 -63 580 -242 -501 -234 -353 -615 289 76 701 353 224 -645 -679 -245 -140 640 358 11 216 16 6 -299 -210 541 -86 314 377 105 -137 437 -554]
[182 -306 -162 110 384 385 -96 363 -444 -477 -242 -154 -69 238 361 223 61 78 -198 54 -69 829 -173 146 -516 -225 23 282 150 251 143 469 713 -384 -301]]
