[[-171 -219 200 -120 -95 209 -34 297 365 -231 479 384 10 -133 250 50 -787 -213 -538 -160 229 61 -54 -10 -533 173 -368 -125 -656 558 -471 -412 -275 168 4]
[156 -303 105 -213 -204 70 28 -328 -206 -649 -216 -1015 -190 131 -68 -273 -187 -221 745 -308 -22 -116 -416 -18 -235 -219 -88 542 657 -212 214 187 162 256 39]
[-120 571 10 -563 -187 48 297 334 -452 209 107 522 -311 -62 -71 246 200 822 -269 -263 257 -102 158 -68 441 -469 186 -276 -381 -136 -704 -67 -17 19 -36]
[-32 -30 -699 -135 -13 -102 -29 -548 346 -498 -447 -608 -151 398 295 -306 -37 -274 -158 643 144 -103 -474 465 73 -162 92 231 1063 -102 425 -142 -5 239 28]
[206 676 271 -560 153 -33 189 -206 13 -297 -253 -339 -425 388 -148 -411 -320 -82 185 429 224 -265 -331 680 -291 -483 200 -190 237 -122 -816 322 -293 149 10]
[480 -250 29 -208 158 28 -22 -404 654 20 -300 -836 -113 -75 -141 124 -507 -27 239 -4 -369 329 -55 797 -159 148 -578 -61 644 362 215 679 -289 -94 -4]
[-396 596 364 -84 54 309 39 515 -157 691 871 450 322 -233 469 -135 -59 481 -134 84 976 -23 -251 -420 -214 55 120 -349 -764 139 -66 71 9 41 4]
[453 713 -468 -231 562 -585 145 -345 -174 -200 -213 35 10 347 -350 435 268 338 -164 -319 -571 115 216 359 641 -351 644 -320 393 191 211 -404 -210 -330 -72]
[261 619 -69 -489 250 36 -86 -109 249 649 701 68 -12 346 -195 465 -4 743 606 -518 -279 -48 -423 53 -367 -288 397 -560 -498 -108 -214 650 -197 -192 -40]
[-164 263 13 304 207 231 333 300 64 -215 545 -50 5 45 528 -200 -58 -379 1 -93 214 197 134 -327 -260 385 -108 1201 -76 518 395 -487 86 -115 -28]
[-69 -335 225 36 -391 -229 -144 44 -539 -28 57 219 407 32 -495 225 -535 702 -177 -978 -222 -170 -17 -309 -810 -170 172 45 -609 -22 -71 -731 -62 384 3]
[191 326 -138 149 -377 167 -470 4 -7 161 249 -463 -81 332 317 159 248 108 20 493 137 -138 -264 70 -1057 25 17 -7 -242 -176 586 -279 -262 208 10]
[-9 358 -138 -396 -5 278 295 -98 -245 -534 -567 -411 -423 142 99 32 266 -398 470 -339 -442 -432 181 821 -244 -545 -73 430 489 -414 143 -590 -91 -31 5]
[205 703 672 -441 812 -16 294 -130 184 517 342 -404 284 -851 -117 358 539 169 -21 -84 -173 3 27 163 2 84 152 -693 -588 -204 156 323 -75 -590 -27]
[505 -236 -313 589 43 -75 -78 -639 -178 353 -436 738 241 -171 -362 115 62 138 97 5 -391 395 171 142 374 118 -450 -23 183 -209 137 647 -50 382 -10]
[-310 -168 36 -234 57 -98 -292 34 -65 -549 -120 -333 -278 528 -195 -590 -81 70 514 -202 -566 -531 -318 -195 370 -108 145 860 -154 -741 -1043 175 -41 -209 0]
[-6 -423 56 285 227 -456 -108 -547 -268 270 -371 -394 113 -237 -8 -172 67 -32 -443 412 -751 -20 -61 29 277 66 124 229 509 -98 336 349 100 -998 99]
[-198 322 -350 -42 -249 -635 62 29 -754 -269 -480 -533 -415 541 303 217 477 -604 -200 42 51 126 -112 -340 834 -314 261 -78 758 598 116 -362 -79 -420 79]
[-546 -180 -236 -12 243 353 81 -233 422 131 -495 245 225 611 765 -331 468 -900 -404 445 -648 -414 163 11 200 230 -19 382 73 -328 -281 76 -322 -670 -14]
[-92 265 -400 -102 -177 -99 -282 250 123 -26 -236 480 -255 -258 1 374 509 263 541 -199 -334 246 -228 -69 -128 -169 -168 -352 -440 -50 -845 -15 -6 105 -19]
[165 210 50 -352 189 70 -41 -229 -88 -1328 152 197 147 -161 0 -503 -486 -223 -399 -455 25 -161 -794 -210 -183 -229 -13 -327 -39 -354 -953 -137 -65 -184 68]
[154 -139 134 475 -287 -161 -117 -160 -720 417 -643 -366 -397 -75 -617 -744 39 -358 244 -28 -40 371 -21 241 -555 94 -26 76 140 -564 159 583 106 -103 151]
[180 -557 -269 179 -10 285 -147 134 -39 287 101 -878 -248 1215 10 -530 489 124 752 67 547 -88 -161 -510 -134 321 254 503 296 -290 651 95 -141 302 23]
[93 434 -132 545 -111 -109 -291 -537 -242 -174 -221 -509 433 17 -34 -275 179 -237 527 -78 -447 -107 57 -200 -205 -131 -171 -88 109 -340 454 563 -145 -534 309]
[-122 -482 -782 -132 288 65 -267 -543 442 589 5 221 -296 -682 321 546 -97 -27 -520 241 -136 161 -547 -166 577 38 -62 -178 220 -358 125 415 -66 -75 -214]
[-210 -111 720 274 -155 205 821 229 138 -303 643 342 -391 -104 -163 -274 -188 -202 -122 -193 210 -184 -203 -40 -380 -38 -444 355 -144 -305 -555 -355 140 203 258]
[292 -148 301 -163 392 231 203 159 -360 287 159 -503 85 -397 262 -45 -137 525 276 -121 -96 -243 160 239 491 -110 -17 -234 665 109 376 29 -187 72 -458]
[106 491 -51 209 12 -33 -289 -51 -272 141 500 373 245 3 266 479 58 -379 -226 -230 -121 97 -279 -137 -212 -172 -134 -452 -426 194 -527 75 172 117 -543]
[-685 225 -411 -721 600 102 650 -200 -116 105 306 -193 82 131 6 -177 406 305 -238 -659 581 140 -632 70 260 -116 -45 467 15 88 529 -394 285 141 -487]
[-102 131 -429 -30 -109 485 127 203 291 -353 94 756 -451 93 79 247 33 -208 -276 64 -409 -236 386 -30 386 117 -199 -454 64 364 -265 -63 105 392 248]
[-354 375 -27 -257 612 396 52 46 405 311 847 636 143 -51 -159 -57 -15 -113 -175 118 307 -12 64 -75 328 94 547 -241 -156 268 -279 -464 60 373 -470]
[-290 403 -448 -142 -86 -140 -272 110 342 226 251 578 144 -91 58 -659 -141 280 -377 465 428 169 -251 7 -195 37 -703 -440 -84 227 -216 455 -304 575 112]
[-163 -88 150 -73 -838 -225 314 219 -258 -381 114 -108 -232 -219 59 238 -9 -204 738 -128 -5 256 134 -675 80 -136 -25 262 -655 270 -113 -399 680 -97 52]
[563 263 -176 72 -75 104 -112 355 276 -27 41 -275 116 148 216 596 167 -902 451 -643 -383 116 -359 -259 -334 -173 493 122 -284 240 473 277 -171 -124 -19]
[22 124 329 -56 -18 -321 -303 253 143 -156 -32 -232 152 -421 44 -257 134 488 747 -456 -187 315 520 476 532 568 171 342 449 430 750 -313 278 -106 -443]]
