[[263 281 -202 508 -596 -131 -163 67 176 -169 195 -199 -13 -205 -51 -391 -470 -338 -160 209 36 -220 -71 119 182 -352 -103 442 -47 -335 -131 699 -567 -138 -350 40 148 -628 0]
[-399 1 -98 -212 -523 -218 -497 -58 -461 222 -254 111 324 81 366 -307 102 -577 121 -136 405 20 -230 -264 162 179 -322 -570 -354 92 493 281 -530 -136 -453 -15 242 209 9]
[-258 -243 -163 122 278 32 -625 185 203 -226 -65 -319 255 -453 48 485 638 131 -433 -377 -25 -19 112 -21 515 340 -177 -641 174 470 352 -275 0 197 -555 86 -200 821 -1]
[359 -583 303 -163 663 -330 495 -383 -473 -28 56 74 186 89 -617 314 -80 75 -356 65 633 -165 215 -493 -219 77 221 -201 -281 -545 -213 -85 578 -201 341 157 143 -198 1]
[649 223 400 303 -428 -557 -54 68 -29 -430 -74 13 660 307 -340 -167 -211 -283 -136 -5 -160 108 184 -671 -24 -745 -334 -81 -536 -498 270 110 -311 -558 438 295 97 -428 1]
[-275 538 8 -435 -373 291 -29 -46 316 -403 -241 397 287 777 259 -159 468 -192 246 -30 -245 473 408 62 -491 -507 -473 82 214 -297 -233 26 -390 -669 166 -32 -122 -272 1]
[-393 -471 -69 39 623 -391 345 -183 -112 -23 302 29 147 -731 9 693 303 706 -743 213 532 -174 -37 412 409 390 117 -114 284 -189 -322 314 -298 -416 -206 -64 -435 -39 231]
[-322 573 22 -565 14 295 470 248 31 191 -244 662 -257 454 -208 218 386 836 -215 -61 105 -85 178 42 -296 -417 -133 424 487 -352 121 -428 145 -339 1056 313 -912 -265 -2]
[-489 331 313 -229 544 -67 -235 -84 173 -186 102 -535 -117 412 596 59 176 438 649 -236 -214 845 -268 -171 269 388 -183 -127 188 494 -259 -86 -180 -227 298 -100 5 315 399]
[103 -601 -197 71 -25 28 -631 -112 31 523 -299 61 372 -231 -36 547 196 531 -771 -286 -261 -203 322 -408 -160 -303 -262 -528 -459 -356 596 213 -98 -377 -125 114 -525 581 -258]
[103 -259 -561 400 609 304 -13 -321 443 -517 297 -322 273 80 -144 579 -103 250 -196 -375 -330 281 659 -315 457 -437 -669 -256 -365 -221 -347 144 264 157 53 461 129 187 -163]
[374 333 119 17 -240 -570 -354 285 -173 223 112 -303 -489 47 -38 -92 -161 55 -711 302 526 -92 13 -131 -422 105 -123 68 -60 -750 232 449 429 -377 158 343 -220 -975 260]
[-160 80 -102 409 -443 -53 424 -171 194 -532 37 261 54 -348 629 393 73 -17 -448 -419 659 -431 -78 116 918 7 55 -42 403 379 51 100 -474 197 146 93 -508 229 23]
[96 119 -246 180 -199 -124 -72 -96 -399 -186 51 195 437 367 -408 -348 -460 -611 -203 16 551 -574 315 240 115 -660 3 -301 438 281 669 -188 -495 26 -89 184 212 -344 -229]
[485 -803 118 -229 -345 188 -415 248 229 -1037 -369 -648 513 248 508 366 328 -124 -519 -378 -105 493 164 -594 14 192 -90 -447 -335 -217 1 48 384 -154 -451 120 -186 105 -1]
[-4 51 197 31 -48 181 624 637 360 -768 98 544 423 -40 93 -30 -284 432 591 322 -289 426 -621 137 430 -200 90 515 12 -256 41 173 -351 -52 894 112 421 -296 153]
[-105 487 -509 152 -357 -369 -284 -6 -426 81 -156 40 564 -518 -27 137 510 306 67 -355 120 -405 60 432 379 247 -812 -125 -83 335 350 -541 -91 -15 -253 153 -383 197 5]
[779 191 260 420 -282 -668 -206 -299 20 116 198 -286 557 13 326 -228 -641 -376 46 489 -221 -134 222 616 -527 -120 259 74 91 -81 -45 -500 374 388 -128 -55 390 -20 -70]
[432 -299 591 517 730 -679 6 446 -286 243 152 -14 149 -138 -348 486 108 117 61 298 -765 -143 175 17 -526 -300 117 16 -151 420 -178 -281 -341 -544 212 -134 -80 216 222]
[-205 272 193 247 196 31 365 -383 272 -166 566 -55 124 -311 -342 -311 315 68 609 158 -523 297 132 338 462 -132 -243 336 404 22 -431 241 -311 -1004 273 216 393 -326 245]
[-428 -35 628 -765 345 377 -375 -201 -274 663 14 -206 -484 104 -76 -140 111 -364 965 -62 324 87 313 -525 -261 322 205 -111 254 -227 -623 -166 -251 32 -328 68 281 789 74]
[80 451 -114 -198 -104 -524 -180 406 -283 -205 -91 -125 -154 -335 203 -663 -10 -150 351 409 -793 282 -393 18 71 337 -168 -347 -288 189 301 127 231 585 -372 -188 186 208 -164]
[-334 -5 -174 -89 85 506 -301 -436 345 217 160 -110 -299 -456 -37 200 -155 18 325 -79 529 -257 118 434 -26 -194 266 -13 754 628 -161 -263 9 152 -116 482 -374 278 122]
[-103 178 -353 182 50 409 -799 -178 362 435 -516 252 10 -52 119 -66 -108 -350 -392 -604 585 -253 -39 -215 -51 157 -375 -808 -93 566 337 -314 227 458 -190 -22 -185 266 23]
[99 641 116 -240 -195 286 160 282 91 49 -654 89 -275 128 -65 -39 108 -452 16 45 -540 -82 468 -73 -760 -482 -326 -595 -177 -284 -274 -3 -108 333 62 -61 196 25 -208]
[-143 20 94 140 -105 399 89 -237 311 -773 -27 49 31 594 505 491 -47 560 247 -410 -513 -19 366 775 -202 -377 -524 -310 343 -199 407 247 175 200 373 -306 11 22 -406]
[426 174 -659 349 -30 151 357 10 29 -286 -74 107 -548 345 -41 -173 -301 19 153 -508 229 -843 399 514 267 -65 65 298 601 550 -174 -70 111 729 -388 577 -292 -314 -90]
[445 -271 194 120 92 -30 129 52 368 -106 -231 -273 406 310 133 -155 179 -280 -137 -54 38 272 26 -47 -458 -926 543 -193 -398 245 -550 -126 -615 50 -354 33 161 -6 108]
[96 419 -372 -75 138 397 104 -378 69 -446 -276 -37 -301 489 668 -789 194 -317 425 -60 622 -446 20 -205 -231 110 -81 310 233 547 -632 139 98 12 -185 -108 -5 -440 -197]
[-68 161 23 612 336 -332 -318 -105 378 423 -20 -1073 264 -228 491 -543 -483 66 -475 22 -164 19 -246 182 338 -222 0 264 4 308 57 140 -658 336 84 -381 -176 -58 -105]
[322 -418 -203 154 -91 -287 486 -507 -178 -196 -414 -339 36 220 477 -386 178 252 -271 -278 56 197 381 -81 -314 353 141 -145 -46 -200 -250 187 -59 -797 56 -227 27 -335 -292]
[186 702 793 -50 -126 -344 8 124 -5 -184 117 -615 148 -24 -238 117 332 -727 631 -13 -109 492 -203 -67 52 387 -474 -70 -338 -754 252 -72 -49 -335 170 -15 585 16 296]
[571 420 393 629 621 -80 467 63 110 -247 303 -118 275 4 -625 321 -370 268 -158 -165 317 -98 13 4 -24 -897 -401 9 -91 -232 -113 -48 -111 -371 63 369 451 -634 269]
[-862 10 13 399 490 414 123 -216 393 221 540 -111 -666 -150 162 15 399 592 -253 223 287 221 385 -66 362 -162 128 581 539 -457 107 72 123 440 574 75 -57 -30 -38]
[127 127 264 4 -475 67 328 -371 -34 792 -29 259 -367 -748 394 525 -84 168 204 22 -34 -490 -231 -222 -428 234 201 615 -177 -347 274 -238 41 -181 287 -496 -580 -531 59]
[310 -408 42 -272 -427 -383 -103 -540 -400 137 -172 -329 605 -562 -96 -281 -34 28 -40 -178 -207 -473 -40 -713 -92 -490 -162 -314 -932 -337 260 -355 -170 -100 200 585 445 685 -544]
[-176 -389 31 306 -59 190 333 460 222 -413 525 -173 348 -673 -802 -48 -31 482 -468 619 622 -321 -40 -115 479 -36 307 268 462 -952 58 241 -273 202 -223 -129 -423 56 -272]
[254 86 -60 -250 185 -216 -43 82 -883 -317 -209 -79 77 465 27 -59 466 -108 -169 261 1035 352 -250 -170 -168 551 110 -663 219 88 354 -74 -39 -69 118 -289 179 -154 -361]
[-2 -170 40 457 229 -400 276 534 -353 -84 -137 -815 -397 415 -25 86 -277 397 -435 165 276 -128 -307 -6 376 -338 -43 -151 252 21 424 153 199 252 11 65 -70 -207 394]]
