[[303 -4 37 97 371 -246 -242 381 -303 -82 -56 169 -129 -142 -233 -728 -134 115 -108 162 85 164 418 83 -555 -71 190 -622 -145 -320 -296 -32]
[247 113 -123 -166 -196 -592 19 270 240 95 -122 149 48 7 -204 -502 628 146 38 -148 -376 27 -52 -331 -402 -385 -164 -667 -361 -127 -140 -229]
[206 135 -272 -103 -12 543 -205 -187 -254 146 -378 -139 -185 133 450 581 -329 -151 74 -212 240 -636 106 188 410 -333 -57 692 19 -420 80 232]
[-293 -71 -291 260 287 -15 129 673 -112 -95 -137 475 -240 -4 126 300 -170 -362 -525 736 -50 -353 126 345 -105 315 242 113 207 -378 -272 247]
[-228 -183 -19 363 -228 312 21 153 -251 -21 -502 98 5 220 -88 -282 25 183 -428 481 385 -97 293 960 -95 131 540 -147 80 -911 -362 223]
[-228 -422 -532 425 331 -171 349 -205 643 -371 -77 368 356 263 196 -376 714 69 -442 -59 -117 362 -220 169 -96 -451 368 -454 -110 -386 -187 28]
[-362 29 254 40 179 -74 296 401 -186 591 -307 -441 -116 275 -22 763 -272 89 0 341 195 -259 -227 127 -340 161 -273 547 428 124 -496 327]
[-289 453 382 -158 175 757 -85 137 -226 68 -126 -180 -304 218 53 686 -26 150 161 320 412 -703 -113 -328 289 -47 -105 -198 -34 522 42 334]
[242 -95 -644 -159 -157 -325 -342 -23 239 -129 -13 384 364 -422 181 660 443 -434 257 -150 -97 266 391 -197 465 -227 -297 868 -290 86 199 -264]
[-699 -240 -409 491 419 -6 621 -650 74 192 -192 -116 -193 137 92 426 30 -474 -426 153 -168 -92 314 -5 -454 272 -141 960 259 133 -122 248]
[-392 -34 282 737 70 -221 230 -147 52 143 -451 369 411 -267 -59 57 294 -449 -409 274 -256 -97 340 50 108 339 25 233 568 -19 442 -80]
[-19 358 616 45 494 -96 174 427 -81 184 -488 -259 -448 -116 -449 166 111 148 -261 -337 350 -529 214 -591 -12 -347 -89 342 -4 87 -60 -32]
[140 -53 276 -308 -245 -1 105 649 -358 -149 141 416 341 345 -28 92 212 -285 -25 267 -257 -203 -236 395 -45 230 -483 -577 -53 633 -50 116]
[368 -241 257 525 812 -465 -25 196 -209 -237 203 410 -78 -327 -575 -72 2 -185 -131 -366 -281 418 507 378 -38 299 520 384 583 368 -194 -331]
[38 23 8 298 44 168 -514 157 395 -417 274 197 -528 -176 -49 -155 -214 177 91 -111 -162 -39 -438 495 325 4 588 140 -514 -769 -551 -92]
[410 -30 -77 -364 -234 -271 7 -87 -28 -229 151 244 420 350 326 -294 -703 -165 -93 -190 130 -138 38 -479 362 677 -222 82 145 568 387 -90]
[669 194 -50 -563 -20 -50 258 -211 52 -233 -344 437 -41 -209 -331 410 -28 -73 396 -943 75 95 559 -429 198 26 -175 137 -156 519 -137 -302]
[23 -500 -137 -160 -3 317 304 -185 80 286 44 -241 177 -7 281 228 -176 -635 688 -228 464 485 -194 713 415 -73 -66 525 90 -215 -230 -65]
[35 24 -422 -364 340 682 -296 -841 -339 -72 38 -60 24 569 210 593 357 18 -615 333 425 186 275 322 -78 -370 -163 -143 -61 395 -133 213]
[297 -68 -332 205 -65 -301 -306 183 -353 382 -547 164 -86 -254 -172 -430 363 472 47 -308 -756 29 112 257 -191 188 -94 -190 22 -499 -86 291]
[438 113 -11 -159 54 197 255 219 177 63 -134 164 241 250 104 -176 489 -3 -261 -911 362 -438 140 -491 120 58 -287 -300 -400 -99 413 260]
[81 -67 -219 -28 20 -113 -97 591 324 -349 322 168 178 -651 -130 -109 121 202 -38 294 87 -422 -178 -433 4 384 -274 -330 13 -207 236 -136]
[-315 -83 204 130 211 377 93 -303 -377 186 97 -7 78 168 -619 448 -181 -756 -170 545 -258 -678 64 187 468 -24 -142 -95 694 525 73 -225]
[-349 19 -28 126 -83 953 403 -357 -154 362 -271 87 -73 -165 337 109 50 -491 385 -229 -216 -581 -126 791 -315 131 -71 482 333 7 -21 -256]
[576 -153 -577 -293 -20 164 -38 -396 -419 137 182 -378 -217 -152 32 -464 -18 284 -732 -570 -139 -264 169 545 -136 -30 199 -146 -152 -52 -254 -213]
[179 252 299 262 -89 -182 -571 695 -203 -73 -303 363 0 -16 -8 113 160 -320 -67 383 -964 -351 295 -168 -483 102 192 -658 -340 488 -78 -475]
[359 -218 -362 -672 -35 -463 -119 -463 491 137 230 -589 382 77 491 13 346 254 274 -163 134 34 -76 244 225 357 303 -42 -71 -204 -61 -2]
[-263 -564 -288 -159 336 -296 261 303 62 -70 116 168 456 295 688 119 300 -146 -163 -182 210 -120 332 -236 727 171 108 398 -429 117 293 -316]
[279 0 390 272 357 -157 411 498 -400 -132 -141 556 67 -235 -449 -364 590 -175 -5 -202 507 -16 -427 39 131 258 -314 -290 -59 -536 105 -229]
[3 128 -368 117 78 305 -810 -388 394 265 -346 311 -110 101 555 283 565 -98 279 -441 183 -610 178 -385 -30 63 -78 -459 305 -92 36 -449]
[-444 -391 -422 186 670 -78 409 804 116 -316 -188 151 -337 82 -692 -15 -450 142 -267 -370 -23 491 -308 430 -342 173 256 -346 87 254 -386 283]
[-537 300 29 104 247 181 -136 -707 253 -542 -38 -513 19 -68 -255 320 255 293 762 -197 -385 208 -7 -942 166 246 -569 -296 41 616 -351 -96]]
