[[-44 164 147 180 9 -10 -6 -595 -478 -95 -63 10 111 144 227 288 -282 227 -159 98 -153 -379 -700 -418 -470 227 -265 -342 248 -12]
[164 59 -626 -162 20 296 19 -50 168 -392 -240 159 -262 256 457 -369 252 276 294 213 -18 250 -634 399 145 -321 399 -90 577 -192]
[-133 -3 616 211 568 -374 -33 47 -219 576 -335 92 352 247 -753 -174 -33 222 -361 -136 -125 -232 -74 -272 70 529 168 302 -193 0]
[338 47 8 388 106 -470 349 -633 -632 -80 -250 -65 91 -178 38 71 -127 -270 -675 -244 398 -450 -261 -258 -2 566 -388 539 -504 1]
[-401 -536 583 -37 -242 -133 140 563 5 312 241 651 -113 405 -329 -659 42 209 108 157 30 436 137 430 -412 -266 -149 184 187 -19]
[193 -118 -617 -191 -410 78 381 57 -194 -207 644 254 -5 184 -100 -582 355 153 -112 -8 720 -174 -354 -64 80 -770 355 344 103 -190]
[-343 -366 921 745 23 -241 53 276 -249 -19 -539 175 162 -185 165 262 226 128 -189 -182 200 -67 -572 170 -713 258 -139 505 44 5]
[-260 64 223 175 74 -838 419 -232 -764 209 -95 -95 -293 653 174 -220 -536 -281 -236 121 200 60 585 -18 -284 130 -257 292 -138 -4]
[453 7 113 -156 -160 -297 376 -35 186 -55 484 -380 230 410 707 290 -185 119 197 184 -300 -266 109 -392 -595 111 208 -8 201 -36]
[-387 -126 455 228 -91 -342 -208 77 -82 219 -52 -71 -148 -322 -552 -451 -121 -305 -390 467 58 939 107 371 484 300 -353 303 133 15]
[-124 -54 -537 468 -147 -465 -323 -306 -314 -485 -847 11 -322 -159 527 362 -89 -317 0 164 515 -157 -184 -198 -585 -541 -28 -218 -499 25]
[229 387 276 89 500 673 -92 -4 -85 -475 -316 95 13 114 -275 273 351 561 -188 130 -404 -666 -337 255 215 -405 372 -451 323 26]
[-298 43 -603 178 574 -35 -106 -455 -350 13 269 -160 242 205 124 151 114 -149 -350 -700 60 -410 -91 -370 -567 262 170 138 17 -177]
[79 -399 -74 111 754 606 -408 70 -335 -39 406 491 -250 516 -637 -138 -295 302 81 74 -298 -205 -493 541 -29 -117 -220 -199 400 -170]
[35 -162 -432 -114 -417 397 147 -908 -168 -108 229 -429 399 392 871 -20 -68 -113 -363 235 -404 224 218 -183 86 249 100 -330 665 -206]
[-304 394 -397 -353 471 -495 149 135 195 -561 -662 588 -521 167 361 -273 -99 -72 234 -25 63 46 324 230 673 -77 196 435 -271 157]
[-107 -266 -609 -227 -3 -158 -728 -482 14 -173 -107 70 215 -201 -51 500 -73 1 79 -321 -434 -512 -178 -341 235 589 -510 -245 -4 82]
[277 127 -270 23 371 739 187 -51 502 -722 -79 90 -319 -385 485 770 609 -530 80 111 51 317 117 768 509 -40 268 59 -71 166]
[-377 264 -759 406 219 412 -117 -216 -400 105 -56 -117 207 596 -203 -267 -97 44 443 -2 -145 -244 -367 -197 -172 -286 179 -948 525 -509]
[6 203 -555 529 -194 130 314 -528 -32 308 -2 -107 184 239 -25 -661 -505 -24 -371 -18 322 248 -302 338 368 161 269 274 186 -559]
[-612 271 204 -321 380 -479 40 -507 -292 390 9 -685 -76 17 125 -559 -281 -244 5 26 -413 406 -236 37 -521 420 -29 -339 90 197]
[-116 -284 -26 584 -162 -595 -745 620 468 94 -428 437 -140 -176 -441 -386 -189 -375 -229 -157 47 524 -557 52 593 437 -465 555 -155 110]
[311 -322 373 239 -556 217 617 327 269 -403 299 -56 -19 -715 -131 -1 64 35 210 -266 -87 -105 331 72 167 229 -220 854 -409 -322]
[-52 57 431 395 131 -269 -242 -401 -428 265 -261 -360 327 -22 -144 502 322 -291 -187 8 333 -485 -206 396 -128 192 -509 228 -563 -186]
[-788 70 -302 -35 169 -17 -125 -425 -301 156 275 556 -402 236 819 -272 -204 -238 488 349 -196 94 -69 715 -372 -126 -266 -47 357 -26]
[487 -36 0 -190 -200 -107 -332 272 -177 701 39 62 144 83 -29 -447 -437 -539 182 -32 358 300 72 -11 130 -139 -238 744 67 -104]
[196 -495 -552 475 -232 -401 241 -44 -375 -88 -12 461 487 -104 -139 8 -572 67 -671 287 -175 -224 -163 -263 -323 25 -109 541 -128 -304]
[305 -187 472 141 286 -542 -331 251 -90 349 485 440 -342 71 -465 -251 -40 37 113 713 -30 219 -325 -29 -650 326 -127 -802 363 -410]
[246 -410 42 -792 -280 319 -432 288 158 660 189 363 -147 459 -411 -665 -299 23 317 542 247 256 -201 -485 -105 149 253 140 155 -244]
[-93 -282 506 129 -657 -274 591 149 -697 -28 -300 246 748 251 220 264 -29 124 273 -24 -28 327 83 -381 -459 815 -56 540 133 179]]
