[[-329 733 329 109 159 -109 329 -178 -7 204 -80 368 500 -113 179 166 -72 152 -15 38 -464 -321 185 136 -546 109 24 392 -215 657 -730 338 725 339 -428 538 -124 145 40 0]
[-404 -125 560 494 26 -211 264 -45 791 -54 448 -471 515 -300 17 139 547 140 89 247 -254 350 262 193 -111 -27 245 54 177 -85 -846 342 717 305 396 -141 159 -5 -66 1]
[342 -1060 559 205 -366 -494 -148 209 -74 203 -560 -50 36 -271 -341 172 155 -187 -157 -267 534 475 -497 -70 83 -131 -380 -272 180 -86 -99 756 153 -506 507 -21 209 -285 -26 0]
[-38 -798 -102 408 13 517 -429 241 -264 16 -451 -477 71 -131 -243 -114 214 -314 -176 -295 317 651 -267 166 332 -776 120 122 927 -271 -448 226 122 108 825 -277 702 94 282 56]
[-463 162 293 -139 -261 -66 -149 47 455 78 780 191 -492 -39 642 -103 675 284 132 -143 -155 -57 371 -195 -517 287 -130 35 -331 -442 357 -918 260 -27 437 -895 246 -329 1 0]
[-322 -1 289 -92 -366 97 85 -318 118 -291 748 482 -776 -263 145 -68 611 763 143 985 232 -94 -326 333 493 58 -67 37 28 -167 148 -328 -436 -523 -24 -859 502 -693 -35 0]
[63 -598 211 -933 -73 35 184 98 -871 -132 -152 1204 -506 -14 305 804 -134 30 -390 445 723 108 -356 -477 160 321 -711 77 163 -441 175 69 -449 -721 138 -237 425 -220 48 -1]
[-327 -352 -503 -516 -487 354 -613 30 -351 110 -442 -96 -605 225 -110 -615 490 398 -146 -1018 -320 -102 10 336 76 -74 -150 242 -321 -233 809 9 -295 36 -271 -934 -15 -80 349 55]
[453 -211 857 -55 -353 67 -25 -180 287 331 -316 551 381 505 145 -132 -33 -189 195 69 399 -328 -150 -217 -693 -39 -310 -492 -223 347 667 105 482 -214 508 858 -630 -44 -399 -55]
[251 54 430 386 346 -437 118 24 -213 -143 -108 -131 118 347 65 1004 -1082 -448 387 23 383 298 343 -766 -369 343 133 46 -341 -167 -252 -287 -123 -58 -593 145 145 70 -103 -56]
[-281 823 360 478 552 -126 164 -134 228 -492 375 -258 -350 195 192 127 -570 -328 632 558 -24 -599 399 -180 -410 282 -442 121 -739 97 -219 -515 65 -282 8 -392 -283 -92 -203 -55]
[645 -533 395 -377 -280 160 17 -138 -125 -740 -134 208 290 488 251 1 -11 -68 458 429 781 -98 37 -147 357 325 -784 205 -195 141 724 516 -787 -553 -568 -110 -270 -164 47 -55]
[345 -92 -858 612 243 72 277 -44 -604 -189 -252 -74 -208 27 -137 -908 -23 -34 -165 507 263 -486 -200 493 521 -136 -293 221 -407 319 -168 505 -672 128 -911 -372 261 -265 211 0]
[-118 -303 70 -415 82 413 101 343 293 111 127 -246 517 489 97 297 8 178 348 -380 -680 240 634 2 127 400 436 -301 145 -489 1008 -478 -960 -13 169 -17 -302 410 188 -55]
[257 -193 -178 -296 -182 -731 629 447 -367 832 -81 561 144 -446 157 -487 94 136 -255 -861 114 -216 -245 736 -104 270 -573 413 -561 524 293 242 -301 -176 -434 117 472 -708 240 -1]
[-7 789 -54 64 -85 137 421 -115 -102 -218 364 551 443 -342 303 720 -71 337 193 564 -253 -568 -94 -486 -61 453 117 -44 -52 44 -52 -833 -227 -276 -1024 275 -128 -131 516 -58]
[-202 -532 128 -628 -526 275 -386 2 -389 950 -426 843 164 528 71 -58 -228 55 -996 -494 146 341 114 -729 -766 -55 -282 -19 99 -222 -173 283 347 334 284 35 126 385 -455 47]
[-113 34 271 -711 225 -497 482 266 -129 -155 -355 -706 -211 63 -634 816 -56 -146 33 -446 -71 9 -399 40 359 15 -184 -383 -539 163 -3 485 -1 -359 -621 148 -788 35 -30 -224]
[-49 -44 -67 645 -536 15 -465 -44 747 157 177 -22 297 -228 102 -124 64 -426 -224 -229 69 129 -410 -140 -464 42 -58 382 973 217 -494 -174 701 183 290 408 279 -522 139 57]
[499 -140 -219 439 -308 -1021 -370 248 -408 1048 -228 572 187 -51 235 -136 -143 -569 -484 -89 -384 -285 -126 -138 -329 703 -7 -175 -162 513 52 -256 -178 -65 -52 69 342 -131 18 3]
[298 18 284 356 287 -401 146 626 669 -461 576 -781 591 254 -124 -374 53 -440 307 397 -25 333 697 -556 275 129 437 -494 -353 -23 -28 26 -371 38 -4 -174 106 351 311 -81]
[-245 455 392 502 -357 -507 -432 29 594 124 98 307 -294 -133 -397 106 223 301 -3 -1 -524 -562 -283 283 -74 -124 118 334 -40 258 -558 -113 860 -477 485 344 160 -621 292 205]
[122 557 275 587 524 -456 213 -373 -329 310 -628 553 -173 205 -568 -137 -551 409 507 515 149 -314 -2 608 -265 -432 96 279 -694 696 -26 7 -53 -233 -545 239 -79 -582 -212 218]
[312 812 -704 -92 255 -146 -370 -45 23 -345 141 -412 -767 -223 180 -172 -984 -38 382 -206 -315 20 -175 -835 -122 -25 -294 -205 93 331 8 -358 -331 87 -80 -189 -461 682 -306 -228]
[-130 -12 65 162 -169 406 -548 225 -851 -141 -382 224 -160 22 -395 104 -601 147 -448 -159 95 154 21 -167 -567 1 215 1 95 -539 -69 -150 -25 -154 252 -376 463 372 298 594]
[327 -159 -216 -244 49 514 -399 253 -301 -825 145 -348 186 247 21 -16 -550 -162 -20 -48 -105 266 1 122 299 -261 338 35 929 -235 510 452 -787 -179 -289 164 55 55 557 10]
[-94 -32 -471 -174 552 482 -176 -186 -200 218 -57 -270 49 647 301 -490 -537 -524 -70 -22 -226 -119 506 -69 54 -86 606 -658 -243 -184 881 -616 -279 -205 709 -26 140 453 38 -365]
[174 250 291 53 594 -365 340 170 320 -223 686 -317 77 78 430 141 -637 -339 182 -12 -69 239 409 -646 -796 505 -291 206 -429 -746 -420 -86 637 -11 575 161 55 -144 -78 -88]
[189 -411 682 387 -121 100 -164 26 292 -403 -148 -267 138 -15 -240 -352 -579 -265 123 -116 334 -6 -77 325 -203 -491 153 395 797 569 -269 589 -86 -395 1176 726 68 174 -63 62]
[463 -151 -39 725 -29 -209 21 309 553 49 324 -709 -141 -531 165 -372 378 -8 107 227 -317 512 -211 135 -168 96 267 -402 140 47 172 -1147 -421 -267 408 -369 -176 -416 129 55]
[231 418 -28 -162 -270 -89 271 -759 510 239 685 -225 283 -2 -81 131 -5 359 364 478 18 -182 249 -310 206 120 374 564 83 631 -527 -79 168 426 -659 1 91 259 -470 135]
[511 -34 -185 75 231 512 728 310 -247 -203 41 -310 -17 157 -188 -158 219 78 -513 8 6 399 44 495 623 -108 -391 283 268 41 -867 903 -339 420 186 23 466 97 -138 245]
[-162 -861 -224 14 503 53 -3 424 36 120 -134 -722 356 -557 -375 288 -247 -563 273 -372 -65 70 -325 355 553 -163 54 -304 594 169 -380 -51 -144 -55 690 -253 -116 205 -52 205]
[-55 310 -908 62 253 19 -452 -45 -551 -414 181 -188 -409 -634 -33 -311 144 -517 -271 -406 -96 241 105 -387 -168 -112 -217 213 403 -628 101 -400 -508 63 847 -251 235 -28 428 270]
[-749 517 613 -314 -332 728 -80 -139 -26 -108 -231 63 -272 -620 110 173 439 18 -491 505 -2 -65 -306 -207 109 -229 55 163 719 -207 -879 -294 27 -183 180 -564 107 71 141 111]
[311 53 -178 24 -534 -274 -333 -397 325 321 -724 -411 1106 52 -728 120 -780 -136 590 -859 -98 -269 -330 -47 186 -351 35 395 -570 209 -420 615 286 239 -137 478 -281 -155 -60 -26]
[-218 -308 92 -78 141 87 216 -81 -369 54 -96 69 5 -236 679 456 -48 -103 249 289 42 -704 331 389 -342 753 -488 648 -371 -34 12 277 186 306 -84 -446 276 -23 334 -192]
[-84 -742 878 135 -162 -109 215 -305 822 -546 -131 277 154 -46 -872 98 83 429 610 424 9 353 -215 291 974 27 758 -1 367 248 467 26 -694 -240 -187 -215 65 -136 -161 -195]
[226 600 54 120 357 42 -264 -581 898 173 258 -765 -104 86 -101 -303 121 -557 433 64 -461 -246 -258 -61 -287 -270 58 -776 -156 -254 262 -460 449 -147 503 -241 -427 176 -621 -399]
[201 -27 -520 -178 -246 392 50 99 821 46 79 -483 410 181 -514 -296 -72 697 -28 246 -577 98 150 248 221 83 449 -557 643 -728 -184 -87 -81 422 641 490 -55 484 -406 184]]
