[[412 -297 204 417 323 -79 211 100 -67 -11 -24 604 -572 -380 295 -51 -203 -65 273 -73 298 -114 440 -475 5 -473 -182 -241 635 -302 -588 106 339 542 -686 182 -83 77 8 0]
[43 -266 -45 139 -32 -135 230 16 -246 -137 186 98 -767 -281 510 -87 -347 -229 108 -498 -544 539 45 -37 -273 -181 227 -311 -124 31 -206 449 68 1002 -386 -60 -592 -245 104 -240]
[-75 117 117 -74 -98 -215 -219 -340 -140 -281 64 -345 11 -170 371 53 -87 408 25 221 -517 -412 -212 649 29 235 -390 -161 -269 -99 614 870 -189 245 -61 34 -516 -367 319 -79]
[704 454 202 -295 121 -429 321 143 45 -113 -64 54 216 173 -395 -357 -33 72 -104 -121 478 -677 810 -392 393 -202 -496 -346 234 -148 123 219 277 142 -574 103 -298 148 -136 -62]
[210 -210 -308 367 367 -145 -20 -94 229 454 157 728 -631 -451 -271 -205 -193 -687 -193 387 445 172 -153 -753 -45 -152 298 177 313 -157 -341 -153 -530 160 -46 95 499 -350 -231 38]
[155 67 149 217 -37 -253 -134 -169 74 610 440 362 -434 -568 197 -22 684 -97 66 63 145 -533 75 85 170 -214 -420 154 113 -393 171 445 -521 2 560 261 -550 -187 319 -79]
[145 77 54 -137 380 -161 -116 -249 -268 -154 367 -451 -59 -4 97 -550 -562 30 247 -111 -377 -217 -232 -346 -491 -82 149 -306 201 -499 262 874 243 1084 -693 326 129 32 269 46]
[78 -362 222 267 101 434 -316 75 -86 -42 131 346 -65 136 360 327 -511 55 375 -408 280 346 -91 112 -557 132 560 181 -61 552 -396 165 533 392 156 487 670 70 -427 122]
[-23 -209 -2 -135 -617 134 846 773 350 466 24 -130 -163 -98 153 208 94 -147 197 -92 -673 439 158 37 222 -431 -373 -232 -203 84 -298 -356 -204 -74 81 -442 -298 -156 63 -242]
[92 406 -274 555 -143 -370 -654 184 -388 397 150 319 381 -184 -217 -229 701 -435 -93 498 590 -12 -111 -303 -150 -278 -36 393 581 -422 -478 -211 53 -137 118 357 -465 179 -96 240]
[51 276 -390 271 282 -34 197 -616 7 -392 -159 175 -53 272 206 185 -559 -108 293 -704 139 -388 576 -323 278 546 541 -136 269 185 -185 -364 157 -62 -279 17 276 338 -388 -70]
[174 -357 757 94 -207 747 192 361 -351 -21 -441 288 -439 404 133 613 -210 596 -39 -211 817 287 -127 136 340 97 -114 -183 -210 406 -222 -344 19 -634 91 178 780 309 -44 30]
[182 317 -368 467 -421 -391 117 235 -218 320 -70 -191 -216 220 -110 -166 -113 -154 -454 422 230 220 425 122 397 563 -565 -273 -459 -10 -153 518 -405 182 511 329 -935 -170 45 -386]
[-4 340 -233 119 -301 161 -164 647 201 -382 -504 116 352 -90 611 261 -460 81 133 260 190 -1 621 314 -46 448 -212 -134 138 163 -383 -26 -175 -69 534 161 -18 161 -474 -63]
[350 165 -15 -286 -149 -307 -229 309 -86 257 -32 -30 -116 -321 -529 -353 -316 104 -308 182 -439 -173 -411 269 165 -432 -283 4 -132 475 289 747 70 878 -488 581 -650 -758 -399 -260]
[481 215 -360 544 -207 -893 76 27 341 385 710 279 -223 144 44 -48 423 -373 147 -70 101 601 264 -327 162 -9 425 116 -51 410 -675 477 -22 162 220 126 -2 -217 -522 53]
[132 -273 351 517 103 363 26 -390 34 -185 -93 234 -237 -306 96 47 -135 595 497 -92 740 109 8 54 155 30 288 163 718 5 -442 412 228 -46 -273 405 547 823 387 -33]
[-168 -78 407 -461 95 66 243 -106 -243 -90 -33 -169 -352 195 -390 -155 -560 -234 -157 -93 29 -401 -314 -97 -66 251 346 -282 -147 0 93 344 -78 600 -767 -292 -447 324 266 -264]
[-135 -491 433 -145 87 125 -120 194 -94 210 -241 152 -115 231 -752 -224 -81 -243 -536 -148 -50 2 -567 -403 145 140 299 -126 -123 316 82 0 208 258 -320 141 426 -193 -823 453]
[-180 169 -52 211 357 -174 199 -457 148 164 303 376 481 537 -277 -116 -32 -495 430 -34 144 -615 60 -284 -750 433 -88 -340 271 -106 -8 -120 557 -8 -454 209 -66 -89 -329 535]
[-5 -299 263 71 519 -95 -41 519 -56 -596 -1050 53 158 97 5 -163 22 464 36 -68 528 371 -170 -76 102 313 -57 184 500 278 -747 -89 550 -232 -254 -98 -176 153 -97 93]
[127 47 198 -149 -516 120 -172 200 -178 418 -111 -176 680 12 -423 -601 363 202 239 -14 -362 228 -327 -101 -514 82 118 136 101 -160 566 133 9 -468 -598 -63 -203 -540 275 152]
[-453 223 -40 -333 334 476 214 -42 89 -143 -463 -516 668 -40 -315 394 -51 -670 -71 -100 -409 -189 -217 -239 224 -45 95 184 -347 369 -14 -692 239 -284 -179 -508 145 -40 -714 -16]
[-276 -521 -342 471 -683 289 -344 158 -146 -39 -182 -31 -162 266 461 80 -347 -564 -100 95 -316 -145 -161 358 199 844 -28 -102 -252 -298 -198 270 -744 -570 149 -410 -368 -293 474 -16]
[-466 58 -34 429 268 591 112 -141 -124 240 4 589 -572 -448 -559 -429 274 -238 60 51 28 251 143 446 -226 -568 -87 137 -7 107 -420 -157 563 -142 -219 -107 -612 -225 435 -419]
[-69 -32 118 -115 -106 469 86 80 -762 369 28 -90 203 -112 -719 -254 515 633 -304 -262 -291 -156 -437 -14 304 -96 -68 426 -128 -305 611 -329 -455 -239 -109 -323 205 -502 383 -123]
[630 318 -201 -52 636 -485 -527 -33 207 526 367 96 428 -105 -166 31 5 -110 237 -152 335 -389 528 -330 219 -488 -646 304 188 136 -166 526 729 -445 -333 555 -134 -277 -474 80]
[-294 -18 229 381 322 144 -459 -5 -174 -582 -666 -63 253 -316 -463 -912 -158 36 -103 993 316 -197 237 204 187 -20 -327 27 229 -571 -39 266 -219 223 -582 287 35 126 159 -247]
[48 -188 101 -57 152 453 -358 175 -226 -346 172 300 -217 351 -334 -228 191 16 11 -216 -142 194 -496 -240 -22 -633 75 235 -189 -80 -371 -941 104 52 -259 470 30 -139 208 261]
[-257 108 -116 -64 -142 6 80 119 -7 -45 -244 383 351 -167 409 87 -668 -518 284 105 -204 -205 -313 -314 -635 -37 80 184 12 49 -338 -232 119 -48 592 340 83 -227 -408 451]
[49 268 -13 -254 -304 -142 -46 168 -101 -411 -69 -267 -275 114 251 406 -135 -100 -561 436 499 -305 30 418 13 69 96 -130 -29 697 257 554 -621 62 30 469 -71 -327 -369 240]
[-166 -209 150 188 214 -157 -190 -633 227 -291 -249 533 -571 -206 405 -428 -29 -540 -355 6 -645 454 -179 -128 -55 72 829 -98 268 -52 160 -605 -227 238 -521 -578 805 141 -131 -10]
[129 -188 -4 303 -100 -93 -24 235 116 182 331 247 -190 -128 640 103 -126 -54 250 541 -329 254 -7 302 -518 -723 -261 358 195 -535 -598 364 0 258 332 -496 38 356 81 -227]
[333 188 380 -35 208 -28 -534 50 -288 442 -469 -48 -278 -512 131 -261 62 112 -24 -500 484 -645 11 -646 -221 -280 224 -350 -49 -120 683 -280 -161 435 125 516 277 -236 -32 277]
[106 452 174 320 -75 310 282 -286 366 -373 -352 343 -770 -470 640 321 -11 229 -244 -599 58 67 387 613 -469 -3 284 -73 24 464 -60 118 12 509 -206 53 -214 22 -130 -443]
[395 -35 218 -586 328 -126 848 305 470 415 -407 407 108 -636 -728 -179 511 -82 66 -55 689 -314 -145 9 168 -335 -113 -16 44 412 -366 -192 -83 37 -188 153 495 -127 -570 -41]
[-309 -594 144 -156 -141 285 175 -2 -33 90 21 258 -159 -72 218 -548 -277 325 -196 -337 -209 151 115 142 -235 733 182 43 -527 -84 80 180 316 454 -227 -265 -170 490 251 -370]
[-299 -98 -292 -41 -389 -371 65 151 185 230 24 -4 396 -213 -570 347 -254 -332 160 -12 -267 -14 -584 310 -545 240 -462 392 -127 157 9 -384 -67 -463 426 -359 247 -646 -490 508]
[367 -314 226 144 -44 -329 41 -154 -251 -502 292 244 -786 -280 246 -317 -739 -21 -66 -88 373 98 309 56 -181 -309 331 -416 -39 213 70 285 -426 141 183 -93 715 -637 -6 -210]
[94 167 -578 630 286 -298 -68 140 17 484 -196 98 341 132 -139 198 389 -453 500 78 197 -199 -39 -194 419 -165 -274 174 6 291 7 29 441 -286 497 809 -297 2 -186 -736]]
