[phase 0 initial]
[[-303 321 155 -38 -94 -65 -59 135 -389 144 98 93 -21 105 -68 -445 238 -308 -336 269 -304 380 31 -302 184 3 -504 -4 -4 17 -262 -409 -815 -81 -436 -167]
[-196 -28 314 0 466 -259 -109 170 -405 -471 255 416 -8 397 -202 63 267 268 491 -208 583 -244 -332 -50 -300 -493 17 -76 -472 -288 -9 278 654 12 242 66]
[-54 -657 -127 -12 491 -75 81 -132 -1142 -125 89 -115 225 133 -128 91 -87 -679 43 -210 -108 -380 -473 -282 -37 -170 215 -49 -495 -67 -382 17 219 20 -44 -189]
[68 15 -83 421 -310 -75 -487 -473 811 97 -590 -87 9 532 4 -437 -314 211 -201 -95 -371 276 -471 274 182 226 -244 254 378 51 386 117 54 -619 -334 0]
[326 -53 -425 -248 176 468 52 138 -233 850 -69 -85 485 -616 -107 610 -511 293 -102 -162 130 -35 610 -227 132 357 -340 -275 296 207 449 575 149 562 421 84]
[28 -253 -575 96 -532 -48 482 7 52 -389 -708 -187 -339 35 -99 -699 -183 -298 96 -421 -449 131 -309 647 572 -19 -24 -222 -54 -321 -252 372 -418 -67 -95 7]
[77 -840 124 -136 -153 429 -129 6 -78 -205 655 -218 -319 183 464 417 -70 173 -299 56 814 -334 -392 -491 -263 244 664 -53 -44 287 95 -151 504 182 -78 10]
[-108 286 429 346 528 -249 257 321 799 14 113 -146 -278 241 -405 -248 77 207 377 53 -161 242 843 315 -357 446 -89 361 -452 220 -170 -413 -494 -399 58 -17]
[49 416 386 -580 -714 -276 243 519 57 -629 345 -330 -25 -363 -171 -188 544 93 -141 2 -116 175 413 -270 88 -792 -465 -296 731 97 187 -25 -721 358 37 112]
[-161 265 82 249 532 -421 154 -378 -587 -58 297 -128 -74 -703 52 473 65 -395 22 1011 -256 -469 142 69 -98 505 230 350 -241 -353 -658 -445 -675 149 -513 -203]
[350 -612 -82 194 -506 43 -375 56 -789 -326 194 -283 231 98 -640 311 -43 296 -76 392 -121 115 -452 -229 -98 -508 -297 21 30 -33 69 196 -244 443 -540 75]
[-320 783 -73 -303 116 -966 0 -212 123 -829 30 -18 -112 15 14 72 -22 -226 54 293 -385 -63 -602 -101 239 -732 -273 204 98 -300 566 171 -234 -705 47 80]
[-267 -397 122 -232 154 -203 221 -259 -182 -195 -446 278 -240 498 -532 -616 340 -283 66 -788 108 -242 -569 25 -307 -85 -377 -825 33 -267 408 148 -11 -182 449 -50]
[-416 -451 -4 71 148 104 -235 101 -313 -426 148 -642 21 591 453 -60 -328 -223 285 284 287 -470 -562 2 381 -211 743 -186 97 477 -168 -241 69 -376 -512 -92]
[141 517 -57 -449 81 -193 -402 -151 -104 19 299 212 -205 -203 -284 270 -35 274 -47 434 -236 821 -21 76 300 287 -566 407 -370 -182 -111 365 -596 495 195 156]
[-402 -63 -144 -325 211 165 553 453 58 -270 65 -422 823 -239 -95 -333 -335 -194 2 45 -660 -402 758 114 530 280 -592 -326 512 131 -401 217 -470 -432 -191 -102]
[194 -14 -369 -7 -304 259 -230 80 -13 -346 423 -169 460 452 368 -281 28 -135 327 31 -633 108 446 249 74 -435 -116 -182 -235 -211 -472 -278 -221 42 141 196]
[424 261 74 -187 -10 106 -358 -31 -613 243 -74 -82 55 -176 485 -852 -284 -583 -33 -4 -27 -93 296 -61 717 123 522 -69 -280 -42 -900 -647 -477 99 228 -75]
[616 -421 70 -148 128 -27 257 154 -241 -169 703 77 521 76 -584 -40 -584 323 71 -453 527 147 267 -82 -280 67 88 152 -859 3 380 306 155 397 134 165]
[331 -852 276 136 -240 240 75 568 303 127 -282 110 -444 116 -471 -321 262 11 228 -64 719 -317 -143 -151 280 -396 -27 -480 133 293 275 132 338 -141 273 269]
[-277 -161 -51 461 10 -148 13 -334 46 -850 225 -338 227 -89 226 -350 28 -28 820 63 -321 -183 -64 743 177 -918 -256 100 301 -150 -116 536 -369 -78 -388 357]
[-163 2 201 -420 -544 355 -145 -45 544 180 175 78 -415 278 -20 217 666 -19 153 9 653 134 -537 -100 -306 -115 46 -130 -323 -306 31 -230 713 256 377 -91]
[96 -453 -83 101 -681 -234 -28 -512 -57 -454 951 48 28 197 649 343 224 449 -245 264 -331 -27 -514 -25 155 -300 165 711 -20 142 -22 515 150 339 -268 546]
[-394 357 52 98 -84 84 -209 470 242 382 715 383 812 459 109 -534 555 348 19 125 461 138 548 -47 370 660 -462 58 -189 436 -119 -331 -103 44 -219 97]
[119 -599 163 -130 -425 195 594 665 -9 -319 779 5 -237 852 22 -300 293 391 -156 -394 62 71 778 75 -61 -532 -348 64 -462 198 -60 540 336 288 147 -73]
[-300 -116 278 -242 -611 469 44 61 -836 149 235 511 -161 -427 228 -574 507 19 -174 -60 66 -619 -17 -621 -284 -243 -532 -398 54 -531 -9 375 -145 188 270 -419]
[47 -56 -332 -177 529 445 446 106 -667 -302 457 114 340 -50 -109 -126 -410 1 476 -24 835 -837 -53 -378 -32 65 158 -562 -292 95 608 267 257 238 415 -321]
[297 383 -211 -380 -56 -146 -123 -513 444 45 -788 186 212 -90 175 -11 -224 -315 -357 20 -411 382 -347 289 174 -15 98 771 449 25 -284 403 177 154 -433 259]
[111 -472 90 78 -18 -287 408 557 312 -195 533 -72 23 -172 -606 0 623 133 211 -539 -94 389 740 578 -297 -509 343 165 8 -120 -417 40 485 399 837 354]
[-125 544 -109 -461 426 -302 -49 -642 91 224 1 139 259 460 740 -220 146 -576 -30 -83 -634 395 8 311 -321 97 -13 -260 -232 67 -588 -256 -2 -445 -247 384]
[300 -27 -262 255 -670 37 482 6 -33 170 31 -28 450 201 -25 -382 91 -601 221 -184 -865 -203 198 413 525 -455 -194 430 545 -207 -618 92 -237 128 -370 -365]
[-375 323 580 -7 363 -559 -95 -232 -569 -187 476 -303 438 32 44 -185 63 -724 43 -293 -345 -146 -662 1 -414 -430 58 -7 -145 651 -105 -259 -372 -446 -25 -37]
[489 249 -123 -38 -426 375 -296 425 281 -530 438 -3 275 174 87 756 143 219 414 277 -234 -544 589 -535 301 -288 756 122 -3 303 121 -631 308 -364 265 334]
[156 96 67 27 242 -68 -188 -302 -176 -193 183 -437 1110 -369 -316 660 83 347 102 337 307 -631 53 -323 -102 -609 -174 -125 201 304 129 177 603 357 -31 -552]
[-104 -75 -670 -127 381 75 -119 -571 136 192 282 382 104 288 152 177 -325 48 -47 289 41 -124 -830 -23 222 -458 -321 191 0 -800 213 56 255 109 -589 -178]
[-15 -521 -186 -394 -311 -134 593 37 -224 -507 127 220 45 -512 -498 116 -72 -226 249 47 4 -279 -311 70 443 -7 576 -780 -580 21 -216 -276 330 387 -142 311]]
[phase 0 refreshed]
[[-7 472 244 249 -317 -80 32 427 -66 221 284 223 171 227 223 255 -139 137 174 -17 156 -170 403 -183 244 344 -59 380 183 486 203 508 268 -389 422 -37]
[-303 321 155 -38 -94 -65 -59 135 -389 144 98 93 -21 105 -68 -445 238 -308 -336 269 -304 380 31 -302 184 3 -504 -4 -4 17 -262 -409 -815 -81 -436 -167]
[-196 -28 314 0 466 -259 -109 170 -405 -471 255 416 -8 397 -202 63 267 268 491 -208 583 -244 -332 -50 -300 -493 17 -76 -472 -288 -9 278 654 12 242 66]
[-54 -657 -127 -12 491 -75 81 -132 -1142 -125 89 -115 225 133 -128 91 -87 -679 43 -210 -108 -380 -473 -282 -37 -170 215 -49 -495 -67 -382 17 219 20 -44 -189]
[68 15 -83 421 -310 -75 -487 -473 811 97 -590 -87 9 532 4 -437 -314 211 -201 -95 -371 276 -471 274 182 226 -244 254 378 51 386 117 54 -619 -334 0]
[326 -53 -425 -248 176 468 52 138 -233 850 -69 -85 485 -616 -107 610 -511 293 -102 -162 130 -35 610 -227 132 357 -340 -275 296 207 449 575 149 562 421 84]
[-117 -230 219 630 -778 -23 98 2 -125 -22 2 419 -524 740 -345 -189 259 -36 74 260 25 -89 -365 168 -226 623 84 18 -192 186 49 -110 -342 -461 9 -85]
[-416 -451 -4 71 148 104 -235 101 -313 -426 148 -642 21 591 453 -60 -328 -223 285 284 287 -470 -562 2 381 -211 743 -186 97 477 -168 -241 69 -376 -512 -92]
[-493 389 -128 207 301 -325 -106 95 -235 -221 -507 -424 340 408 -11 -477 -258 -396 584 228 -527 -136 -170 493 644 -455 79 -133 141 190 -263 -90 -435 -558 -434 -102]
[105 -1093 -451 -40 -685 381 353 13 -26 -594 -53 -405 -658 218 365 -282 -253 -125 -203 -365 365 -203 -701 156 309 225 640 -275 -98 -34 -157 221 86 115 -173 17]
[267 397 -122 232 -154 203 -221 259 182 195 446 -278 240 -498 532 616 -340 283 -66 788 -108 242 569 -25 307 85 377 825 -33 267 -408 -148 11 182 -449 50]
[-435 340 448 266 369 -704 407 -210 -835 -32 135 373 -143 22 -257 112 266 -541 262 206 8 -881 -24 -89 -161 764 -206 -95 -25 -134 -47 211 -418 -422 358 -290]
[-43 -624 -408 -572 11 32 -248 -614 195 -275 -352 -661 -395 384 -93 -24 -528 -192 149 -131 -120 -27 -851 455 490 481 287 -524 236 299 400 403 -377 6 326 115]
[-80 115 -772 -393 142 65 199 -50 247 232 -277 111 -14 152 331 161 -584 -403 -117 -417 -225 199 -354 -124 367 -178 189 -28 -298 193 660 246 454 -605 615 105]
[63 -226 176 -171 -533 -426 -163 -86 -274 -657 -156 -532 209 302 -295 -534 143 -375 -299 -303 -595 71 -531 -278 233 -736 -494 -91 614 81 191 109 -448 -241 -341 -77]
[53 75 -356 78 441 -318 878 447 534 -505 89 -216 -339 -753 -263 -79 -42 204 -197 -33 -87 138 598 -129 -411 -529 -290 159 -575 -692 85 -357 -384 -44 -395 86]
[-37 -465 215 -111 66 156 63 55 699 -423 237 331 484 282 -282 -230 -124 681 -292 -486 79 -234 125 -155 -232 468 -898 -15 277 -296 239 702 673 -481 151 66]
[-208 -74 47 21 -24 208 -668 -449 66 -59 534 215 67 715 107 -307 130 503 -75 324 179 -180 -62 -171 -359 492 -885 -762 206 -490 319 -182 -580 45 -64 125]
[145 396 -239 459 290 -129 -771 20 -1117 346 -299 274 635 256 65 -414 -777 52 143 354 336 -556 -368 -494 523 -575 -59 -261 -198 -287 219 -193 131 -543 -226 -16]
[-61 -127 -169 -196 12 218 -38 -730 -192 539 60 49 560 226 183 -388 -562 -719 -333 236 17 -152 -421 79 77 465 703 -427 -145 315 325 -835 -388 -222 -378 -116]
[331 -852 276 136 -240 240 75 568 303 127 -282 110 -444 116 -471 -321 262 11 228 -64 719 -317 -143 -151 280 -396 -27 -480 133 293 275 132 338 -141 273 269]
[-491 -274 187 10 612 -6 516 -482 -461 -284 725 347 -140 -357 681 -538 480 -915 19 -498 -85 -162 116 -105 -222 -122 -327 159 -369 -357 -566 38 -286 -24 106 28]
[-656 391 73 -213 -243 30 -251 50 309 -41 -332 -346 -75 686 -31 -260 408 -415 737 237 126 -2 -707 393 338 -570 125 -263 -182 -116 -232 -320 278 -302 -57 -193]
[173 -436 405 -194 -390 -60 15 -365 344 130 -105 349 504 223 -246 -751 -75 462 -186 -364 -321 -257 -146 207 463 84 -12 65 415 512 72 378 218 -291 337 478]
[-538 -226 -842 182 363 115 -358 81 1195 106 -340 -328 80 542 -176 -80 490 296 294 354 -425 337 -116 482 134 6 -184 -116 -229 310 119 -707 5 -444 -206 299]
[-71 515 120 -17 -377 280 204 109 130 539 689 757 13 310 666 91 570 123 -420 591 -260 240 889 159 -78 -331 -82 420 -350 12 -364 -230 389 239 -60 -146]
[-221 188 20 -114 -363 -198 833 367 370 49 -126 587 -521 -172 83 -119 517 -21 213 219 -222 -299 352 444 -169 25 311 -471 39 115 640 427 -427 153 163 -138]
[47 -56 -332 -177 529 445 446 106 -667 -302 457 114 340 -50 -109 -126 -410 1 476 -24 835 -837 -53 -378 -32 65 158 -562 -292 95 608 267 257 238 415 -321]
[235 -238 303 131 -848 282 163 314 626 -381 852 285 -102 648 365 7 375 519 370 -126 640 -401 -53 154 -1 -534 272 350 524 -141 -150 202 702 302 -162 -100]
[297 383 -211 -380 -56 -146 -123 -513 444 45 -788 186 212 -90 175 -11 -224 -315 -357 20 -411 382 -347 289 174 -15 98 771 449 25 -284 403 177 154 -433 259]
[-129 103 -753 -713 -20 56 228 -390 -625 562 -60 -3 53 -96 -323 318 49 -602 -119 -421 223 304 -615 -150 -295 127 -258 -338 372 424 351 26 -237 27 -130 -138]
[-16 -345 -6 89 360 81 338 644 360 91 223 -850 113 -655 361 31 -54 -165 -369 197 0 -226 119 144 291 486 -175 -134 -36 125 -975 -65 -231 310 -872 -95]
[347 -581 -820 -134 -95 189 -258 199 -174 345 -252 29 223 273 -871 -158 -365 -29 241 -156 46 -384 -767 225 259 -307 551 -507 -553 -125 437 330 -17 288 -58 566]
[-309 -89 74 -316 82 -31 -22 -8 227 364 -237 -249 337 -313 421 421 277 178 -448 -497 367 -11 166 -139 353 -74 -222 -214 185 144 -527 379 664 284 148 -306]
[-50 -1045 -318 422 67 -258 312 162 -517 -227 471 -268 -244 -239 -562 -18 115 77 -118 -89 53 94 19 498 112 314 142 139 -133 -520 -668 377 -62 537 44 151]
[-15 -521 -186 -394 -311 -134 593 37 -224 -507 127 220 45 -512 -498 116 -72 -226 249 47 4 -279 -311 70 443 -7 576 -780 -580 21 -216 -276 330 387 -142 311]]
[phase 1 initial]
[[-7 472 244 249 -317 -80 32 427 -66 221 284 223 171 227 223 255 -139 137 174 -17 156 -170 403 -183 244 344 -59 380 183 486 203 508 268 -389 422 -37]
[-303 321 155 -38 -94 -65 -59 135 -389 144 98 93 -21 105 -68 -445 238 -308 -336 269 -304 380 31 -302 184 3 -504 -4 -4 17 -262 -409 -815 -81 -436 -167]
[-196 -28 314 0 466 -259 -109 170 -405 -471 255 416 -8 397 -202 63 267 268 491 -208 583 -244 -332 -50 -300 -493 17 -76 -472 -288 -9 278 654 12 242 66]
[-54 -657 -127 -12 491 -75 81 -132 -1142 -125 89 -115 225 133 -128 91 -87 -679 43 -210 -108 -380 -473 -282 -37 -170 215 -49 -495 -67 -382 17 219 20 -44 -189]
[68 15 -83 421 -310 -75 -487 -473 811 97 -590 -87 9 532 4 -437 -314 211 -201 -95 -371 276 -471 274 182 226 -244 254 378 51 386 117 54 -619 -334 0]
[326 -53 -425 -248 176 468 52 138 -233 850 -69 -85 485 -616 -107 610 -511 293 -102 -162 130 -35 610 -227 132 357 -340 -275 296 207 449 575 149 562 421 84]
[-117 -230 219 630 -778 -23 98 2 -125 -22 2 419 -524 740 -345 -189 259 -36 74 260 25 -89 -365 168 -226 623 84 18 -192 186 49 -110 -342 -461 9 -85]
[-416 -451 -4 71 148 104 -235 101 -313 -426 148 -642 21 591 453 -60 -328 -223 285 284 287 -470 -562 2 381 -211 743 -186 97 477 -168 -241 69 -376 -512 -92]
[-493 389 -128 207 301 -325 -106 95 -235 -221 -507 -424 340 408 -11 -477 -258 -396 584 228 -527 -136 -170 493 644 -455 79 -133 141 190 -263 -90 -435 -558 -434 -102]
[105 -1093 -451 -40 -685 381 353 13 -26 -594 -53 -405 -658 218 365 -282 -253 -125 -203 -365 365 -203 -701 156 309 225 640 -275 -98 -34 -157 221 86 115 -173 17]
[267 397 -122 232 -154 203 -221 259 182 195 446 -278 240 -498 532 616 -340 283 -66 788 -108 242 569 -25 307 85 377 825 -33 267 -408 -148 11 182 -449 50]
[-435 340 448 266 369 -704 407 -210 -835 -32 135 373 -143 22 -257 112 266 -541 262 206 8 -881 -24 -89 -161 764 -206 -95 -25 -134 -47 211 -418 -422 358 -290]
[-43 -624 -408 -572 11 32 -248 -614 195 -275 -352 -661 -395 384 -93 -24 -528 -192 149 -131 -120 -27 -851 455 490 481 287 -524 236 299 400 403 -377 6 326 115]
[-80 115 -772 -393 142 65 199 -50 247 232 -277 111 -14 152 331 161 -584 -403 -117 -417 -225 199 -354 -124 367 -178 189 -28 -298 193 660 246 454 -605 615 105]
[63 -226 176 -171 -533 -426 -163 -86 -274 -657 -156 -532 209 302 -295 -534 143 -375 -299 -303 -595 71 -531 -278 233 -736 -494 -91 614 81 191 109 -448 -241 -341 -77]
[53 75 -356 78 441 -318 878 447 534 -505 89 -216 -339 -753 -263 -79 -42 204 -197 -33 -87 138 598 -129 -411 -529 -290 159 -575 -692 85 -357 -384 -44 -395 86]
[-37 -465 215 -111 66 156 63 55 699 -423 237 331 484 282 -282 -230 -124 681 -292 -486 79 -234 125 -155 -232 468 -898 -15 277 -296 239 702 673 -481 151 66]
[-208 -74 47 21 -24 208 -668 -449 66 -59 534 215 67 715 107 -307 130 503 -75 324 179 -180 -62 -171 -359 492 -885 -762 206 -490 319 -182 -580 45 -64 125]
[145 396 -239 459 290 -129 -771 20 -1117 346 -299 274 635 256 65 -414 -777 52 143 354 336 -556 -368 -494 523 -575 -59 -261 -198 -287 219 -193 131 -543 -226 -16]
[-61 -127 -169 -196 12 218 -38 -730 -192 539 60 49 560 226 183 -388 -562 -719 -333 236 17 -152 -421 79 77 465 703 -427 -145 315 325 -835 -388 -222 -378 -116]
[331 -852 276 136 -240 240 75 568 303 127 -282 110 -444 116 -471 -321 262 11 228 -64 719 -317 -143 -151 280 -396 -27 -480 133 293 275 132 338 -141 273 269]
[-491 -274 187 10 612 -6 516 -482 -461 -284 725 347 -140 -357 681 -538 480 -915 19 -498 -85 -162 116 -105 -222 -122 -327 159 -369 -357 -566 38 -286 -24 106 28]
[-656 391 73 -213 -243 30 -251 50 309 -41 -332 -346 -75 686 -31 -260 408 -415 737 237 126 -2 -707 393 338 -570 125 -263 -182 -116 -232 -320 278 -302 -57 -193]
[173 -436 405 -194 -390 -60 15 -365 344 130 -105 349 504 223 -246 -751 -75 462 -186 -364 -321 -257 -146 207 463 84 -12 65 415 512 72 378 218 -291 337 478]
[-538 -226 -842 182 363 115 -358 81 1195 106 -340 -328 80 542 -176 -80 490 296 294 354 -425 337 -116 482 134 6 -184 -116 -229 310 119 -707 5 -444 -206 299]
[-71 515 120 -17 -377 280 204 109 130 539 689 757 13 310 666 91 570 123 -420 591 -260 240 889 159 -78 -331 -82 420 -350 12 -364 -230 389 239 -60 -146]
[-221 188 20 -114 -363 -198 833 367 370 49 -126 587 -521 -172 83 -119 517 -21 213 219 -222 -299 352 444 -169 25 311 -471 39 115 640 427 -427 153 163 -138]
[47 -56 -332 -177 529 445 446 106 -667 -302 457 114 340 -50 -109 -126 -410 1 476 -24 835 -837 -53 -378 -32 65 158 -562 -292 95 608 267 257 238 415 -321]
[235 -238 303 131 -848 282 163 314 626 -381 852 285 -102 648 365 7 375 519 370 -126 640 -401 -53 154 -1 -534 272 350 524 -141 -150 202 702 302 -162 -100]
[297 383 -211 -380 -56 -146 -123 -513 444 45 -788 186 212 -90 175 -11 -224 -315 -357 20 -411 382 -347 289 174 -15 98 771 449 25 -284 403 177 154 -433 259]
[-129 103 -753 -713 -20 56 228 -390 -625 562 -60 -3 53 -96 -323 318 49 -602 -119 -421 223 304 -615 -150 -295 127 -258 -338 372 424 351 26 -237 27 -130 -138]
[-16 -345 -6 89 360 81 338 644 360 91 223 -850 113 -655 361 31 -54 -165 -369 197 0 -226 119 144 291 486 -175 -134 -36 125 -975 -65 -231 310 -872 -95]
[347 -581 -820 -134 -95 189 -258 199 -174 345 -252 29 223 273 -871 -158 -365 -29 241 -156 46 -384 -767 225 259 -307 551 -507 -553 -125 437 330 -17 288 -58 566]
[-309 -89 74 -316 82 -31 -22 -8 227 364 -237 -249 337 -313 421 421 277 178 -448 -497 367 -11 166 -139 353 -74 -222 -214 185 144 -527 379 664 284 148 -306]
[-50 -1045 -318 422 67 -258 312 162 -517 -227 471 -268 -244 -239 -562 -18 115 77 -118 -89 53 94 19 498 112 314 142 139 -133 -520 -668 377 -62 537 44 151]
[-15 -521 -186 -394 -311 -134 593 37 -224 -507 127 220 45 -512 -498 116 -72 -226 249 47 4 -279 -311 70 443 -7 576 -780 -580 21 -216 -276 330 387 -142 311]]
