[phase 0 initial]
[[-663 -1 210 -148 -191 128 42 -66 267 -518 378 304 386 216 -251 168 -166 272 351 -340 84 -198 316 -95 515 9 257 197 233 -362 26 224 85]
[88 -3 -36 -325 -287 -4 27 280 356 -36 634 129 55 -510 196 438 286 81 120 -296 -67 98 657 -273 -207 546 67 105 -32 -470 130 -103 88]
[-105 -400 469 255 -128 -326 612 350 495 -32 257 -495 41 -104 335 470 -108 70 295 -131 608 112 415 59 438 333 125 153 454 -419 792 317 -140]
[-461 -251 419 -9 17 -431 -196 108 -334 12 253 135 565 -65 101 411 -222 -282 302 237 109 347 453 384 196 480 92 648 583 184 817 109 -1]
[-336 -359 -263 241 -60 -73 -249 169 303 360 216 -385 -1270 -36 392 77 -7 112 -225 89 441 -183 -611 83 26 -85 -462 -395 -44 -320 -263 -334 30]
[-468 -11 -54 86 -6 -8 -4 453 539 -741 457 108 -551 526 266 194 142 417 430 -413 274 5 -678 -495 399 -763 -243 -231 131 139 270 267 85]
[192 -602 -451 318 -306 -227 64 -608 548 358 93 -407 -463 -719 -192 70 -582 126 -206 -83 275 -212 154 149 127 -337 33 -544 -208 -70 -303 164 29]
[-222 -334 542 234 299 462 251 -260 172 370 -747 -328 -371 388 -143 99 748 430 -204 85 -102 -54 -673 34 240 -100 -284 -123 -93 -10 0 -310 -55]
[-255 -555 -125 -24 -545 -188 -627 -538 -393 220 -182 341 137 -196 -678 143 -35 -242 -363 70 -140 -113 145 491 730 -296 -204 208 813 248 -415 -262 194]
[-365 476 -3 25 69 95 85 -247 -84 -401 298 589 58 -270 -47 -53 -532 -400 -54 -280 -37 193 -147 -170 -483 18 -120 -138 91 -60 559 482 227]
[414 439 -296 417 65 174 163 -218 128 35 -87 389 554 -420 -509 -322 -408 -454 244 584 169 -160 -67 143 -578 -154 -158 -191 -12 686 503 432 -54]
[345 328 -695 189 -303 499 175 111 363 -234 -870 246 426 124 -297 -619 -186 -449 -61 -78 -201 -367 337 178 10 -322 30 -847 -33 -162 -367 231 39]
[21 -356 437 -531 186 222 635 128 172 -530 450 -260 10 36 560 261 370 194 553 -256 183 292 -124 -288 224 535 198 788 30 -111 129 -214 -149]
[-429 95 33 -338 511 317 -38 4 -408 -874 -717 331 392 456 -10 201 488 212 800 63 -345 313 261 -128 -190 -226 147 291 207 377 -241 -378 48]
[-56 -30 -322 -97 -89 -363 265 314 -308 -143 -89 -296 -852 -41 450 -308 -95 146 664 -469 600 -126 78 260 185 -428 92 -269 -246 -366 -182 -180 -137]
[-193 24 -535 152 229 90 -643 -93 390 13 616 161 -236 -442 -54 103 -145 -8 -747 -68 -481 188 -302 -179 277 -534 -526 -152 -306 -232 -51 -38 418]
[28 -108 -510 -246 -301 191 266 -368 -244 -180 46 357 7 7 3 589 334 -210 -688 -273 -489 256 613 -125 -506 380 -75 -238 250 101 -315 110 394]
[-298 -35 -306 354 -78 -342 -418 -86 -567 464 212 -360 -511 -343 178 60 473 10 -681 298 -137 328 -153 440 476 -489 -3 62 -126 273 -343 112 -10]
[19 227 714 -80 15 -27 -363 -101 -650 115 -15 328 212 212 -249 341 272 77 450 -149 -319 290 186 -524 -582 -47 855 404 -665 -91 -104 -431 108]
[-677 -705 393 -374 -603 317 6 -456 -189 -8 -194 -217 -150 669 -207 178 435 -27 522 302 374 -169 -101 -33 371 12 -261 259 92 -551 -554 -546 55]
[314 -319 713 99 -203 256 611 -498 691 169 -1041 -565 -78 -22 162 238 -209 -422 -384 -199 -85 2 83 109 -515 69 82 127 -644 -286 552 128 -54]
[441 -449 246 -327 -52 -265 -145 180 -46 -193 506 -366 562 105 -189 -97 42 -34 -167 -308 209 247 -255 -288 534 133 -103 -191 92 638 -290 -98 19]
[212 -10 -486 212 -15 -475 -278 202 5 656 257 -247 -417 -281 761 275 -419 -136 -146 -114 -218 -819 277 267 -363 424 -90 -49 -62 239 518 354 -322]
[153 -123 -59 -377 364 483 66 -38 -260 394 -547 -303 87 -55 -736 -426 91 293 -638 35 -395 430 -432 83 -53 560 -179 -21 10 330 -248 -418 -160]
[-414 343 -419 227 448 -293 -415 -463 288 131 -50 246 -360 69 -144 129 272 219 190 717 -467 -14 -60 820 -336 -153 -318 57 59 704 -219 -54 187]
[-300 -106 -197 -79 609 188 -326 87 -452 185 406 -32 -345 -80 207 -348 835 263 -305 47 -394 419 -219 227 -270 28 311 168 -244 54 -500 -821 526]
[151 -239 181 -441 258 62 134 -320 216 -420 -20 67 -89 -654 93 794 250 -496 360 111 -323 153 -41 -573 -641 202 217 -206 -105 350 476 205 81]
[629 -163 -20 202 -35 -389 83 -39 -15 -638 131 -373 477 -438 12 971 111 28 -145 -199 503 -129 736 -195 419 142 878 60 88 -311 -308 213 -127]
[204 173 -19 187 484 376 -85 -330 -200 -106 -197 -424 -682 454 139 458 230 466 -74 120 -433 -315 -604 187 -443 57 292 39 -502 258 -896 325 -194]
[135 247 -85 -81 -65 152 95 -748 299 -417 294 175 -93 337 -69 -512 -214 551 764 -359 123 -481 -114 156 -48 -373 231 129 -493 786 -254 717 304]
[-95 353 151 -56 238 -500 -205 371 462 -397 71 267 -25 -508 -761 204 -8 91 -123 19 128 71 34 -354 35 129 -582 636 419 432 260 -36 269]
[722 -112 -113 -311 307 -672 -178 302 384 252 386 -213 -297 -120 367 -54 -520 -410 -514 -181 -236 263 407 63 -325 -130 -163 281 319 -113 222 128 -285]
[511 652 -491 -83 334 -167 -432 358 -201 -154 -147 96 302 -238 42 -162 312 -193 -523 21 189 -282 -649 -713 -280 -677 -252 -439 132 79 -566 46 436]]
[phase 0 refreshed accepted=1]
[[259 -233 -106 -129 -165 -466 503 -172 468 168 284 -100 -198 -299 -104 315 188 19 80 371 -81 122 -357 195 -89 167 155 44 194 470 -106 -121 -508]
[-663 -1 210 -148 -191 128 42 -66 267 -518 378 304 386 216 -251 168 -166 272 351 -340 84 -198 316 -95 515 9 257 197 233 -362 26 224 85]
[88 -3 -36 -325 -287 -4 27 280 356 -36 634 129 55 -510 196 438 286 81 120 -296 -67 98 657 -273 -207 546 67 105 -32 -470 130 -103 88]
[299 -166 365 532 228 12 67 588 -240 318 -405 -699 -147 -21 690 -13 -130 -221 -136 -162 605 188 456 -41 12 157 -287 -88 27 -527 872 214 283]
[-461 -251 419 -9 17 -431 -196 108 -334 12 253 135 565 -65 101 411 -222 -282 302 237 109 347 453 384 196 480 92 648 583 184 817 109 -1]
[-336 -359 -263 241 -60 -73 -249 169 303 360 216 -385 -1270 -36 392 77 -7 112 -225 89 441 -183 -611 83 26 -85 -462 -395 -44 -320 -263 -334 30]
[-468 -11 -54 86 -6 -8 -4 453 539 -741 457 108 -551 526 266 194 142 417 430 -413 274 5 -678 -495 399 -763 -243 -231 131 139 270 267 85]
[192 -602 -451 318 -306 -227 64 -608 548 358 93 -407 -463 -719 -192 70 -582 126 -206 -83 275 -212 154 149 127 -337 33 -544 -208 -70 -303 164 29]
[233 -441 4 -44 96 63 -263 -480 216 153 -161 213 78 -456 -248 497 653 318 21 -88 -644 453 -207 -248 -224 -431 -255 -100 -262 874 359 -80 171]
[-365 476 -3 25 69 95 85 -247 -84 -401 298 589 58 -270 -47 -53 -532 -400 -54 -280 -37 193 -147 -170 -483 18 -120 -138 91 -60 559 482 227]
[779 -37 -293 392 -4 79 78 29 212 436 -385 -200 496 -150 -462 -269 124 -54 298 864 206 -353 80 313 -95 -172 -38 -53 -103 746 -56 -50 -281]
[-46 -725 92 -84 45 461 196 -308 252 -340 259 -567 -255 -384 472 16 -400 301 267 -710 539 -42 387 -334 440 31 76 200 -372 -651 -68 71 388]
[345 328 -695 189 -303 499 175 111 363 -234 -870 246 426 124 -297 -619 -186 -449 -61 -78 -201 -367 337 178 10 -322 30 -847 -33 -162 -367 231 39]
[-255 -555 -125 -24 -545 -188 -627 -538 -393 220 -182 341 137 -196 -678 143 -35 -242 -363 70 -140 -113 145 491 730 -296 -204 208 813 248 -415 -262 194]
[-429 95 33 -338 511 317 -38 4 -408 -874 -717 331 392 456 -10 201 488 212 800 63 -345 313 261 -128 -190 -226 147 291 207 377 -241 -378 48]
[-53 257 160 60 327 96 623 -214 511 38 98 -95 387 139 -445 -57 145 11 -667 387 -461 -14 -514 215 626 49 62 264 101 -326 -253 -55 -346]
[-56 -30 -322 -97 -89 -363 265 314 -308 -143 -89 -296 -852 -41 450 -308 -95 146 664 -469 600 -126 78 260 185 -428 92 -269 -246 -366 -182 -180 -137]
[650 -378 -322 -375 177 -491 -229 -93 -228 -353 -205 -323 169 -262 87 310 -252 -607 498 602 -117 -84 122 -164 -191 -262 554 -50 -71 890 -213 136 -179]
[94 -13 -164 49 401 -30 554 -178 -660 217 256 -380 -190 130 -53 259 506 323 -412 216 138 8 277 290 289 -16 -144 507 -159 -153 -333 -285 99]
[-414 343 -419 227 448 -293 -415 -463 288 131 -50 246 -360 69 -144 129 272 219 190 717 -467 -14 -60 820 -336 -153 -318 57 59 704 -219 -54 187]
[-255 258 380 -203 397 393 -44 338 -154 -278 181 223 359 24 155 14 282 815 96 -18 -458 186 636 48 69 -20 13 350 165 -323 -657 184 84]
[-298 -35 -306 354 -78 -342 -418 -86 -567 464 212 -360 -511 -343 178 60 473 10 -681 298 -137 328 -153 440 476 -489 -3 62 -126 273 -343 112 -10]
[-325 158 -225 52 313 748 -685 -333 -395 78 -8 -116 -234 654 -545 -122 21 -36 261 308 -321 -499 -335 25 103 -223 -588 831 -160 96 -212 -391 445]
[-433 -55 175 341 -331 -32 -633 287 -318 253 -416 324 -67 235 -53 210 -143 -542 466 99 30 87 365 121 -350 26 515 -190 -159 -389 83 -425 176]
[-539 -260 251 10 -136 3 -221 -294 -239 112 393 517 512 -296 -332 337 -40 -303 979 95 -436 -122 65 315 -213 -371 -305 -255 -200 422 86 68 -127]
[-279 135 -81 -247 -223 6 -509 557 -148 27 283 635 -638 59 1152 -318 299 428 -225 -324 -75 44 -346 -151 68 -283 306 62 -588 -471 -78 34 -16]
[-268 -105 153 298 -133 -33 454 -320 187 -388 -301 -507 271 560 105 31 434 57 410 -207 219 418 -141 342 -478 450 92 -21 559 78 621 238 64]
[164 154 796 -311 569 -67 -25 498 -410 356 98 -195 103 -183 148 -370 -333 13 -148 -304 -319 -115 416 -217 301 258 81 624 453 55 716 306 249]
[-98 404 280 -349 -322 459 -137 -118 103 -245 -211 502 -165 -139 -543 152 715 345 132 263 125 -132 258 -546 -251 -411 -168 -240 36 -310 300 599 484]
[-120 164 271 -37 -398 -249 -179 -121 538 -187 29 145 196 -102 37 -199 348 287 -522 -513 -648 66 -196 -226 -581 197 -22 -12 -270 -305 -674 297 125]
[182 -43 518 120 -579 235 -242 35 -334 342 292 -200 -53 63 241 -224 -272 161 -562 0 973 -69 449 621 -2 -14 52 -28 305 -380 102 210 140]
[462 158 336 142 123 -569 328 351 177 56 506 274 258 249 -163 364 275 -13 300 186 13 81 125 -199 -296 261 -451 765 544 -163 -122 316 -615]
[272 418 -773 215 48 -24 224 -94 240 132 -585 -302 168 443 -142 -381 -10 303 326 -289 64 -313 -486 -82 -428 -543 -234 -204 -53 359 -332 103 199]]
[phase 1 initial]
[[259 -233 -106 -129 -165 -466 503 -172 468 168 284 -100 -198 -299 -104 315 188 19 80 371 -81 122 -357 195 -89 167 155 44 194 470 -106 -121 -508]
[-663 -1 210 -148 -191 128 42 -66 267 -518 378 304 386 216 -251 168 -166 272 351 -340 84 -198 316 -95 515 9 257 197 233 -362 26 224 85]
[88 -3 -36 -325 -287 -4 27 280 356 -36 634 129 55 -510 196 438 286 81 120 -296 -67 98 657 -273 -207 546 67 105 -32 -470 130 -103 88]
[299 -166 365 532 228 12 67 588 -240 318 -405 -699 -147 -21 690 -13 -130 -221 -136 -162 605 188 456 -41 12 157 -287 -88 27 -527 872 214 283]
[-461 -251 419 -9 17 -431 -196 108 -334 12 253 135 565 -65 101 411 -222 -282 302 237 109 347 453 384 196 480 92 648 583 184 817 109 -1]
[-336 -359 -263 241 -60 -73 -249 169 303 360 216 -385 -1270 -36 392 77 -7 112 -225 89 441 -183 -611 83 26 -85 -462 -395 -44 -320 -263 -334 30]
[-468 -11 -54 86 -6 -8 -4 453 539 -741 457 108 -551 526 266 194 142 417 430 -413 274 5 -678 -495 399 -763 -243 -231 131 139 270 267 85]
[192 -602 -451 318 -306 -227 64 -608 548 358 93 -407 -463 -719 -192 70 -582 126 -206 -83 275 -212 154 149 127 -337 33 -544 -208 -70 -303 164 29]
[233 -441 4 -44 96 63 -263 -480 216 153 -161 213 78 -456 -248 497 653 318 21 -88 -644 453 -207 -248 -224 -431 -255 -100 -262 874 359 -80 171]
[-365 476 -3 25 69 95 85 -247 -84 -401 298 589 58 -270 -47 -53 -532 -400 -54 -280 -37 193 -147 -170 -483 18 -120 -138 91 -60 559 482 227]
[779 -37 -293 392 -4 79 78 29 212 436 -385 -200 496 -150 -462 -269 124 -54 298 864 206 -353 80 313 -95 -172 -38 -53 -103 746 -56 -50 -281]
[-46 -725 92 -84 45 461 196 -308 252 -340 259 -567 -255 -384 472 16 -400 301 267 -710 539 -42 387 -334 440 31 76 200 -372 -651 -68 71 388]
[345 328 -695 189 -303 499 175 111 363 -234 -870 246 426 124 -297 -619 -186 -449 -61 -78 -201 -367 337 178 10 -322 30 -847 -33 -162 -367 231 39]
[-255 -555 -125 -24 -545 -188 -627 -538 -393 220 -182 341 137 -196 -678 143 -35 -242 -363 70 -140 -113 145 491 730 -296 -204 208 813 248 -415 -262 194]
[-429 95 33 -338 511 317 -38 4 -408 -874 -717 331 392 456 -10 201 488 212 800 63 -345 313 261 -128 -190 -226 147 291 207 377 -241 -378 48]
[-53 257 160 60 327 96 623 -214 511 38 98 -95 387 139 -445 -57 145 11 -667 387 -461 -14 -514 215 626 49 62 264 101 -326 -253 -55 -346]
[-56 -30 -322 -97 -89 -363 265 314 -308 -143 -89 -296 -852 -41 450 -308 -95 146 664 -469 600 -126 78 260 185 -428 92 -269 -246 -366 -182 -180 -137]
[650 -378 -322 -375 177 -491 -229 -93 -228 -353 -205 -323 169 -262 87 310 -252 -607 498 602 -117 -84 122 -164 -191 -262 554 -50 -71 890 -213 136 -179]
[94 -13 -164 49 401 -30 554 -178 -660 217 256 -380 -190 130 -53 259 506 323 -412 216 138 8 277 290 289 -16 -144 507 -159 -153 -333 -285 99]
[-414 343 -419 227 448 -293 -415 -463 288 131 -50 246 -360 69 -144 129 272 219 190 717 -467 -14 -60 820 -336 -153 -318 57 59 704 -219 -54 187]
[-255 258 380 -203 397 393 -44 338 -154 -278 181 223 359 24 155 14 282 815 96 -18 -458 186 636 48 69 -20 13 350 165 -323 -657 184 84]
[-298 -35 -306 354 -78 -342 -418 -86 -567 464 212 -360 -511 -343 178 60 473 10 -681 298 -137 328 -153 440 476 -489 -3 62 -126 273 -343 112 -10]
[-325 158 -225 52 313 748 -685 -333 -395 78 -8 -116 -234 654 -545 -122 21 -36 261 308 -321 -499 -335 25 103 -223 -588 831 -160 96 -212 -391 445]
[-433 -55 175 341 -331 -32 -633 287 -318 253 -416 324 -67 235 -53 210 -143 -542 466 99 30 87 365 121 -350 26 515 -190 -159 -389 83 -425 176]
[-539 -260 251 10 -136 3 -221 -294 -239 112 393 517 512 -296 -332 337 -40 -303 979 95 -436 -122 65 315 -213 -371 -305 -255 -200 422 86 68 -127]
[-279 135 -81 -247 -223 6 -509 557 -148 27 283 635 -638 59 1152 -318 299 428 -225 -324 -75 44 -346 -151 68 -283 306 62 -588 -471 -78 34 -16]
[-268 -105 153 298 -133 -33 454 -320 187 -388 -301 -507 271 560 105 31 434 57 410 -207 219 418 -141 342 -478 450 92 -21 559 78 621 238 64]
[164 154 796 -311 569 -67 -25 498 -410 356 98 -195 103 -183 148 -370 -333 13 -148 -304 -319 -115 416 -217 301 258 81 624 453 55 716 306 249]
[-98 404 280 -349 -322 459 -137 -118 103 -245 -211 502 -165 -139 -543 152 715 345 132 263 125 -132 258 -546 -251 -411 -168 -240 36 -310 300 599 484]
[-120 164 271 -37 -398 -249 -179 -121 538 -187 29 145 196 -102 37 -199 348 287 -522 -513 -648 66 -196 -226 -581 197 -22 -12 -270 -305 -674 297 125]
[182 -43 518 120 -579 235 -242 35 -334 342 292 -200 -53 63 241 -224 -272 161 -562 0 973 -69 449 621 -2 -14 52 -28 305 -380 102 210 140]
[462 158 336 142 123 -569 328 351 177 56 506 274 258 249 -163 364 275 -13 300 186 13 81 125 -199 -296 261 -451 765 544 -163 -122 316 -615]
[272 418 -773 215 48 -24 224 -94 240 132 -585 -302 168 443 -142 -381 -10 303 326 -289 64 -313 -486 -82 -428 -543 -234 -204 -53 359 -332 103 199]]
