[phase 0 initial]
[[-554 173 400 494 191 192 444 398 -95 184 236 170 -86 744 269 -274 328 50 -462 -290 152 -102 253 102 -629 -200 59 206 -55 -130 585 307 304 14 8 -280 -248 -134 -210 -38]
[-271 6 256 395 369 103 52 233 -137 -144 968 294 84 -132 -148 -322 368 -174 -210 -246 714 -681 -103 483 -246 -539 -59 173 123 405 131 222 231 65 -147 -377 -98 204 -31 2]
[227 -132 -224 -147 -248 82 -451 -310 590 286 500 -172 169 -1003 -352 394 -127 -257 51 335 199 108 -275 -147 -479 -169 -63 -400 96 -451 94 -238 -357 -72 -19 516 -562 -86 256 45]
[-515 112 -65 52 -315 108 214 -51 94 137 -716 323 830 192 415 130 165 465 -247 -196 506 -73 57 548 220 522 304 246 369 426 -29 328 -320 268 -336 -121 541 -346 -210 1]
[432 45 -548 157 233 -12 96 -268 -38 492 145 -291 628 -62 270 189 481 -283 180 -64 1001 -90 -134 377 -14 371 -281 -11 361 695 -649 -71 -182 183 50 165 488 -303 315 70]
[-454 66 -33 -9 -21 -122 -443 454 108 -510 -477 -128 -154 -54 -138 -63 188 382 -354 527 -34 -294 -254 -256 -21 415 186 53 171 451 540 173 177 669 70 -242 468 -451 -111 -69]
[80 -159 -286 -335 -368 2 253 24 94 -465 -824 -79 -104 -440 -221 -316 472 807 80 454 151 2 -541 311 709 188 658 311 140 -12 500 -106 -186 132 168 19 563 73 -76 0]
[-35 -133 -767 100 17 57 -453 -297 9 -92 739 -126 706 99 252 125 822 244 -358 109 1268 600 -63 105 -136 79 488 158 105 -130 89 278 -174 -19 332 54 212 -65 236 71]
[365 493 1 41 14 61 203 834 -488 257 115 -412 -492 670 338 -2 206 -37 669 -145 -524 -563 -6 -692 74 438 -380 -43 72 212 -101 -684 601 263 -306 89 553 16 -339 -59]
[-73 322 251 175 -152 229 444 568 143 -565 -17 -6 -172 -41 -393 -284 510 94 -474 88 431 35 -88 755 -269 355 49 359 -507 312 44 427 -120 569 708 -398 157 -612 220 -34]
[358 85 242 -266 -227 309 773 104 440 45 -579 -12 178 230 426 -473 29 224 96 544 -51 554 534 512 -242 433 531 572 -651 224 194 -101 260 -60 158 -420 143 -207 175 -38]
[-302 166 -34 -211 -632 272 160 -11 132 82 431 -691 253 -342 -297 177 632 356 143 -404 676 -226 -650 735 -473 156 -54 -294 752 -354 88 -198 65 -77 -79 951 214 -189 -12 7]
[119 -142 -271 -481 489 -4 241 -73 -116 -434 129 -223 -154 102 -651 -576 442 -43 -507 349 442 119 -56 599 438 -69 52 175 -339 317 -499 85 373 406 198 473 -25 -327 316 -39]
[354 -61 -585 -8 253 -135 425 -450 -202 635 -479 -189 631 98 -49 -510 521 233 463 -274 -46 588 24 -378 874 186 204 155 287 -221 -92 -166 -155 232 117 95 522 -263 -501 55]
[125 93 -709 31 -36 651 497 -262 -339 318 170 611 534 -169 13 153 629 272 167 -143 288 -274 -18 22 -207 156 154 203 204 -294 375 -538 -416 -202 -72 -280 7 -356 -420 107]
[-57 396 83 -290 222 -89 -413 -448 631 -294 329 -141 750 -657 -219 211 -169 -37 161 -215 93 -343 511 294 -343 517 -478 -69 26 404 -416 -635 -116 253 351 -496 537 -314 -42 -24]
[-206 136 -131 -15 323 341 484 -20 -749 -43 -255 283 124 -7 -501 -107 -123 -355 40 -740 0 -217 -199 56 323 256 -278 -404 2 666 -605 184 684 -571 -94 -7 90 -218 -23 48]
[-485 115 320 -332 86 487 111 185 -505 -178 1001 487 -290 -61 -175 -512 399 290 -49 118 -18 -305 -41 -91 -364 -459 -188 398 -153 -1084 162 -416 120 176 295 534 -188 -73 -449 46]
[-486 62 219 428 675 -283 22 -174 141 -172 552 -163 -50 171 -38 320 -502 -110 -920 166 528 -269 364 -108 -283 186 207 -569 58 400 433 38 229 178 -263 -242 -191 87 350 -85]
[121 208 -401 359 419 -29 66 -192 95 187 -344 323 -14 154 153 -93 357 35 -419 -181 -223 40 -145 284 -228 -220 -135 -284 -407 -432 -297 -240 -458 -319 701 -482 -427 -270 -362 102]
[-502 119 575 8 -197 -419 -12 -72 28 -73 -97 -159 281 873 -479 -504 -125 -110 96 -778 -245 59 75 -4 228 30 -228 57 -135 -13 -367 519 3 -333 -236 -13 -198 -185 109 -223]
[-337 -210 -525 -114 18 -121 -190 -171 786 410 136 -58 141 278 -83 192 1054 287 -828 425 680 439 359 628 -571 -455 402 109 180 297 520 -68 293 -164 26 570 96 49 463 -94]
[425 0 -80 -122 323 -511 -641 -198 182 -423 361 32 -132 -808 -82 424 13 -263 117 4 -260 -193 -482 -700 -17 -346 20 -391 169 -680 614 -458 205 232 66 -406 -125 365 -653 189]
[316 85 -175 250 -181 864 -256 -347 -454 511 490 403 451 169 427 779 -215 -84 135 -460 146 664 190 -122 60 230 -370 -70 625 -26 -407 30 -564 -141 18 40 556 -216 140 62]
[48 -281 -13 -212 833 332 -41 -1104 -153 102 375 645 641 264 -160 409 -456 -62 -613 -98 288 376 402 -154 -195 -275 121 34 -41 89 5 355 697 -190 -33 199 -145 38 270 113]
[-476 -511 -501 19 -430 -187 284 -420 -219 -333 -702 -198 12 -5 -347 -50 -276 246 104 291 -377 171 -626 320 576 296 360 -405 477 -133 -284 -230 -190 -533 -185 151 -356 25 98 94]
[-502 244 -57 -502 -592 280 246 350 -921 -347 -718 -124 -152 219 105 -18 357 390 175 -70 -101 102 189 296 276 97 -319 488 400 -35 254 359 338 15 -201 71 -2 -140 -203 -35]
[470 -273 305 -375 206 271 395 -723 -64 193 44 -26 -262 -856 304 171 -115 -727 318 336 -101 35 -225 655 -758 -79 351 -469 7 109 -396 -393 -23 -794 -33 371 -341 -54 415 419]
[-28 257 389 15 143 300 585 96 -187 1 509 119 314 172 45 307 -47 -224 187 346 388 -502 -111 297 -749 857 -305 497 -57 529 -656 65 166 432 -747 310 28 -377 526 277]
[364 150 -777 -268 -321 32 -153 -180 163 -218 30 -337 -250 -343 -261 492 146 194 321 -349 525 -335 -312 -946 -413 -330 -383 -137 -270 -447 -276 -327 -186 -723 524 640 -86 379 220 -155]
[755 -113 -505 255 381 -644 -513 -139 -78 55 752 -119 345 422 -160 157 495 -32 -248 -340 87 -76 -52 -281 1056 341 -53 -41 256 -235 -618 -346 58 663 58 -145 371 -182 -15 -79]
[284 665 241 -294 -166 -194 -484 173 -201 -169 42 -492 595 797 251 -150 155 652 320 125 -374 438 310 93 310 465 298 -213 164 218 -122 -77 220 647 44 257 893 -112 107 -331]
[405 -49 648 277 -6 -1 -38 569 -99 -433 -345 -189 -670 3 354 222 -203 -495 216 -8 -279 273 -131 -14 -86 -79 -676 84 -386 1061 -487 308 821 262 486 -297 72 -149 559 -237]
[-111 10 -57 191 -128 386 230 -432 159 356 571 -52 -142 210 546 204 200 466 -247 121 703 0 7 -17 -753 217 -61 -248 117 -189 114 -490 -85 109 279 621 -7 65 -419 -58]
[62 -606 160 -113 66 -520 -500 -409 -764 -394 61 253 -29 -101 31 26 22 186 394 -275 -372 308 281 -285 745 -469 153 375 30 -295 -212 42 218 498 -98 180 499 642 176 297]
[-392 143 242 -17 -401 -46 -60 143 415 -22 26 377 268 -88 -294 29 -784 -574 -291 10 -303 354 -449 -35 387 -96 -43 -417 -250 -415 -213 303 -635 4 -300 232 -776 -1042 -270 301]
[155 197 -951 -305 70 -373 -586 -591 3 329 -319 -476 96 323 289 -16 694 294 204 -75 289 -253 -126 233 300 497 142 237 337 -397 -305 -408 -434 -15 -169 320 226 -108 143 -246]
[412 -106 163 153 -590 94 67 -235 -319 -150 -26 59 737 42 -405 -198 -225 412 500 -151 132 238 -352 279 656 -265 758 557 372 251 102 -127 -778 273 -176 11 773 -17 -13 -191]
[-230 -84 310 176 297 -409 -350 803 -227 -644 687 183 182 498 7 -477 427 -257 48 1 -169 124 755 -70 -150 -353 36 458 -479 -325 -374 -161 419 8 544 -336 -245 -487 -561 -20]
[-47 -273 -486 -260 -184 26 -348 124 -140 125 140 -719 137 -461 -269 -4 -31 226 609 -400 -498 -117 -300 100 -386 550 -37 181 758 366 -118 -151 -79 599 -379 323 95 -714 -49 470]]
