[phase 0]
score=3.909338432803894
squared_norm=2309433
coefficients=[0 2 0 0 0 0 1 -1 -1 0 -1 0 -1 -1 -1 0 0 0 0 -1 -1 0 0 0 -1 -1 0 0 0 0 0 0 0 0 0]
vector=[1 -69 -158 347 43 -176 -241 -154 59 -6 294 -209 -6 101 63 40 -42 -208 -24 -141 -727 -624 301 559 254 -251 190 330 -208 -210 -25 211 -56 -149 -280]

[phase 1]
score=0
squared_norm=2309433
coefficients=[1 0 0 0 0 0 0 0 0 0 0 0 0 0 0 0 0 0 0 0 0 0 0 0 0 0 0 0 0 0 0 0 0 0 0]
vector=[1 -69 -158 347 43 -176 -241 -154 59 -6 294 -209 -6 101 63 40 -42 -208 -24 -141 -727 -624 301 559 254 -251 190 330 -208 -210 -25 211 -56 -149 -280]

