[phase 0 initial]
[[-39 271 328 69 190 -381 -156 477 -482 -45 -104 -100 276 -100 -264 -837 -139 -157 -359 -235 313 360 145 173 131 167 618 -193 -95 7]
[-121 -145 -152 -453 404 188 509 -625 583 239 -79 22 285 271 -275 -9 -364 519 -150 243 -466 280 146 -14 -30 321 -335 -164 -246 -1]
[48 -41 -174 -197 559 5 -401 -358 -613 425 76 49 566 136 89 -381 4 221 142 -263 472 259 0 152 38 587 -357 358 -112 -2]
[276 454 56 -179 -139 501 -142 87 -367 -232 -136 -24 244 -81 463 283 402 -825 -61 -541 419 143 76 314 -135 -138 -586 -167 -201 -19]
[-135 -229 218 167 -50 -272 -82 -480 976 -406 145 -276 -925 92 -27 13 -339 411 599 -267 -155 -81 86 45 51 -165 449 298 -36 1]
[-106 -115 150 56 147 -145 407 121 9 301 -332 -21 216 -114 -365 -483 -104 -154 110 699 -62 12 -596 -483 -586 -644 823 -283 107 2]
[168 69 -164 226 50 -854 124 -706 312 -11 -100 -29 -321 -5 -293 -152 -626 -125 -71 739 -114 167 -173 -465 -370 -334 372 47 40 220]
[-486 150 -297 299 -134 -764 -101 209 -637 259 105 195 77 -116 390 56 -354 -132 -238 451 110 307 93 -31 19 -718 983 -236 -136 -4]
[-364 -65 -59 -86 -144 44 -81 584 -213 -130 175 412 91 205 -367 -24 144 -148 26 89 22 899 462 222 -62 345 201 -726 -515 -15]
[123 974 -49 -703 228 -75 502 -377 -219 -204 -363 90 310 6 -76 -101 -164 -96 -576 338 -708 25 173 371 -417 2 386 -13 -33 16]
[-624 28 -695 140 304 -146 113 -687 93 -395 151 -100 -138 284 -164 -251 -426 -262 238 -273 257 943 123 22 411 -33 -487 -589 -303 -19]
[390 -238 867 198 -44 231 131 367 305 20 -135 -260 -348 -83 431 -597 -392 276 -32 -731 392 139 261 -372 -210 -111 242 -176 337 -15]
[272 492 -124 497 -317 327 302 246 -427 136 -278 -33 300 -274 767 189 399 97 -97 -413 170 -90 375 215 235 418 -438 343 517 36]
[770 83 227 479 -189 -445 -228 63 6 172 -559 -65 12 -179 -4 -324 133 -457 -155 -124 410 83 83 669 -78 -529 501 103 -121 -141]
[319 -448 -451 540 -92 -80 505 -69 673 -174 -350 -424 -427 -283 -504 505 316 -146 -170 -23 -353 -77 -218 79 -85 -100 -515 -226 -297 198]
[-242 -115 67 -270 -188 -369 242 -21 108 -328 77 44 -128 1 383 -288 -1078 -286 -22 74 308 584 62 -68 132 -422 24 128 367 173]
[700 486 -117 232 -86 -131 -485 -16 -446 -113 -313 172 97 310 221 -454 269 -242 -476 -72 400 -254 -66 -99 -566 684 248 -49 398 -48]
[136 -223 34 412 -235 393 33 -129 57 -321 252 230 -17 166 -375 156 38 271 156 -302 571 137 689 -729 493 647 -222 -343 223 3]
[36 87 -337 -139 -392 -2 -138 450 527 -261 -69 252 -631 -55 410 -336 -284 363 -336 -654 -112 415 395 299 -111 -177 116 -377 -410 -171]
[90 61 -23 -690 37 -558 129 -149 240 -381 -500 -324 80 95 828 -561 -760 77 -587 -441 -182 470 16 53 -339 -345 -114 -284 -566 109]
[-505 9 40 -128 624 231 -336 179 -154 -309 395 -228 -385 174 -178 -799 -772 704 44 -142 230 631 -253 -204 -230 355 435 312 -202 -172]
[-437 245 -289 603 -364 718 -390 -414 -479 -235 388 260 -119 395 285 599 454 -658 436 13 38 -145 395 256 148 378 -249 195 -262 45]
[-330 262 282 153 -39 249 398 -290 -389 -383 337 -227 -20 -232 69 -38 181 543 350 179 300 7 -249 -9 -1 -183 382 991 1329 -40]
[-689 41 152 91 -269 197 136 134 300 476 72 491 223 -162 -355 288 -291 462 -163 372 -283 -25 -374 -259 -27 -953 500 104 -10 120]
[-195 145 -295 -125 31 86 450 -509 876 -58 -75 289 -445 330 201 -321 140 -284 154 42 -569 570 508 214 440 -251 189 -176 -85 -130]
[-271 535 116 -125 186 -16 -418 187 440 -470 -198 -145 -337 -167 26 -40 435 -853 459 -42 288 422 452 378 446 485 -168 -160 171 -50]
[140 -285 -239 16 -215 -430 -219 366 233 72 -271 -50 -209 -854 54 51 309 -10 454 -11 11 -13 -312 387 144 214 383 -215 -186 -158]
[543 391 -74 -28 437 667 -114 756 -210 -253 -130 29 199 -65 -7 -175 613 -294 -280 -77 231 -630 -243 207 -210 -564 705 -207 -150 131]
[-31 41 -193 316 -153 184 -264 439 183 101 344 -235 643 -70 -385 71 -261 -199 -153 452 -48 -892 52 -584 314 -87 506 -404 154 91]
[105 494 -318 -217 -437 -103 219 -74 -70 60 -179 -311 -76 478 -273 579 58 -432 -359 260 -291 -46 -157 -490 296 -336 57 -725 163 -14]]
[phase 0 refreshed]
[[-307 -131 -253 168 -143 -48 -5 90 12 401 219 -293 -372 -247 -10 -49 -305 -224 31 509 184 491 -190 -42 -291 421 57 94 -278 -703]
[-39 271 328 69 190 -381 -156 477 -482 -45 -104 -100 276 -100 -264 -837 -139 -157 -359 -235 313 360 145 173 131 167 618 -193 -95 7]
[-121 -145 -152 -453 404 188 509 -625 583 239 -79 22 285 271 -275 -9 -364 519 -150 243 -466 280 146 -14 -30 321 -335 -164 -246 -1]
[48 -41 -174 -197 559 5 -401 -358 -613 425 76 49 566 136 89 -381 4 221 142 -263 472 259 0 152 38 587 -357 358 -112 -2]
[276 454 56 -179 -139 501 -142 87 -367 -232 -136 -24 244 -81 463 283 402 -825 -61 -541 419 143 76 314 -135 -138 -586 -167 -201 -19]
[-135 -229 218 167 -50 -272 -82 -480 976 -406 145 -276 -925 92 -27 13 -339 411 599 -267 -155 -81 86 45 51 -165 449 298 -36 1]
[-106 -115 150 56 147 -145 407 121 9 301 -332 -21 216 -114 -365 -483 -104 -154 110 699 -62 12 -596 -483 -586 -644 823 -283 107 2]
[168 69 -164 226 50 -854 124 -706 312 -11 -100 -29 -321 -5 -293 -152 -626 -125 -71 739 -114 167 -173 -465 -370 -334 372 47 40 220]
[-364 -65 -59 -86 -144 44 -81 584 -213 -130 175 412 91 205 -367 -24 144 -148 26 89 22 899 462 222 -62 345 201 -726 -515 -15]
[-486 150 -297 299 -134 -764 -101 209 -637 259 105 195 77 -116 390 56 -354 -132 -238 451 110 307 93 -31 19 -718 983 -236 -136 -4]
[283 848 -225 -319 -366 118 149 -229 -320 -398 -180 168 -251 -165 463 745 339 -458 -67 330 -555 -615 -118 212 -518 -486 103 344 308 10]
[-515 336 30 266 29 278 315 270 125 -724 -104 -632 -198 -152 143 -531 -87 -367 -218 -1073 190 -22 -21 286 936 -464 -85 -461 189 -215]
[390 -238 867 198 -44 231 131 367 305 20 -135 -260 -348 -83 431 -597 -392 276 -32 -731 392 139 261 -372 -210 -111 242 -176 337 -15]
[272 492 -124 497 -317 327 302 246 -427 136 -278 -33 300 -274 767 189 399 97 -97 -413 170 -90 375 215 235 418 -438 343 517 36]
[770 83 227 479 -189 -445 -228 63 6 172 -559 -65 12 -179 -4 -324 133 -457 -155 -124 410 83 83 669 -78 -529 501 103 -121 -141]
[319 -448 -451 540 -92 -80 505 -69 673 -174 -350 -424 -427 -283 -504 505 316 -146 -170 -23 -353 -77 -218 79 -85 -100 -515 -226 -297 198]
[380 896 137 162 -411 130 26 119 -745 -764 -32 298 8 -99 -176 64 238 -344 -270 -207 329 -118 716 -344 106 328 499 -192 436 20]
[-242 -115 67 -270 -188 -369 242 -21 108 -328 77 44 -128 1 383 -288 -1078 -286 -22 74 308 584 62 -68 132 -422 24 128 367 173]
[700 486 -117 232 -86 -131 -485 -16 -446 -113 -313 172 97 310 221 -454 269 -242 -476 -72 400 -254 -66 -99 -566 684 248 -49 398 -48]
[-280 175 524 -222 -139 -386 -54 410 -2 -37 -7 41 2 -81 257 -641 -34 1013 388 -158 -522 463 587 -156 129 457 202 94 -409 51]
[269 404 -574 145 -114 391 224 -645 815 116 116 545 -503 35 -523 347 -112 -145 -31 228 -91 535 428 81 -307 17 -319 -377 -251 -80]
[155 -169 222 172 -558 -185 194 -243 169 -259 -370 298 -117 179 37 306 -473 290 -244 67 -405 315 32 -70 -27 -620 -536 65 348 253]
[114 427 35 594 -235 -3 -44 713 -101 -68 -31 -171 9 -358 -60 5 -122 74 -466 580 139 125 -241 -154 -221 344 282 598 -76 91]
[90 137 -200 -205 -117 126 -360 -173 -82 196 495 129 356 238 685 158 685 326 -67 295 560 509 601 257 -117 470 115 -167 -328 -516]
[199 -621 152 -214 292 608 -108 -656 306 496 -139 -131 143 -294 122 -134 -197 -233 180 105 -62 -467 -433 -225 -172 204 -171 -275 -323 -151]
[-437 245 -289 603 -364 718 -390 -414 -479 -235 388 260 -119 395 285 599 454 -658 436 13 38 -145 395 256 148 378 -249 195 -262 45]
[-260 -246 -470 -434 107 223 37 -619 -649 483 260 276 -88 5 177 361 -54 497 -394 295 -505 4 71 -553 102 367 -186 867 146 -451]
[146 -312 251 546 -38 316 -333 -415 695 -11 -804 -46 -251 -103 -122 -202 -106 150 -316 -277 37 -533 284 -206 284 -415 309 287 67 73]
[563 -165 164 -191 232 -248 -96 349 -299 -57 -227 218 301 128 -378 -109 387 525 680 -211 -553 459 570 246 -65 95 554 157 750 308]
[472 493 -98 -376 -516 -40 -603 -284 -250 96 106 -357 136 -211 -131 -49 -22 -268 -905 -172 421 100 -66 218 541 477 107 5 54 -146]]
[phase 1 initial]
[[-307 -131 -253 168 -143 -48 -5 90 12 401 219 -293 -372 -247 -10 -49 -305 -224 31 509 184 491 -190 -42 -291 421 57 94 -278 -703]
[-39 271 328 69 190 -381 -156 477 -482 -45 -104 -100 276 -100 -264 -837 -139 -157 -359 -235 313 360 145 173 131 167 618 -193 -95 7]
[-121 -145 -152 -453 404 188 509 -625 583 239 -79 22 285 271 -275 -9 -364 519 -150 243 -466 280 146 -14 -30 321 -335 -164 -246 -1]
[48 -41 -174 -197 559 5 -401 -358 -613 425 76 49 566 136 89 -381 4 221 142 -263 472 259 0 152 38 587 -357 358 -112 -2]
[276 454 56 -179 -139 501 -142 87 -367 -232 -136 -24 244 -81 463 283 402 -825 -61 -541 419 143 76 314 -135 -138 -586 -167 -201 -19]
[-135 -229 218 167 -50 -272 -82 -480 976 -406 145 -276 -925 92 -27 13 -339 411 599 -267 -155 -81 86 45 51 -165 449 298 -36 1]
[-106 -115 150 56 147 -145 407 121 9 301 -332 -21 216 -114 -365 -483 -104 -154 110 699 -62 12 -596 -483 -586 -644 823 -283 107 2]
[168 69 -164 226 50 -854 124 -706 312 -11 -100 -29 -321 -5 -293 -152 -626 -125 -71 739 -114 167 -173 -465 -370 -334 372 47 40 220]
[-364 -65 -59 -86 -144 44 -81 584 -213 -130 175 412 91 205 -367 -24 144 -148 26 89 22 899 462 222 -62 345 201 -726 -515 -15]
[-486 150 -297 299 -134 -764 -101 209 -637 259 105 195 77 -116 390 56 -354 -132 -238 451 110 307 93 -31 19 -718 983 -236 -136 -4]
[283 848 -225 -319 -366 118 149 -229 -320 -398 -180 168 -251 -165 463 745 339 -458 -67 330 -555 -615 -118 212 -518 -486 103 344 308 10]
[-515 336 30 266 29 278 315 270 125 -724 -104 -632 -198 -152 143 -531 -87 -367 -218 -1073 190 -22 -21 286 936 -464 -85 -461 189 -215]
[390 -238 867 198 -44 231 131 367 305 20 -135 -260 -348 -83 431 -597 -392 276 -32 -731 392 139 261 -372 -210 -111 242 -176 337 -15]
[272 492 -124 497 -317 327 302 246 -427 136 -278 -33 300 -274 767 189 399 97 -97 -413 170 -90 375 215 235 418 -438 343 517 36]
[770 83 227 479 -189 -445 -228 63 6 172 -559 -65 12 -179 -4 -324 133 -457 -155 -124 410 83 83 669 -78 -529 501 103 -121 -141]
[319 -448 -451 540 -92 -80 505 -69 673 -174 -350 -424 -427 -283 -504 505 316 -146 -170 -23 -353 -77 -218 79 -85 -100 -515 -226 -297 198]
[380 896 137 162 -411 130 26 119 -745 -764 -32 298 8 -99 -176 64 238 -344 -270 -207 329 -118 716 -344 106 328 499 -192 436 20]
[-242 -115 67 -270 -188 -369 242 -21 108 -328 77 44 -128 1 383 -288 -1078 -286 -22 74 308 584 62 -68 132 -422 24 128 367 173]
[700 486 -117 232 -86 -131 -485 -16 -446 -113 -313 172 97 310 221 -454 269 -242 -476 -72 400 -254 -66 -99 -566 684 248 -49 398 -48]
[-280 175 524 -222 -139 -386 -54 410 -2 -37 -7 41 2 -81 257 -641 -34 1013 388 -158 -522 463 587 -156 129 457 202 94 -409 51]
[269 404 -574 145 -114 391 224 -645 815 116 116 545 -503 35 -523 347 -112 -145 -31 228 -91 535 428 81 -307 17 -319 -377 -251 -80]
[155 -169 222 172 -558 -185 194 -243 169 -259 -370 298 -117 179 37 306 -473 290 -244 67 -405 315 32 -70 -27 -620 -536 65 348 253]
[114 427 35 594 -235 -3 -44 713 -101 -68 -31 -171 9 -358 -60 5 -122 74 -466 580 139 125 -241 -154 -221 344 282 598 -76 91]
[90 137 -200 -205 -117 126 -360 -173 -82 196 495 129 356 238 685 158 685 326 -67 295 560 509 601 257 -117 470 115 -167 -328 -516]
[199 -621 152 -214 292 608 -108 -656 306 496 -139 -131 143 -294 122 -134 -197 -233 180 105 -62 -467 -433 -225 -172 204 -171 -275 -323 -151]
[-437 245 -289 603 -364 718 -390 -414 -479 -235 388 260 -119 395 285 599 454 -658 436 13 38 -145 395 256 148 378 -249 195 -262 45]
[-260 -246 -470 -434 107 223 37 -619 -649 483 260 276 -88 5 177 361 -54 497 -394 295 -505 4 71 -553 102 367 -186 867 146 -451]
[146 -312 251 546 -38 316 -333 -415 695 -11 -804 -46 -251 -103 -122 -202 -106 150 -316 -277 37 -533 284 -206 284 -415 309 287 67 73]
[563 -165 164 -191 232 -248 -96 349 -299 -57 -227 218 301 128 -378 -109 387 525 680 -211 -553 459 570 246 -65 95 554 157 750 308]
[472 493 -98 -376 -516 -40 -603 -284 -250 96 106 -357 136 -211 -131 -49 -22 -268 -905 -172 421 100 -66 218 541 477 107 5 54 -146]]
