[phase 0]
squared_norm=2852804
coefficients=[-1 0 0 1 0 0 0 -1 0 -1 2 1 -1 0 -1 1 0 0 1 0 0 1 0 0 -1 0 0 0 0 0 0 0 0 -1 0 0 0 0 0]
vector=[-40 4 175 287 -119 -71 120 -119 -121 -120 -241 79 -141 -81 473 -389 -370 -159 -369 -379 526 108 -276 -84 -589 -194 -192 414 -307 43 97 120 420 -213 42 629 175 -27 -137]

[phase 1]
squared_norm=2852804
coefficients=[1 0 0 0 0 0 0 0 0 0 0 0 0 0 0 0 0 0 0 0 0 0 0 0 0 0 0 0 0 0 0 0 0 0 0 0 0 0 0]
vector=[-40 4 175 287 -119 -71 120 -119 -121 -120 -241 79 -141 -81 473 -389 -370 -159 -369 -379 526 108 -276 -84 -589 -194 -192 414 -307 43 97 120 420 -213 42 629 175 -27 -137]

