[phase 0]
squared_norm=2789756
coefficients=[0 0 2 -1 1 0 0 0 0 -1 -1 1 -1 -1 -1 0 1 -1 0 0 0 1 -1 0 0 1 1 0 0 0 0 0 1 -1 0 0 0 0 0 0]
vector=[-164 258 201 121 151 165 -447 181 -487 381 -138 32 230 -66 178 116 289 17 -23 293 152 110 455 1 -141 59 -255 415 -69 -98 114 -337 -507 151 134 86 201 186 -812 -19]

[phase 1]
squared_norm=1790199
coefficients=[-1 0 0 1 -1 0 1 -1 -1 0 0 0 0 0 0 0 0 0 0 0 0 0 0 0 0 0 0 0 0 0 0 0 1 0 0 0 0 -1 0 0]
vector=[85 64 145 567 147 58 336 -200 -25 -143 409 114 372 -178 259 22 -116 83 -170 62 93 -120 -310 -517 -90 95 163 35 50 -290 -41 -130 -45 209 216 -325 79 -110 10 116]

[phase 2]
squared_norm=1790199
coefficients=[1 0 0 0 0 0 0 0 0 0 0 0 0 0 0 0 0 0 0 0 0 0 0 0 0 0 0 0 0 0 0 0 0 0 0 0 0 0 0 0]
vector=[85 64 145 567 147 58 336 -200 -25 -143 409 114 372 -178 259 22 -116 83 -170 62 93 -120 -310 -517 -90 95 163 35 50 -290 -41 -130 -45 209 216 -325 79 -110 10 116]

