[phase 0 initial]
[[458 -148 411 824 -173 -27 -109 -330 -208 -33 -53 -173 -173 281 -290 84 -153 -98 221 39 -309 222 -100 318 17 -101 -609 -128 130 -240 -159 -199 -287]
[325 -234 -36 428 334 -143 188 10 472 147 129 -90 -311 765 -281 398 140 244 35 -271 -663 94 -37 -293 -152 77 -281 384 203 -755 205 -81 -301]
[262 -484 -126 79 -247 224 -513 -113 12 187 -190 416 -148 -231 -28 -113 -318 -556 -522 202 26 6 -155 305 401 -530 -320 41 35 557 -492 -110 286]
[27 -726 -122 249 348 355 -133 -193 43 210 307 -139 120 411 -317 306 134 328 -367 -98 -436 -166 -328 -374 82 -65 -538 163 897 70 -207 207 -48]
[315 329 672 200 247 -234 209 -22 -357 -120 -444 -265 -326 310 64 592 268 -337 -142 48 -310 -164 421 -199 -266 341 8 -75 -555 -322 126 -260 48]
[-300 -133 358 65 277 -472 250 -343 -877 385 -237 67 789 -34 -192 99 -2 457 294 -468 -82 -229 2 -345 -237 135 -257 39 39 -124 -73 313 -76]
[260 100 -199 -184 -585 -348 135 -353 -271 -206 535 -42 836 -623 179 -198 -264 80 668 38 637 -278 57 340 365 17 176 3 -564 -356 100 159 28]
[174 -150 -190 302 218 827 -236 -62 278 253 -67 -46 -497 97 -378 312 338 -468 -291 -113 -1158 14 -193 187 -77 -217 79 -163 179 -230 -26 -645 -17]
[-391 -139 -72 -118 268 -61 279 243 -359 -92 -215 -272 142 -112 266 138 -301 -165 73 -291 870 -106 -143 -14 -260 396 378 425 -268 115 27 685 -242]
[-15 241 -400 -339 -461 365 -309 28 -123 269 616 105 614 -703 -162 488 241 676 -73 -172 -54 126 2 -521 133 -118 -129 110 1 -101 81 177 196]
[-81 -801 35 215 -151 -493 190 60 -329 -402 -306 126 580 315 17 -77 259 569 -71 -87 550 -647 -79 -538 98 -196 416 236 114 75 -249 279 28]
[-208 -215 11 -57 -344 -245 182 -176 -239 122 -204 475 -406 183 157 -228 -478 -596 384 -20 -931 288 170 312 -493 -184 -27 -791 -96 -55 78 -276 -56]
[-269 478 195 -514 888 430 304 -241 -567 216 104 -344 199 72 -182 -610 -3 -42 117 -29 -425 -53 -280 -195 323 286 409 97 58 491 -188 -171 -47]
[325 179 216 -93 -450 219 -402 -685 -161 475 532 -305 676 -858 -183 45 356 189 -23 -302 -128 -222 235 397 -457 399 -378 -86 167 -136 -319 343 -67]
[274 -254 -218 -125 224 241 137 24 108 69 72 419 289 118 590 256 279 32 -884 382 105 -908 188 -10 255 -441 390 -407 206 -141 496 -477 663]
[-53 -119 -168 663 -532 -420 -295 46 -258 -114 10 -201 -272 -290 18 31 -628 321 771 -67 -170 87 -492 -177 155 -213 -264 324 -508 -201 32 -324 -240]
[-60 -389 -713 -416 356 -267 -173 -397 88 383 95 197 287 -333 197 -24 -270 752 244 178 -174 57 -260 -397 293 -34 -93 -117 142 13 156 -24 569]
[-183 110 172 -547 343 540 59 -68 -681 365 412 3 421 -196 202 -154 112 -22 -197 -161 886 85 499 -395 24 260 -412 329 -261 342 -456 517 -21]
[-441 71 142 2 -26 -59 -5 -145 46 372 -379 437 193 -108 244 -466 -9 18 -576 -508 -116 -575 44 517 -11 -165 -29 -144 -654 -14 -313 -801 280]
[129 -240 -327 514 -599 434 -514 122 66 -218 182 -543 -68 52 -171 55 -228 -229 388 462 587 60 -44 145 199 -242 220 760 102 100 -108 -390 -255]
[-17 -495 -983 -247 114 253 -860 34 387 713 -124 227 133 -54 6 345 334 304 88 -360 -184 -495 -9 -322 31 -3 570 381 511 -300 -118 185 114]
[-113 59 665 282 107 -118 150 -457 -151 -444 59 371 792 -343 461 -468 -44 315 59 200 84 -625 -256 184 386 -590 23 -182 -683 -171 -186 -407 262]
[334 -334 -183 608 -322 -274 -382 -69 582 -318 -213 -19 -649 729 449 -204 -47 -206 -249 352 14 306 57 -238 -131 -105 136 43 -297 -265 -606 -123 -713]
[290 -615 261 211 113 151 85 132 -425 467 -4 502 85 90 -756 755 106 -836 328 -353 -150 -20 74 65 176 137 -310 538 -391 -219 -277 -341 -59]
[318 -299 24 65 318 -508 -284 260 426 309 461 353 121 -120 -654 -153 -54 -305 236 -427 387 347 68 87 -30 -88 -112 845 -733 -380 53 551 -416]
[-23 183 310 -742 106 461 -53 -164 -247 174 313 385 238 -208 395 -83 322 401 -731 412 74 -360 28 -237 180 -71 -268 357 -82 -55 -237 -118 -150]
[456 450 164 -175 -503 -294 -228 -191 64 445 -588 -60 210 -19 402 -6 -86 536 -63 192 526 -205 164 100 -706 292 -251 -14 -389 -249 45 -217 -290]
[434 -581 -502 250 -453 -712 410 -144 242 123 -101 319 -78 191 -24 350 25 148 204 -173 -172 19 39 484 57 -346 106 390 -156 -273 -18 -468 -554]
[522 -125 511 520 -253 606 183 -155 -390 -421 203 -382 -537 241 -354 546 399 -119 36 515 694 -233 -443 -419 315 211 -123 376 -124 -178 -471 -21 -51]
[-339 60 -72 77 -301 -90 -526 12 -553 283 151 -52 -451 -215 413 -391 270 449 508 -58 127 431 -17 464 -837 -196 -286 -317 127 -18 213 840 -176]
[-51 296 273 126 28 47 -341 -216 -18 692 -165 -170 214 -146 -751 55 72 -241 268 -870 -387 548 -436 -477 -233 -297 80 -178 550 -451 -190 498 -526]
[-36 -869 14 7 10 -469 279 88 401 315 -338 37 -20 118 -242 22 -423 322 514 362 -38 -69 -124 106 -385 -633 -34 -283 555 -111 65 -69 260]
[154 -257 -223 514 -125 -361 -337 12 647 751 -270 105 -135 58 106 138 363 244 445 -26 -790 95 249 1 66 157 -581 277 -327 -168 -338 95 -342]]
