[phase 0 initial]
[[376 42 -468 -230 -25 -509 -405 142 -235 11 209 142 128 -532 -553 -55 -241 86 212 240 251 436 -254 -230 211 -311 -128 191 3 261 -505 47]
[475 27 -838 -290 295 -200 -399 -317 -60 270 -219 -222 -38 -447 -322 -81 -426 -159 -231 93 -401 -92 33 -73 349 56 79 304 35 -433 150 -9]
[17 647 -496 217 295 165 122 -281 195 222 -521 -178 -488 -873 -154 268 153 239 21 129 -295 488 326 91 132 82 237 -127 32 -140 201 -23]
[70 -189 507 -30 334 38 331 625 -43 -60 40 -233 109 436 417 246 -518 -625 119 -342 -152 -466 160 -146 257 238 10 -33 -690 36 285 -47]
[128 178 58 347 -253 -516 -229 221 -784 -36 1018 -114 190 73 -283 -336 -161 -336 278 -390 -310 -155 -116 254 180 -115 -261 155 -149 -131 -70 0]
[47 15 128 179 -384 -806 525 -135 -351 -293 581 228 63 448 461 -253 -724 102 20 -309 -165 45 -344 -144 116 -137 202 153 -178 82 -87 51]
[119 221 60 4 37 -403 375 -975 276 -82 -126 -66 -156 107 176 79 255 734 177 585 404 498 220 -288 450 -326 -214 59 348 115 -386 52]
[56 79 172 -317 -205 74 -196 243 -363 187 -12 -74 -40 550 116 -348 503 -268 207 252 501 592 477 -47 48 -223 -846 -341 -267 -167 -153 8]
[-1 608 -120 -21 474 -60 518 -490 728 -713 -70 -211 73 8 90 541 -162 303 -145 272 359 -429 86 156 7 362 -122 135 261 -247 73 15]
[-135 259 -16 -146 396 -133 238 123 140 -234 -402 -297 -437 87 -456 205 -450 457 466 149 786 -223 -92 -168 -143 196 26 220 195 305 -271 48]
[-247 459 -992 -41 -196 -457 77 -210 265 -59 271 214 94 239 76 -312 -164 -170 -321 -195 -314 9 149 23 40 -439 -133 -20 118 347 -72 68]
[434 454 -136 171 866 26 307 -462 139 -410 488 113 232 -784 362 572 -360 85 34 132 335 273 164 -257 5 243 564 -136 -398 -134 -320 14]
[-176 45 341 403 499 426 -9 -184 -339 -73 407 -126 325 417 -111 60 194 319 928 -323 -203 -781 -348 435 -437 548 -214 -65 -149 -276 98 -58]
[-214 -65 333 209 -13 113 833 -193 295 -413 201 -232 -148 66 593 -264 257 138 -341 -437 333 523 48 183 -52 -153 -13 96 272 -455 -233 40]
[-167 49 66 284 512 484 313 285 51 -88 11 -432 -73 -188 187 -57 -427 -271 -74 -199 -549 62 188 335 426 441 548 538 142 114 0 -76]
[20 148 -32 -92 -53 237 -118 484 -257 8 -304 26 427 -571 139 225 218 -201 411 204 -529 544 -73 572 -103 -187 332 114 -87 -208 734 -213]
[69 209 350 39 -362 1 363 -205 -314 -199 -120 -8 201 401 223 -555 -903 -424 -520 -141 304 -68 -153 134 -88 471 -413 167 182 -665 -288 86]
[83 -569 283 3 -209 557 -88 -88 98 358 -373 -406 -349 106 -639 360 472 552 126 -359 -191 81 -21 419 267 677 504 375 619 -251 -50 -112]
[-374 -303 -63 186 -121 409 -251 132 44 42 -68 355 259 326 502 -35 395 -526 -72 574 -309 -194 -94 -238 -659 -361 208 -64 -7 -74 -113 -110]
[-64 256 -116 318 72 33 521 82 556 -340 54 0 -256 -135 512 352 -783 -420 28 -471 125 -126 340 585 264 462 156 67 246 319 34 44]
[-403 -318 -318 9 16 560 -1030 69 -234 -21 346 289 255 -690 -208 69 -295 -325 309 23 -462 -279 -50 -182 -135 -154 -26 11 267 855 -611 -135]
[61 -225 674 -288 145 317 101 485 186 507 576 -369 -58 178 -19 -17 212 174 -211 -508 397 -219 -296 -61 -250 398 305 -187 188 291 -217 200]
[-22 254 -130 260 -48 -108 -294 -111 -128 456 890 -502 626 -711 -171 -77 38 -436 -50 283 341 -94 -108 199 206 -299 141 344 -163 0 -127 53]
[-271 161 24 332 152 10 500 -84 220 -299 278 613 626 464 156 -333 -69 -417 -542 -291 -123 -385 -567 -237 -207 -29 149 -362 299 -431 295 193]
[-258 -82 73 237 -183 449 390 -681 4 216 132 457 206 225 -28 259 -57 821 -276 -488 250 322 -344 -147 -434 -159 1 235 -246 317 -736 8]
[200 -512 -4 -584 479 67 123 -592 162 352 -446 -211 143 269 337 -485 -27 -484 143 -446 -440 137 423 -561 152 223 -399 -165 -29 -68 88 138]
[121 652 201 -206 349 -179 115 -533 -393 461 613 -24 -32 -494 -225 277 390 -51 -115 -12 12 -234 68 491 -323 57 300 139 -296 -323 356 -82]
[-434 95 52 -33 -14 128 -171 136 -878 -92 -224 -39 150 -58 -354 244 322 416 285 -314 521 347 -241 418 -193 6 40 206 -254 -141 -672 -74]
[-4 339 171 -154 7 75 -126 676 -293 -610 67 223 57 -173 343 254 -37 -563 207 -273 -249 38 -207 212 -303 -150 -262 -24 -338 -91 613 455]
[91 -450 463 231 576 81 186 -851 -222 -60 -123 -443 -339 544 595 96 -365 373 100 423 -368 -263 -287 -511 -38 450 192 -64 -21 544 -64 36]
[-246 245 8 -265 -82 -89 -70 292 60 -330 462 -361 113 -504 277 366 249 -522 -342 221 -825 -1154 731 751 117 327 -383 67 382 -45 544 -22]
[582 -114 -151 -180 84 -241 244 265 -488 -449 12 -174 333 -48 -346 -357 -660 -114 121 -101 516 -173 -530 -379 239 366 40 309 623 142 -238 -187]]
[phase 0 refreshed accepted=1]
[[512 -131 137 555 -232 -271 124 -102 284 -361 -73 276 -84 -218 103 156 -116 109 -66 -415 158 332 145 -175 -138 251 -436 -285 -168 32 512 325]
[376 42 -468 -230 -25 -509 -405 142 -235 11 209 142 128 -532 -553 -55 -241 86 212 240 251 436 -254 -230 211 -311 -128 191 3 261 -505 47]
[475 27 -838 -290 295 -200 -399 -317 -60 270 -219 -222 -38 -447 -322 -81 -426 -159 -231 93 -401 -92 33 -73 349 56 79 304 35 -433 150 -9]
[-167 49 66 284 512 484 313 285 51 -88 11 -432 -73 -188 187 -57 -427 -271 -74 -199 -549 62 188 335 426 441 548 538 142 114 0 -76]
[254 409 -55 -97 117 -281 140 59 101 250 -492 21 -306 -249 76 571 62 -115 214 -14 102 -40 298 -390 -37 -121 -301 -698 -800 -218 486 6]
[17 647 -496 217 295 165 122 -281 195 222 -521 -178 -488 -873 -154 268 153 239 21 129 -295 488 326 91 132 82 237 -127 32 -140 201 -23]
[-214 -65 333 209 -13 113 833 -193 295 -413 201 -232 -148 66 593 -264 257 138 -341 -437 333 523 48 183 -52 -153 -13 96 272 -455 -233 40]
[64 662 -368 396 -89 -641 647 -416 -156 -71 60 50 -425 -425 307 15 -571 341 41 -180 -460 533 -18 -53 248 -55 439 26 -146 -58 114 28]
[56 79 172 -317 -205 74 -196 243 -363 187 -12 -74 -40 550 116 -348 503 -268 207 252 501 592 477 -47 48 -223 -846 -341 -267 -167 -153 8]
[145 825 -438 564 42 -351 -107 -60 -589 186 497 -292 -298 -800 -437 -68 -8 -97 299 -261 -605 333 210 345 312 -33 -24 28 -117 -271 131 -23]
[381 67 259 175 195 -633 -165 -522 112 16 352 -135 193 -194 -454 647 224 210 421 109 155 -822 -57 -324 297 -284 -369 -169 -188 -9 69 22]
[-87 670 -387 -133 -486 -427 141 -32 -219 -677 585 242 143 463 74 -385 -120 28 -214 -28 443 176 -161 399 -536 90 -562 -79 158 -483 -66 69]
[-134 -349 104 -125 -78 -73 -280 613 -588 479 -332 -86 -510 79 -546 -336 -288 154 611 -123 427 206 -178 -324 -150 -166 148 85 -66 552 -344 33]
[-247 459 -992 -41 -196 -457 77 -210 265 -59 271 214 94 239 76 -312 -164 -170 -321 -195 -314 9 149 23 40 -439 -133 -20 118 347 -72 68]
[274 -12 -255 -372 458 10 150 -614 -329 127 -261 -80 120 895 427 -286 -292 330 646 103 42 -81 -66 -83 -104 359 -518 -104 -410 -663 78 -8]
[434 454 -136 171 866 26 307 -462 139 -410 488 113 232 -784 362 572 -360 85 34 132 335 273 164 -257 5 243 564 -136 -398 -134 -320 14]
[-103 -66 -429 -485 34 210 -327 -196 -94 -129 -653 -224 203 38 -349 -110 -52 397 294 419 52 -229 -364 616 -497 56 318 607 798 -493 632 -151]
[69 209 350 39 -362 1 363 -205 -314 -199 -120 -8 201 401 223 -555 -903 -424 -520 -141 304 -68 -153 134 -88 471 -413 167 182 -665 -288 86]
[-381 134 -21 387 22 -240 -242 476 -600 -228 548 -56 12 486 -237 -166 -216 -405 672 333 167 -572 -302 -152 -622 -280 -27 311 39 100 -454 -62]
[449 -483 -107 -591 -529 308 -30 303 245 -98 -155 156 278 313 38 297 204 -80 -501 -248 -125 605 -68 356 162 613 59 79 44 -611 5 -91]
[56 -131 64 343 -365 -310 378 -403 104 291 -2 145 -485 -36 598 -110 -366 11 350 -158 170 801 474 141 707 -226 64 -9 333 681 -425 81]
[568 93 302 -248 -323 -498 -176 -614 -435 193 382 731 171 396 69 -139 -105 205 -105 357 381 407 116 78 -388 337 -205 113 -232 428 445 256]
[-337 -178 -225 -420 -253 570 -291 -145 -326 -95 -414 56 -201 -48 -278 289 -88 727 75 -25 -637 326 -314 -402 -343 449 470 78 111 -89 -292 -241]
[-163 138 326 68 -374 151 200 -608 -500 228 232 -538 226 619 -147 50 77 148 -290 -214 51 115 386 482 246 -521 -267 899 236 -354 149 -178]
[47 104 -403 -71 -194 -31 -218 -119 360 -9 -347 920 226 -290 -566 602 68 -484 -26 260 -190 305 -370 -469 -398 13 -379 -36 425 159 88 163]
[-94 380 -304 -32 -274 -200 -339 -433 7 -558 331 430 -479 -38 -213 -217 263 263 -323 -135 432 -40 -294 -214 -457 -201 -604 -105 439 81 -406 715]
[429 -505 529 104 444 18 110 -16 -191 224 -94 -298 182 324 503 592 124 123 1 -327 618 206 -73 -563 -184 262 -8 0 -548 -174 -441 337]
[-147 310 -394 -557 -81 -76 758 -291 35 -230 -450 -140 -179 795 375 -259 -879 -596 144 -341 24 7 159 7 -349 -74 -222 -698 -201 13 389 -310]
[-535 -31 -66 -443 352 394 713 378 -413 -241 317 273 5 377 359 35 -131 398 -278 -146 -122 -14 -45 102 -403 283 143 298 108 -45 33 101]
[640 117 -161 -195 409 182 379 -24 473 224 98 -372 169 -333 -234 320 -308 -152 195 -389 170 -1 13 -134 -295 -434 -616 194 -380 -624 618 -74]
[-150 76 -188 -87 205 408 -65 -332 656 492 -128 -388 436 -784 112 259 199 -100 -328 673 651 61 8 -55 26 -184 402 189 -14 131 -57 53]
[586 -38 -469 -279 42 61 181 -56 49 -285 33 160 537 104 456 96 -180 -337 -81 -29 430 22 15 -56 392 -284 -1240 103 -64 329 131 -225]]
[phase 1 initial]
[[512 -131 137 555 -232 -271 124 -102 284 -361 -73 276 -84 -218 103 156 -116 109 -66 -415 158 332 145 -175 -138 251 -436 -285 -168 32 512 325]
[376 42 -468 -230 -25 -509 -405 142 -235 11 209 142 128 -532 -553 -55 -241 86 212 240 251 436 -254 -230 211 -311 -128 191 3 261 -505 47]
[475 27 -838 -290 295 -200 -399 -317 -60 270 -219 -222 -38 -447 -322 -81 -426 -159 -231 93 -401 -92 33 -73 349 56 79 304 35 -433 150 -9]
[-167 49 66 284 512 484 313 285 51 -88 11 -432 -73 -188 187 -57 -427 -271 -74 -199 -549 62 188 335 426 441 548 538 142 114 0 -76]
[254 409 -55 -97 117 -281 140 59 101 250 -492 21 -306 -249 76 571 62 -115 214 -14 102 -40 298 -390 -37 -121 -301 -698 -800 -218 486 6]
[17 647 -496 217 295 165 122 -281 195 222 -521 -178 -488 -873 -154 268 153 239 21 129 -295 488 326 91 132 82 237 -127 32 -140 201 -23]
[-214 -65 333 209 -13 113 833 -193 295 -413 201 -232 -148 66 593 -264 257 138 -341 -437 333 523 48 183 -52 -153 -13 96 272 -455 -233 40]
[64 662 -368 396 -89 -641 647 -416 -156 -71 60 50 -425 -425 307 15 -571 341 41 -180 -460 533 -18 -53 248 -55 439 26 -146 -58 114 28]
[56 79 172 -317 -205 74 -196 243 -363 187 -12 -74 -40 550 116 -348 503 -268 207 252 501 592 477 -47 48 -223 -846 -341 -267 -167 -153 8]
[145 825 -438 564 42 -351 -107 -60 -589 186 497 -292 -298 -800 -437 -68 -8 -97 299 -261 -605 333 210 345 312 -33 -24 28 -117 -271 131 -23]
[381 67 259 175 195 -633 -165 -522 112 16 352 -135 193 -194 -454 647 224 210 421 109 155 -822 -57 -324 297 -284 -369 -169 -188 -9 69 22]
[-87 670 -387 -133 -486 -427 141 -32 -219 -677 585 242 143 463 74 -385 -120 28 -214 -28 443 176 -161 399 -536 90 -562 -79 158 -483 -66 69]
[-134 -349 104 -125 -78 -73 -280 613 -588 479 -332 -86 -510 79 -546 -336 -288 154 611 -123 427 206 -178 -324 -150 -166 148 85 -66 552 -344 33]
[-247 459 -992 -41 -196 -457 77 -210 265 -59 271 214 94 239 76 -312 -164 -170 -321 -195 -314 9 149 23 40 -439 -133 -20 118 347 -72 68]
[274 -12 -255 -372 458 10 150 -614 -329 127 -261 -80 120 895 427 -286 -292 330 646 103 42 -81 -66 -83 -104 359 -518 -104 -410 -663 78 -8]
[434 454 -136 171 866 26 307 -462 139 -410 488 113 232 -784 362 572 -360 85 34 132 335 273 164 -257 5 243 564 -136 -398 -134 -320 14]
[-103 -66 -429 -485 34 210 -327 -196 -94 -129 -653 -224 203 38 -349 -110 -52 397 294 419 52 -229 -364 616 -497 56 318 607 798 -493 632 -151]
[69 209 350 39 -362 1 363 -205 -314 -199 -120 -8 201 401 223 -555 -903 -424 -520 -141 304 -68 -153 134 -88 471 -413 167 182 -665 -288 86]
[-381 134 -21 387 22 -240 -242 476 -600 -228 548 -56 12 486 -237 -166 -216 -405 672 333 167 -572 -302 -152 -622 -280 -27 311 39 100 -454 -62]
[449 -483 -107 -591 -529 308 -30 303 245 -98 -155 156 278 313 38 297 204 -80 -501 -248 -125 605 -68 356 162 613 59 79 44 -611 5 -91]
[56 -131 64 343 -365 -310 378 -403 104 291 -2 145 -485 -36 598 -110 -366 11 350 -158 170 801 474 141 707 -226 64 -9 333 681 -425 81]
[568 93 302 -248 -323 -498 -176 -614 -435 193 382 731 171 396 69 -139 -105 205 -105 357 381 407 116 78 -388 337 -205 113 -232 428 445 256]
[-337 -178 -225 -420 -253 570 -291 -145 -326 -95 -414 56 -201 -48 -278 289 -88 727 75 -25 -637 326 -314 -402 -343 449 470 78 111 -89 -292 -241]
[-163 138 326 68 -374 151 200 -608 -500 228 232 -538 226 619 -147 50 77 148 -290 -214 51 115 386 482 246 -521 -267 899 236 -354 149 -178]
[47 104 -403 -71 -194 -31 -218 -119 360 -9 -347 920 226 -290 -566 602 68 -484 -26 260 -190 305 -370 -469 -398 13 -379 -36 425 159 88 163]
[-94 380 -304 -32 -274 -200 -339 -433 7 -558 331 430 -479 -38 -213 -217 263 263 -323 -135 432 -40 -294 -214 -457 -201 -604 -105 439 81 -406 715]
[429 -505 529 104 444 18 110 -16 -191 224 -94 -298 182 324 503 592 124 123 1 -327 618 206 -73 -563 -184 262 -8 0 -548 -174 -441 337]
[-147 310 -394 -557 -81 -76 758 -291 35 -230 -450 -140 -179 795 375 -259 -879 -596 144 -341 24 7 159 7 -349 -74 -222 -698 -201 13 389 -310]
[-535 -31 -66 -443 352 394 713 378 -413 -241 317 273 5 377 359 35 -131 398 -278 -146 -122 -14 -45 102 -403 283 143 298 108 -45 33 101]
[640 117 -161 -195 409 182 379 -24 473 224 98 -372 169 -333 -234 320 -308 -152 195 -389 170 -1 13 -134 -295 -434 -616 194 -380 -624 618 -74]
[-150 76 -188 -87 205 408 -65 -332 656 492 -128 -388 436 -784 112 259 199 -100 -328 673 651 61 8 -55 26 -184 402 189 -14 131 -57 53]
[586 -38 -469 -279 42 61 181 -56 49 -285 33 160 537 104 456 96 -180 -337 -81 -29 430 22 15 -56 392 -284 -1240 103 -64 329 131 -225]]
