[phase 0]
score=2.148000884993996
squared_norm=2764477
coefficients=[1 -2 -1 -2 0 1 0 1 1 -1 0 1 0 -1 -1 -1 0 0 0 0 -1 0 0 0 0 0 1 0 1 -1 0 0 0 0 0 0]
vector=[105 391 47 313 -82 715 51 141 -178 -400 -419 -126 281 183 314 -41 70 -182 141 -105 285 -184 48 -88 522 554 107 -19 65 -140 32 -353 376 209 57 491]

[phase 1]
score=0
squared_norm=2764477
coefficients=[1 0 0 0 0 0 0 0 0 0 0 0 0 0 0 0 0 0 0 0 0 0 0 0 0 0 0 0 0 0 0 0 0 0 0 0]
vector=[105 391 47 313 -82 715 51 141 -178 -400 -419 -126 281 183 314 -41 70 -182 141 -105 285 -184 48 -88 522 554 107 -19 65 -140 32 -353 376 209 57 491]

