[phase 0 initial]
[[-41 -337 -528 277 189 -222 -113 499 -487 100 -355 134 -136 201 -151 -714 422 -269 -308 170 94 270 -585 -85 -80 -146 384 -339 575 -1]
[-593 39 123 -338 353 382 -240 135 -200 -118 -103 89 -239 -481 386 -103 27 50 171 257 697 367 957 -222 425 -336 -157 -93 177 -1]
[-498 -43 -222 -410 -178 605 -881 -418 -992 -183 -46 86 -143 -235 11 -547 606 80 -11 564 -180 386 -32 140 593 -204 -27 162 -93 3]
[-238 97 -297 -474 -270 655 -373 -624 -340 -209 -116 -239 200 92 651 95 197 -656 552 91 194 -104 36 107 780 -119 -449 -598 24 1]
[358 61 -830 -199 -383 -315 339 749 134 306 -446 -245 209 -341 -22 160 422 -545 -482 -603 101 -396 -169 151 120 173 241 -422 337 2]
[271 -14 101 -318 -312 -77 646 279 -157 -44 -68 51 100 -473 -178 418 -712 147 -104 -1250 -506 -174 -50 168 -400 367 -300 -79 -599 0]
[-604 -10 -235 276 12 195 -352 -6 366 -21 464 652 -21 440 -186 -577 809 302 -609 547 -229 196 -125 142 -550 251 85 214 183 8]
[245 -293 -208 247 -8 -111 98 85 -608 376 90 -394 71 15 593 198 326 -710 -10 122 -405 -405 -307 -116 396 -243 610 198 688 24]
[-16 431 -95 -373 -203 -415 -415 -114 -885 -223 -56 -290 -144 367 497 76 159 -61 22 122 -402 -374 -32 -86 528 -46 194 434 352 12]
[-396 398 -350 119 246 -476 -619 -297 196 -180 -94 572 -182 355 247 -777 510 -198 -317 647 -182 520 -118 -95 -231 -307 126 141 -108 -114]
[-126 435 440 427 109 -520 350 -416 847 -186 379 101 -150 672 444 57 -391 569 -101 -94 -117 331 235 70 106 211 400 281 -81 -165]
[93 -20 -20 -72 366 -201 0 1061 -359 5 -64 -230 43 -501 295 -221 47 146 -65 -483 145 -282 896 -554 -611 -168 347 348 -157 -110]
[702 176 286 155 190 -605 70 -208 560 5 -374 -499 956 105 64 250 -354 -146 300 90 227 -274 -301 -361 -129 311 58 -386 -35 -321]
[-11 -633 363 -291 -115 130 48 -526 -396 185 247 -467 139 -56 -264 85 317 653 75 544 84 -249 150 -328 -164 -57 588 827 -475 6]
[524 555 205 12 -470 -70 -288 -128 -89 -299 287 -172 201 -470 537 165 73 94 -238 594 -387 194 567 -253 1062 -273 103 416 -365 -280]
[486 243 -149 -123 111 -493 681 15 551 -320 -370 -113 522 71 -87 296 -488 -341 366 73 -232 -423 465 -301 -125 -204 -304 -416 -423 -430]
[-342 424 625 80 457 254 -305 -16 -18 -164 -129 7 -268 -195 624 -153 -237 -430 430 -242 513 -19 161 -256 -611 -37 -391 -933 -10 -50]
[117 293 102 0 -341 -401 231 -33 -455 255 -223 -11 203 -204 -474 -163 343 -87 201 199 126 300 223 -27 747 79 596 -260 104 -200]
[8 321 6 -100 119 160 -203 4 -475 489 -412 -234 107 -434 -112 497 242 -996 -70 -27 -90 115 223 60 130 -335 805 -158 42 7]
[30 -38 -203 -818 -644 -179 -113 -861 183 -215 27 73 -19 433 310 -93 -110 114 497 106 -219 -65 -487 390 448 454 -252 -141 -340 581]
[-8 -575 -772 -473 -365 91 -345 79 281 -247 -6 -404 2 -515 85 -63 163 -438 -52 648 89 -409 876 -91 151 -216 11 38 -201 -74]
[-70 442 339 -215 0 358 -253 -253 -424 384 -356 134 -530 -233 -272 -150 137 -36 607 361 -76 -631 147 -60 302 -406 90 293 415 289]
[-119 86 294 32 -611 151 -24 -151 -51 -364 -97 -595 59 -518 247 271 116 155 581 413 287 154 405 -227 342 -303 -205 -175 -680 -88]
[329 -51 -405 174 256 -728 -844 -265 112 369 54 25 105 426 -99 -294 -200 -247 265 227 114 -216 -650 -404 -63 217 23 -319 62 183]
[28 -144 374 -36 -190 293 -321 -214 -319 -677 197 27 -615 294 201 146 102 63 406 201 -1 514 247 -137 185 127 -498 33 62 536]
[52 -15 104 -44 -171 -136 -20 1145 177 199 -183 -404 -607 -83 -318 -110 337 475 -503 147 331 38 -326 -160 735 -500 656 -111 344 331]
[389 -375 -106 -458 -95 -391 -578 -91 -373 395 -477 226 -271 -3 -371 -94 620 -237 -363 419 -119 -34 -194 78 230 -258 216 349 -687 452]
[-186 -215 -373 -527 45 195 239 93 95 608 150 -294 259 -522 359 789 370 -233 612 84 308 -130 800 129 105 -87 -293 -155 812 -84]
[-69 266 177 512 -57 699 557 10 -65 363 127 302 82 441 284 -142 -290 -667 -230 -344 -590 -61 -8 190 328 -192 -308 -179 -163 254]
[-187 -529 -262 554 27 -65 327 -96 26 -188 144 383 226 -225 247 -244 939 316 -756 159 -554 286 12 66 -443 -325 819 -130 -365 84]]
[phase 0 refreshed]
[[-88 133 22 -216 300 -15 67 -76 100 -233 -327 -35 -189 -212 -416 64 597 -434 256 93 -111 145 -160 -181 244 446 414 257 358 -320]
[-208 -408 115 157 -234 671 267 291 170 159 558 80 161 85 -433 200 299 500 -292 -100 -47 -324 -7 237 -319 558 -41 73 291 122]
[-16 431 -95 -373 -203 -415 -415 -114 -885 -223 -56 -290 -144 367 497 76 159 -61 22 122 -402 -374 -32 -86 528 -46 194 434 352 12]
[-261 724 113 -620 -195 -304 -513 -199 -277 -599 -146 104 -215 352 -96 -122 -167 649 32 0 3 31 275 30 132 197 -416 236 -336 -12]
[-41 -337 -528 277 189 -222 -113 499 -487 100 -355 134 -136 201 -151 -714 422 -269 -308 170 94 270 -585 -85 -80 -146 384 -339 575 -1]
[94 -11 -65 -462 -252 -50 -7 597 -960 -319 -407 -334 -169 198 -494 -59 -255 578 41 -477 279 -219 -192 40 283 358 -158 -244 347 101]
[-269 -343 40 175 -126 339 -25 -38 -828 -89 72 -251 -247 283 57 -427 127 578 -103 -7 -21 467 -264 220 850 168 631 -37 509 -49]
[-160 -1 -127 182 -123 572 -249 -418 241 -232 312 -81 333 142 518 -589 273 150 182 -301 -253 338 210 71 -85 102 234 -148 -836 -282]
[-240 622 180 -598 40 -520 -291 86 -316 -401 -137 3 652 -42 583 64 -71 292 -220 -234 -213 -259 449 -359 -126 547 -120 90 78 -302]
[-325 718 307 -56 -458 479 -68 -288 -42 -284 452 -186 -672 -62 -38 97 428 485 -103 257 -619 -340 689 432 311 -35 230 188 -397 -201]
[117 293 102 0 -341 -401 231 -33 -455 255 -223 -11 203 -204 -474 -163 343 -87 201 199 126 300 223 -27 747 79 596 -260 104 -200]
[-361 244 23 -511 16 774 -24 106 -404 -615 -75 -403 125 561 -197 607 -330 477 -268 -260 -513 -434 469 273 -79 305 79 -42 -21 -162]
[217 -100 -109 52 -15 -154 656 -23 -277 -409 -298 -364 275 354 -30 -131 -361 237 263 66 -253 44 201 -81 725 -36 327 -453 86 -479]
[-311 8 -96 -236 112 -117 -579 -271 0 462 792 289 152 -274 667 356 -172 -189 21 -267 -423 -502 410 -347 -112 402 -123 260 -64 215]
[-193 14 -518 206 39 -201 -296 -341 242 -330 -655 382 52 276 -217 -946 -640 27 -73 -346 -73 443 10 -165 -22 -142 78 -113 -169 -515]
[-196 -228 -516 232 443 96 -171 -29 331 235 -55 -62 842 -26 175 -269 106 32 121 -425 -412 320 198 327 213 262 483 360 152 -253]
[64 820 -104 62 -174 148 -533 -97 -600 -475 -186 -297 243 492 -141 169 113 -171 -84 -272 -281 -375 -159 -31 39 -40 -456 -128 -149 -591]
[53 106 127 698 213 346 70 432 508 340 324 554 -131 -824 -129 109 -163 -297 -362 -241 -555 438 92 416 -75 -79 -134 36 119 9]
[141 -488 -277 399 -267 313 -227 -141 313 -383 118 346 -84 387 87 25 -40 -698 134 -116 -505 -239 207 -401 -610 132 -482 228 363 216]
[-658 -196 -375 -358 -610 476 -78 -247 -109 -332 91 -274 12 396 99 -462 146 226 -491 190 -119 -444 -216 734 -152 -57 252 392 -60 -379]
[-119 86 294 32 -611 151 -24 -151 -51 -364 -97 -595 59 -518 247 271 116 155 581 413 287 154 405 -227 342 -303 -205 -175 -680 -88]
[-218 486 173 105 -7 27 768 521 589 617 91 -121 320 -49 11 510 304 -211 -134 707 -898 -101 133 -29 -113 117 712 581 335 -164]
[273 -114 -523 -23 134 -284 15 548 -309 -40 -127 -88 -119 252 231 -210 85 103 484 129 -13 -1077 -48 236 -29 -745 282 -286 33 589]
[191 46 -229 627 -153 -510 65 -453 226 -96 -113 221 -252 -18 -327 -297 775 -560 313 -162 -281 466 -207 -40 -304 -105 -372 -1 -317 -188]
[-45 13 170 -535 -55 196 -174 588 -113 -171 -348 38 -405 -205 -31 -44 -305 -336 222 -232 33 -41 -492 -341 65 -739 -581 -668 -502 378]
[443 -279 130 266 51 -182 14 -240 -189 665 25 595 713 -387 540 -945 69 -17 -545 181 270 463 -397 318 20 -558 -280 55 153 69]
[-61 -505 318 336 546 10 -157 189 409 524 37 196 -594 -346 80 -205 569 47 -59 337 -297 -557 146 420 -34 -32 -85 34 188 235]
[723 667 409 48 -76 -389 -415 32 -58 251 -443 -839 -106 -550 91 341 48 -469 235 -96 184 -584 -273 -75 -73 -85 260 -298 -126 -52]
[-347 348 -754 -520 117 -292 -552 -106 -486 -95 80 -408 -66 -3 -72 -31 -52 -114 175 -134 443 -259 -646 -20 710 235 24 30 36 543]
[111 -101 -270 230 -86 507 -321 -295 291 -134 -19 411 -93 528 -84 8 334 307 446 -638 -345 -28 213 406 600 53 234 -80 -130 -379]]
[phase 1 initial]
[[-88 133 22 -216 300 -15 67 -76 100 -233 -327 -35 -189 -212 -416 64 597 -434 256 93 -111 145 -160 -181 244 446 414 257 358 -320]
[-208 -408 115 157 -234 671 267 291 170 159 558 80 161 85 -433 200 299 500 -292 -100 -47 -324 -7 237 -319 558 -41 73 291 122]
[-16 431 -95 -373 -203 -415 -415 -114 -885 -223 -56 -290 -144 367 497 76 159 -61 22 122 -402 -374 -32 -86 528 -46 194 434 352 12]
[-261 724 113 -620 -195 -304 -513 -199 -277 -599 -146 104 -215 352 -96 -122 -167 649 32 0 3 31 275 30 132 197 -416 236 -336 -12]
[-41 -337 -528 277 189 -222 -113 499 -487 100 -355 134 -136 201 -151 -714 422 -269 -308 170 94 270 -585 -85 -80 -146 384 -339 575 -1]
[94 -11 -65 -462 -252 -50 -7 597 -960 -319 -407 -334 -169 198 -494 -59 -255 578 41 -477 279 -219 -192 40 283 358 -158 -244 347 101]
[-269 -343 40 175 -126 339 -25 -38 -828 -89 72 -251 -247 283 57 -427 127 578 -103 -7 -21 467 -264 220 850 168 631 -37 509 -49]
[-160 -1 -127 182 -123 572 -249 -418 241 -232 312 -81 333 142 518 -589 273 150 182 -301 -253 338 210 71 -85 102 234 -148 -836 -282]
[-240 622 180 -598 40 -520 -291 86 -316 -401 -137 3 652 -42 583 64 -71 292 -220 -234 -213 -259 449 -359 -126 547 -120 90 78 -302]
[-325 718 307 -56 -458 479 -68 -288 -42 -284 452 -186 -672 -62 -38 97 428 485 -103 257 -619 -340 689 432 311 -35 230 188 -397 -201]
[117 293 102 0 -341 -401 231 -33 -455 255 -223 -11 203 -204 -474 -163 343 -87 201 199 126 300 223 -27 747 79 596 -260 104 -200]
[-361 244 23 -511 16 774 -24 106 -404 -615 -75 -403 125 561 -197 607 -330 477 -268 -260 -513 -434 469 273 -79 305 79 -42 -21 -162]
[217 -100 -109 52 -15 -154 656 -23 -277 -409 -298 -364 275 354 -30 -131 -361 237 263 66 -253 44 201 -81 725 -36 327 -453 86 -479]
[-311 8 -96 -236 112 -117 -579 -271 0 462 792 289 152 -274 667 356 -172 -189 21 -267 -423 -502 410 -347 -112 402 -123 260 -64 215]
[-193 14 -518 206 39 -201 -296 -341 242 -330 -655 382 52 276 -217 -946 -640 27 -73 -346 -73 443 10 -165 -22 -142 78 -113 -169 -515]
[-196 -228 -516 232 443 96 -171 -29 331 235 -55 -62 842 -26 175 -269 106 32 121 -425 -412 320 198 327 213 262 483 360 152 -253]
[64 820 -104 62 -174 148 -533 -97 -600 -475 -186 -297 243 492 -141 169 113 -171 -84 -272 -281 -375 -159 -31 39 -40 -456 -128 -149 -591]
[53 106 127 698 213 346 70 432 508 340 324 554 -131 -824 -129 109 -163 -297 -362 -241 -555 438 92 416 -75 -79 -134 36 119 9]
[141 -488 -277 399 -267 313 -227 -141 313 -383 118 346 -84 387 87 25 -40 -698 134 -116 -505 -239 207 -401 -610 132 -482 228 363 216]
[-658 -196 -375 -358 -610 476 -78 -247 -109 -332 91 -274 12 396 99 -462 146 226 -491 190 -119 -444 -216 734 -152 -57 252 392 -60 -379]
[-119 86 294 32 -611 151 -24 -151 -51 -364 -97 -595 59 -518 247 271 116 155 581 413 287 154 405 -227 342 -303 -205 -175 -680 -88]
[-218 486 173 105 -7 27 768 521 589 617 91 -121 320 -49 11 510 304 -211 -134 707 -898 -101 133 -29 -113 117 712 581 335 -164]
[273 -114 -523 -23 134 -284 15 548 -309 -40 -127 -88 -119 252 231 -210 85 103 484 129 -13 -1077 -48 236 -29 -745 282 -286 33 589]
[191 46 -229 627 -153 -510 65 -453 226 -96 -113 221 -252 -18 -327 -297 775 -560 313 -162 -281 466 -207 -40 -304 -105 -372 -1 -317 -188]
[-45 13 170 -535 -55 196 -174 588 -113 -171 -348 38 -405 -205 -31 -44 -305 -336 222 -232 33 -41 -492 -341 65 -739 -581 -668 -502 378]
[443 -279 130 266 51 -182 14 -240 -189 665 25 595 713 -387 540 -945 69 -17 -545 181 270 463 -397 318 20 -558 -280 55 153 69]
[-61 -505 318 336 546 10 -157 189 409 524 37 196 -594 -346 80 -205 569 47 -59 337 -297 -557 146 420 -34 -32 -85 34 188 235]
[723 667 409 48 -76 -389 -415 32 -58 251 -443 -839 -106 -550 91 341 48 -469 235 -96 184 -584 -273 -75 -73 -85 260 -298 -126 -52]
[-347 348 -754 -520 117 -292 -552 -106 -486 -95 80 -408 -66 -3 -72 -31 -52 -114 175 -134 443 -259 -646 -20 710 235 24 30 36 543]
[111 -101 -270 230 -86 507 -321 -295 291 -134 -19 411 -93 528 -84 8 334 307 446 -638 -345 -28 213 406 600 53 234 -80 -130 -379]]
