[[-373 -13 -77 194 -67 0 374 -99 -4 214 162 34 -255 -265 520 -305 75 147 535 407 330 -234 -142 184 -203 180 -184 525 -117 338 186 -239 305 -202 371 -167 113]
[36 -3 -384 -55 -78 -393 -345 -111 116 -155 -482 137 -312 533 442 91 -336 -59 142 173 -178 490 -67 -89 -422 -167 520 147 20 -181 31 -359 -184 74 -5 -112 -373]
[196 -42 348 295 -96 15 -238 94 -505 -167 -653 -360 543 98 -240 106 417 -75 -404 -39 296 -172 28 -185 91 352 -203 8 536 68 99 411 -156 97 -653 383 -189]
[391 -270 -54 -602 116 -314 -101 569 142 -124 624 372 -130 -189 289 -331 300 269 -235 -136 -239 72 -2 94 96 -9 -327 -128 -348 297 -204 -78 373 249 313 210 -150]
[-409 429 -351 315 -189 637 175 -7 -112 -307 856 115 -77 -503 20 -145 -73 -281 99 424 -461 -246 337 -47 153 203 -353 -36 -409 542 -4 -336 74 -186 209 -35 441]
[-175 440 -450 287 89 -333 -253 438 7 -7 -231 -60 312 -238 -83 715 -337 99 116 173 121 168 52 -171 -210 -73 0 347 -237 -159 137 -368 -2 -105 -607 -216 321]
[-132 -92 237 165 -437 250 -401 -386 -422 -196 -52 -64 68 -28 321 -496 494 317 -114 -6 -111 324 245 224 -42 125 -786 -291 -57 181 -450 -337 51 -7 404 457 -408]
[219 -715 20 -362 132 -15 480 800 403 91 397 28 -526 11 -426 -483 -114 -66 -200 86 17 -23 -194 66 250 66 177 -517 -152 -94 -236 300 449 -229 220 515 84]
[-12 -603 -362 274 -50 -338 -337 9 139 -237 299 69 -249 694 232 -223 10 -232 -17 479 -165 -182 -199 -472 158 111 463 -649 -277 361 -143 302 -24 -112 -261 311 46]
[181 -391 99 -56 243 -354 -486 186 424 -24 -674 46 -333 240 -88 -555 -244 -54 187 89 206 106 177 -98 -81 253 -46 45 428 524 352 54 39 262 351 585 -505]
[-179 276 413 240 -788 509 -64 -235 -288 -240 445 -321 56 -185 -78 328 586 -39 277 24 -273 -252 -180 3 325 -237 -221 -457 -27 -284 50 143 186 158 412 49 -243]
[409 -90 45 154 -288 675 15 81 -176 -497 -200 -40 31 93 -465 -2 -347 -396 132 309 -593 101 -168 153 -311 -23 229 -757 602 -626 206 243 167 -282 63 -9 -455]
[-186 -138 206 -84 -205 -98 -324 -382 -172 -202 81 -150 -198 393 2 612 -202 46 54 -237 50 737 -394 -259 15 -649 294 -272 -712 32 168 -240 27 300 315 27 -346]
[-299 -384 282 -126 254 -93 255 27 -103 100 320 -215 -158 -101 -18 -283 -259 -129 -84 130 179 -614 19 71 323 6 450 257 -757 256 -307 432 -355 -178 564 -194 523]
[-379 -87 231 337 -599 800 410 -404 -342 -128 15 287 -145 -513 181 20 -12 1 541 -56 -420 94 -159 200 -277 259 -391 -194 399 -54 199 126 -139 -3 -86 32 -679]
[-98 -40 36 -459 -295 82 368 228 353 -49 432 -72 -185 -154 198 -347 480 107 -680 -418 -302 -470 -180 245 5 -179 198 -345 166 -94 -342 472 -402 588 -25 -469 -383]
[-130 630 260 174 254 366 -192 -101 -455 -419 -23 -198 -63 -48 -235 -131 52 -663 -768 -135 -186 -557 -112 216 -46 340 256 379 462 329 -343 -145 -279 348 -306 -281 27]
[266 37 594 230 -186 299 -684 87 92 -701 171 -277 -8 -46 -342 -207 152 -205 -52 -86 -359 -360 637 142 27 411 -111 -236 423 -278 55 -225 384 394 570 624 249]
[-577 -659 -149 92 -139 -468 399 100 -298 529 279 303 -554 615 318 -445 210 -192 152 349 -23 370 91 -110 337 -54 146 219 -493 -115 -32 -15 -329 -444 208 -104 -105]
[-477 419 -773 16 -137 159 50 511 291 1 353 100 -684 370 86 -279 224 -559 108 -104 92 -110 -90 -56 139 5 326 -286 57 225 376 -126 232 -423 92 -132 -305]
[827 206 138 -1072 -97 282 384 -234 191 -58 78 123 503 -20 -92 -101 -1 464 -827 -83 -222 -283 -107 207 138 74 -265 -146 -185 -568 -213 249 -64 367 396 -420 191]
[-385 201 256 326 218 -22 500 -116 -604 236 607 224 468 -351 404 202 25 -282 148 340 -228 29 733 375 94 20 -331 292 -346 120 -154 -184 77 154 -225 -182 662]
[-197 375 512 -149 -349 85 -149 -579 145 -83 184 -100 465 -169 169 657 204 396 -263 -88 -227 -47 60 -66 165 -27 -530 -513 -151 374 448 428 71 137 -93 555 -9]
[329 199 443 -292 -222 141 501 721 -47 274 613 -117 -125 111 -171 48 168 -350 -282 -341 131 525 -162 129 579 102 -157 -284 -142 -304 538 -18 67 -387 310 443 -391]
[-169 290 5 159 -209 390 -273 -67 41 -309 155 19 717 -696 388 -254 -419 276 -58 -151 255 299 -37 -174 -543 461 -329 418 -130 604 406 -40 -288 -180 -502 -70 502]
[307 -178 -29 568 -278 -121 -17 -331 -633 -178 -72 -265 264 238 131 168 79 136 -354 181 -63 408 326 -206 -478 94 108 -807 -230 -265 237 -376 -369 451 -825 -655 -71]
[-33 -12 -642 165 350 -658 -117 529 -498 -187 124 -139 -293 292 -159 473 -49 -177 -216 -132 -155 -398 24 -417 102 -114 987 -202 32 -278 -630 -374 -174 -387 -231 -66 999]
[409 -130 95 -286 -237 -33 81 466 -364 -403 344 405 -149 -169 -183 345 -277 -365 6 -45 -181 -72 213 -241 -476 157 71 -119 -261 19 610 -644 -394 -247 601 -235 -200]
[-156 -207 -58 379 -298 -451 -228 72 323 355 -340 209 -118 354 -655 620 -70 -458 332 430 -294 610 76 -165 312 -464 499 -163 -157 412 284 -262 -7 -72 -855 -155 -33]
[-8 -365 729 281 185 -53 -530 156 -372 -109 -640 -601 545 453 -583 396 -94 -236 446 -312 129 195 -158 183 193 -116 -125 -92 156 -83 104 651 555 -386 6 -220 -110]
[-187 -527 -174 226 -187 -22 33 -546 -373 -333 -508 -181 58 -45 340 -166 -32 275 -432 26 -197 120 -163 -81 94 166 -539 571 192 359 279 -566 388 -82 68 687 270]
[-2 -420 -486 37 187 -381 -245 610 605 51 -1250 -24 204 68 357 154 -319 213 -262 141 270 -454 203 -351 -35 -256 572 -154 40 45 -64 55 -333 -482 -362 222 71]
[-434 17 -215 23 64 -228 223 -874 338 496 -519 -96 -95 42 171 -131 426 455 -195 564 -228 -22 -73 -79 208 121 239 327 -347 -608 -180 -575 94 -448 -242 -255 306]
[-59 -455 -134 -92 93 323 -138 309 38 -197 1180 62 -171 -21 -367 -456 -348 -95 -367 -381 -176 95 566 -39 38 -115 230 -623 168 229 154 339 -479 210 -49 278 -645]
[115 -215 -295 -820 198 -242 200 -183 -96 99 -379 287 -49 329 -116 446 136 -483 -354 -169 80 -171 118 259 126 -281 274 264 -154 -284 678 57 -548 -370 44 -697 521]
[597 -280 349 -394 -8 216 21 -219 -44 13 615 -49 158 -628 -251 75 115 244 -1062 -367 144 46 4 -1 -230 253 168 -123 -520 258 -596 79 -84 132 108 1 -360]
[201 69 134 -155 49 -287 -31 -91 -105 -582 396 143 -177 -881 75 314 -383 -62 281 -47 -126 -424 -642 -185 336 -376 -103 -330 -266 605 204 569 3 347 -213 -596 268]]
