[[180 -63 -3 469 -369 16 286 -284 -20 -660 68 -438 -220 202 -330 -263 -24 -77 -372 -208 291 -193 220 -214 -142 -106 488 -406 -401 124 -53 -145]
[-259 -161 35 203 -170 -142 424 -437 173 -10 35 -144 77 -524 -14 -435 240 -142 -55 -583 123 -187 -96 -246 -631 -62 71 101 -126 443 -413 -499]
[664 -54 319 227 -18 642 174 61 -368 -526 -290 -375 -31 265 -496 -38 87 60 58 228 80 173 -121 -42 192 -85 137 -422 516 413 486 42]
[-201 -65 -132 22 -128 -107 65 -98 249 331 337 -517 -125 -212 -227 191 -187 -678 -563 -524 269 174 239 -158 -481 -10 -229 164 -618 -228 -68 -205]
[-461 419 -283 -337 164 236 217 358 42 428 -100 24 48 -34 -78 -147 -45 -18 389 716 -354 14 -133 -356 -124 -248 -47 -174 631 352 116 -338]
[315 128 320 604 278 430 -735 93 139 -562 -254 102 42 261 -139 417 105 108 6 39 165 137 -381 633 28 91 -119 -244 -40 205 258 218]
[-131 137 -66 191 -90 -372 -448 161 -303 12 423 178 265 688 -42 -89 -201 -36 -244 -245 611 48 -163 549 -2 71 -53 90 -488 108 -342 -32]
[-547 491 -316 355 -312 369 -151 36 -449 -243 -163 -366 -76 -167 -64 -300 229 415 454 175 101 366 -9 86 -598 -171 172 -81 186 438 -399 -225]
[403 -176 38 -639 -80 -80 186 4 -35 -33 158 113 443 136 123 0 -116 -243 -400 -151 -26 -157 40 -207 -147 126 -628 -44 50 -592 380 -565]
[-452 103 -375 253 -388 -127 -46 -272 -350 743 -100 134 264 -27 -412 -216 -113 85 243 275 -269 180 -250 55 -544 -564 244 233 -207 -90 -449 -176]
[438 -455 829 -149 -190 -71 355 19 -105 -559 226 29 -611 253 94 104 393 -357 -803 -99 586 149 -167 -200 243 24 -212 -97 88 116 451 250]
[20 -443 -269 9 -288 -29 350 199 -112 9 -249 -499 249 -202 2 27 150 270 -90 -382 648 158 82 451 500 79 389 -22 -81 690 -470 -107]
[401 -58 -250 -582 -114 190 -263 383 -501 -135 -37 186 229 285 -561 -44 479 834 574 67 9 154 -89 746 120 -449 -255 -46 151 -193 103 -81]
[465 -13 116 -37 -367 150 -293 -489 -410 -288 -369 -70 -43 533 -129 108 -382 -59 -69 -158 -104 611 201 -79 -468 578 11 296 225 22 155 -15]
[56 -116 17 675 -55 26 333 -90 146 -44 -291 -55 308 632 277 9 143 -113 -516 720 189 -457 -25 306 146 -28 427 204 -441 -3 -113 123]
[-287 305 120 250 284 102 -578 279 -117 -512 -262 26 238 207 559 17 377 247 -343 281 -148 374 83 -187 -169 351 52 195 -23 -844 110 714]
[-360 178 -359 352 -247 149 -368 -154 -54 205 576 -42 -815 593 -857 -158 -274 -97 425 24 298 435 322 -152 376 -386 52 -53 -219 -309 298 65]
[374 -92 147 183 -358 -343 124 -143 -646 -397 -154 -71 176 111 379 178 202 351 -128 -6 -103 -277 -391 145 -247 761 115 -312 403 462 108 -387]
[-266 524 -321 -22 -173 -31 132 -188 -201 157 252 -401 -409 -92 661 -214 -288 -121 -208 -41 926 234 238 -574 -195 -127 -547 578 28 -257 -222 -265]
[58 -967 887 -127 367 63 -121 40 -84 447 92 154 352 -357 102 -260 506 165 -25 -59 -38 472 -88 -223 291 -102 -203 160 190 -101 141 -67]
[253 -345 44 -545 -379 302 -152 89 -703 -267 25 152 89 76 -482 -123 269 -467 495 122 331 237 -182 132 -56 -418 -676 259 471 -162 -144 195]
[-134 -227 213 429 -203 151 531 -40 -306 -630 -164 89 260 -273 -434 -248 562 -123 -334 376 -337 -504 -502 -841 -116 -149 448 105 397 -50 58 -652]
[-311 -186 -281 170 -101 449 385 -565 282 347 -140 77 406 -214 -112 -517 -44 68 -496 149 -177 227 497 -508 12 100 223 -436 -329 -585 -462 -20]
[16 216 649 11 -605 -669 140 -192 -538 -390 -256 506 -157 254 -10 -346 -160 329 -222 -576 260 -263 -733 -52 -71 124 395 49 -128 -331 160 -401]
[-33 6 -175 76 -9 -182 -2 -942 331 169 132 338 -168 -685 6 -559 368 373 447 -65 -34 -207 -179 593 209 -76 -54 84 -353 -932 -254 195]
[-117 -9 -388 -157 -162 -4 -351 127 -199 21 346 79 419 -88 -51 457 68 -18 773 -612 176 -403 296 751 -1015 264 -309 729 149 261 -90 -30]
[60 220 605 559 153 99 255 -304 210 387 -342 81 46 -46 -105 207 682 -182 -445 -182 -301 234 -308 -139 223 -108 -628 -120 502 45 364 459]
[113 38 5 485 -266 -176 595 39 291 -430 522 -90 391 12 490 -766 182 -190 99 -31 901 -11 -15 -437 69 -155 333 627 25 306 -323 -122]
[110 -380 21 390 326 -324 449 257 344 698 -8 211 303 90 302 400 -618 -317 84 124 -534 -186 313 503 533 26 -450 3 -333 -377 -372 408]
[16 -548 175 -145 -637 22 -147 -121 -540 -595 -192 77 -598 107 -239 -597 -170 679 -165 399 71 595 -45 369 321 169 -8 -197 -123 374 17 -68]
[-287 -136 -357 345 -140 643 -579 -119 291 -343 -54 -253 -174 -534 90 -481 -160 -390 -474 -289 275 183 -210 -388 -484 -67 220 -212 486 516 -74 -20]
[317 -713 88 454 -80 -404 294 150 -764 53 -177 774 450 117 206 -61 270 133 -502 33 54 533 -135 -27 324 415 10 -367 -194 10 -107 -481]]
