[[658 44 -3 381 71 -364 232 -153 222 330 206 -240 -281 35 104 -124 184 267 -342 -33 106 431 -30 -442 -516 -80 -372 -166 203 -376 -210 68 -424 12 -109]
[548 261 87 86 259 -252 159 -430 -47 -63 260 104 -70 -207 -5 310 -141 -83 -80 204 -114 43 -129 -524 -381 -270 500 -85 -182 207 -440 385 236 504 -466]
[206 284 194 -493 -45 359 -180 -189 131 140 -168 805 576 116 -331 89 -78 47 185 49 -207 254 7 -463 260 -408 38 -89 -104 71 14 306 102 235 -474]
[-119 299 187 843 532 -248 -81 220 39 -135 212 -564 35 -70 77 306 108 91 80 80 -11 78 137 437 49 282 -369 -4 -90 -163 630 -217 -175 -331 143]
[-682 -302 51 -308 -408 195 -137 -233 -351 -130 126 -94 -528 238 355 -270 -484 58 130 -583 -249 -9 359 47 527 -3 14 15 101 34 -302 32 41 -482 274]
[-285 -721 -169 -414 -164 248 65 599 178 -419 8 527 239 -136 64 -581 -265 -194 357 524 209 -227 -244 131 208 16 -134 52 497 113 5 -206 -412 238 426]
[-174 -29 179 89 436 116 -26 535 308 -253 -24 -175 310 -152 -162 -450 -258 127 707 144 183 -432 2 177 -205 82 516 -290 -568 300 529 211 132 18 174]
[237 -55 -50 -19 -359 -175 298 -209 331 -65 366 204 -188 -166 474 -104 230 -354 -176 -230 -463 -352 -80 245 -230 210 -691 -105 662 -370 -398 76 -748 36 152]
[-253 -86 54 -107 211 39 93 -783 378 -60 401 416 -460 74 209 -143 -98 241 -283 -456 -204 -233 265 104 -655 -10 16 -463 193 -122 100 67 12 -25 -332]
[-93 157 49 377 403 -26 51 -259 343 202 403 393 -606 36 270 -151 323 104 321 -153 -315 139 158 22 76 -620 -713 -366 522 52 -226 -30 -174 243 -280]
[-306 -300 202 -578 110 138 162 -106 193 -590 302 337 227 -551 341 -109 78 -144 417 8 11 -273 -79 -437 -786 70 802 -219 53 193 355 -137 490 66 292]
[-35 382 139 -571 -405 -138 -51 -587 213 -35 -48 129 558 141 115 480 -137 -231 213 329 -160 558 -5 -215 673 84 431 294 -26 -229 2 -434 358 -113 61]
[453 -258 -198 73 164 113 57 136 69 227 183 235 396 -686 134 -78 -19 -544 489 -403 -385 218 207 -583 -340 52 -253 -27 -137 123 211 260 -647 -83 109]
[-318 -126 -153 -331 40 -27 68 380 -254 124 -494 -202 546 -103 -260 -281 -252 -514 -80 -140 -108 315 -129 53 171 163 636 307 -790 280 -207 -93 142 -476 -442]
[812 281 510 134 110 -431 286 -379 -101 -255 -89 -109 401 -156 408 -31 -123 -245 -106 606 -100 35 -431 -93 39 -3 -106 -292 -391 -135 -15 195 -600 18 -776]
[20 -326 78 -781 98 -62 -84 -512 90 268 -24 562 131 357 -141 803 -331 -323 -337 -434 302 155 256 -287 187 -44 965 219 232 38 -49 -120 560 47 113]
[337 204 297 111 145 -396 354 94 223 -14 248 -304 334 317 436 360 -66 -104 247 -231 -261 -128 -643 -217 -332 -99 -267 104 589 -518 157 33 -311 -81 568]
[264 -61 -113 -338 -60 245 -401 -91 364 214 0 8 560 143 -508 -693 -387 350 433 381 237 -514 -488 85 289 184 112 388 -46 202 249 -31 -134 -155 465]
[402 59 -38 -229 212 293 -16 568 -304 -257 -814 155 226 -36 -208 851 -590 -475 31 474 -156 -123 -298 -85 302 191 -49 413 -500 139 841 170 -130 192 -259]
[-96 -291 -117 -380 176 204 199 -70 -679 -314 -72 -99 -37 -41 189 341 -58 -98 -40 54 246 -329 203 263 722 -209 146 -696 242 203 -573 264 -60 578 -272]
[43 -254 -91 -155 376 -369 -112 220 -309 498 353 245 53 171 -170 -528 -267 -312 629 -19 -47 -419 507 315 372 198 262 238 158 372 -517 66 -238 60 -2]
[101 357 -427 -50 44 -149 -146 243 329 222 -113 -352 103 -41 -594 73 23 317 466 188 -783 -854 147 647 157 186 -52 343 -501 -133 89 -259 -109 -76 -55]
[425 -158 204 -36 -262 85 -319 571 47 -242 -149 -687 215 -550 -12 -294 587 -264 -1 -191 -313 -550 -265 698 -83 8 -401 196 -609 438 436 129 -6 -260 -49]
[-405 628 551 -467 639 36 -347 -656 20 74 318 227 -34 17 441 213 258 122 -8 -451 146 -35 -171 -644 87 -179 -50 -289 213 -116 71 66 19 75 -222]
[-666 -200 115 116 -17 -167 433 -2 -643 179 -4 -67 -537 553 -448 -66 330 159 -544 -860 -52 18 562 245 -238 316 349 -242 307 -81 -175 156 -314 -408 172]
[335 148 417 -523 304 192 249 -536 271 639 310 221 125 440 197 -20 388 193 268 -645 -272 -127 -345 -308 -384 358 308 39 -25 38 177 110 -195 137 166]
[-195 -449 341 -12 -369 534 91 246 565 87 -6 592 468 -305 81 -382 77 86 -237 198 -284 158 120 399 -457 -157 -710 25 85 -73 -465 456 -297 215 -345]
[52 -445 -598 -87 -54 335 186 -210 -381 74 -289 0 119 215 -80 274 300 154 667 118 70 -74 53 -143 310 -269 388 74 -494 226 7 -340 792 462 -899]
[201 -200 -351 305 99 -171 -49 -201 393 -114 -48 441 -53 56 133 37 188 349 133 -21 608 581 -162 35 180 -171 -477 -134 -133 -71 -311 15 -9 871 -367]
[753 511 -404 -498 -63 -126 79 -481 250 161 168 641 -37 -186 43 -190 51 709 -54 -86 -399 -98 186 -567 -548 134 461 169 -329 -664 120 194 302 -28 249]
[227 95 199 -311 178 3 169 -394 454 392 159 -285 -331 294 617 243 473 601 -555 151 393 233 329 -427 165 -507 -314 -381 -225 1 20 57 439 224 -224]
[-198 -360 -16 188 -241 207 468 10 -360 -160 225 67 495 -341 36 58 286 290 -368 167 410 61 -166 -168 -613 116 -488 670 75 37 -35 -472 -390 -172 -97]
[-507 115 409 -67 208 -165 225 225 171 -754 -222 -34 371 318 211 586 334 37 529 47 -84 -418 207 117 -370 393 278 150 21 1 7 -390 -71 409 619]
[-412 139 48 -20 -162 456 487 -135 -201 -263 -140 169 -4 -463 -496 -52 60 146 52 500 311 16 -191 -498 164 -242 124 -649 48 353 244 -453 471 577 -112]
[-77 -169 -4 -346 -12 -110 667 -133 -203 41 838 43 362 -133 -210 12 58 -315 524 118 -268 8 -365 -281 -124 279 -127 357 269 -69 -666 -447 -29 -210 255]]
