[[200 -240 -2 330 -85 -521 -666 -113 -2 -179 -217 197 223 114 273 -279 -46 -75 -340 408 -97 -209 67 56 -354 427 -70 9 -500 213 -265 -271 17 164 -232]
[142 -26 344 9 86 -257 13 240 -218 -125 -91 87 291 -1100 -86 -181 -150 428 -202 282 106 -232 -53 75 -170 -164 -333 24 76 187 -124 -475 217 -151 -299]
[134 32 -78 190 83 258 -478 -547 252 -50 101 -412 404 449 500 139 -501 -418 266 232 -460 -136 331 310 74 457 213 474 -433 203 -170 -176 -183 6 -126]
[213 -186 -129 186 -251 53 791 -1 60 -167 -126 237 -740 -47 -71 283 320 -563 -36 -13 -277 90 -269 -51 -512 -72 -290 -219 380 -286 325 334 -240 -122 223]
[-361 367 -7 -331 368 -36 -254 132 -97 -104 61 -483 2 -144 455 226 27 171 -135 96 247 -123 307 -591 263 112 123 -59 -271 192 -662 -69 -293 557 -115]
[-398 25 -205 392 371 38 -399 359 -51 149 355 -238 118 519 -132 -620 52 -407 -423 -101 176 127 -278 -130 328 40 67 -534 -201 -143 -236 -113 708 96 -8]
[97 -143 -47 -374 -96 -122 485 -160 237 -51 117 -211 -354 -182 -358 86 -500 69 22 381 -583 -181 628 -228 -421 362 -75 486 -104 64 -22 51 -673 449 68]
[-257 -192 278 -107 -154 -694 -732 -2 141 -73 -218 375 -7 -47 562 342 272 471 -636 -32 -31 -206 -131 19 -273 -73 400 -527 247 51 -110 63 -477 45 186]
[-170 -530 126 491 -276 -64 581 -61 -91 89 -1 -157 257 -241 -854 169 -472 37 113 274 138 349 200 426 -73 -130 -22 -12 -221 191 327 -200 211 312 -307]
[38 -552 -162 4 -203 202 -24 33 -260 271 -23 -451 166 -265 160 -21 -68 460 549 360 627 586 39 172 86 -191 211 -94 161 160 464 -201 162 38 133]
[457 584 -204 410 -305 228 -11 -130 -46 -228 -323 306 -753 244 189 -284 570 -17 -454 -205 124 -227 127 -169 153 11 -225 -64 367 -259 -457 338 -201 206 -102]
[102 -399 -115 -356 -53 -520 137 371 -232 111 242 159 -485 -97 4 860 271 -88 -77 627 -233 535 -62 -299 -47 24 -179 5 -33 79 -197 268 -569 82 51]
[458 -149 -73 452 -558 -96 125 367 -379 15 144 84 93 350 79 -271 103 319 -109 -155 188 336 -11 283 565 -287 294 134 38 625 -50 507 294 83 -461]
[279 -116 552 -754 222 -108 149 -34 -71 193 -467 -489 51 -473 308 -148 -275 -78 724 -19 -75 -47 101 98 -329 -248 58 223 -224 846 91 -225 -236 -15 -177]
[-827 402 -280 -410 91 -205 -35 -73 241 502 -520 -356 -658 119 132 94 -203 -90 -80 -356 149 -52 153 -414 355 -56 374 -480 425 -620 34 102 67 60 419]
[-476 725 267 -410 9 -177 201 -183 -263 -165 66 -165 -247 453 498 201 -419 -454 -482 -495 -45 -216 4 51 362 -502 262 -87 393 213 -386 53 42 -60 340]
[-239 -483 273 339 -985 -13 50 -38 -60 -349 269 248 375 24 -167 -260 -247 164 -252 388 217 -227 170 157 301 -91 -9 483 -7 666 40 -295 221 238 -319]
[276 526 179 -238 666 231 -182 -95 254 181 151 -279 -295 333 -180 -648 -228 758 251 605 37 38 69 237 -48 -239 -316 190 194 -153 -85 -207 -143 -5 27]
[-215 -56 164 223 -320 -121 352 306 -12 232 100 277 -180 32 590 607 370 193 -489 656 145 190 -157 -43 539 -418 -26 -282 581 -216 339 1 203 501 99]
[-36 511 227 -237 -563 -304 -163 56 173 76 -461 120 -627 236 -684 -219 42 193 -149 -791 -13 331 571 115 174 -24 617 -198 574 -203 334 35 -130 -370 376]
[-180 515 364 -598 -187 87 307 577 -89 -88 -237 -389 -20 -290 280 -881 116 -174 -146 3 488 83 -261 -132 467 95 83 -291 595 298 -10 19 840 195 42]
[-219 -183 -354 42 -82 214 309 125 45 -151 853 -380 721 -195 198 -517 -618 -186 540 256 737 -102 -610 421 45 167 -45 53 -607 374 264 -23 397 -218 -469]
[684 51 171 500 -177 -96 -376 -143 -375 -18 517 -269 -226 556 508 -243 338 -286 -466 592 305 -188 -158 178 546 -237 156 -263 -243 461 122 -38 -124 182 189]
[149 -134 123 183 438 273 -312 -683 -213 150 -352 -186 -491 379 227 427 -355 392 274 567 201 -31 358 103 143 197 -131 523 -304 156 -27 177 -402 816 416]
[52 -312 -123 143 213 45 618 232 74 930 -341 17 122 71 -472 -494 -231 327 271 -243 89 277 348 -122 110 -77 465 -59 -4 153 -321 65 976 417 -294]
[389 248 -85 399 269 377 733 69 -201 390 -218 583 -173 -459 -195 92 137 55 -557 -362 35 -96 -154 147 85 591 -789 -216 187 -624 -394 -29 535 -10 129]
[92 -642 484 -314 -568 -99 -338 -303 -530 459 -517 532 3 -84 -566 245 -116 344 372 394 677 -3 -51 130 -90 110 -330 -295 208 157 -60 -56 521 -29 208]
[689 -41 705 758 573 -110 -7 -219 389 -332 54 -41 126 -614 -144 -780 -301 -210 -289 -563 -941 -307 503 450 -490 270 -327 8 240 557 -344 -268 116 -309 84]
[-289 55 181 -168 -115 -401 483 38 94 -403 200 -30 -36 -269 -561 143 53 411 395 -579 -292 -94 198 -91 -262 -346 -86 178 105 146 560 387 177 -337 -914]
[-458 -465 254 -375 20 -573 -469 -85 -14 407 -84 649 155 683 336 -537 274 555 81 -422 -341 -405 -427 -20 -209 34 458 64 111 60 -150 -180 142 125 -179]
[95 170 -208 -534 104 -66 364 -234 252 183 50 -692 -54 -561 597 -251 -172 -98 -230 28 19 -71 -191 -87 -311 212 127 -471 -515 -192 -323 -97 540 -235 4]
[-82 222 -87 -451 25 -524 361 -47 -40 -159 2 930 -124 529 -228 -516 -188 -12 115 277 -135 239 325 -75 173 441 -168 745 41 -108 772 545 158 -242 -114]
[345 -436 71 -617 -462 -30 228 -122 471 94 -569 333 -600 284 318 360 249 14 35 -168 220 276 -348 607 364 188 302 108 34 -51 703 56 288 -231 196]
[617 -87 234 706 513 -132 -555 -165 39 83 452 -509 29 443 -131 233 -470 -523 -209 70 -769 -11 -447 274 -88 -128 183 -283 25 410 321 -58 -184 0 -579]
[-416 290 -581 -65 768 447 34 111 24 -328 394 -569 515 -126 -349 130 50 524 103 70 87 -910 -59 -188 -107 -376 -106 -241 -477 244 219 -236 77 145 -423]]
