[[-171 48 -44 323 404 -306 -130 64 -237 244 -35 -1 -48 -502 450 -192 242 -241 70 -590 43 -20 -99 -352 -158 -145 286 -324 -339 -312 -400 -170 -118 424 -206]
[406 64 261 -296 475 -441 -122 244 69 375 -150 -243 84 -319 358 -41 58 -184 -241 -241 -416 176 115 -350 478 -53 -112 305 432 24 -491 -100 -293 375 -47]
[-153 -117 -302 189 253 293 243 -152 424 143 -110 -51 -154 -118 93 -400 689 74 263 -246 23 -264 -494 -186 -333 16 285 -576 -297 210 181 -138 -514 -213 -620]
[-49 -143 117 138 60 -76 253 -306 10 203 -310 -671 -123 -238 545 -34 -54 -442 144 -55 101 351 -485 500 193 -14 -31 -31 78 -49 -145 -294 -622 122 -423]
[227 -277 150 -86 185 183 59 -309 137 -321 374 -564 169 296 -592 115 -121 -115 -8 274 -74 664 -604 274 371 -432 118 380 112 162 5 219 -608 -239 -23]
[521 -341 -241 165 -425 -342 102 180 -126 -372 246 -117 9 182 -502 -262 85 80 129 150 -281 -246 167 -500 356 -172 66 240 268 -151 286 -362 -72 -419 -82]
[586 16 43 -258 -296 -97 -141 -18 -58 -251 165 -220 458 185 12 187 -725 3 -37 351 -509 245 1054 -300 490 12 -100 -90 399 -10 189 -196 479 110 -121]
[31 -118 -339 -686 259 328 -25 -71 654 184 221 -268 86 -57 -945 525 -68 322 -321 -328 -134 -12 210 -94 35 -60 430 -293 14 547 106 484 -89 -105 -285]
[130 218 701 -31 -42 -307 371 110 -451 162 -505 169 38 103 45 -203 249 -672 198 80 -124 557 -347 160 23 -369 -328 47 -109 -166 -401 34 -411 507 -242]
[-282 -70 -52 375 435 421 -451 -20 347 -151 14 -140 -177 108 498 -267 -408 -234 -190 -104 359 400 -547 109 -125 -259 -92 -213 -208 501 -246 -524 -448 -327 -139]
[-155 54 64 600 -455 -162 -44 124 291 -197 -210 396 2 267 -322 -599 229 -275 -528 -23 324 -115 182 -612 -378 39 -250 -516 -146 -11 135 -183 292 308 -249]
[-67 38 -96 -197 -198 299 -180 244 -91 -15 -254 561 -384 281 562 90 -356 495 355 -568 508 -260 253 -130 -210 -12 -100 44 64 -499 -532 -146 79 -90 46]
[188 -140 92 -77 559 239 -233 76 -290 165 -315 353 -150 -221 270 18 -132 234 36 335 -547 -141 374 -356 26 247 -363 875 345 829 180 47 471 -365 744]
[-541 -426 -286 -229 -449 243 454 -89 -745 124 -226 -425 -568 9 282 487 -377 561 226 -247 657 -397 41 322 -168 154 -547 231 -22 -178 234 85 138 -18 422]
[214 -498 132 126 595 48 144 -270 124 176 174 -600 379 340 -68 169 -181 327 -107 27 702 -106 -164 -276 97 61 167 -223 108 -112 -115 273 -23 335 -167]
[35 -29 -373 38 207 343 -214 -16 -470 -481 -37 229 -218 51 -99 49 -273 -240 164 597 263 0 -279 304 -228 181 557 342 -60 194 -183 450 103 -287 955]
[31 155 -87 21 227 -532 -21 442 -491 79 -20 107 42 -378 -149 -331 349 274 247 446 -269 -417 -155 -333 -504 185 -375 -290 -28 253 -446 46 89 263 833]
[12 -200 -146 18 -428 48 361 15 -99 -258 191 -264 71 360 433 -128 -106 537 699 122 132 476 680 -213 282 60 4 393 -263 -177 633 2 40 -7 192]
[-57 109 -600 -144 266 71 -445 -5 -398 65 249 684 -94 -702 266 -36 612 -456 124 48 -192 -251 192 -64 4 76 253 -213 330 193 16 278 607 171 182]
[120 409 -6 201 175 241 274 5 358 330 -271 136 -477 -622 1253 -27 32 127 -273 -279 -334 -359 -640 544 -130 387 236 -166 278 -422 -347 435 -657 -144 -108]
[341 71 187 37 -179 -223 8 295 -35 195 589 485 -89 51 -185 -26 324 80 104 -18 -495 408 251 -83 444 -284 616 488 377 644 381 77 132 -512 537]
[149 203 -599 -286 -285 159 167 -238 -429 -247 -228 -170 -227 -13 -49 -35 -396 -86 229 79 135 375 352 93 291 -346 -72 30 -221 826 90 -209 599 -331 500]
[-40 -639 421 153 -235 49 298 -471 -382 31 -221 323 369 285 -256 -382 -427 609 497 393 -158 4 -127 -69 -345 258 195 301 -89 -737 152 -225 117 76 -133]
[455 -141 -105 -500 299 -35 -240 -649 30 357 -67 56 -55 152 -723 7 -547 86 -368 -379 395 470 -134 273 365 -264 -164 -142 660 28 -318 -80 -154 -277 -200]
[-491 196 -24 -188 240 447 -290 265 564 -356 291 73 -187 35 -449 675 -334 -58 -22 -35 669 -237 -162 854 65 -345 -248 466 504 -2 -210 -107 207 -200 246]
[429 -5 -547 388 -18 44 340 -168 232 -175 90 -924 261 -793 -328 -213 216 488 -318 252 -168 -575 107 148 361 425 -32 -116 52 233 121 -106 -154 205 -96]
[14 -442 -293 -432 -60 -213 114 48 -83 -101 -273 71 470 -154 141 633 -59 8 397 736 80 -219 600 -7 -312 -53 184 45 58 609 554 -8 520 -253 115]
[-564 -197 -402 79 -471 390 442 42 -319 313 -6 375 -274 -75 -363 307 135 564 -39 46 -335 296 -462 622 -166 29 -568 5 -324 382 50 -146 415 -145 239]
[142 215 101 -419 548 67 -97 287 -375 248 149 -251 -275 -438 438 -170 691 -107 144 -228 406 -394 377 32 145 316 461 -332 -494 319 336 22 399 422 499]
[-125 154 122 209 -382 517 163 -703 -168 149 178 200 -121 126 597 -201 231 -619 55 560 -92 252 -401 328 -641 38 237 -24 155 399 372 674 -271 268 -435]
[111 442 -389 -150 -504 240 320 502 651 -4 -392 -36 -320 526 -688 137 66 32 -314 75 238 -349 -46 -190 -418 244 147 56 -53 -162 86 -86 607 -511 -260]
[-71 -181 -50 91 411 -148 -29 -170 -72 -177 326 318 -164 136 271 -67 293 421 -520 -326 -500 -169 13 -640 349 142 499 -124 314 -90 -10 151 -553 -369 -322]
[41 -46 425 612 65 -481 253 -82 352 -319 163 -46 -230 287 382 187 227 -535 2 261 199 260 -364 -601 28 -282 599 213 -100 -339 46 -564 -544 374 -178]
[36 484 72 -396 151 231 -151 -31 446 129 -121 330 -366 22 -145 -294 -251 432 -573 -562 -333 -118 394 183 -106 -374 143 -651 -169 -322 270 571 -57 651 -688]
[12 175 -349 374 239 -510 -251 -45 65 -306 -213 -430 -213 -78 -514 -379 708 -121 475 -434 82 -559 -498 27 -380 530 500 -497 -69 215 125 -21 -12 -127 124]]
