[[-275 -291 -490 -67 413 -418 192 9 -105 -327 -242 330 270 -86 -183 -224 -20 -166 -18 -280 48 154 -162 110 174 -249 -238 -442 71 -487 282 -409]
[-19 586 -83 200 356 70 416 11 265 -48 272 -351 -314 -577 -87 489 517 196 229 209 202 -54 181 -114 19 544 11 -190 -162 53 -313 56]
[427 506 -88 306 79 161 53 292 386 365 357 -564 73 -137 431 252 693 -62 -312 -60 -422 224 16 209 -158 -46 -442 43 -227 115 -212 248]
[-60 73 259 -125 46 38 139 188 -361 -351 -214 528 -113 -114 -181 -553 -88 546 353 62 -112 -55 -457 482 531 -98 177 100 33 -519 135 327]
[74 328 -69 114 -750 -63 -286 -139 142 -49 180 -34 54 236 142 537 22 14 -323 -752 132 -236 -226 -255 -524 11 -102 136 -128 119 -37 -446]
[57 425 236 323 -274 526 -80 -12 -149 -68 154 -265 -864 -136 492 -341 -63 86 -15 449 265 -69 218 282 408 -85 182 -176 59 38 344 562]
[-177 143 -199 9 549 -146 411 -30 -349 -301 437 133 54 -212 59 -320 546 -587 -477 696 469 270 -108 190 504 152 -194 -212 242 -505 69 196]
[269 -261 171 304 93 -1 -353 -106 125 459 118 -276 19 -68 328 401 814 42 -472 598 -2 72 59 -770 -95 -76 76 63 481 340 83 55]
[207 -298 111 432 -441 248 21 -138 185 361 219 115 -524 18 661 -182 235 383 -741 563 -166 -49 -37 122 187 282 78 201 388 -419 53 497]
[-226 42 186 -19 -233 34 -18 476 -448 -406 -225 -103 293 -164 -102 -295 -136 79 208 -433 -52 168 -350 429 -739 -328 -236 -158 -149 359 -284 -259]
[-116 -432 420 185 522 -114 176 304 -607 -361 -373 -28 30 -455 93 -216 -37 -99 -16 359 726 51 -328 140 174 -246 410 419 52 -215 449 235]
[-171 150 -796 -157 -166 628 -193 -239 75 -52 -50 307 -67 505 536 -360 -243 -189 -472 -570 -87 43 -180 -216 252 259 -328 -100 189 -566 441 -320]
[-280 -62 -594 420 232 80 202 -4 -183 -370 7 309 -19 -65 432 -238 356 -292 -224 430 -52 853 215 83 199 740 -459 -246 -72 -257 224 83]
[24 -447 -326 359 -327 -195 -198 -37 242 -40 -293 77 -217 -351 221 -719 -41 369 669 472 51 -29 473 228 503 -410 175 244 -172 -199 770 397]
[517 735 120 -87 72 242 213 272 -14 -47 -317 -388 277 106 38 368 -50 -59 119 -525 -307 298 -620 617 476 380 262 287 -162 190 128 9]
[252 -171 -213 -93 -423 -420 167 85 264 242 17 159 -210 470 -40 53 277 242 853 25 -32 -210 362 -381 114 173 355 -253 419 257 90 -477]
[-167 117 422 -33 -458 -686 -543 -634 114 10 -183 181 444 44 -260 209 -311 -375 -392 122 751 -582 -136 -535 354 -170 -124 -86 417 -55 631 -316]
[1 263 144 57 220 478 97 244 658 283 209 -144 430 -804 24 -21 517 47 131 585 -571 457 -244 190 23 400 656 668 -52 -156 -83 492]
[-85 866 17 -709 -141 478 93 38 113 92 335 202 150 -295 -980 -260 -216 196 111 -441 -2 53 -708 -337 -66 204 142 107 -300 -49 -208 182]
[620 -169 394 292 -143 458 -272 -411 -125 -167 -343 -75 -236 -93 350 365 262 384 -127 -333 -378 334 199 382 -267 -256 -227 -113 85 570 -639 14]
[-312 80 425 -595 -314 170 -81 422 -443 30 -431 593 -165 386 297 -116 -339 50 319 -299 71 -536 -153 367 -169 421 -279 437 119 543 -375 63]
[-378 169 283 -168 -84 523 -512 186 -135 -303 150 522 -603 302 -302 395 104 282 -64 97 -819 68 215 466 -148 361 68 272 -227 -54 12 44]
[-82 308 -48 -208 -366 38 167 -134 211 709 -79 164 -510 -1 333 -788 -165 -522 -74 490 -276 -154 35 33 253 -654 -165 143 -37 -246 24 664]
[193 -167 -503 -360 43 174 -410 -438 44 -20 -308 229 -253 433 -318 -511 258 -210 44 425 -92 198 414 -390 -107 140 -655 386 167 56 337 669]
[650 -385 -384 114 611 233 -83 -66 -264 -58 35 298 -253 202 496 -348 10 525 371 84 -484 60 103 -74 -123 396 -60 -375 -84 -44 -282 482]
[2 -130 -376 504 53 -272 -506 -282 502 287 -374 -770 -485 161 277 424 287 -610 -256 92 -11 14 412 138 298 -452 118 160 -488 84 -46 467]
[-203 66 -263 -151 -480 523 -198 -142 -224 211 -100 -565 653 510 179 -482 -27 -534 -424 182 -174 -569 61 -178 -212 -459 -292 -270 -452 102 -428 -93]
[-93 40 222 168 580 -306 417 -100 151 414 -177 -51 209 -221 -185 -415 -222 312 -174 -78 -75 -58 -201 120 -297 -258 -299 486 26 374 5 687]
[-254 -390 -75 160 501 30 122 201 -436 181 -364 1024 178 280 350 -78 -165 174 -631 412 211 -498 4 -542 361 189 167 101 346 -22 -165 10]
[291 -95 -203 34 113 -510 2 -440 -96 107 435 -92 145 509 -464 106 439 -100 294 202 319 -230 -885 -89 270 -423 148 330 -276 -49 -88 -144]
[399 -424 416 -60 68 -339 -25 -310 338 180 -411 -648 -333 -81 436 37 -159 386 -179 -35 297 -65 161 -225 -41 145 185 -420 136 68 -282 -630]
[669 -273 220 215 -434 366 116 150 -204 -15 126 -11 -514 172 -228 -172 -658 50 -429 -20 -1270 201 79 476 287 36 -407 392 -369 137 -30 495]]
