[[-193 21 265 -553 104 119 -148 191 468 53 -330 -215 287 -373 181 8 -14 -287 94 -118 226 -3 -125 -13 67 169 -61 332 738 -16 199 9 182 94 151 348 129]
[368 -249 127 94 253 -433 205 -144 -254 245 39 17 -53 184 49 -74 393 -379 125 442 67 -194 71 520 275 116 -278 33 46 357 140 143 401 -127 695 261 -72]
[467 -388 -54 -349 -61 139 -168 -136 -336 -202 -176 -180 229 -43 142 529 448 -66 -64 86 -326 -166 437 673 377 -266 -230 25 143 31 -373 33 -114 -184 474 304 -355]
[-268 301 -112 101 -241 -15 -28 204 -206 453 -269 -124 262 94 406 -666 103 -365 74 -14 130 -26 -16 77 256 90 -195 443 -44 -195 279 -196 663 -69 -565 -230 -223]
[319 392 -135 159 -476 -580 709 -419 -250 213 185 293 -293 76 265 -432 296 -221 86 -209 -54 278 -32 -20 85 -400 157 -332 -5 313 460 -184 210 -366 -147 -340 -276]
[222 297 73 94 433 366 -210 253 -62 187 549 -147 -58 364 -157 227 253 -169 489 482 -31 253 173 115 317 96 178 393 120 -115 -79 254 -135 416 331 338 451]
[59 -175 2 -740 199 -107 -178 -425 -89 -469 1 42 345 -33 3 214 -103 169 -530 31 -155 -574 92 35 -329 332 -214 -171 -599 62 -44 332 -77 169 -222 179 106]
[175 163 -348 317 173 607 15 243 24 124 220 -328 -26 77 -198 -241 299 691 529 416 -258 131 268 -77 -271 -452 -75 -29 -192 -610 131 0 184 -296 -128 -199 -144]
[-276 -223 390 174 344 -599 58 -68 -235 -328 7 -67 46 -69 482 -358 -552 -537 -358 -174 290 -164 -7 122 28 74 -280 -297 531 585 175 -195 660 -99 154 226 500]
[-46 247 -450 304 4 408 -11 229 -368 391 -111 250 -198 621 -244 -518 637 270 125 762 -132 258 -107 46 -26 -123 23 198 -429 351 317 35 150 -435 762 -182 -495]
[-8 264 271 661 -51 664 81 36 -239 42 648 -102 -505 709 -253 -215 -226 210 -6 137 485 459 83 -472 -473 -502 -369 -123 104 -232 -58 -131 -134 149 214 -384 271]
[40 378 132 -516 40 386 -80 -112 -55 -78 -200 -71 409 323 -84 -61 -318 2 -405 81 135 -456 -229 -714 -702 -110 -130 -118 470 60 489 -121 840 -184 -102 -218 628]
[-158 -245 -63 -279 117 -429 -384 -110 -6 -88 108 37 437 -542 405 661 -192 -49 -415 -565 38 -458 -399 -75 -238 200 48 24 152 400 553 -392 -149 13 -394 171 465]
[-418 -249 -99 -134 47 363 173 180 78 -36 -427 -589 -189 84 -218 -343 -690 124 336 -479 401 125 13 -268 -246 273 -275 74 -28 -526 132 -294 1017 -43 -357 -460 41]
[464 56 247 769 373 -61 108 -17 -90 -155 691 -814 -117 568 222 12 283 -30 -173 212 120 -489 299 283 55 -171 -807 193 -364 56 -185 -278 21 -168 -122 91 -117]
[11 409 -55 -265 465 453 179 299 160 271 371 -109 51 230 -54 358 -80 -204 -570 -105 256 246 -63 -607 311 -164 17 551 393 616 245 -213 317 -55 25 -153 406]
[-468 538 115 496 151 266 -250 775 -66 122 -186 -454 -211 -146 806 -13 -199 201 -25 -131 0 479 202 180 426 48 81 218 -259 649 332 -339 232 -162 -157 69 -362]
[-118 -177 -14 707 22 -275 -188 -360 -250 338 -106 55 242 -121 -404 -31 289 -852 497 138 303 -474 39 -14 -191 29 -280 364 324 -69 8 121 659 434 135 118 607]
[-301 -264 -379 -642 -542 385 -146 345 69 87 -84 76 -45 424 430 188 -6 298 -846 -267 87 16 -170 -13 -51 -319 -194 374 -399 -209 501 -356 -19 203 -87 69 -459]
[-505 -400 -280 406 -383 -527 95 181 -806 267 221 269 -358 416 541 -121 -402 -435 -328 286 254 -322 25 309 -250 -154 -294 161 321 -111 220 -602 116 191 -237 -367 244]
[189 -171 300 216 240 -349 -9 -600 -56 -66 -101 -212 196 -187 285 -502 60 -301 205 -421 939 -255 229 103 -226 -197 -398 -300 80 78 307 499 89 -317 210 327 119]
[-69 275 175 -41 636 -197 -401 190 140 -387 -291 282 80 -67 -482 109 44 -406 -273 -276 -401 -588 -534 -664 228 652 -107 116 102 354 -474 -21 -94 223 548 201 427]
[188 -331 -329 -70 197 429 -309 40 -26 138 -23 -26 458 -54 -276 136 40 -185 375 -232 -157 53 -50 295 411 -188 344 882 34 -19 295 381 -98 -164 -171 180 -540]
[-681 587 63 20 58 263 -614 -136 -37 131 266 458 469 265 -261 151 294 -490 84 -204 -333 -119 -478 -66 238 312 161 767 -191 -275 480 -72 -382 104 -294 -98 -9]
[141 -422 568 -36 50 -389 106 -489 -82 217 75 701 69 -451 -603 96 199 -556 -496 96 125 -384 -371 -320 134 9 20 -331 -242 -110 -999 -75 78 -235 392 -326 189]
[180 53 174 260 241 299 433 498 144 360 370 -455 -292 -257 488 -544 -13 146 55 469 -100 -410 155 -319 403 29 -122 56 381 -500 -696 120 660 -124 -30 155 392]
[-284 56 159 683 -332 -555 430 -276 -48 -114 146 -222 -113 -613 189 -220 -62 -175 514 -504 333 -442 -194 782 -72 -240 322 30 364 409 224 113 37 -174 -119 -55 -102]
[98 594 279 52 177 282 314 373 -445 -362 -112 -472 -252 805 65 261 240 114 -126 212 297 105 591 417 424 -246 10 -399 -307 -408 -124 -206 -496 126 377 487 -183]
[223 -32 180 -17 96 -71 -55 451 -236 214 73 -301 228 -577 -244 -39 -127 797 -555 -318 -448 -83 -327 -515 176 -299 440 -231 75 89 6 -398 180 -286 86 8 222]
[259 -349 -179 -48 299 439 -178 -734 139 -528 53 -80 -61 548 -169 -190 161 264 105 44 -724 -189 -311 287 -103 189 -586 -251 -272 273 191 -319 -148 -552 228 95 164]
[194 -285 128 -89 393 360 398 106 -272 37 -209 -390 -307 -296 -50 -33 -557 147 387 511 620 84 -106 307 752 2 -52 16 193 203 -385 204 281 -126 611 270 26]
[-298 92 -219 81 -503 517 -1019 -48 43 584 -11 -101 198 -118 -170 47 -404 -511 3 -151 -114 -338 -158 -109 -114 -35 -470 707 428 -339 28 -161 -374 915 -275 -298 99]
[595 6 -463 -226 -186 -18 -203 379 -87 142 -139 451 143 -352 -14 283 -201 -112 131 -91 57 -221 231 -23 113 -307 -187 580 160 43 -517 -470 111 -222 67 -395 -768]
[-875 -211 -66 -244 -20 -133 272 -160 -370 144 -538 300 263 271 -344 -199 -419 -311 -209 -234 163 384 -121 -727 -503 121 338 -305 251 309 79 -165 -81 207 -177 -814 -85]
[-271 -45 -435 436 646 402 -402 -106 -224 -619 504 -686 210 271 20 -455 -50 361 156 -51 -73 105 23 -79 343 314 -34 54 -319 191 235 137 507 324 -515 -268 -317]
[69 -390 -47 71 217 -101 312 378 517 32 610 -626 448 -749 -111 163 -284 128 47 407 212 -542 -32 -309 -92 326 -59 393 -540 81 195 -148 -113 216 -46 372 31]
[-69 115 -578 1000 -533 -241 609 -185 -197 807 -74 399 290 710 109 -129 135 -339 -298 33 615 -163 -593 320 -31 -150 48 545 248 34 102 -145 126 96 307 -89 -4]]
