[[-86 183 -11 -388 458 -299 169 59 816 247 350 97 -159 -78 118 382 -148 353 -95 69 209 287 -86 -62 -1 -381 63 -55 -1 -550 -239 -85 -109 -91]
[302 548 514 -37 292 68 70 -608 479 130 324 324 -418 -291 -414 -357 -168 230 -19 443 -55 -129 219 -183 48 46 -84 200 -91 -5 74 -220 -213 148]
[-422 268 80 258 158 241 2 -205 131 154 404 603 3 254 -445 -229 -207 100 -237 214 -26 490 -93 -135 59 174 537 223 -46 77 510 -550 225 40]
[593 241 0 25 -544 -68 -382 -160 -396 -275 -38 314 -138 -352 327 92 -496 159 588 245 -193 -555 471 -333 -169 471 -98 -155 -95 320 222 241 -210 305]
[365 494 393 179 -111 359 -83 -388 -83 -3 -135 242 -285 -64 -306 -254 510 -264 -147 -61 187 -289 -390 344 231 -190 -427 295 120 -81 85 -7 784 353]
[-273 91 -184 -43 -43 387 -171 -261 -365 -380 101 -4 407 -152 -581 -552 -247 558 -54 -9 -184 -265 692 -6 -103 503 339 14 -271 77 -187 275 30 -132]
[-576 -139 -329 -348 -85 -330 -132 423 206 -238 215 407 311 -39 180 -69 -484 372 -250 -231 38 396 302 -208 571 115 95 260 252 -538 340 590 412 193]
[-85 624 172 -366 278 406 436 -46 540 138 202 314 -64 160 -552 145 -85 173 -475 245 -19 -186 -420 319 -249 415 185 6 -220 199 -210 14 763 -352]
[-408 500 -24 -790 -184 136 25 -122 196 -484 334 -245 -193 -254 -126 -71 -222 -34 256 594 -128 50 316 -443 347 158 -91 219 -161 41 -225 755 259 -120]
[-575 -111 -301 -515 460 501 -32 286 -435 -217 82 -468 17 -329 -10 -144 159 -256 -593 -84 68 134 -301 72 -40 255 212 607 262 412 -21 305 128 -431]
[599 -235 39 -251 -255 513 165 -253 -766 -36 -360 -418 -543 205 233 -287 327 -239 -56 -15 279 237 -41 307 -294 -182 86 172 205 134 -193 -193 -748 -108]
[187 -262 -149 509 504 -633 85 -169 667 -282 345 18 497 153 378 -31 186 -161 313 -199 16 90 314 -129 252 -53 -41 118 -111 -119 166 119 -497 87]
[51 -319 124 486 -133 527 233 -118 35 -65 -164 -92 47 668 156 554 295 62 376 -493 429 231 -148 503 390 -415 232 214 -223 -197 71 -64 -168 -1]
[-327 399 -435 104 -421 -105 160 461 -89 108 -809 413 90 -181 122 373 -111 -142 -133 -423 -266 -31 -341 357 -575 72 169 -768 113 251 337 -343 563 -72]
[47 -229 15 153 32 217 -38 -89 45 252 363 233 185 317 -351 -163 843 -298 300 -465 -302 171 -63 79 403 -61 -504 -16 -331 260 180 249 615 20]
[-42 82 -279 -759 13 21 275 -269 397 -217 -159 -50 -417 -39 43 -508 356 -498 79 -251 -114 515 -515 -41 297 67 -364 -277 306 -320 -67 249 -250 -600]
[391 -13 14 -77 611 -92 -9 -163 507 244 -40 -147 70 -483 -668 27 215 531 -76 21 -60 -209 -69 -832 -346 239 -687 -291 -133 -269 -710 -71 -58 -242]
[-538 70 306 245 -247 -475 189 244 21 79 -182 276 193 108 -75 274 -298 -462 192 260 5 80 -299 -274 93 398 -234 712 -149 -346 86 63 750 481]
[-31 497 158 -226 -321 -329 -154 -612 839 383 -159 -88 -577 -567 -331 -418 7 -481 -145 371 -179 3 -379 481 95 -387 -836 111 368 -782 -332 132 -47 68]
[205 125 -94 67 -475 384 331 490 17 -30 -57 -133 52 254 -101 -286 307 684 -167 -249 468 39 -208 -2 76 -62 -188 -734 -250 -562 -659 104 -70 -227]
[-66 347 -57 -380 -10 352 361 -281 548 72 -117 47 261 258 -427 151 525 -403 -167 131 -827 -51 279 435 -299 55 88 9 -370 634 -428 -215 -129 125]
[114 74 238 285 370 -560 397 169 227 231 -319 705 -315 -618 -323 -376 465 -125 339 -431 -353 -209 -517 -293 216 87 -307 -148 350 -97 -188 -204 -364 484]
[882 236 214 13 -70 -20 191 -413 138 -527 -91 209 481 -311 0 -546 0 43 -444 84 531 -422 356 62 248 507 -24 -508 -333 -240 -527 -346 -594 0]
[-234 564 -83 -1050 -78 553 169 396 349 620 135 -546 -23 -284 -102 -226 503 104 -454 -93 -297 204 -18 -180 -480 -129 -52 139 216 -415 -528 233 -97 -689]
[-152 -88 -75 -504 -17 927 -530 406 132 237 334 519 -80 437 -252 314 -310 788 -630 -354 438 198 -138 49 -575 46 -135 248 69 -157 119 0 171 453]
[23 227 -47 -282 -706 592 -337 479 -18 -67 -375 93 -281 -140 -320 35 492 -42 431 -256 -52 349 -326 70 -393 -501 90 87 -59 -877 -686 327 -228 -44]
[-980 -360 -174 496 104 616 52 217 -225 104 623 -396 -493 -433 -201 -106 28 -219 -157 -160 -476 70 -288 6 358 -169 -400 287 282 146 223 356 228 -98]
[-650 -269 674 -220 403 170 -327 -57 -459 167 8 -209 349 129 -746 -202 -425 -106 -212 449 -73 -136 -255 180 403 803 613 -127 396 671 -63 167 -79 -6]
[-271 -595 23 -141 488 -24 -90 -26 345 -84 -222 571 341 -505 -284 45 -680 106 -242 -162 -311 -217 135 -194 135 -22 -39 472 -175 203 -626 331 -145 147]
[231 -399 184 -185 300 -177 -94 -194 -425 480 -502 -207 4 -315 -132 329 -35 214 904 -233 285 -401 -155 208 -204 -192 161 -195 378 -420 469 193 -733 137]
[-15 303 -97 -233 -346 -158 299 -4 66 -689 353 -452 165 -271 495 597 -617 155 266 4 133 -100 -184 221 103 -97 -165 -24 -600 -703 -236 576 146 245]
[62 -343 -257 103 156 332 -175 -199 -156 -11 -532 -146 -1107 -285 -406 -498 276 291 127 -375 258 -89 97 -125 -260 4 -129 220 -126 10 125 474 -1076 -62]
[-337 -281 -163 170 -452 313 8 -103 -19 -159 -446 -179 -294 181 288 -665 699 -670 -134 -290 110 610 -792 -313 -662 320 -118 274 192 233 -242 68 -242 -29]
[478 -395 145 -427 -428 656 -578 190 157 -61 -246 -277 129 -79 -384 64 -323 373 662 -104 -337 -518 400 -316 -359 582 -231 -381 -376 754 -525 -44 -10 -183]]
