[[-39 575 342 -21 325 84 680 452 239 16 -159 -202 -59 -125 -101 -338 -14 273 59 310 -307 455 -51 45 455 326 267 -141 -110 82 215 -483 1 94]
[353 140 468 291 -200 -225 -17 349 -30 57 43 98 14 67 134 -156 -158 -213 -516 358 -16 619 -110 361 -128 545 492 -450 -459 25 102 67 171 -71]
[-87 -568 13 428 240 95 -123 -52 220 460 1 -213 -452 -168 144 211 302 131 -319 571 -229 442 -79 119 -212 -59 -358 -52 63 223 95 -380 182 33]
[-427 -43 -221 -172 -2 -74 -385 -78 294 771 -334 -65 67 181 285 163 652 459 177 -57 84 -129 -142 -265 341 -128 -138 36 116 525 265 -3 166 -167]
[-460 41 268 -96 -297 85 -376 24 -1 343 -123 249 635 13 278 264 -101 -786 -444 -668 168 -350 20 189 -29 -135 239 -23 -161 373 480 562 -315 -225]
[-307 138 595 160 -168 -150 -192 -126 336 809 -213 -325 186 -222 -29 -310 -230 -269 177 -315 164 -196 263 264 484 188 359 15 -315 19 332 466 8 -224]
[-46 -397 -102 366 -598 300 136 -430 316 176 -168 -24 -102 -276 -74 707 -84 -422 -260 -272 46 18 486 393 -138 -177 -874 139 216 -84 135 -95 -18 248]
[-230 246 188 -167 -162 482 -252 -38 143 307 16 148 603 357 194 506 -288 356 -646 -660 147 -165 90 136 235 -90 85 -369 363 -10 85 440 -24 -232]
[211 36 -61 276 -25 36 -634 -39 -250 -82 -142 -133 658 554 243 488 -3 657 275 -115 647 -199 121 -49 343 -622 -211 171 -53 -248 -302 252 113 -223]
[-310 343 251 -157 -396 306 304 -173 700 86 151 -115 30 -246 -3 131 -603 391 52 -509 -545 -83 270 -248 420 317 -79 358 491 227 774 101 -222 70]
[-105 278 579 -482 -185 -56 181 293 -24 -510 -56 -339 -11 -785 -444 -131 -333 -263 166 337 -224 -356 80 -40 0 -229 -171 448 -195 -151 519 -416 -553 -297]
[-348 396 204 -22 343 -544 373 93 249 631 -666 -681 -80 -235 -81 9 -59 312 -586 116 564 95 48 210 477 -93 -180 -32 -142 -149 244 -341 -35 -217]
[170 491 -184 113 -675 4 -685 -416 20 -160 -140 372 241 169 130 -12 521 584 153 185 -81 348 -63 129 76 -118 200 260 147 214 70 90 -330 118]
[-105 -313 -27 605 -217 369 -228 -36 14 -7 479 -194 357 372 152 5 84 -211 -160 411 -112 806 567 286 -140 -355 -509 -505 -112 -221 -133 171 -96 412]
[-234 66 -160 173 -116 220 -262 -74 -67 272 259 -744 364 -191 157 325 -656 23 -332 -93 430 -4 152 -449 94 -720 -1032 235 402 -1 49 81 326 -345]
[-21 321 -140 -246 -236 370 519 213 123 -612 -415 -146 -424 -546 -46 146 -946 500 -217 -43 54 96 -217 -207 783 57 -257 233 316 -303 149 -262 63 -313]
[-190 -321 317 -45 -264 -808 214 -341 -4 -533 78 92 -508 -376 -445 -209 -131 -201 118 6 479 -85 -213 710 -178 207 175 36 -308 -647 75 -303 207 42]
[625 -685 17 452 193 89 -249 -230 -321 -511 488 49 -106 30 369 317 -237 180 152 101 232 -47 -546 -263 -424 -520 -526 218 259 241 93 -829 -22 -579]
[385 236 -3 814 392 -32 9 -166 -114 -601 142 -455 -308 131 320 -661 -581 580 226 -145 -55 177 -304 709 525 -430 520 -174 66 -498 -477 -37 81 72]
[-171 -19 -7 525 721 -36 -446 -70 -417 -197 42 262 11 27 123 423 -59 179 -340 12 -21 91 -212 -255 228 121 -409 853 27 41 -316 -102 190 83]
[-412 -13 264 289 370 -531 262 302 -604 -457 273 -76 880 252 55 44 -135 -601 -283 -602 256 -135 -376 -119 -347 146 -140 294 -769 287 -2 570 -12 237]
[-826 578 56 103 64 -69 -81 -409 -178 242 162 359 -454 -174 -46 -237 -275 -340 807 -196 -29 -288 -308 -454 124 -174 670 703 175 388 21 -102 202 318]
[-157 767 -235 -65 771 254 -2 497 -533 339 -33 421 398 -183 93 -3 -133 -340 103 -16 -153 139 123 336 616 305 583 187 -196 93 -292 447 -225 -311]
[186 -74 -419 -198 -203 -83 49 164 314 316 255 723 339 97 -187 630 379 3 292 -220 352 -103 196 26 490 70 88 -36 30 -38 67 623 73 287]
[155 -114 87 400 257 385 132 191 78 199 0 -282 44 -238 136 -269 321 -26 254 285 -40 -705 -559 -168 96 -208 -680 303 -123 62 -152 -1100 315 93]
[-69 597 -81 256 159 169 207 -377 -183 412 -23 -426 872 -393 -88 -107 -359 164 -1 -682 420 -138 224 14 443 188 177 596 360 -107 -399 -469 -526 -83]
[145 466 -447 550 -344 49 -147 -142 -443 128 93 188 609 477 480 773 180 -16 145 -468 771 -371 5 408 -22 75 274 -710 245 409 -178 -315 437 -109]
[-77 -126 -647 -611 -591 215 -293 126 471 -101 76 -11 -58 326 58 243 106 10 703 324 -104 -489 347 400 -375 -526 -548 358 -310 231 368 131 -563 250]
[-223 -308 845 77 470 605 26 52 111 64 -137 -738 35 -16 272 372 -19 210 474 -493 -162 -88 97 -136 515 -30 291 -150 -399 200 319 -176 -105 354]
[-79 936 35 -112 266 204 323 467 -46 -788 -169 88 47 12 213 133 -198 -269 286 -305 199 697 -109 -227 546 -113 -455 615 132 -330 299 153 -237 -5]
[-186 1077 -243 171 -242 456 232 -122 298 149 -316 -182 319 -70 -28 235 -208 488 329 -745 341 -191 -119 70 -92 -129 54 396 -229 -236 34 97 235 -144]
[306 46 95 273 258 463 235 -97 157 -2 -260 -309 18 -611 246 48 -717 -146 -752 156 162 -24 -201 348 -145 209 -152 -502 193 144 -378 278 260 412]
[600 373 429 -366 218 -128 -481 156 78 84 -349 354 545 139 -204 25 -103 372 -552 -37 484 241 279 -212 -259 -271 449 104 -46 77 729 418 -366 384]
[-85 -636 -193 -78 91 -46 -302 -134 605 525 -383 -372 7 479 -92 541 -193 222 -471 -177 -449 -415 -399 142 -324 431 -219 357 448 154 295 437 135 -42]]
