[[3 -257 -30 135 116 -42 266 385 449 60 56 374 -201 -74 -109 190 99 -118 191 26 103 -10 -204 -153 648 -46 362 465 349 550]
[-138 -34 12 -622 -22 -646 202 -576 -384 38 -264 -441 457 255 -42 246 -85 -97 -140 -304 210 266 218 155 -153 326 -207 -135 -10 40]
[-630 -427 -373 246 -258 113 110 266 173 -60 -384 124 -216 -208 -200 -350 -114 272 162 240 208 109 -125 -122 349 -250 -9 -327 -45 -406]
[93 -286 -246 -388 -691 -389 129 141 -140 -205 143 -394 10 152 250 163 41 263 199 175 320 122 351 94 80 279 314 187 -354 -493]
[-363 -320 185 -276 108 -400 294 -261 -298 339 -111 379 -104 85 20 -391 -576 -266 262 179 3 -150 188 -539 219 -426 40 -361 200 331]
[-678 166 -349 202 -145 38 -548 -34 -229 420 293 -221 -273 -261 -28 -171 -344 -212 496 23 225 -63 339 -479 -99 -427 -436 -288 -183 -92]
[-206 -196 -142 2 81 -213 266 529 -21 -74 -21 -84 -65 -626 -536 530 409 543 370 -88 252 267 327 -145 -315 46 74 394 102 48]
[45 210 -604 405 -309 488 -327 -329 270 -172 -445 -164 298 -227 -52 -85 91 -326 114 -457 78 182 -54 -149 490 49 302 -250 -65 -189]
[-458 120 -93 -294 -206 -196 -540 10 -122 -159 490 -223 93 -250 -118 337 160 857 72 353 89 190 -284 205 -633 -195 279 66 -193 -378]
[333 50 6 477 9 -121 104 108 79 161 -332 -534 456 -272 -183 283 339 -44 -431 -553 319 316 340 -280 135 237 -258 -268 -61 694]
[89 -136 303 329 505 272 490 153 -35 717 151 164 -419 -323 156 -115 423 -274 -176 49 -25 -112 251 29 -603 -58 -31 -420 16 15]
[-182 -156 227 -220 -414 -420 70 -247 189 158 538 129 544 208 -354 165 -434 75 38 499 37 296 -29 -315 71 118 -30 372 31 958]
[-453 -644 80 430 167 -717 -114 388 -235 413 228 -295 -328 -155 43 -337 -83 12 -439 10 -56 -12 267 -483 -173 53 -322 -492 -85 -576]
[-316 161 -198 -158 14 -245 376 -421 -75 356 12 285 -257 -31 -229 -80 -264 -679 -550 84 203 -145 37 -55 839 -91 451 -197 62 -190]
[472 -267 -23 12 218 -67 -302 -324 131 887 -81 -110 539 574 -140 128 183 -715 99 -286 -321 189 -33 -756 320 277 -81 -248 258 630]
[-186 548 151 65 -146 -177 208 -197 57 -325 -42 967 -274 137 130 -448 -351 -241 -112 76 -577 70 -603 145 551 -800 188 -54 -46 146]
[-385 -312 528 413 -302 322 513 297 649 53 74 121 -181 247 452 -95 -107 457 -211 -165 -247 -129 -519 -136 -42 194 -11 49 247 257]
[-784 66 -293 202 160 -429 184 -267 -16 178 -462 -159 -234 649 -132 -221 -315 -434 408 -234 -300 121 -94 -625 624 51 250 221 603 18]
[379 558 401 -11 -357 454 161 -217 451 -182 258 -423 80 -72 39 -33 351 -428 -207 -660 362 -313 -166 255 -178 193 302 -24 -415 -45]
[65 -64 -29 68 249 -332 79 -456 -79 -118 291 41 46 -641 -117 -485 398 -447 -188 115 162 -54 -119 -297 82 419 867 -127 316 797]
[489 93 287 605 130 400 144 182 389 -791 345 283 -85 -468 -484 47 50 -509 67 -140 -310 460 -218 -63 445 327 -286 335 -237 -242]
[-125 -203 -446 -575 184 97 -261 148 -150 0 -374 278 642 -97 -265 236 180 10 -390 123 114 147 198 311 644 -220 582 485 525 -214]
[-645 -365 27 342 11 -238 -325 348 -232 -44 145 220 121 -761 233 420 621 53 184 -622 514 620 -93 -1 150 152 432 -165 51 158]
[63 -246 312 -249 363 36 151 730 300 235 145 268 808 259 -273 430 513 311 71 272 186 -249 -224 573 -265 -103 474 62 -17 416]
[-465 434 77 -86 102 164 92 92 355 -257 423 -20 141 -216 -413 -294 646 646 -681 -236 -218 -102 32 301 -179 -262 -315 -240 19 81]
[-394 153 -21 -313 86 -374 -83 403 63 809 99 -26 193 124 95 306 367 -63 -276 -191 755 -318 -525 -302 458 -105 195 287 -459 341]
[63 142 0 728 39 221 312 -51 -311 311 -288 -116 463 174 52 -286 -128 23 -566 -406 -109 130 -148 -291 -529 193 -532 364 427 -79]
[273 134 454 -369 86 -40 290 -599 -373 108 -70 359 333 -387 300 37 571 320 -382 -53 -118 -556 326 -21 -521 -22 113 21 496 -90]
[-45 -227 356 -57 -28 118 -338 410 -140 22 448 -3 -289 174 -289 31 815 -110 386 61 -614 -597 17 13 -83 -134 197 564 65 176]
[-211 -56 -362 86 77 65 -158 -415 -588 973 78 -296 -37 -79 -419 -183 141 655 -57 154 -87 104 281 32 -517 550 -103 -37 -263 136]]
