[[128 -225 283 -52 -67 83 -8 125 -88 -108 -205 199 202 -124 192 11 170 227 -471 208 -43 -486 235 208 -21 112 -192 525 -407 507 250 -350 -682 -251 -30]
[-20 -284 -130 416 60 -18 15 402 -329 108 199 -66 -127 -126 639 -90 -201 4 -190 -55 434 -253 68 -110 -219 320 -613 350 -391 -286 -103 -180 -581 -245 -215]
[131 -59 -336 -200 -36 -220 53 375 266 764 280 -421 44 -653 345 -244 -271 74 -13 -21 299 -160 407 -319 -546 -89 59 117 -122 -92 187 -139 -450 108 -196]
[125 72 270 522 -480 -237 189 -344 -256 -349 -127 -137 265 326 -144 53 296 -184 291 98 -218 -412 205 125 193 51 440 -256 -45 526 -67 477 283 -179 -362]
[-51 -615 -271 205 153 -56 -427 49 -406 86 -89 544 83 -81 154 -38 -50 -461 -366 -237 -46 500 -116 -31 -94 167 -283 238 -7 -660 -527 123 -174 633 189]
[-259 -527 -459 -177 -19 -585 136 31 -82 -9 -285 -130 336 -265 -420 -179 468 376 41 184 50 -376 782 -106 -230 45 639 68 53 438 5 -368 -119 28 -425]
[287 -14 6 89 -110 456 -77 347 196 570 334 -289 -337 206 389 -366 -555 130 300 -454 648 266 -379 17 -314 -574 321 -397 185 -278 -84 21 -347 21 102]
[-233 65 -114 -3 -33 458 -674 -76 171 358 -533 280 -75 355 38 69 261 -430 112 -167 363 691 10 584 -175 107 250 -83 324 -633 -10 103 202 537 154]
[-242 549 -555 395 28 84 -99 -293 -56 37 -44 27 -264 98 403 -115 396 720 859 -227 466 108 154 -61 -158 467 170 9 81 -141 -110 146 -88 -177 -354]
[413 256 830 -392 -303 -739 215 77 46 392 189 -580 50 111 60 -9 -329 69 -129 313 -495 252 -60 -35 177 -431 75 -35 253 279 211 -31 131 -445 362]
[-434 369 -251 -207 -224 102 331 -66 -432 -930 315 422 -158 -172 107 211 403 80 -41 -202 -397 -408 271 -98 370 207 -136 -1 -242 -95 -242 -121 -324 140 -58]
[480 49 -203 368 131 467 -424 133 882 373 93 421 -215 17 298 -100 -2 -276 -275 -555 358 223 -242 -15 -534 -196 -213 -218 185 130 -120 -186 43 298 -253]
[81 264 408 229 512 -51 -97 -516 81 386 -215 10 72 41 201 -6 506 209 177 239 -105 30 265 -257 429 421 -56 668 -532 -170 474 114 -179 25 436]
[-58 -398 -396 -287 54 -572 -311 -149 -328 -107 -671 455 16 -608 -198 -205 197 259 -3 456 31 81 -499 33 200 -77 -342 548 -16 270 -486 -319 -231 162 93]
[2 466 673 -537 -245 -325 -260 255 -376 22 -249 97 274 -266 -57 77 -92 -419 -78 618 -320 -291 323 177 -91 -225 -352 -288 -250 434 23 -3 -227 239 -180]
[-26 905 -92 -45 -325 -594 -9 165 16 216 372 -531 -51 -136 114 -154 -364 -210 -89 342 119 16 197 -533 172 226 -328 -88 329 18 -250 -517 -322 -151 -378]
[-842 -442 -133 376 405 493 -324 113 -10 57 -251 -146 101 289 86 -459 -235 -381 36 91 641 -95 448 -135 137 123 320 398 53 -225 -124 130 -197 721 65]
[-109 -325 137 -394 -162 67 593 172 -339 -785 -273 809 285 -222 -295 680 395 144 -433 300 -223 -431 442 89 28 505 -99 -44 -57 428 -192 75 377 -254 234]
[756 -574 290 465 -102 -12 240 79 -192 159 -134 310 191 263 348 109 -17 -271 555 322 445 -213 -394 -147 -160 150 -213 162 -411 181 -288 -137 -720 -335 168]
[-239 -174 -414 102 28 -242 131 466 -346 -550 -239 -331 -694 -12 109 129 219 77 -372 218 61 -296 146 -70 208 -183 -850 320 -301 -160 -516 -323 741 -535 225]
[-439 235 -58 64 -299 296 550 140 -632 -1072 42 -125 84 -94 -956 -108 -121 165 35 194 -469 -427 150 -134 -54 -123 244 -281 -582 162 164 -82 -39 -738 -288]
[755 -303 140 851 -281 -163 -322 16 -17 -13 -64 30 -127 -77 -65 299 -500 -612 -201 95 -112 864 103 131 -263 297 192 -99 443 -144 -260 414 251 -288 -91]
[-844 -169 -90 -573 385 91 90 425 136 630 -234 -369 -378 -51 57 -344 327 203 439 -159 774 488 -337 -181 -164 202 118 116 48 -786 156 24 67 -614 -7]
[-715 -85 -52 -429 229 66 23 45 -53 -568 167 -270 -248 -238 -344 194 -258 -281 302 170 -258 -207 -307 340 555 257 -329 79 351 279 -481 -506 65 -447 351]
[-102 -325 -133 -225 604 243 -370 -132 147 128 804 -41 39 -464 131 -317 -52 -414 -245 -441 -33 235 -18 324 -71 200 -120 137 460 -492 -410 341 422 575 -134]
[288 432 -422 -109 -590 93 73 32 776 257 0 -334 293 -370 161 29 -107 465 501 155 -674 252 -298 -606 -97 -233 -41 -90 501 649 212 -29 466 -366 329]
[-420 -543 -75 701 351 -372 -496 8 -344 -388 -288 418 -254 675 394 -139 -327 122 -534 209 264 642 -82 -6 -208 146 328 260 -274 -359 -245 -352 -246 4 -227]
[-345 -187 -320 -399 452 -5 358 -337 564 475 -249 -50 -252 -459 -337 -434 66 370 159 -323 -509 -349 -70 -240 134 1 -239 -223 -90 638 -176 246 171 654 131]
[-260 -292 -214 379 -143 -303 139 558 -96 -329 332 318 127 172 542 -449 567 -104 341 -305 371 -202 107 -14 507 159 847 148 288 -226 -584 14 -89 -302 135]
[-303 661 178 -81 165 -87 98 -174 -86 -59 -373 97 -173 -2 620 674 -143 -247 209 411 76 680 149 271 149 463 -526 -131 455 418 -328 -190 239 570 -22]
[-123 -418 6 -602 -268 -169 489 -234 -170 428 245 532 -169 -287 -183 266 -596 -198 -25 -13 43 -391 -159 9 104 -246 -255 -579 -287 -157 -246 193 378 488 -148]
[-76 -170 -140 -118 300 326 -331 -93 -317 -194 208 619 -35 80 -219 524 -26 -257 -473 137 -427 -240 392 -216 604 357 494 438 21 560 99 234 313 299 594]
[207 -459 -349 -28 497 -461 201 -658 -62 513 -342 -384 -112 -12 -349 260 279 -83 175 328 -173 643 -396 -194 490 -201 52 262 426 -373 -244 194 -717 384 305]
[-275 -49 -345 814 227 -45 -388 -250 -220 -158 -36 81 212 85 -116 25 249 -126 248 114 -37 209 -397 -388 168 -350 -668 -248 -819 473 -394 203 152 -99 -166]
[-188 138 -721 707 -237 -82 -323 -148 -578 -342 -345 344 2 128 291 -351 -24 -503 259 -313 -63 555 -176 -158 187 -53 225 84 376 385 -555 818 82 -310 97]]
