[[-162 139 202 122 -52 426 40 -323 127 -178 -65 -103 176 298 106 195 -128 12 134 -157 8 -6 -477 22 197 -10 -762 288 -326 -46 415 -241 220 -334 -333]
[106 149 342 -140 -83 -52 -119 -6 -167 -62 232 -43 103 -166 -294 256 77 8 340 -134 -186 -16 -567 140 210 -535 -831 -90 -272 -179 -132 -198 -119 -428 439]
[-112 -289 126 -58 249 186 388 -5 339 361 -314 -347 -415 279 227 -412 -171 -413 -184 -132 53 -36 -496 93 -403 355 -378 133 -216 -95 500 -433 205 291 -310]
[257 229 428 -34 -518 -405 -133 105 -44 138 -181 -49 447 46 -33 -1 -118 -227 159 -407 487 42 -265 -476 64 -224 -342 -206 243 -339 -103 274 -43 -632 218]
[67 -117 39 -35 147 -19 13 -168 -465 -139 -30 238 -243 317 -325 70 42 -81 177 522 -304 -208 182 227 202 -107 678 436 37 709 -265 409 -308 -49 364]
[-175 23 -105 116 -194 178 -225 -135 363 578 156 -32 -401 -446 -257 -171 -204 76 -297 52 -102 -405 -285 558 71 74 -381 103 -299 -470 608 -521 792 152 -232]
[-12 570 43 79 6 203 83 -468 -244 493 -52 104 -107 -325 -306 -361 242 223 -133 35 379 -34 -321 -276 -236 282 15 -42 -88 -373 490 94 356 -242 -539]
[55 -68 -197 50 -89 -120 22 -119 60 -379 205 199 60 -552 81 81 -771 424 -226 285 45 -430 -138 -184 323 -59 -487 94 224 -1 66 -461 335 69 150]
[115 193 176 426 140 -433 449 150 -379 -311 105 37 131 -205 -523 -87 42 696 90 624 295 213 -137 -456 48 -456 655 -219 41 122 -411 -201 -91 -156 195]
[126 344 -4 -235 90 -196 48 10 -309 -57 67 -149 -162 338 -782 138 -75 513 -46 71 -37 103 -202 -414 174 -380 122 -279 -330 251 519 -255 -459 -395 -193]
[-69 -82 -511 -168 -207 -114 -362 145 289 187 -401 112 -331 179 502 -108 184 -509 -148 46 -31 528 117 -187 -7 -57 643 -211 -413 287 48 -115 -390 314 315]
[192 -471 -206 -8 458 -144 -131 160 639 6 86 293 135 -130 -134 -252 -454 96 -593 -152 -112 -714 -401 241 -275 -109 -524 -15 427 -385 114 -7 175 331 -239]
[305 616 80 -400 -394 -80 -124 -184 -60 124 472 269 -10 82 458 830 -311 -214 -11 -246 -520 283 68 261 382 138 -459 164 -274 175 286 -430 -201 -94 -67]
[-510 -200 -374 -288 91 -93 132 -30 156 -12 -175 34 -268 -143 -404 -23 29 -251 121 -37 335 -10 853 140 185 748 277 -599 231 -147 304 355 187 -180 -84]
[796 -56 9 186 -143 -263 -302 -217 42 320 -243 80 413 100 662 190 2 49 204 225 -78 -131 -9 -55 -326 359 -6 559 566 -188 -449 736 -483 -246 109]
[-131 19 2 -153 -161 -602 -380 -153 243 -127 -139 -120 -327 -251 628 -239 -218 -404 310 400 573 19 -68 19 63 297 -382 -705 323 -495 78 -233 333 332 689]
[104 -82 -2 -142 125 456 -50 362 -210 -24 73 183 664 -838 275 -74 471 104 -174 -25 -209 291 176 203 422 -299 -195 -107 -500 -6 -396 -326 323 -25 480]
[54 729 66 72 -339 491 -461 586 192 179 -240 260 493 -463 78 -212 31 -133 -243 161 164 266 -13 -251 -14 28 623 -176 135 -314 -11 268 449 -277 115]
[605 18 -485 420 -115 -593 695 -336 -207 597 -285 -362 -77 424 111 -230 -391 -175 -416 244 88 118 -473 -767 -312 -202 348 392 -363 54 637 -171 -170 -336 36]
[-264 -722 271 208 450 168 296 -352 61 6 -190 -447 485 615 165 -59 -144 61 137 166 328 109 -76 -134 -54 88 -114 587 388 -255 370 336 603 151 223]
[-41 -1026 557 676 71 46 758 -272 84 84 49 303 -83 120 -181 451 -861 -84 42 401 -238 -140 107 253 -178 161 183 637 -13 306 -317 -304 248 559 -442]
[-304 -200 362 434 -243 -416 201 315 543 298 28 593 20 289 -48 118 25 -535 -351 -118 314 15 -631 -370 237 275 -227 422 197 244 -372 -365 221 -196 -69]
[-589 -41 -59 264 -58 -300 118 384 21 96 371 -615 303 72 -172 304 -486 180 -251 -512 434 -459 489 -690 253 227 794 113 513 234 -28 48 379 -207 -55]
[496 -238 194 -173 -144 -43 -199 -35 -217 -315 466 -191 -298 -209 -586 382 -190 819 -119 44 -575 252 375 -645 42 146 -30 27 528 274 -578 208 -551 -36 412]
[198 -557 81 -86 50 486 208 -201 346 -526 -16 129 123 250 169 -352 192 472 22 185 97 -85 185 35 442 -478 55 -51 70 -18 -253 -352 258 694 508]
[379 206 -368 -184 114 -43 -44 672 -69 -140 179 -160 -287 139 -627 124 444 300 80 70 -502 -61 -175 96 -702 226 -105 604 -228 335 -295 425 -410 -219 100]
[597 266 23 -145 204 479 122 -167 446 140 -8 687 -176 -112 -68 142 -485 428 -182 -544 -215 -261 55 -468 -307 293 -362 153 286 185 351 77 167 -247 -302]
[264 82 297 674 -93 83 -590 140 97 193 -275 -96 -40 -428 -452 146 -310 493 -101 -244 -149 -389 -388 204 -69 -177 -420 -160 739 -150 -314 -101 261 39 -151]
[-206 397 145 -93 463 -142 31 -274 137 526 374 12 -152 -236 -504 -97 645 -349 -780 293 13 175 -580 375 276 -947 -51 72 -583 -145 301 -524 -33 17 -91]
[77 300 320 414 131 228 665 -176 -409 -404 284 -301 -78 803 694 63 319 238 331 312 -45 -1 -70 569 -37 347 297 427 -635 -62 84 -328 -284 -2 322]
[16 -158 335 -176 67 235 -659 154 115 -300 -359 162 -125 55 -145 140 288 -171 409 -414 6 -288 71 -168 -1 -10 89 -292 274 -413 -79 34 -595 -753 143]
[-323 -261 -854 434 -263 -105 -199 201 -118 53 -262 -376 -243 195 301 253 166 440 -89 -507 -516 339 117 -517 235 -346 -546 -134 -367 -45 -18 263 -1 2 -110]
[218 -259 -3 -115 136 -214 9 27 -239 854 106 433 -283 -36 -173 192 247 -424 -150 -683 320 -327 -583 324 356 81 -204 284 -86 213 -202 704 196 -472 405]
[-212 -134 -108 -156 581 346 -727 409 77 -680 372 -87 -66 684 -304 -12 -35 141 188 -311 -1 -190 -118 -271 -162 374 238 863 91 342 -1 403 -813 -84 -347]
[161 585 -85 137 186 -240 -267 267 110 -331 545 144 -283 36 -129 336 371 -1 435 -365 -436 -213 -134 151 247 355 445 -249 590 421 67 -52 -414 303 -254]]
