[[226 -17 338 -207 82 271 -539 -147 111 131 -512 -144 -175 8 -214 445 90 -153 19 -338 -412 313 30 -92 -54 -32 79 379 -247 -405 8 353 -40 106 431 -472]
[-96 83 -439 -635 107 -94 -131 -203 77 401 -187 -96 458 295 -277 3 328 -86 -89 195 -22 -4 151 -529 518 -169 278 -25 -488 -17 -121 87 382 -38 122 -291]
[-253 45 220 147 73 552 -124 -202 -193 60 29 -386 -123 -153 -144 66 183 -154 -217 -449 -394 -90 803 478 -371 6 -74 -57 177 123 44 -436 -175 229 -181 -455]
[-221 -286 -61 -463 -67 -626 -414 217 247 90 -93 399 413 518 -118 97 381 123 -95 -10 371 -47 -355 -433 307 411 -224 317 30 181 161 30 -293 -518 -327 202]
[-538 -476 -446 -112 478 -66 392 -125 165 42 120 -227 706 499 -138 25 524 228 149 77 34 119 -68 98 243 186 131 -170 468 355 137 -124 24 -726 -139 188]
[-312 3 -253 263 3 -266 -257 -275 -360 -166 22 40 -133 -225 -123 -230 -510 -267 -386 355 364 -300 -32 -235 20 -173 468 255 -271 190 -389 142 418 167 362 -373]
[-78 -91 -143 -106 -128 -70 -100 -118 246 95 -184 -192 387 189 67 549 2 552 -460 -695 -165 378 225 52 213 354 -488 354 -170 496 296 -45 45 -226 307 20]
[-415 16 -173 -72 -70 187 -247 285 286 140 -47 -208 430 -227 14 581 -264 30 -321 142 -332 297 103 253 -111 -79 207 372 -509 -401 -477 182 459 -347 661 -20]
[129 191 -749 -489 -429 529 107 -4 -238 335 267 -419 166 112 385 236 -339 209 -702 89 -461 -147 478 65 49 -308 347 49 -159 -227 -29 -7 132 139 466 -109]
[-172 107 547 150 27 -180 351 -315 5 -148 218 276 25 -290 256 322 -562 -100 -431 343 223 215 -275 107 128 -359 -43 418 -611 120 -277 67 -188 -305 567 69]
[-51 -771 -877 34 -215 240 -170 -27 -207 -66 -215 230 78 68 -25 -405 20 74 221 253 77 -261 -440 322 118 -85 588 -54 -9 -301 -281 -102 55 253 -35 26]
[24 -710 311 -3 212 279 -478 -273 -529 -164 -545 329 1 51 445 -120 19 -378 -90 81 323 22 31 -158 35 151 -159 350 242 -376 -220 -92 -466 337 -275 -210]
[239 -213 -65 188 -104 441 333 194 -47 78 -104 585 281 506 631 -91 231 109 -54 -417 278 -179 -425 177 440 -154 -441 192 77 179 473 -146 -95 -407 62 564]
[219 -558 70 159 100 156 837 -299 -157 -163 62 -213 -174 -2 595 -194 222 378 -277 -106 -160 597 312 465 556 818 -128 -39 86 269 174 -438 -598 223 -343 170]
[451 736 -60 -80 -89 25 -78 -208 358 -278 -175 -466 -291 -90 -66 -645 108 -14 -458 -475 -167 344 442 -345 223 -61 32 274 -308 232 316 489 463 276 36 -486]
[508 133 356 -618 -454 403 246 -275 -83 2 -527 -489 -287 -131 -74 186 -172 -48 -277 268 -53 312 -26 -52 -50 -335 -244 219 173 38 182 563 -329 640 46 -143]
[-52 -118 85 -1 -201 -226 48 222 376 -92 -205 -300 -285 -520 43 182 36 357 -250 132 -73 344 -626 111 -71 507 -366 304 -392 -12 242 437 951 -210 -21 241]
[-464 -622 -347 27 -687 -264 119 418 -126 38 -170 495 -36 -31 -335 266 -86 -33 341 -237 -143 -388 -653 233 -179 119 -352 -243 151 126 96 -6 2 -641 -428 242]
[434 -179 -352 -171 430 508 -78 -881 -161 -245 -86 57 6 -424 -222 -3 -452 -173 -126 -432 -700 145 -135 238 -113 -192 -208 55 -416 254 179 -23 90 -275 309 -570]
[178 -175 759 354 -272 -386 57 22 -380 269 -115 294 -508 -191 96 -292 404 -249 -340 131 158 -124 102 -284 -269 397 -68 -413 642 -173 253 204 235 397 -643 -78]
[-769 -115 119 -60 115 -581 68 -126 579 -343 -525 62 -38 -176 127 511 -405 266 -110 370 -303 431 -263 -166 -246 -164 -88 273 -509 263 -130 599 349 -60 414 -9]
[-438 -505 -440 -272 -440 333 113 -76 -272 20 124 -323 276 2 44 531 418 542 -177 127 505 -401 -247 -267 152 -71 -410 -275 167 -249 231 -527 -615 79 -156 359]
[-553 -123 -88 654 286 470 99 395 -111 347 109 -602 20 61 460 -87 226 -433 -90 480 -551 -303 216 27 -22 186 658 -1000 300 -166 -1 61 501 67 -133 148]
[-192 490 588 42 239 110 -335 -19 201 -73 153 365 312 706 -730 -284 125 16 -136 254 222 -209 -394 -608 284 -528 389 -94 384 352 525 320 -392 -140 65 -233]
[-303 527 125 -150 -201 526 -293 156 187 4 23 10 870 305 48 -244 -197 38 -19 -87 269 411 106 485 46 70 -205 252 -545 542 197 -163 -113 -347 220 -49]
[-161 107 0 382 761 -70 -576 105 -785 223 214 39 -339 -230 343 -459 280 -537 37 -152 571 -471 185 -29 56 2 -137 7 -231 349 -482 -423 263 -103 -860 -441]
[141 -621 -256 398 -288 -133 -110 225 399 -681 -394 -330 369 230 142 -91 -796 376 492 -311 -239 331 -544 202 -178 -420 271 -64 96 -309 -187 -116 225 -234 -138 -157]
[140 393 141 148 306 501 49 475 542 632 112 212 145 80 -395 595 350 -207 -66 636 -136 31 320 -191 -72 -460 190 -23 123 -284 150 162 1 -149 466 -454]
[-143 540 -36 266 48 -445 -79 412 -212 -546 -71 -166 14 182 52 -288 -62 -430 -215 679 0 -164 -451 -417 344 192 -70 29 -33 721 81 502 -295 224 227 -308]
[354 -97 -561 184 8 203 -313 -289 -126 -595 -8 -112 -194 84 144 -14 -338 77 340 704 -219 176 -638 85 -160 -293 -88 -780 449 -513 173 242 -450 -253 -214 -574]
[101 -214 -625 17 310 -88 -202 200 117 -258 -149 42 725 -550 -18 -393 237 92 330 -202 568 -345 166 -559 68 -64 -164 -171 -134 411 -550 -82 284 -569 -381 -136]
[-155 -219 -551 -292 -380 211 -447 -212 -400 -236 489 199 430 396 -348 318 -1 424 13 160 289 -199 362 183 -35 418 -545 160 176 528 296 -435 410 -81 -216 140]
[12 -30 -252 122 -151 -177 387 -657 -117 371 -13 -1157 -4 14 -201 132 120 100 -312 51 -193 -353 -363 -600 356 -538 98 270 -21 303 123 -115 274 -138 885 -66]
[-320 567 639 -310 -223 6 573 -535 -329 392 -16 66 250 140 132 -148 542 -284 -145 105 -404 -354 124 -750 -15 -552 -194 -262 250 492 265 -294 556 556 -534 -61]
[-94 329 -257 -36 131 452 613 -169 78 -539 412 -71 -314 -448 427 -378 -197 180 -219 -776 -813 82 -50 506 57 -272 -427 -317 598 105 524 -330 370 173 49 139]
[447 -53 277 276 444 -241 226 -637 -338 -644 59 -88 266 163 191 42 194 530 309 -110 -151 207 186 514 -301 -448 -317 17 336 -275 424 -697 -257 204 -515 274]]
