[[239 -148 -185 -138 389 158 85 45 350 554 687 393 -49 151 -157 60 -642 -94 70 40 -28 141 218 -119 210 -213 21 -181 -500 339 -225 -385 -177]
[138 15 -6 -578 168 -84 435 -323 -262 -510 -119 -62 -494 -473 188 -325 529 155 32 312 458 -271 -180 -381 2 63 264 217 -167 -16 99 277 221]
[-477 -95 372 -358 17 201 270 -84 125 117 29 -165 -353 -89 -388 41 349 -286 -127 536 132 -457 -185 -237 -15 95 118 -249 -484 -155 -327 535 -362]
[875 -693 -23 208 -308 -170 -91 202 202 -232 -181 -335 311 0 149 362 -185 -219 86 -429 206 398 183 298 53 -88 491 -120 345 100 111 -135 -2]
[-1029 42 -184 188 -338 -48 -14 -22 244 135 -703 188 -488 355 -184 -422 75 254 -147 -131 -19 -311 -312 -194 -147 394 -193 -291 163 -719 21 165 125]
[14 -21 408 -402 149 7 679 -267 85 -34 261 -281 264 -251 -80 104 680 -41 441 67 45 196 -367 3 -422 -397 483 207 43 520 84 370 187]
[-451 -259 -273 701 -99 390 -289 31 -49 121 -128 -164 121 -81 -67 153 -276 10 -94 -239 -259 36 441 135 395 640 378 -513 -343 -311 -185 414 -434]
[-138 375 535 422 223 182 176 -298 -157 273 -119 -411 257 23 -56 -74 -279 -333 -101 195 -337 -227 111 -152 185 529 -65 -138 345 168 -41 880 -35]
[142 -236 45 78 -148 188 326 -4 47 605 14 -116 -366 -106 -8 229 -129 69 -548 33 -69 -336 431 -332 276 127 105 -568 -486 167 -512 502 516]
[102 -307 536 173 -136 52 -298 792 441 314 460 189 -427 -24 -540 107 85 143 -474 -151 -156 -299 181 -187 70 -283 -176 -703 -35 114 -437 -391 -130]
[209 -758 -635 60 -183 183 393 -36 330 286 136 353 43 258 566 265 70 -200 151 -480 314 302 258 144 -811 -214 142 -175 -148 414 -254 27 -122]
[485 185 122 -88 120 325 564 492 204 201 158 169 -857 -63 249 -320 150 92 -135 -121 -229 -6 -25 -469 -164 -221 -216 42 266 156 108 387 -180]
[-818 229 -123 260 230 -357 -175 -83 -296 -71 -254 102 23 179 -219 434 -328 614 264 416 -74 -102 -279 -309 207 459 214 93 -413 -140 43 -88 -209]
[-624 395 762 -230 78 355 -162 -196 -158 338 -98 -221 563 196 -696 -145 404 -442 -317 -204 -202 -188 -547 119 -279 230 -459 206 562 142 155 -446 162]
[-190 -353 -334 125 -463 -330 -88 -102 206 51 -369 361 -688 -268 -70 169 287 -13 -195 603 -104 -331 404 -297 -368 -108 -310 -146 91 -484 -465 6 -243]
[285 75 -118 -13 54 501 514 -378 -652 200 -545 35 -302 -294 5 232 229 -530 -125 414 -162 136 -124 -71 60 -97 -23 347 75 708 -14 391 351]
[-412 192 -443 -8 -589 -146 -376 28 361 83 -95 -47 685 281 -24 -268 426 424 33 66 -28 -465 -268 592 137 185 -330 -156 -68 -342 106 -137 153]
[-290 465 85 -638 -377 -168 388 232 174 242 -549 208 -218 -107 -383 294 73 103 -141 318 -321 103 -628 158 69 107 -162 -151 157 309 135 142 486]
[145 -553 -506 -560 135 -126 -16 171 359 -752 39 162 440 -316 -88 337 -56 84 227 314 160 93 10 -253 398 -138 505 -138 157 371 157 -683 85]
[-480 -274 -420 122 -303 335 -99 219 303 -324 -55 442 466 397 230 -660 -146 9 14 142 248 37 152 312 -38 18 -132 -315 -431 138 488 -478 -114]
[-148 37 -145 -21 1 -39 95 429 75 685 -91 164 722 611 -396 401 -369 153 -361 267 -476 -403 4 -307 -299 -326 -597 57 -829 -23 120 -103 -418]
[351 -458 -823 279 -535 206 396 35 193 44 -473 -64 95 397 -29 5 407 -582 -609 -208 -244 -96 -462 -66 -188 -13 -39 150 361 -366 164 216 388]
[-561 -242 354 -241 -427 0 -108 -551 -41 942 25 -435 -139 279 -235 135 -252 -26 -371 264 139 195 -160 -484 -399 28 -265 317 -10 -204 133 22 496]
[-494 4 333 517 -284 -184 -218 -26 -231 13 -40 -709 -7 26 -432 117 604 -312 -115 418 -373 343 -239 311 -309 -124 571 -60 300 350 502 -126 -101]
[161 -176 563 986 -206 -134 391 86 472 -172 -397 5 -77 90 -486 128 -639 -549 -181 17 35 -149 -241 9 31 -388 -199 44 475 -156 -80 -226 -131]
[-462 183 -101 -966 -140 235 114 137 -74 -54 484 -269 318 334 -110 46 136 -303 -11 -209 -288 -153 -64 304 -108 3 274 239 191 -28 314 559 115]
[225 -92 370 416 -89 -275 -137 326 143 331 283 -83 -309 -444 -269 374 130 -145 -642 -276 84 275 396 700 431 -10 439 33 341 138 31 -394 311]
[-118 -176 -178 -622 -511 403 98 422 7 941 60 62 29 -26 -257 206 -289 199 -460 261 -61 288 296 221 -90 27 4 64 -223 -634 -249 122 -80]
[-222 46 408 -86 95 81 248 42 325 -360 -306 -173 169 99 -344 -189 95 -435 -244 0 490 488 -261 318 -521 -404 62 -460 416 -107 361 1069 -515]
[604 -83 280 647 146 69 -610 -72 -191 -292 218 -72 362 132 54 102 -890 -160 146 -195 0 -228 85 510 401 249 765 -286 -53 -607 -324 326 333]
[108 365 -103 67 0 -695 -349 225 345 711 -38 -252 60 -195 -183 -223 -412 31 267 -169 209 -77 -127 -438 436 61 -80 -53 47 -180 73 315 -527]
[-306 -41 225 -97 433 71 -592 82 -179 -391 277 -82 131 61 293 -186 -749 295 -71 265 331 -245 244 -184 -421 -14 -349 1024 -54 158 -19 -419 -96]
[-79 604 -712 -163 303 135 171 250 -258 136 11 84 -285 -90 -297 351 -572 -295 392 468 -293 -485 289 -11 -26 -203 27 -39 -429 239 -357 -10 327]]
