[[458 -148 411 824 -173 -27 -109 -330 -208 -33 -53 -173 -173 281 -290 84 -153 -98 221 39 -309 222 -100 318 17 -101 -609 -128 130 -240 -159 -199 -287]
[-231 -66 66 -313 31 -140 167 147 75 -283 -314 110 -41 -124 459 209 -91 258 -461 282 58 -551 -614 144 -104 65 522 453 -89 -282 246 50 -371]
[-391 -139 -72 -118 268 -61 279 243 -359 -92 -215 -272 142 -112 266 138 -301 -165 73 -291 870 -106 -143 -14 -260 396 378 425 -268 115 27 685 -242]
[133 -320 783 -77 6 89 318 -397 -29 -4 77 -124 -377 381 225 89 -276 392 -296 -195 -114 -320 -498 10 -58 -30 -415 -418 274 -794 216 -269 1]
[233 -92 523 134 144 504 -131 13 95 -38 -90 310 -38 339 -18 419 -41 21 74 -547 408 54 -842 -486 -102 421 -197 194 -19 -335 216 54 -265]
[196 -100 269 423 237 196 -451 262 -192 228 -540 4 -125 209 -464 -185 -139 -128 211 235 438 240 -395 202 -354 -202 -171 -20 -524 60 107 -374 -675]
[-334 556 -211 98 -497 -362 -110 -269 287 -136 6 708 -223 -193 -121 177 548 -10 -39 -169 -331 -307 -535 11 140 347 -55 -129 50 -435 295 -155 149]
[344 222 611 368 144 63 -144 37 -43 -147 -398 22 59 79 -609 -667 -305 -304 408 -282 308 100 696 174 14 16 288 -278 -124 72 -32 -205 -153]
[87 356 -78 207 -665 -445 168 -174 -208 -96 38 -56 -352 -209 636 445 18 -122 180 419 -181 288 -468 518 -79 -52 -359 -13 -643 -382 80 -201 -86]
[-219 -759 186 -540 353 71 338 20 -280 680 74 40 401 -78 -40 -132 -311 300 317 201 848 16 375 -289 -361 -373 -446 46 294 231 -391 448 239]
[59 -69 66 -188 -18 595 295 116 138 145 -294 500 34 -486 289 682 23 -579 312 -80 -41 1 -153 36 -297 92 473 677 -152 -192 -230 144 21]
[514 137 777 -127 -241 638 363 -377 -79 193 -437 -794 -482 465 519 -33 -49 38 -218 294 -739 -377 193 400 -37 -33 302 -189 -69 -358 330 -252 165]
[-138 444 -72 -285 -238 -103 -397 -70 454 -100 -501 568 -25 184 -554 10 39 174 196 220 -110 -371 797 312 -9 152 -132 -338 565 10 96 288 436]
[-571 36 99 156 9 -478 149 -412 -154 63 324 443 186 -414 239 -18 375 222 -290 153 135 -376 -400 -399 -29 3 642 -347 479 -58 -220 507 239]
[-129 570 573 317 -260 -108 216 -227 -692 -367 8 -499 286 -253 19 -201 25 214 708 108 328 122 92 306 -232 352 -8 -553 -108 -42 128 -8 -272]
[-102 166 237 -54 22 177 -205 678 -207 -246 168 53 211 155 -417 -419 6 76 229 2 -69 705 284 17 386 79 151 6 235 976 -121 -382 -249]
[372 430 364 315 -403 -224 20 211 109 -182 219 -67 143 335 -674 29 -120 60 -199 -174 -670 17 -516 -99 465 -294 105 583 237 67 -68 -33 -397]
[-425 622 -237 -207 100 -33 50 205 165 -398 -109 253 -17 160 571 86 778 -266 449 462 35 154 -707 -147 -180 610 282 -70 -140 571 211 -143 -52]
[-119 -243 507 -101 492 -115 -311 -143 82 -47 -498 -99 313 -188 242 -282 108 -486 137 485 411 -467 170 -205 -463 -218 745 1080 -77 352 -316 324 -33]
[-231 -56 -158 -312 -80 181 -79 486 338 196 -692 743 172 -105 559 445 492 326 -651 763 -134 -67 -169 15 566 -260 126 90 -147 301 -88 185 -196]
[-238 -86 -308 -127 -417 50 -434 -134 -244 292 213 -31 752 -151 -339 -68 224 491 388 246 -56 -285 201 -504 205 -402 194 502 279 101 -49 -563 198]
[85 633 -146 468 208 -128 -105 51 91 -75 -345 -315 -61 95 -298 -383 638 15 200 -294 -13 259 121 -654 -331 351 -583 163 -315 242 271 -305 -233]
[687 -325 247 -36 -75 -44 210 145 145 -48 344 174 -145 359 135 -84 -67 793 185 690 -105 -497 320 591 191 -15 -431 -292 373 191 -237 -28 254]
[15 -730 461 -253 296 -1 62 -73 457 513 979 -67 -180 292 -628 -454 -499 160 137 215 -709 134 -74 168 -246 -392 -563 -383 5 84 -212 -424 66]
[49 -564 339 75 809 -138 124 141 463 623 80 113 -196 138 77 -379 -102 -535 -349 -567 -423 312 273 -225 -460 -232 -231 -350 82 -92 239 -545 -74]
[-13 653 367 551 -268 -152 -235 -142 -514 -538 -841 -288 36 -513 152 -488 254 -69 -75 298 399 -164 -556 101 -266 238 -389 104 -477 475 153 -373 -590]
[243 -440 -51 -64 -8 95 372 -168 -137 -133 64 -615 533 403 361 -170 -275 -161 111 -333 -14 -402 234 575 11 822 295 330 613 367 -370 4 -339]
[-423 -193 457 289 -20 -84 -143 -250 -258 -73 106 -20 -62 720 -341 235 -278 224 -739 588 136 -103 -443 -417 7 -487 -375 -116 271 190 49 -41 251]
[-13 159 135 -26 -90 -207 -572 -587 236 -90 -80 309 -704 273 190 316 490 557 200 120 -349 -389 -431 16 -326 190 -807 65 -250 -233 99 -124 -503]
[451 -132 -177 185 -354 136 341 -532 -56 27 -343 -107 17 -305 590 568 295 -106 105 39 -204 167 556 31 -344 -257 118 -220 311 539 -503 -5 198]
[487 -24 201 674 -107 270 24 396 -612 193 -47 -533 240 74 101 -173 -57 -310 357 117 -363 347 -279 -324 -858 82 -190 -29 -463 222 305 -235 0]
[-41 -350 45 181 648 727 464 -113 -544 173 299 -12 232 643 261 389 255 -77 281 -380 101 88 -262 187 27 -7 25 78 390 134 -161 734 517]
[-450 -280 -611 565 -150 68 -158 -418 527 -129 473 618 -19 459 236 305 -199 76 384 -7 664 660 -106 -418 -99 160 -451 101 256 -221 137 462 469]]
