[[119 155 140 267 -94 221 153 -419 142 -441 -295 -637 527 -49 0 107 138 171 71 -186 -8 -476 -19 85 -252 -196 -434 -62 354 -140 -65]
[-66 57 34 247 462 -120 -224 -402 32 -98 -177 -342 360 -121 122 -492 -376 -148 408 38 -317 -377 -118 256 -331 -208 200 43 221 541 132]
[310 132 517 -204 -257 492 135 -395 -18 109 -175 240 -204 -153 271 256 -90 -44 226 -127 324 148 -152 -178 234 325 -555 -237 361 -285 360]
[-416 512 5 95 114 344 -1 -133 274 -6 -6 9 681 741 219 442 -162 181 11 -458 -95 -394 44 129 99 -311 65 -184 -252 267 -19]
[84 284 -428 -420 -96 -158 222 -240 651 143 641 123 -184 -13 136 464 -260 76 -406 -553 -281 -147 307 61 7 61 -106 -3 -212 197 16]
[-24 -1012 -3 -208 -257 -485 95 -416 180 12 259 184 -490 -260 -251 323 -257 -461 -279 318 -195 10 227 1 43 242 27 39 322 315 393]
[107 -430 -96 426 -50 -162 -391 -26 -302 -138 -316 -187 -220 927 -271 190 237 280 163 28 -145 183 -271 369 129 -230 104 37 -43 405 364]
[-625 -6 169 331 128 -19 174 -256 203 -364 -728 58 117 -93 -2 -517 -187 -202 -147 323 102 -379 -152 90 -64 -449 206 -284 232 224 -859]
[-405 -497 396 -332 -192 -215 -125 -127 -169 -386 -547 216 -619 -414 86 169 311 -417 -578 544 389 319 -76 -24 63 -74 113 -189 -357 -292 -4]
[-500 -131 152 -318 -70 -239 371 368 132 -650 -289 164 76 -179 12 -723 205 -196 -261 478 314 340 -154 -46 0 -144 -168 342 -397 -559 10]
[-85 185 438 -516 -223 179 196 214 139 89 -689 -109 26 229 1 -337 641 179 55 -10 742 -13 -202 -101 -45 -437 -404 -21 178 44 -59]
[11 -684 -210 419 309 -377 12 94 -13 70 254 504 -16 -214 -180 -149 -85 -191 -469 416 -386 175 57 148 -315 481 -73 22 -369 -74 913]
[-220 290 641 226 479 128 210 -11 -152 673 -58 126 -259 -72 -289 -686 111 48 431 510 291 3 -294 368 -182 273 149 167 273 -36 587]
[-117 81 -190 -563 -328 551 -309 -175 -24 -27 224 -44 251 73 251 243 3 172 -303 -637 -148 334 453 77 -357 -552 -1 -149 -320 458 -8]
[29 -208 342 229 219 -627 344 -59 -362 430 215 265 -510 31 -272 -334 -75 134 -295 150 -29 -97 408 265 -707 165 268 -75 177 189 -449]
[-200 -704 670 168 -183 -88 197 50 -903 502 368 268 -41 42 -171 -723 -544 -108 321 734 -456 -42 50 144 83 3 207 87 -18 -26 172]
[-153 -265 323 -113 -2 234 -459 3 -69 31 -185 151 144 703 65 718 409 215 440 125 707 -243 -58 -393 -23 482 -190 -339 78 488 -123]
[311 127 -140 127 -563 -127 -45 -370 258 404 231 -579 216 -572 -518 -190 -102 110 494 -390 -29 -113 -256 266 -360 -314 232 -87 486 159 437]
[-257 -81 -21 161 -130 0 -417 -100 -273 -306 132 -419 407 -217 -484 396 -185 27 -145 -191 719 -169 499 -270 -712 85 -135 -84 -305 -124 52]
[-365 588 264 285 664 476 -249 -700 -42 202 -642 -165 -233 354 538 -330 272 535 55 45 505 -493 -527 -141 208 -476 -351 13 -198 68 177]
[-219 482 308 -451 36 -26 287 515 -462 158 121 355 632 456 -216 -40 -384 277 522 -61 -269 88 115 165 -318 -225 1104 488 46 253 116]
[449 -617 -653 227 -440 -166 270 316 246 -106 60 461 -623 -5 -898 101 -2 -96 -408 173 19 313 162 -228 -218 -506 113 78 -371 -48 442]
[-268 512 579 190 -197 179 -41 -216 26 -82 -153 -391 270 -311 693 -479 -502 347 740 -17 454 -214 3 459 161 -219 -203 -412 20 315 -692]
[-634 304 280 -341 -55 567 -587 409 -150 -6 -140 518 200 544 438 284 -135 -152 -67 262 -121 712 -29 -396 71 719 -388 274 -475 -347 558]
[-454 -32 372 257 -237 -169 342 -576 238 69 -637 -39 147 214 -22 -470 624 20 150 442 516 395 -180 245 -212 533 -538 185 227 -93 -205]
[-134 85 338 328 -54 453 183 281 -326 252 -214 -66 174 -382 -147 -959 421 26 303 602 -622 251 113 -128 93 871 -179 24 89 -211 262]
[126 -73 445 -676 -115 -215 2 -45 128 63 -100 -74 18 -167 164 543 -60 165 -625 669 13 -146 288 -276 278 -275 -69 83 -48 307 -776]
[370 378 -204 -298 123 667 -482 294 530 195 -35 89 -744 -37 -7 352 271 330 -456 -607 -368 248 -151 -577 -235 -168 -71 70 -492 626 -355]
[121 -78 95 268 79 367 264 -930 -154 -206 -13 -333 -284 180 -313 -411 -90 -370 -424 210 307 -219 417 6 -253 389 -12 -24 477 239 221]
[-445 -417 -160 -38 186 -230 601 -644 264 236 7 265 -329 -779 -221 -172 -411 -377 128 192 416 143 -59 -281 -175 -89 -528 254 547 771 294]
[-109 1014 52 -218 364 10 -376 -228 200 150 -21 563 -779 171 -240 15 231 -54 243 179 -299 139 196 246 116 -210 194 148 -51 931 206]]
