[[-272 170 -65 -171 115 -283 202 -59 60 -372 185 276 241 245 485 -135 -548 -171 114 -88 141 145 534 458 -185 470 -64 -279 432 133 18 -82]
[314 401 -246 -57 -117 61 135 274 148 65 -3 -601 -404 -304 291 0 290 134 82 -188 -184 -89 -158 -33 450 -331 -368 -164 -41 -308 390 -678]
[142 598 243 -36 -679 257 -26 -140 -304 168 64 -89 432 -152 544 -186 216 115 52 -114 421 -77 51 300 319 -350 27 -352 139 -366 32 -313]
[369 -445 -43 205 -210 101 -465 -483 -403 2 -57 -373 642 -432 -141 265 677 -412 -221 -193 -145 91 -229 117 201 -56 151 59 -25 31 -88 373]
[-223 858 477 -96 259 103 -7 -28 439 -84 -12 350 -53 -515 34 -499 351 104 -226 -144 84 -87 -64 381 -200 -184 42 -181 -97 -21 -218 -97]
[384 804 200 -299 212 -132 276 -185 30 -316 -101 768 22 -117 5 394 -101 60 126 -140 497 -128 -73 -72 -139 -117 -53 -76 -97 -200 -424 262]
[-9 69 730 -425 -238 -110 -418 -114 -122 327 16 250 -379 564 -98 -550 -121 -28 -104 8 -212 93 -120 -135 -222 75 162 -171 -413 389 312 11]
[15 -85 235 150 -380 193 -389 -192 -450 549 202 -259 -78 218 -157 -66 -165 -162 -8 66 -376 256 288 -219 -572 203 -17 -328 -53 43 449 737]
[-30 -208 -47 93 -186 217 -101 190 -19 -580 -83 151 -82 -5 -732 434 -276 302 215 771 267 -170 -425 97 124 -158 231 333 230 -188 -293 -53]
[-377 251 -463 -362 243 435 178 205 260 214 -191 -76 18 -52 -405 -571 361 433 -481 429 -134 -313 -156 155 182 -378 -246 165 145 -11 -665 -367]
[297 645 233 -595 13 -315 -137 -524 -354 -448 323 700 412 -210 222 -623 111 51 -166 69 238 -94 45 -102 -38 -197 -586 -296 -157 124 37 -147]
[687 89 534 280 261 -497 -148 62 -104 -300 -126 505 -71 -156 327 116 279 -259 -485 -142 -160 574 -307 163 -26 -219 -298 -198 -95 173 293 -85]
[-639 -478 128 95 262 -422 332 144 43 116 346 -10 650 58 33 -170 -358 -235 -236 370 73 -229 647 -419 204 -190 397 157 -15 -50 -132 355]
[527 498 136 393 -187 6 214 111 52 356 -213 -3 -109 129 569 252 -297 -372 -155 653 328 28 36 -360 243 -150 44 -99 181 -753 -102 115]
[514 240 667 185 61 -377 80 -518 401 -205 -388 410 415 -424 241 64 212 -65 -153 -79 -87 -8 57 -44 725 15 343 -159 213 -323 21 100]
[-404 288 -151 40 216 357 -6 128 444 189 173 207 -198 318 439 -608 -192 16 -346 -459 703 -152 -67 630 -40 683 243 -266 -217 -198 -427 -311]
[128 -454 -106 441 156 124 450 114 75 103 329 -340 -254 -86 -373 134 607 88 1 113 -659 369 494 -239 392 -528 -233 273 349 127 400 -15]
[-521 -835 90 504 -288 425 -254 -139 -239 -380 -464 -92 513 227 -44 32 -194 145 509 125 -155 21 -467 25 -91 -135 190 24 -329 494 352 -119]
[-180 32 304 92 -394 149 107 20 -201 -152 100 172 38 -413 444 -300 344 -685 260 -569 115 -4 317 714 -261 -404 -342 -559 -445 85 469 -9]
[-399 28 451 -86 -325 35 -118 183 420 -215 73 -776 -151 908 283 237 147 -289 233 -365 176 167 122 -454 527 -398 231 192 -179 63 466 -399]
[839 95 97 -293 23 242 371 748 49 4 16 -244 -120 75 -519 219 -182 -66 37 133 -13 -68 -459 431 121 -539 102 -172 -213 -257 -151 217]
[-138 -334 275 -233 422 -217 -111 -587 7 -96 409 261 -601 156 -54 -145 -40 -329 -206 364 -119 534 -450 689 -748 594 143 204 349 497 112 -233]
[-355 239 127 -440 69 39 -177 -56 -175 809 229 148 46 370 -20 86 -688 -372 -26 335 109 -349 41 -388 -88 -85 -382 -646 -471 -689 285 -97]
[-590 324 7 -343 357 -119 314 -130 -370 260 -77 21 651 -61 134 498 -63 123 -80 111 -477 349 406 233 -556 221 413 -53 581 -581 -545 241]
[315 -179 -166 -23 623 -491 315 -582 337 -93 84 -439 -18 -302 253 435 369 -80 372 215 231 -243 -172 47 809 275 508 109 -81 199 5 218]
[-476 -201 -316 -11 34 521 201 -230 -260 164 9 -551 -168 300 212 249 -446 -524 -133 -256 203 159 831 -202 -226 176 29 52 300 381 568 56]
[-207 353 -244 -456 -13 216 195 726 0 69 -98 -436 -101 652 79 -46 -564 35 599 383 -98 738 291 -157 -190 -15 381 -353 205 241 203 -67]
[-19 420 -118 -554 179 2 -275 281 438 179 85 -504 -42 -1019 -80 -139 65 -728 -216 -211 -337 -68 -354 -395 -214 -234 -265 517 -214 -263 531 340]
[-71 111 -326 16 50 128 688 450 -410 -506 -54 -413 -351 186 -87 124 -452 422 182 2 -204 164 -80 272 249 500 -738 -251 -134 -193 609 198]
[278 266 -416 -193 842 -13 86 -57 103 -267 -282 -154 316 -52 -86 93 -522 -204 535 -752 -493 -184 367 314 -111 -111 89 185 -213 -15 -173 -142]
[-344 551 -232 -820 493 -508 -360 -346 515 138 338 -208 -48 236 -410 67 435 230 -443 -186 -196 -250 137 262 -74 -89 -81 390 -124 38 327 -252]
[-67 57 -536 -228 286 -14 327 -133 439 -76 53 317 -543 -241 -273 488 -480 288 -284 579 -218 -81 438 816 -194 79 -206 -125 -14 112 -85 67]]
