[[-231 79 318 129 -726 530 202 302 -231 145 239 137 84 350 67 -98 -86 429 97 -294 502 -46 252 -296 550 -78 70 -289 223 78 22 -273 127 84]
[15 278 169 211 -307 116 -270 446 -515 283 -190 -66 -483 107 19 -114 317 164 -321 -249 303 199 520 320 424 -147 325 -127 308 -353 -408 284 143 -100]
[-153 202 467 342 131 318 -275 303 -272 -152 289 37 -523 -228 -4 257 338 -36 51 466 90 -296 435 282 360 27 333 318 643 -217 -147 -315 -376 -19]
[473 78 195 17 -478 231 426 245 -38 -219 -221 405 -68 -22 -394 -667 156 517 94 -610 216 214 54 -248 -27 174 360 -136 -180 -176 -400 355 38 -70]
[-684 -133 -333 -166 -467 -180 -31 -337 312 477 -22 -141 52 684 429 -207 178 53 -196 -410 -221 52 -105 -343 328 -16 383 -365 -437 137 191 -209 29 -116]
[-221 600 -184 -100 -123 366 26 -13 569 -206 333 64 28 100 514 306 85 -261 -408 229 55 -475 -24 -317 305 108 231 -66 -231 248 349 -53 -405 -657]
[35 560 -212 -292 85 -1 236 106 282 -825 -91 -50 182 124 128 -209 51 83 87 -261 321 121 -611 -56 -608 -194 -462 311 -265 -291 278 -9 178 -259]
[-362 -121 175 -400 103 200 -105 -463 26 -258 -128 476 107 454 63 -183 131 636 465 98 422 -165 -185 -534 -457 12 183 88 -312 -367 -171 -424 105 -82]
[231 176 -5 -368 313 -649 496 -169 -112 -611 -173 -526 65 -32 -238 -188 -80 140 -64 -191 -292 569 -332 71 -409 -235 43 -419 -241 -3 319 116 64 640]
[-478 -369 256 183 -377 -26 609 385 -11 -228 246 214 121 -264 -115 -29 -198 390 132 78 -290 183 -386 -370 166 -214 -19 -358 653 321 -233 3 71 753]
[-213 -518 619 -5 89 84 40 -691 -60 -185 408 355 215 -199 364 476 -284 412 220 183 -363 -9 186 -79 -341 -8 -29 239 483 617 -286 -230 -180 466]
[80 589 -222 -523 -265 143 400 -67 -338 -418 -117 -297 424 35 -180 -99 177 118 477 -341 351 -336 -193 47 679 -103 -77 -198 -193 -137 700 -193 178 429]
[-244 164 -252 -471 -73 263 -215 -495 -304 33 53 -397 174 724 122 150 -37 91 110 96 -185 -122 562 265 447 549 207 -105 357 226 171 -142 -247 199]
[20 57 -197 166 -455 484 -316 249 266 -340 -117 -30 -516 286 351 -199 -32 338 -121 -502 722 187 630 -175 -245 222 77 331 102 -516 -109 -292 -251 74]
[-189 -308 -238 -198 881 -591 -397 -518 -174 181 -628 -37 -90 -189 145 102 -29 -54 -92 -560 -139 384 461 60 -8 78 -105 204 -6 -22 488 -26 259 357]
[-87 192 413 -193 -163 32 154 360 145 -358 547 -386 -26 78 -85 616 -118 34 -210 985 348 -115 -367 -406 349 -599 -439 7 -61 -237 425 -151 392 -568]
[-122 100 8 -479 274 285 326 -391 345 -202 -278 28 -237 -208 339 343 -23 54 -28 73 466 -501 -189 -288 -1 278 -250 983 284 -71 581 -163 -147 90]
[-287 263 -373 -24 -595 159 175 -441 90 188 -410 -373 -491 279 126 -579 308 119 466 -458 -174 201 -110 404 -138 -211 -208 108 387 251 209 -300 -138 605]
[85 -141 -288 297 -18 -50 -28 426 242 -119 219 152 -299 -423 182 227 -57 -540 199 144 -432 87 -66 176 817 38 171 156 -95 -475 -362 -348 -497 177]
[172 -477 259 91 129 -33 -188 52 -165 595 -89 -258 17 -1 -429 177 324 -504 -388 24 -482 -51 123 454 -464 656 464 555 300 354 -85 -673 -312 207]
[423 111 308 -148 -155 474 -319 -503 -95 -89 -180 399 492 14 -166 18 -140 69 -198 2 464 612 558 -83 147 -512 -387 -402 11 -231 327 -443 450 -39]
[181 352 100 164 300 47 -308 -377 -145 -579 122 -147 307 -78 423 -10 -321 319 -312 396 156 44 563 47 190 -29 -78 -100 268 -379 -632 274 385 137]
[-876 -340 -319 -109 345 137 -238 -374 -7 260 356 90 188 26 -298 66 -379 -108 -156 -1 81 88 -109 -185 224 146 -29 230 588 -340 -191 9 338 246]
[179 -161 423 376 128 -287 -257 -649 13 347 84 330 396 -202 -652 -81 -80 -154 289 -43 -32 502 226 -368 -465 227 -274 50 -227 -287 -399 208 329 -203]
[294 -55 160 56 -335 78 38 -59 -932 650 104 369 299 -556 -479 -292 149 -217 329 -604 650 -215 -277 -171 -142 204 43 310 -294 351 -33 537 -86 -23]
[-165 -394 -369 197 357 -161 -325 299 -97 152 -563 -15 84 319 -416 -449 -44 609 143 69 108 43 949 -4 4 -117 -119 13 -408 82 83 -29 302 -180]
[171 463 -425 -151 171 -346 193 -268 -7 198 -399 -85 6 143 65 -191 1099 -126 -531 50 92 106 -419 -17 -32 -26 -200 85 -175 -18 727 -264 37 -653]
[-177 -34 130 -185 272 -500 -536 -19 -359 -91 -224 -282 -171 -130 234 -266 43 -104 185 178 95 990 444 433 -435 -83 79 -54 -739 -1041 38 -152 -55 329]
[-385 -502 -62 -269 300 -303 -287 194 -847 -212 47 -466 -452 -422 -74 296 309 27 -273 508 213 -57 524 178 63 -275 147 54 -393 -392 -303 -424 639 461]
[346 612 -18 -48 339 613 92 191 92 -477 447 -328 -255 -48 571 -497 -333 -546 456 85 16 345 227 595 -545 -159 -387 276 221 279 -281 231 -46 -439]
[-77 829 661 347 -157 340 -270 182 777 -340 100 -176 -72 259 250 -294 265 -39 -116 -159 -203 254 249 370 536 264 -59 204 -277 -245 -81 -177 -395 -364]
[-286 524 -454 -190 -728 94 8 615 327 336 337 306 -81 -138 247 191 -419 -647 105 -501 180 -209 216 -176 254 -41 -290 -594 -9 -205 -24 -15 320 83]
[61 375 -91 -605 -174 17 488 -491 -109 226 36 -217 343 -44 -182 -642 388 683 76 -482 44 -261 -482 -461 -94 -216 -219 93 -340 235 284 56 -347 -74]
[158 -31 -733 -184 10 10 -36 95 102 -163 -35 143 -335 194 439 224 277 -267 15 -627 -246 114 293 46 258 -325 -59 841 -254 327 503 -336 256 117]]
