[[-344 -23 220 64 188 151 -132 184 311 -21 456 -307 140 83 -106 210 414 -133 -393 -172 35 -405 3 5 -263 -774 76 -380 123 -444 -146 -121 -187 -374]
[-78 33 -408 231 763 90 263 308 123 -4 608 -36 -38 -323 -282 -377 194 -224 -277 -168 -68 -434 40 -171 -427 -451 -259 199 -299 -66 -309 -80 352 -212]
[66 209 257 32 -609 117 -210 239 340 55 -541 1 247 457 150 -166 299 -184 125 -117 -453 700 87 90 50 -341 -294 -17 219 283 92 -265 -106 8]
[-31 124 -429 262 357 251 -48 -20 61 535 367 311 -14 220 318 -519 -245 -348 148 -235 68 195 283 381 434 -162 -357 196 124 273 -421 83 597 -33]
[-382 -336 426 319 -200 -346 260 33 423 -239 -241 72 175 510 104 361 632 -43 -296 214 190 -84 54 -400 23 -65 -508 70 61 -74 -131 -46 -384 -80]
[201 -103 489 -128 -719 24 -350 511 372 -197 -289 -516 -478 -433 -74 390 147 137 -81 -297 -143 17 -40 21 -93 -974 -47 -299 376 225 293 -86 -77 -355]
[-149 65 59 43 -256 271 -204 -177 -221 502 -193 -15 782 361 142 82 133 -533 -173 761 101 499 -30 224 103 -424 38 145 144 57 -261 -205 -115 180]
[-485 -150 105 -407 202 -400 167 168 -86 -219 -331 -36 296 299 -21 29 371 647 0 -157 -194 -111 180 210 -546 138 -496 108 -403 -412 117 -151 -126 401]
[-695 -92 -9 37 0 482 -112 292 -138 -65 113 323 -6 149 304 528 180 196 -77 185 83 286 533 168 347 -182 -350 216 140 325 -392 -257 429 423]
[143 87 -719 -427 -341 285 273 337 103 -186 -379 214 36 -291 -170 -218 -60 383 -200 232 -362 540 115 -317 -234 26 -139 400 -476 -219 -357 -598 34 719]
[201 314 -504 221 353 21 386 -173 423 -61 187 203 82 36 -34 -590 -230 -134 -600 -276 -27 -370 -299 206 496 261 70 -78 -132 146 -763 -206 -155 -199]
[125 9 295 320 213 194 299 -60 558 -136 302 -61 461 -11 -19 214 193 -113 -592 -414 80 -660 -159 -641 -103 605 -248 -147 -316 429 -139 -33 20 -285]
[-263 147 368 -138 154 -21 225 231 -190 -98 142 218 -28 -48 -139 506 93 410 -69 -367 -321 -179 318 1033 107 310 901 -224 350 -244 331 7 -137 -87]
[-440 299 487 -334 -84 -141 -361 59 -44 -59 -74 -370 298 -516 52 -222 -96 681 157 243 77 -529 -648 121 -620 -289 323 -128 -292 201 402 154 -23 -48]
[518 -152 -411 -418 -584 276 -219 -758 -671 -239 70 -147 -241 -89 -15 174 -99 324 -4 293 502 -18 185 201 443 -191 138 230 173 -130 -164 -150 71 393]
[318 -158 -176 14 414 -617 70 -350 22 371 66 -177 -355 -619 -42 91 -665 -237 -137 -398 210 -169 -244 -43 -76 586 -255 126 -12 450 -872 335 200 -75]
[-97 419 346 -21 313 454 133 285 570 405 119 248 -42 943 -180 267 -401 -194 -100 -549 -253 190 138 123 207 207 211 -136 102 183 -144 -165 206 -142]
[180 -178 -79 -57 -272 159 244 372 184 134 -17 620 -245 200 204 14 278 931 -275 -172 78 417 45 -253 -73 -60 -780 758 -295 366 72 119 726 56]
[-276 -400 -497 -270 126 372 -595 -70 -296 -119 728 -215 412 -325 -207 45 -161 -64 -171 334 -424 378 40 -257 -282 -478 -407 -233 146 -329 -87 -79 295 -108]
[-623 382 -138 -492 -394 430 -290 -670 381 -109 442 -182 365 189 553 95 537 70 -557 11 -24 300 165 199 361 -80 84 -780 233 -68 -502 -449 144 -116]
[-351 240 112 -72 -277 -14 115 -263 -310 6 27 -318 -29 183 -286 291 -157 461 447 -42 -112 146 -326 -242 -453 644 0 -173 -500 595 96 -371 509 381]
[-430 224 374 149 -194 41 439 253 206 -421 -315 458 -42 24 -122 -124 -401 -174 -134 243 -520 -101 155 20 -290 -254 15 663 -284 497 -156 -134 -352 -14]
[157 151 -16 86 520 410 -149 -20 -241 -185 585 312 697 -47 -6 -465 517 -779 -552 336 -181 429 178 -575 154 -259 -12 -186 96 328 149 140 756 150]
[88 13 262 -242 561 -259 292 -207 310 393 -461 -72 441 34 136 379 -209 140 -157 52 -61 99 196 490 -385 434 -665 -347 157 -196 227 -189 -5 -310]
[-306 93 83 -9 -28 -504 18 725 369 -394 317 436 -126 135 -242 -65 -88 180 -60 -400 -438 -236 204 -549 192 -326 -387 522 229 645 -713 -73 143 -308]
[80 183 -355 -449 226 -445 -197 -602 -403 -66 -239 125 -543 -78 201 216 -25 -62 127 -348 -15 19 -366 4 68 -13 124 -13 568 388 161 301 -336 -711]
[9 -149 -474 -249 -112 -161 -14 -524 -129 321 339 -83 248 -527 -1 177 -360 141 470 10 197 -191 424 660 95 -585 -67 -485 -125 31 578 86 83 -182]
[-863 -68 366 306 -127 157 -17 -259 357 -374 427 359 -210 250 449 247 380 -422 367 -396 172 -98 -403 353 401 -487 425 -361 115 57 -270 -58 -16 187]
[-32 -395 -140 11 -185 -315 289 -197 -8 160 459 352 -335 -70 24 355 -147 522 573 -65 113 -605 -286 -173 269 -426 -695 145 286 -541 136 250 -254 -70]
[-144 -961 -129 157 62 -361 271 10 816 249 10 94 163 -223 195 -449 286 32 272 -214 -191 401 84 -51 100 -571 -357 -141 15 66 -64 -132 508 -24]
[93 -384 148 211 -517 368 236 -574 305 401 151 524 -186 67 -162 169 232 173 165 -447 -17 -244 -345 -73 -86 597 244 119 -471 -457 19 56 -209 -417]
[268 -942 188 -484 -7 -84 189 -61 602 -172 281 7 -94 -23 -189 254 270 262 -118 -170 156 -693 -112 -131 -468 -239 -447 329 -208 307 -129 182 -348 82]
[310 6 -210 -166 163 -346 508 4 204 -465 -366 53 -438 -338 208 -312 138 5 264 161 327 163 -403 -563 -270 264 -239 -274 -206 123 -152 714 18 486]
[-556 -245 -306 -210 57 -117 568 329 53 -188 393 290 -195 -52 415 -813 330 -101 212 -358 263 52 196 125 -212 -156 261 236 -299 -551 213 -260 -340 618]]
