[[-29 346 254 41 89 399 -88 314 -295 -76 -320 -95 -132 -191 233 -383 -316 197 340 -329 -103 209 155 67 114 117 270 157 244 195]
[31 -502 457 31 373 161 174 -49 -169 -547 -171 333 -82 -28 30 148 -217 219 545 169 192 30 53 244 -21 -119 -13 255 269 659]
[21 -307 33 -259 -386 -62 101 282 -278 -480 -10 234 27 -104 -108 259 459 -72 242 35 708 -387 -659 7 -21 -159 -399 108 54 -41]
[-231 90 210 137 758 -20 160 250 179 83 -147 -241 -137 -385 55 -48 -55 -213 305 258 405 551 686 572 345 21 114 101 207 332]
[196 -327 513 309 478 -152 281 198 -307 56 -65 -548 45 -227 118 164 -231 -52 -328 322 550 161 254 57 -143 -341 306 -38 -119 403]
[-227 389 121 71 -386 303 234 96 -401 -304 167 407 -144 195 600 415 127 262 -173 -672 274 -27 -138 -59 -482 -229 -300 117 -22 20]
[-152 160 76 221 -21 539 86 56 -451 -60 -84 130 520 -224 860 -20 363 550 -24 -202 458 -376 277 227 73 -30 131 -123 210 -131]
[-289 -87 -315 -444 -442 -5 -134 42 -598 -82 -306 238 202 -109 35 -762 401 181 -379 167 -74 -158 126 -195 -39 105 26 353 110 -482]
[149 174 -85 580 -276 128 -240 -24 -41 -151 34 -206 87 -472 -208 -158 785 -365 127 74 90 -286 -146 411 744 -66 13 -394 192 65]
[-493 -123 -324 -243 -254 312 -14 456 145 64 -249 -71 -138 -842 -76 -585 857 219 14 80 -283 -273 307 237 454 56 2 -47 458 4]
[-294 -358 -144 -351 -229 173 -88 462 -356 88 -285 -95 -331 370 -525 -440 -472 739 368 99 -462 -92 140 -166 -147 687 -309 345 308 11]
[324 19 0 -156 -99 -77 -56 102 390 -167 152 -905 193 -349 298 23 -194 -425 -259 -214 -224 -365 -609 213 309 -61 458 191 -27 199]
[-174 -213 5 -317 19 -62 -172 418 -24 -384 312 -872 -38 96 -175 590 432 -253 303 281 441 -501 -214 274 7 276 71 -451 227 79]
[-132 -297 138 -86 309 246 -80 -699 348 -85 501 403 254 -8 -363 -225 233 -266 430 376 586 -61 -18 -170 193 468 523 -275 -206 -366]
[78 -314 115 68 -54 231 -265 350 -741 578 -388 -148 135 -204 -50 -341 520 170 -88 347 -159 35 -112 47 296 -395 -18 447 432 658]
[120 214 -137 -20 179 -115 -382 -48 -476 -471 239 -65 -215 283 -10 299 -56 16 63 -133 150 -362 -313 -72 68 -523 -239 407 776 455]
[177 -50 -81 295 -172 108 490 -342 -27 540 -309 -660 291 -224 503 55 -68 -569 -147 362 -7 312 102 87 574 -21 229 304 194 293]
[-214 -338 -24 -340 260 186 283 -595 597 22 243 -11 -1 -262 405 812 103 69 88 -28 -269 735 72 90 -120 410 -183 -497 33 17]
[-288 736 -654 20 -388 -268 -99 29 495 445 15 -82 376 490 281 551 -382 -301 303 5 362 220 -259 -22 13 -593 -99 77 179 -93]
[-654 259 -602 109 576 -49 -440 -59 140 -379 -157 -200 248 70 584 16 -156 0 -426 56 259 730 612 58 -182 467 329 -142 -300 -624]
[252 -46 114 -240 412 -154 -109 205 -560 100 -243 -129 825 -511 -152 -455 -428 336 26 -148 297 91 440 -62 -13 -39 -195 -477 -101 -24]
[-189 -73 315 304 198 -469 244 -331 -148 -428 580 -7 -656 -491 139 -170 -87 313 -361 547 -134 498 454 42 213 127 3 180 134 357]
[-279 -32 -89 106 -282 169 -205 -43 234 355 -63 86 235 170 -98 29 772 -386 -320 -120 -349 76 457 -686 217 -839 372 -129 315 -215]
[-368 174 -70 43 503 -196 -27 38 140 275 -30 -137 -282 145 631 -369 434 -133 -339 -107 -710 0 87 -133 559 -559 26 369 243 -8]
[90 -314 -208 -316 36 -147 -551 348 -309 487 -345 -673 293 -220 98 -554 295 -190 58 -127 167 543 36 -431 80 -563 237 -178 -404 -182]
[-675 58 353 -178 -376 -138 -219 -133 190 -440 223 -56 215 506 -218 27 867 -342 377 -65 609 83 359 665 -208 -142 -270 619 197 275]
[-506 195 405 -26 -410 44 117 109 -121 -284 -151 249 -727 -206 -671 105 -55 -222 -297 -218 367 -221 -31 58 -101 -460 691 -466 -17 158]
[-377 -95 345 239 -97 -380 -418 45 -9 -204 288 212 -563 -249 -90 634 -81 16 -447 -83 -570 172 146 -553 -515 118 332 11 -117 -136]
[-200 -77 -130 -47 457 -9 357 -534 -697 630 -434 388 23 -99 -315 -119 340 115 465 113 -423 203 159 230 314 307 271 -112 728 88]
[56 -308 -400 14 -508 -212 162 198 285 175 28 -77 -161 -136 331 -369 -477 -374 -546 -178 56 -164 -464 -692 235 -188 -51 -536 -314 284]]
