[[100 93 -444 -66 539 437 388 -427 578 -258 -105 -130 394 381 280 -108 -130 4 -122 -108 -58 86 200 -111 -456 -283 -53 -72 157 175 217 -169 -281 403 -86 234 -279 -69]
[375 75 -294 115 -301 272 103 -364 152 63 519 -200 413 -168 -45 -3 -206 30 -67 -120 -479 278 -84 -150 -250 -166 -186 -529 -677 224 30 -279 -263 -471 -237 76 -153 37]
[-311 219 -440 -344 74 58 197 -219 173 -259 472 -50 582 -165 223 -65 -255 121 128 378 32 280 131 -640 39 -811 -169 -509 -196 -133 399 58 -423 -453 187 377 -229 91]
[-625 124 176 -163 -425 481 -550 118 -123 -280 -18 -449 -129 196 -14 342 -177 -71 438 507 -18 1 288 81 257 397 74 282 33 -189 391 82 113 72 139 110 -103 -239]
[-265 408 -159 -470 -420 812 -161 -530 -8 -97 291 -128 53 365 191 -119 -56 480 -251 25 91 41 97 218 -153 -125 -483 368 -206 46 120 93 210 203 -3 -252 -283 74]
[-32 1 -271 -221 209 85 173 57 75 -310 165 -331 35 11 106 521 -155 77 47 509 -152 -147 229 -338 -298 86 564 -506 222 -452 988 -150 -333 405 493 39 -458 72]
[-50 -48 618 -126 -481 255 -223 343 172 38 239 -268 -521 -531 227 337 85 340 8 440 -264 16 161 -270 62 9 399 -682 -434 -128 476 -320 -69 108 -80 175 351 89]
[-173 218 -77 -153 323 -70 154 -30 979 356 -374 -108 -117 298 268 -225 641 -443 0 -314 294 141 172 19 -260 -844 -42 -16 195 364 -50 12 49 468 250 -1 527 22]
[601 -154 -460 -105 100 -272 -480 -338 -594 -112 138 465 112 -128 375 294 -302 130 -142 -547 -494 -104 -133 134 -226 347 -149 -95 -174 -75 -55 98 106 -193 -435 -397 -118 -221]
[143 92 -246 -264 -79 -494 -422 201 -163 221 292 268 -149 -376 -26 24 181 230 426 196 -499 -4 -92 144 41 97 623 -753 -151 13 617 -52 225 -871 478 93 84 -78]
[-121 168 251 -869 -281 200 -161 -203 373 -364 122 -242 470 249 412 -104 381 -42 112 -588 109 190 215 226 -187 -43 -60 368 -123 257 88 215 320 -378 193 -22 434 3]
[-262 112 422 228 -339 -110 -408 27 488 132 74 -692 -917 121 -608 -66 -95 -310 -227 -112 92 125 355 -214 372 385 -42 125 -350 253 -463 94 22 125 230 -38 310 -193]
[-243 -549 626 303 34 -64 904 423 -186 -185 -250 -71 254 -299 311 280 217 186 160 43 312 -177 71 -332 608 293 104 -263 1043 -359 313 -76 -139 85 70 23 -320 374]
[-439 174 -144 380 -242 -93 -73 447 94 413 -180 71 80 -28 443 -139 88 147 499 322 -239 -264 200 244 271 384 385 -432 298 -352 -128 -410 -317 -445 68 87 -137 -257]
[284 -471 -488 445 369 -87 19 -258 557 59 -411 -760 -447 745 -496 165 -342 -497 -229 113 78 -191 2 216 13 -121 -4 262 -488 256 146 -108 -134 226 -67 196 12 -433]
[-408 263 -217 -666 -429 353 -42 105 -246 -366 -345 -148 222 330 701 -101 -264 524 261 193 408 -453 -149 199 119 -134 -112 -332 294 -244 451 -479 -26 -336 -26 319 -808 -245]
[63 -8 230 -246 -177 -295 -97 -90 -489 432 -212 26 -632 -81 -976 -184 -161 50 -549 -265 -215 -60 -960 -6 64 -132 -124 125 -670 105 -82 95 37 422 127 -258 -183 19]
[120 240 121 -312 139 -289 28 -41 515 -63 -317 -426 -456 12 487 37 28 -561 -268 -279 61 403 778 -1 -127 -182 214 -326 686 464 -146 -77 238 370 -125 591 80 -510]
[-206 326 -3 -94 319 174 104 -91 -43 -697 229 -335 642 252 879 344 500 3 -45 464 62 203 27 -331 -353 -333 -93 239 -314 -678 268 107 -332 -123 -358 179 289 -46]
[400 -404 618 -348 313 -36 -309 389 10 -50 561 440 -375 -450 -512 265 152 507 -489 -260 378 -218 -295 -285 -88 76 634 187 94 336 -293 -129 421 -180 528 -163 318 583]
[360 299 -316 -178 213 66 -128 -23 40 -371 492 -349 399 326 -65 -241 77 -331 376 133 -521 354 355 -180 -379 -456 88 -393 -437 353 419 769 -119 -370 -130 372 706 -429]
[-18 -92 -165 255 449 -440 -507 402 -166 -102 108 366 -278 -33 -367 -539 33 -279 -49 -144 -218 127 20 -585 -44 -487 257 403 603 516 -293 164 366 -33 65 -173 264 -188]
[-73 -260 139 220 25 236 903 -395 47 -301 61 64 323 -267 -52 -631 80 116 134 183 -180 204 -390 387 -418 -491 -130 78 -605 -138 314 -117 303 -787 136 -102 101 229]
[-248 25 141 80 -221 -244 -567 606 -50 129 224 233 -114 -199 -356 -72 42 -89 -32 49 171 -237 -293 240 -111 -534 158 60 -362 -490 -619 -59 -4 121 689 -334 -568 2]
[117 -532 220 219 -192 -410 -801 -281 -74 -174 -249 495 -579 13 -82 -379 -46 -3 -356 89 371 -283 157 799 -21 105 -149 62 -295 321 130 136 922 154 -50 43 148 -57]
[535 45 742 -160 -283 -272 307 -127 -493 161 -30 -210 -312 67 -395 173 190 -111 -356 -449 -167 173 161 -329 191 658 -157 -743 -586 811 -192 -161 89 -270 -60 32 396 45]
[-246 78 368 243 -399 80 -986 297 90 -480 248 -66 -456 -138 402 -270 90 51 115 216 -375 146 211 645 -147 386 284 139 -69 -51 134 411 8 -23 4 -568 527 27]
[-109 63 388 -347 -278 -592 -21 21 -514 -110 -31 324 462 323 -951 -227 133 -645 95 -71 544 -334 -328 -290 218 -432 91 382 -19 291 -297 17 -144 166 336 -607 478 671]
[274 321 -39 321 14 -410 -12 181 206 -38 602 -267 -472 -49 -238 87 -465 -311 -73 -613 -116 252 -64 -220 -354 -416 -112 -458 117 -74 -129 -541 -364 -135 46 -584 -220 44]
[-408 677 524 -84 -33 111 -438 179 -358 248 227 167 -328 317 -215 122 -497 250 60 424 -642 237 303 -235 158 -496 12 168 -58 -455 -544 366 72 -195 292 -202 115 -178]
[58 85 441 -273 265 -757 -743 -196 -319 -67 -244 357 -398 562 -468 27 -26 -30 13 -231 -71 71 -84 348 -78 495 -324 666 -31 339 -691 407 93 488 53 48 -282 320]
[-138 -375 -169 -730 62 24 244 -446 -476 -494 -242 426 1011 33 261 188 -542 385 403 253 38 421 86 636 194 -161 316 78 -691 -241 407 118 -65 -83 63 317 272 -353]
[160 400 -393 -548 -157 -666 986 8 -197 395 -13 -369 -144 39 -136 -483 172 239 -506 -520 469 -456 266 -27 318 -32 -360 276 408 141 397 -82 -351 -129 883 -271 -509 -116]
[-344 254 444 426 262 103 -290 -71 -919 269 152 257 246 15 -363 -7 -161 552 -525 162 20 99 -500 -240 -262 134 98 -79 -714 -302 -948 452 -233 -182 23 -670 -248 255]
[-79 399 -22 -115 416 -115 -534 -444 174 331 36 605 -475 -148 336 -264 206 260 -246 -563 -221 160 -367 -145 -101 -438 420 -687 -100 461 -414 279 -211 256 -361 631 -367 172]
[-860 -474 -1 -398 295 -57 -445 -209 -114 -782 41 157 385 297 16 207 -51 -704 442 -374 50 351 181 66 250 -565 -261 505 -466 -105 101 14 6 44 307 -53 463 517]
[60 -103 -173 671 -58 -105 617 -35 71 509 -586 339 101 302 -692 651 -19 -147 61 -219 595 -398 -43 382 -83 -289 88 15 296 235 324 -264 185 214 344 -334 -209 -8]
[-83 -73 -212 -150 835 268 498 -82 -62 138 -91 96 52 -533 452 335 -188 -92 268 198 -494 139 -101 229 524 315 363 38 457 94 148 428 69 633 -477 183 -127 176]]
