[[241 678 408 153 -224 -133 -203 -21 -129 36 318 128 -562 220 520 245 188 -236 159 22 300 42 -492 120 -60 -34 -239 274 81 -51 -139]
[-591 -302 489 337 -420 -295 67 -445 239 151 -103 -244 -300 -218 -249 61 -83 474 18 289 -142 1 425 -352 -14 -102 225 -90 143 -85 -189]
[-26 -78 -494 141 583 93 -188 110 29 287 221 209 363 35 -3 -232 -393 -264 407 -47 -69 -471 -453 200 -65 -297 144 252 622 -63 241]
[-114 270 107 -358 -500 309 338 23 -223 -478 274 -221 492 87 130 109 -67 -75 -126 -444 -342 231 -210 -538 -105 114 144 -209 -342 229 -355]
[-39 127 -163 96 -42 60 -4 478 580 -58 441 0 -30 307 246 -279 -420 -301 -422 -398 -139 309 -559 -198 186 294 -437 267 88 15 141]
[144 -136 -303 -385 -53 -242 385 694 371 -893 205 94 191 422 -343 -229 -499 -62 -300 -509 -379 -61 94 -166 -429 -25 -174 -254 43 143 -115]
[527 436 -6 -418 -89 -286 591 372 240 -212 53 206 -386 -56 547 412 -144 -184 -201 153 119 170 -23 24 -426 -104 216 166 -633 -397 -388]
[70 -133 -19 83 -245 595 55 -303 -133 -83 54 302 388 -127 -582 236 198 -225 356 148 -334 -270 6 -19 536 -346 -317 -609 156 204 45]
[-509 37 70 252 471 49 443 62 506 504 -253 3 -232 -104 -632 3 -278 219 458 437 -234 -208 227 -54 -297 -846 421 -386 -180 -456 185]
[-354 -199 -58 -740 36 -5 524 -132 90 87 -268 -70 -349 137 -264 98 280 -149 184 -158 -126 157 400 506 -270 -316 508 -76 -551 -427 118]
[153 -39 76 0 -505 -283 -234 -324 321 -233 292 146 -354 -273 -230 -132 290 174 -281 657 257 103 -243 -636 548 290 -312 106 -459 90 -291]
[-404 -208 277 -538 133 430 672 -76 -118 166 219 -124 648 -135 441 -293 57 123 -467 -670 -512 -158 156 293 25 90 143 195 -87 306 198]
[-165 -254 -518 26 52 127 -10 520 144 -78 -166 23 165 166 -19 41 83 -149 483 521 62 -135 341 426 -104 -590 291 -974 -51 -548 156]
[312 766 264 365 118 57 127 -285 -81 -443 -200 523 67 -83 340 152 -355 -567 429 -251 -71 -429 -103 -543 -659 -615 -130 32 340 -109 -244]
[35 50 293 -34 468 -446 -2 417 -14 -157 218 502 379 307 563 69 -12 -339 -87 27 -70 -650 -226 -401 -367 -397 -436 165 214 -330 -171]
[-396 643 491 255 -292 271 -540 -632 -75 -360 517 408 113 -113 -149 -332 562 -3 254 179 321 -369 -249 447 -121 -424 287 -5 182 -155 -24]
[246 734 -163 -320 353 -294 312 81 -378 -600 19 318 -24 21 596 772 -473 -558 193 -493 -33 -86 -109 -613 -60 -76 -465 121 328 17 12]
[115 -21 -188 -10 201 433 526 -462 -286 238 -333 -41 161 -63 506 -487 61 -495 89 236 298 -163 -491 461 239 -378 479 -328 -66 -283 69]
[126 114 32 -5 92 -764 38 -88 567 0 189 174 -639 575 -5 534 -416 155 -293 242 -14 -324 -586 -342 67 313 138 398 788 -50 -638]
[-377 538 270 -297 -85 -411 313 -102 166 -234 397 -129 -109 110 216 21 355 -350 749 621 -297 -355 -198 -105 21 -1087 -70 71 53 -382 437]
[389 0 1 519 52 516 -726 -10 -796 61 -544 107 271 -347 -57 671 280 -411 282 285 -214 -93 36 6 444 -391 -605 501 430 -80 -36]
[373 -68 -303 -772 -181 84 191 -57 289 -44 530 -210 272 -136 -328 434 482 -322 452 -86 -291 134 -416 -467 -14 273 48 331 138 -212 -283]
[158 227 -153 -293 384 -138 -215 -120 -555 -123 -455 127 -370 144 -171 -240 -563 -198 478 518 -64 343 -221 -182 -427 -210 220 335 -231 -227 160]
[-224 -269 -63 222 284 31 -513 651 -603 -413 337 285 486 -212 549 -251 -133 -241 -495 68 25 123 -194 138 237 662 242 202 -216 229 9]
[-44 8 -53 -213 195 -19 -6 -223 -258 521 -212 -331 305 -152 -240 390 -291 -210 -275 -477 364 699 -657 458 -330 -231 327 -67 -696 -219 11]
[186 300 -367 294 -93 261 -333 338 -206 -282 83 161 -219 -248 -637 -814 210 -24 408 -31 30 144 304 -191 -50 -39 -142 -413 -5 31 -601]
[-395 656 -110 -358 -333 396 -92 -602 -27 136 771 92 354 -162 259 -293 65 -339 707 307 73 -191 -4 347 -180 44 -226 87 299 81 12]
[245 7 -280 293 578 -8 253 -109 -183 -451 162 46 21 -287 -420 -567 28 284 69 -352 6 -10 488 -94 -700 -72 -89 -108 -636 677 -395]
[129 -167 -358 -85 24 67 88 -589 -456 491 -91 -30 166 -503 -304 -421 445 -215 -797 -459 277 -229 171 531 -179 329 7 403 -54 -244 -80]
[-89 136 352 -419 -650 242 377 -434 158 126 -348 329 820 -141 -155 33 234 196 -224 481 39 161 316 -102 15 -375 187 -361 -6 460 -200]
[165 171 32 -587 -375 388 -80 95 234 33 876 -151 -166 225 118 250 -56 -231 -192 -178 269 -16 -440 -665 496 34 -420 -322 509 192 307]]
