[[3 354 -264 -194 188 -54 88 -115 -514 -188 -466 521 42 238 -67 344 28 63 326 346 -220 48 -200 62 -214 -4 -397 -417 -354 288 -397]
[76 247 -91 -116 598 146 -124 -202 94 -657 436 234 -37 165 378 627 -53 54 239 71 -75 173 30 -93 -126 -483 -12 -451 -286 -73 -54]
[48 54 -536 -264 -156 -53 35 -47 -21 281 -454 385 18 -171 108 -33 358 359 532 -255 208 -8 -523 363 -444 152 -63 145 -58 63 450]
[-51 483 583 213 172 -19 -184 73 -177 -185 -287 -276 70 -271 -805 339 -213 -44 -168 161 251 -80 -268 169 464 409 -215 134 -361 82 -270]
[172 97 79 296 -206 -374 -170 134 429 114 -346 -290 -99 192 -788 18 -224 -487 -88 381 433 133 206 -330 205 93 111 -130 -517 276 111]
[526 321 -618 29 1 -253 -464 390 38 415 356 -139 84 78 399 -48 147 -236 204 185 601 -286 89 -75 -340 -205 106 -138 49 -301 540]
[709 -322 215 188 -2 -644 -183 -26 349 54 250 -42 354 342 554 -49 -58 -249 -143 659 327 -151 723 -539 -58 -203 -127 -33 236 82 -74]
[376 142 95 130 -135 246 340 -173 -22 -729 218 -89 76 -218 739 199 -195 36 -18 -449 405 14 535 -14 53 51 -245 187 452 -140 -239]
[176 -577 -126 294 67 -154 28 -60 940 678 57 291 -38 225 -240 -129 157 485 227 155 58 223 495 183 377 -320 16 361 -138 -83 187]
[-363 -192 -479 -452 -561 -212 -149 144 -88 332 134 -173 194 119 289 -561 595 -224 -160 324 248 -86 -579 222 82 326 558 34 77 247 371]
[-316 -75 -96 219 204 124 -774 18 534 294 504 -37 207 -7 600 -181 130 586 -77 -205 360 -178 -603 463 388 -189 -36 -312 -185 -506 126]
[-57 -223 579 -328 -31 -285 -356 538 -292 -230 -249 132 274 384 -6 -132 -270 -294 157 166 -179 189 -544 -42 67 68 -118 -559 -561 -147 -96]
[-311 -49 472 -45 -67 -465 -708 394 229 74 414 126 292 -458 391 257 -86 355 466 -474 -233 -41 -672 -136 127 -129 -140 312 -20 -342 312]
[418 7 80 -103 -485 421 -24 301 -199 -439 49 -378 -315 80 218 -291 333 -266 264 -126 -226 25 328 211 -511 67 -77 -441 -9 -369 342]
[213 444 3 133 -110 -243 -383 601 -119 669 76 139 -399 -129 -683 534 -377 -105 477 577 -350 320 417 342 59 233 174 -225 -415 40 95]
[-21 481 278 -569 -36 -55 -576 601 -98 73 569 -390 -339 -733 -57 92 166 355 -55 387 -47 -169 -208 -22 336 150 371 77 339 11 16]
[162 -88 280 -87 -97 -28 363 -204 389 478 175 255 -2 155 -315 -258 -124 -725 -291 454 382 -14 238 -36 517 203 441 788 -121 -296 67]
[81 -400 -506 -546 502 212 10 -480 -505 -265 -69 576 -363 144 158 244 110 -87 35 -99 -774 -351 -398 246 -440 28 148 106 -168 -362 270]
[291 -97 -13 -53 305 -572 -319 -239 -8 -198 95 261 -169 104 -478 -97 -225 418 8 806 -639 -45 682 184 -367 -72 100 -81 -258 223 -78]
[-196 567 -190 88 322 37 -120 -261 333 -112 470 107 126 -67 125 -25 -310 69 247 10 -490 54 -550 262 418 -306 -33 523 -419 151 198]
[240 -58 -126 328 -54 406 -323 140 -302 -78 -438 -38 -153 -230 90 170 -129 -229 -602 80 685 -451 38 -591 42 -130 -236 -167 -414 -19 -633]
[85 201 -300 -573 -215 -341 -2 659 -635 122 -382 266 465 -141 237 -354 -337 -158 -238 518 397 -45 408 87 143 257 57 -126 -357 683 174]
[-154 -187 -97 -202 570 57 70 -169 -572 187 -541 34 74 157 237 -295 -93 484 -269 11 -469 -105 -472 73 -353 -180 -66 133 542 131 881]
[-257 164 171 -575 -335 -396 153 208 150 192 -264 68 -212 -615 -398 -343 19 45 -3 196 534 471 -56 116 -119 -72 98 206 -329 -515 484]
[-113 -284 -66 -24 -165 -130 -404 -525 -35 0 -337 -513 -226 232 -180 -240 -189 -739 -253 474 -313 46 -319 529 42 -145 304 -17 -461 177 -124]
[-331 -79 -295 -269 152 -226 395 -316 522 792 335 -187 -458 76 139 -578 -112 -101 43 132 -103 558 -272 -472 -28 120 589 -24 -262 179 161]
[-23 415 -467 377 -290 249 -268 249 214 477 742 119 -143 31 -86 376 -85 -301 -311 -170 -545 -127 674 -97 -417 169 15 310 159 -630 -345]
[-214 -257 -187 28 492 453 31 288 245 -548 -315 340 -373 -442 39 -215 -418 1 544 -706 289 123 195 226 419 -326 240 570 -13 -181 576]
[103 -437 320 433 132 127 192 394 139 -515 214 29 -262 338 109 226 698 -36 -337 -267 -626 285 168 -347 -254 -276 99 170 451 41 142]
[-578 221 336 -246 102 189 -2 249 -666 236 506 316 -201 -17 -258 135 -653 406 -220 550 86 -335 -203 452 44 -83 -14 -168 -421 -297 -500]
[384 -383 151 51 -363 161 -148 63 -41 249 71 -844 -134 3 -119 -777 164 -387 -432 36 319 91 149 -299 -133 5 -596 195 -35 443 -318]]
