[[95 -371 -446 -130 -270 -70 85 237 -239 147 -58 -569 -290 240 198 1 209 73 148 186 -314 -194 22 188 -212 -17 -377 -70 -120 -455 251 460 246 72 -282 -436]
[-624 319 428 -229 -467 148 341 -187 243 227 -176 -126 -357 -367 -99 160 -60 386 -376 -294 -285 178 92 7 326 96 11 510 212 216 83 -106 110 213 275 107]
[-194 164 5 82 -212 223 -138 -210 -120 -233 -521 91 -14 -293 296 26 -102 -47 -427 346 -166 -150 754 -257 594 -198 63 529 -47 -292 -354 -195 113 145 256 -58]
[-122 -149 -73 132 129 355 -88 213 -223 -365 206 -157 454 271 175 -232 -187 283 -158 14 -212 -122 827 146 212 121 -126 -512 -417 -62 245 209 -254 335 -472 -132]
[44 11 -374 428 333 -248 -278 540 -267 -70 261 -243 -298 -354 -85 120 44 -440 -14 572 180 -40 -331 -47 -569 128 -147 521 191 -347 -99 403 1 -2 54 303]
[304 244 315 136 586 100 -44 -265 -194 417 336 392 -348 -319 -34 -264 -84 -190 397 -133 254 256 -391 -644 278 -9 -312 -231 424 261 -393 50 221 -120 377 307]
[-407 426 155 201 577 -41 -375 -70 -164 553 810 493 72 -14 -89 80 509 -21 -75 -129 134 261 -53 -205 -64 177 36 -64 -198 547 -349 364 -449 431 -386 428]
[-9 19 40 538 -367 -192 -434 -317 271 518 -230 130 -11 509 349 103 431 -595 71 482 -483 63 47 -365 -178 -220 -297 -93 234 -220 -482 -274 -29 141 19 -443]
[-127 -241 349 175 587 32 -704 -267 280 257 226 -73 -52 321 269 -594 371 -66 -125 -226 -577 69 -176 60 21 93 -15 -800 54 298 348 -70 51 20 -402 -252]
[-321 -213 -396 322 -449 -95 56 -273 16 87 -96 -65 58 -3 -11 -150 -48 219 213 -105 -151 -13 818 -296 -43 370 -131 -59 -129 -589 -208 92 -582 837 -331 -203]
[178 -515 -64 609 414 -92 227 576 -466 -359 360 -221 266 -30 -26 150 -108 275 -52 852 151 85 210 37 268 -454 -764 -135 28 -157 -346 112 227 150 -335 168]
[-141 51 122 404 925 -243 -513 28 65 350 -117 680 -4 -73 -182 319 -187 -131 -536 582 -224 93 496 -13 474 -159 -97 -14 -86 303 -176 16 540 -91 -155 146]
[-96 -737 -29 -107 675 -22 92 -184 -19 -334 97 246 177 326 -509 -498 16 340 557 21 126 -90 294 67 29 355 -236 -580 143 -419 -50 -605 323 12 194 -39]
[-31 2 426 -182 -286 -457 150 329 497 -63 -311 6 362 -323 81 -122 -768 485 -473 405 97 57 -89 573 207 -195 -230 578 107 420 275 259 285 -383 -115 134]
[-7 35 -207 -122 52 309 -381 -37 -590 395 -32 293 -371 -39 -481 -417 -2 -426 -27 584 -477 108 382 -315 -369 156 -184 301 -431 -805 -239 471 13 348 249 -329]
[289 206 229 22 -60 135 -444 -375 269 309 -207 -36 -540 339 1032 137 489 -847 70 -371 -94 -67 -712 109 342 -226 -328 -518 393 154 -518 53 12 151 -125 -147]
[-497 54 460 607 -417 -281 442 74 -17 -332 -177 -240 -32 -214 -58 374 -527 -229 -181 11 -95 432 -448 678 72 119 -387 162 463 635 461 60 -194 302 223 317]
[-59 -189 107 266 101 -706 136 -65 865 -158 -249 -73 300 -611 199 -96 -534 713 -220 -253 60 -661 141 143 83 -136 708 46 -117 -186 153 -68 154 47 -98 33]
[394 1 -153 -153 533 -473 133 220 -56 300 179 190 -76 -9 420 173 116 -269 240 83 63 -24 -494 -72 -151 237 114 783 18 624 607 931 208 -317 202 -142]
[-559 -405 -822 -185 679 -307 -330 -112 -174 175 -286 -231 -511 -83 -792 188 210 189 118 -98 321 -43 -151 75 -256 51 505 -242 165 199 726 159 -379 -280 -65 344]
[365 418 241 33 -190 -19 321 143 -515 705 498 164 264 493 21 -33 390 69 354 193 149 79 -160 -15 -160 705 -397 68 -205 260 358 851 288 -173 122 -817]
[127 53 -279 662 -106 349 -379 -2 69 473 -321 75 -142 -108 -379 -276 -584 -16 21 35 -314 -197 161 -348 389 -133 509 -508 -10 -142 -418 354 -232 539 -57 -156]
[-124 102 -209 428 -227 329 257 164 -51 120 151 -203 -741 -108 94 171 57 -586 222 50 169 -184 -416 -238 -699 374 -288 -497 -5 -592 -300 206 -600 -157 -385 -130]
[-264 197 202 -373 -253 130 82 404 -94 166 -352 53 578 54 -290 -110 -39 309 -55 -168 -848 -162 464 397 -47 -552 185 499 -106 -61 -70 -293 523 -238 310 -388]
[-903 -66 19 -194 -922 156 165 -377 158 -180 163 -561 97 317 24 8 -343 -150 100 -99 201 -370 171 502 135 812 -243 29 -72 104 204 85 -207 314 -238 -436]
[-93 327 91 -345 -658 331 126 -277 278 864 -188 237 35 431 -264 -553 36 -814 -1 43 219 42 -429 -79 323 -45 -197 -153 112 216 -557 7 -334 18 -258 -248]
[414 45 -473 -671 -831 466 140 8 -527 -622 262 -491 447 162 -161 125 -166 -286 -243 316 -132 -304 186 -279 -127 -700 152 -122 -12 -901 304 -321 282 -131 49 -131]
[-415 -246 407 -206 226 13 274 378 1072 70 -222 331 797 -83 -964 -295 -507 199 272 -312 -64 -190 -321 -110 39 -167 485 -88 105 15 360 -99 52 -317 -77 -34]
[285 -133 -296 176 515 -186 -635 -71 -208 -577 -269 44 75 -162 146 -455 46 449 157 230 -14 8 540 673 758 706 97 -85 57 -100 -346 -600 -116 -31 -395 -20]
[292 -552 -450 -240 -180 -70 366 -60 -541 302 29 -252 -114 862 -346 218 139 -388 -287 353 328 410 31 21 529 -444 -176 85 -130 -9 -165 306 -76 -64 348 -548]
[470 -56 -527 -126 -577 -256 255 0 -89 -503 83 -579 228 325 180 -606 -402 84 255 296 -8 -236 -19 -342 231 -68 -125 -428 -19 381 -152 260 -506 -427 184 29]
[197 -89 -586 -30 463 -132 -141 -355 -183 -772 -86 -64 -186 255 -82 98 -52 -575 343 129 375 -194 291 145 125 730 -189 549 -153 -226 73 458 566 -436 -115 -14]
[163 178 519 -43 651 -94 -79 -248 -689 -131 630 -382 -539 8 -60 -74 95 168 -44 -345 -385 267 -372 -354 98 -123 688 33 -312 797 320 629 -131 414 76 364]
[-186 103 346 -244 410 315 -221 417 -237 -150 17 595 -73 75 92 -224 212 331 -375 -52 146 -131 -83 -13 -150 -117 204 564 -744 -220 103 -135 -56 -311 468 -510]
[-426 -420 209 -429 -740 -132 -139 -433 133 431 282 -526 -657 -143 -137 -682 373 329 13 -50 413 -98 -476 243 -16 -282 605 -75 -229 231 13 894 -130 -223 -402 -359]
[-248 -71 -423 -130 544 -509 580 -117 275 -409 -253 166 231 199 -86 55 -343 387 636 128 115 -131 -27 -393 150 189 290 205 -297 102 -374 -36 493 -262 -38 22]]
