[[11 177 207 629 387 -64 -54 448 -194 -181 -298 -59 226 -78 -137 115 -512 -450 0 -79 171 -140 -123 134 -271 45 -206 -164 -387 -280 -37 269 -513 -560 105 162]
[-84 -318 237 -500 -202 -97 -261 -135 184 -125 568 38 -635 110 164 -259 350 16 -47 15 -483 177 82 297 -197 42 -222 -369 373 259 450 196 -202 250 -41 -345]
[-141 164 -109 -571 48 292 -608 -185 -67 -389 680 353 -96 -197 329 -229 284 368 57 -262 0 -423 210 -94 232 -28 72 -71 -100 360 330 258 -215 614 132 -201]
[28 -194 -39 475 -410 -380 564 -185 -139 316 223 -204 -242 -48 -111 92 -187 150 305 228 -151 153 167 472 -280 -300 -454 -62 -171 280 70 402 -53 -637 250 -326]
[-395 81 101 -252 55 175 344 -149 -541 322 -228 -504 255 -172 163 112 -247 216 491 -467 532 -294 240 -346 -1 -104 -123 217 -161 158 -39 -45 206 -356 521 57]
[-16 -140 -37 -428 -88 634 6 96 657 13 411 677 145 -62 -30 82 63 164 -342 33 -561 -585 5 -180 261 312 328 282 165 -346 91 51 67 347 -388 -11]
[317 350 58 243 168 -65 -137 128 -602 -113 -505 -115 96 28 96 212 -172 -365 130 -296 588 451 303 -772 9 281 -168 198 -186 2 37 254 -300 -18 -104 631]
[75 -68 -257 -937 89 227 -10 -220 -141 -142 381 -202 -75 15 -383 -387 448 241 10 -88 -330 220 -661 -111 -29 -208 -126 -496 22 -129 -143 -268 46 131 31 132]
[31 183 -178 -254 526 -112 -76 -12 -535 500 137 -145 214 -183 27 -128 -107 -72 -66 686 416 304 -357 176 101 -417 347 -235 60 -262 -425 -210 -12 -325 -147 221]
[-621 102 85 -515 -48 20 38 67 -574 211 -29 -219 -194 -248 -65 -644 -389 -49 357 332 -15 -173 -69 -140 -70 -154 -269 -48 -137 -193 -95 -580 -217 -296 -293 281]
[-325 277 323 -412 311 -253 -633 376 -272 -254 -103 -328 -408 -460 -343 -544 -294 -310 -203 317 532 -65 49 204 -203 -89 -261 -78 458 -239 -207 -11 -109 277 105 413]
[-386 121 332 -517 114 116 -422 364 36 5 255 -213 -296 -57 -117 -231 468 161 -136 -45 -131 661 -77 586 -88 -719 174 -317 529 -306 -107 353 148 211 60 310]
[-282 -321 418 -507 -661 216 141 51 228 -55 122 82 163 -480 -216 -212 -365 622 -60 81 -29 249 153 155 121 -85 -57 311 157 282 -59 66 494 -272 -437 173]
[376 -640 92 252 139 -324 -344 -222 219 -38 -313 -41 -209 -113 -362 -217 -66 32 -311 -178 171 322 -147 445 213 -321 429 -95 762 370 -123 -254 284 -73 -226 136]
[-217 142 -54 168 -225 -490 -556 162 -500 247 299 -85 -428 74 102 363 34 -32 -43 -68 -325 58 261 302 -180 -270 155 111 323 -45 -9 480 -294 714 -429 344]
[987 -375 38 -383 -143 86 209 -333 497 -43 523 124 -166 368 -226 -318 -130 571 143 144 -229 185 289 59 18 -74 -162 173 265 442 -128 790 70 -187 -28 -178]
[-82 499 134 249 370 232 24 348 25 -348 -423 -676 -17 128 268 372 154 -44 477 -79 428 -7 558 -419 -106 -443 -459 545 -544 378 -158 55 255 -36 405 28]
[274 -183 -109 354 134 175 219 -270 -552 -433 -663 -256 -75 -412 -628 1 -181 134 475 -180 361 233 -511 -95 -143 -117 -177 -153 -668 534 546 -87 -427 -338 177 -122]
[-176 -439 336 -569 -146 180 417 -171 444 217 -104 -308 -516 -240 -335 -524 11 807 265 273 -676 145 13 -146 327 -299 -46 -15 -54 -263 41 426 197 -54 22 136]
[294 129 -314 790 68 -521 -8 471 -264 599 -283 315 134 619 -160 271 -203 -141 239 146 -390 -192 579 148 -180 -82 -264 200 382 -115 -336 -334 67 -83 -659 46]
[253 566 -28 956 42 -476 -52 -21 46 145 -913 401 193 372 -656 -34 -145 -846 -134 -348 73 85 77 3 357 467 -277 218 366 -14 13 -651 -151 -10 -68 360]
[18 -18 474 217 -95 373 -156 -62 258 -7 -515 122 255 -118 -24 32 -312 440 112 -788 497 243 15 -159 368 -263 2 -344 -438 167 405 457 -354 74 935 326]
[1003 -250 -48 -74 -312 -193 26 259 318 -241 16 38 -207 593 -545 -60 89 -278 -519 -338 419 31 67 -99 -227 344 295 -193 373 -348 -773 -280 -71 192 373 6]
[262 -223 607 131 -13 -342 36 398 -242 256 83 181 59 194 538 81 85 -290 -122 -275 -109 114 -167 318 -609 333 163 -461 587 -13 65 -480 -280 35 472 -221]
[-50 174 126 -826 57 31 -504 -432 291 -419 -25 -239 -121 -89 165 -262 208 -273 82 -160 394 -23 -380 -394 44 259 -811 280 -580 106 168 -724 446 68 282 228]
[33 472 -386 -77 220 68 -198 -434 -50 -276 335 325 199 338 -82 159 179 38 -47 276 239 -23 -436 235 86 -835 215 605 -248 -251 -251 160 -11 -212 44 -403]
[-293 221 -211 -197 367 270 845 258 27 300 -460 -223 493 -390 -38 -216 382 85 76 245 277 160 -9 -453 -119 408 127 191 108 -308 446 152 -205 -134 169 380]
[281 -31 332 368 777 -506 -600 107 103 230 -159 -405 -186 240 -605 72 357 -418 -551 88 -275 359 -568 497 -400 -552 272 115 69 -296 213 142 -211 227 -544 -89]
[-182 255 -123 154 197 -341 326 -268 81 -241 -374 300 -17 252 370 -151 758 121 92 -481 157 -56 485 -165 684 -304 327 586 172 146 -297 77 -118 692 30 -85]
[439 -181 534 262 -87 72 141 136 -40 -691 717 536 -131 419 -138 -224 218 -202 104 -113 -602 304 -32 -143 -195 327 -574 135 -386 53 8 -412 187 8 -629 -25]
[154 27 -479 -795 -74 -49 -23 -57 -70 371 367 48 -306 -67 256 377 523 38 286 10 63 720 -206 -191 356 -245 73 247 -472 12 61 -141 -364 439 208 -183]
[-130 277 -91 -162 -499 -181 316 -445 372 96 752 221 -40 -373 721 -382 -85 -1 30 747 38 -742 309 357 71 -224 48 -153 358 370 585 -537 -126 138 316 -239]
[213 -255 -549 -584 57 -11 -103 -276 -199 -614 -469 -479 461 -75 -175 71 -99 11 151 -146 -197 73 -151 -259 167 171 -46 -496 -355 235 -113 -37 158 996 76 292]
[391 -252 -164 116 -343 -75 431 138 226 -177 586 -157 -133 -73 -182 147 281 170 434 -1 232 234 146 -246 666 -585 -62 510 111 -151 -686 459 -42 -205 -167 286]
[193 84 -497 150 -284 93 -182 911 -52 -243 -190 169 461 132 2 -162 -420 -116 -252 205 -96 -147 403 164 -25 142 -307 272 95 -836 -231 492 -614 277 -344 721]
[159 7 107 -431 -149 355 244 602 -534 -119 -303 67 329 -500 -350 -729 -646 -399 74 391 501 -250 -483 305 -72 -294 326 -494 -175 -164 -236 41 -46 -233 26 261]]
