[[-251 -96 159 16 657 68 13 -300 375 -17 513 -147 -262 119 -206 152 104 -264 387 77 -147 -74 -258 -212 -308 -303 77 -80 208 -628 -75 -56 137 273 -585 220 -329 83]
[34 72 113 258 -190 246 -151 -129 -96 -410 -343 -183 279 165 446 -387 -502 197 -141 325 -173 -73 453 289 590 224 6 75 -24 -219 247 -112 -116 -668 -228 -96 565 -123]
[-80 -320 -311 313 260 -587 -36 -249 20 135 79 -263 -582 -142 -465 374 629 98 -369 -29 95 -415 -290 10 -514 -26 8 -174 42 -239 -236 -246 -11 412 -63 -128 178 -55]
[-364 -259 87 -395 -283 -281 -212 504 -153 -364 68 160 227 -261 -195 -110 197 -162 -455 113 174 -83 -381 96 -510 -418 2 -284 127 511 287 219 -194 398 -40 -70 396 414]
[258 -239 -44 368 -274 251 230 -394 -483 550 -312 164 32 -567 342 94 -11 201 -387 4 401 286 -294 281 351 103 205 23 -205 31 -33 -185 578 60 520 175 -1 -491]
[-34 220 -17 -28 520 -422 212 -173 -323 -576 75 240 -583 249 -423 70 256 86 7 -60 -150 300 36 -718 -560 198 -51 -114 -420 71 -303 -95 -100 -191 -16 -72 -210 215]
[-101 -182 -118 50 223 369 33 -159 -643 164 76 -260 -575 -218 -626 294 97 90 -113 -349 -508 51 73 -308 -206 150 -62 -20 -524 -10 107 -99 191 -364 438 404 -163 -137]
[504 733 295 112 129 -149 26 132 231 46 -525 -34 -237 291 -49 55 -273 51 160 -65 89 127 266 -312 -66 132 253 219 282 -357 -191 246 -564 -108 -230 -660 402 -552]
[-212 28 208 -70 -250 782 -158 -251 18 194 224 -173 210 -602 145 516 -345 -92 -41 -41 108 -152 -512 256 -428 -598 140 -293 767 -78 231 -82 -194 42 443 -44 159 66]
[97 -230 -54 554 -343 207 -299 -456 -377 -214 214 -336 -181 2 133 175 -798 -180 -326 -496 218 143 -82 86 -74 381 -75 -267 77 -140 403 -275 31 -439 85 500 392 -43]
[82 329 67 49 147 671 374 111 -125 -137 343 17 -416 -301 -199 136 -215 794 242 209 -500 444 627 -285 -264 -58 -128 -286 210 -21 -131 334 -186 -360 416 83 75 -324]
[183 -266 -282 39 -172 861 150 -17 -55 580 -53 137 146 132 339 170 -270 456 285 -64 529 406 254 51 555 40 -731 -73 -130 191 -21 -58 142 111 -43 686 144 -217]
[347 -154 -362 -4 95 307 297 359 -56 802 -393 -319 -23 135 -59 128 202 611 172 41 189 -614 -5 158 -89 -160 -21 308 -87 489 -247 627 128 -75 598 -319 457 -662]
[304 -665 -139 601 -41 -390 -67 221 -586 167 269 -443 -413 360 -224 -414 -35 178 -85 -113 -314 -12 -182 440 358 848 -294 -303 39 -60 -132 119 739 -332 416 354 128 22]
[198 148 204 -444 -9 -355 247 -511 -221 -517 -677 136 50 153 -298 -18 -304 153 -243 40 -310 -56 -21 409 50 217 100 -240 460 -214 -208 -374 -18 -527 232 -824 76 132]
[383 216 -239 -76 -463 -228 273 -425 49 157 80 -296 -320 -14 -562 80 -56 119 11 -62 -222 -339 673 -20 -206 504 -119 66 -160 800 295 480 -331 -291 -2 127 417 -406]
[291 -45 407 485 -24 -434 -65 58 -690 305 11 -49 -708 2 80 -400 35 -987 -286 -191 -49 -30 -77 -144 -368 398 -199 146 -159 -8 72 31 253 -305 115 -98 253 -417]
[-297 -384 231 -637 -200 -155 -157 -124 510 -281 289 14 205 502 -1 -535 -96 505 430 29 4 -308 263 191 240 25 477 -44 113 183 305 230 281 370 -626 -99 289 332]
[84 273 -214 -651 32 170 126 298 256 494 -546 316 325 3 58 57 -459 -543 -122 374 359 238 187 123 -116 -213 124 322 205 -479 146 -60 -26 661 -213 219 -339 -233]
[72 287 233 75 279 532 654 673 -141 816 -7 -105 -439 130 -300 499 296 -58 228 592 -163 -482 20 157 -359 69 -468 -116 208 278 -24 459 -140 131 767 286 295 -203]
[-28 -125 -45 -212 -189 -529 111 -472 -76 -192 431 106 -711 83 -110 449 269 157 282 -239 -124 -496 -154 39 -156 29 153 -414 -565 598 -239 -239 213 -560 562 -289 -155 -95]
[-294 -402 26 691 441 312 115 683 -99 -307 225 -63 83 -128 -86 -48 -102 138 101 214 -293 -420 -631 247 203 -315 -418 111 -157 -321 214 14 537 178 -362 151 458 338]
[-263 308 102 -355 45 -354 -126 249 12 62 164 -446 -448 22 18 -509 783 106 -439 519 -231 -93 530 -265 57 -343 -259 -206 -21 382 197 23 -214 175 -571 -188 2 -77]
[-189 185 -427 460 -239 110 489 -50 618 -516 -83 -337 731 42 512 -66 -320 501 -590 64 -205 -103 548 -24 711 -195 7 -327 59 282 -190 284 -309 -77 246 -34 -109 290]
[323 332 299 -111 424 -506 -85 87 54 64 103 261 -167 114 -762 -423 404 194 -284 -143 -120 431 -33 -293 60 530 32 -61 369 -111 375 198 -133 95 64 490 -44 -1]
[-327 -221 12 132 101 54 448 348 -92 257 24 -281 135 86 80 -112 429 -471 148 -143 527 561 -23 93 -29 -134 -544 176 9 13 -23 -453 473 234 -394 592 -222 -133]
[188 174 -277 395 115 -90 118 66 686 -376 638 68 274 -419 -94 -375 -277 237 -63 624 103 -93 -1 216 -276 -263 278 -33 929 -210 -70 -753 -15 -5 -215 -120 11 46]
[79 -316 315 -167 473 -266 231 741 -243 -138 85 913 -326 -496 -587 317 322 379 -535 427 355 22 -321 -39 -239 -451 -85 -389 -40 -35 -98 148 579 -41 -267 -598 235 -378]
[112 -37 478 -298 131 417 427 267 -153 582 -501 -137 536 84 -681 -310 -313 -252 252 683 -152 429 211 392 -70 -218 -182 -41 212 174 300 242 -311 114 382 200 230 -44]
[401 254 467 -544 -293 -61 21 -290 -231 635 -333 -99 836 -289 32 -142 -10 -1 -76 417 61 16 365 192 373 214 -286 -129 140 278 -331 -126 10 -310 346 -330 -466 76]
[89 -80 103 -75 -451 -252 80 -435 565 231 479 -66 -681 -357 -309 -82 -302 -152 573 40 -51 -50 208 377 -199 120 199 -29 667 -41 212 -578 -382 91 -55 167 -728 -299]
[383 175 -212 -86 -73 -70 -57 -361 86 -92 -851 123 -379 -56 113 -273 -267 957 -251 398 -330 34 265 -199 -203 740 444 -310 32 23 -479 -131 -349 -200 116 -450 92 -507]
[-155 -26 -22 9 -13 90 -297 0 -213 219 -208 -490 -816 127 -31 525 -24 290 237 233 463 -336 889 258 -26 378 -285 -31 324 240 -47 515 -520 -265 461 -408 658 -234]
[249 -155 211 56 -17 173 -270 -595 123 153 485 -70 -96 -153 30 -30 -649 -252 500 509 190 -296 -872 169 -383 -62 609 312 -260 -437 402 79 -89 -491 -24 323 -254 508]
[317 -243 476 -535 316 132 -203 -199 78 124 115 56 -331 528 -529 110 -45 609 282 -44 -662 530 486 -582 682 544 49 -180 -100 289 262 -82 -45 -672 -419 55 -240 -617]
[539 -611 -391 -316 -222 -564 -59 544 -303 452 -323 -178 -19 51 686 -251 103 782 398 238 131 -305 169 438 402 366 358 -171 86 378 -317 -20 625 490 357 3 -360 -244]
[-89 -70 524 512 -85 144 -238 -459 183 -77 -525 -190 24 -203 176 93 -19 -377 -214 464 293 17 21 -292 -249 -181 253 519 -62 -230 -506 -546 -292 652 -693 294 594 -323]
[-98 -325 -417 -319 97 440 -138 -65 -329 -445 217 106 -116 274 -422 -40 459 204 -200 126 -224 -326 -338 -235 591 -183 179 -283 -512 -322 -260 -236 401 15 -67 -407 -626 -143]]
