[[-70 211 401 -426 -280 223 349 -68 -31 -413 -403 25 69 -115 -369 -163 84 -459 29 133 266 -765 266 294 91 118 96 154 -297 -581 186 146 -214 -185 136 197]
[-223 -334 -222 -185 -301 699 466 -530 201 -392 247 -573 -230 -122 -186 -210 -105 -23 48 167 -249 -661 -212 367 16 99 160 -198 -213 -259 -332 -124 344 -117 162 389]
[-578 -537 -157 -41 -269 336 107 -349 195 140 -281 -246 176 145 -141 257 -52 -135 -113 -371 -437 256 340 136 -213 -14 510 -610 -157 240 -786 41 107 69 363 98]
[236 660 -88 49 542 -225 -334 137 -187 85 -294 187 -12 -470 -15 6 -434 32 162 -167 -326 -616 -254 65 138 24 -686 47 119 86 379 -57 -347 -306 -113 282]
[177 527 -248 283 322 216 -472 474 -109 408 396 135 361 706 208 115 688 279 134 204 301 214 -259 -209 78 110 -600 476 -34 -38 192 105 -115 389 -141 -549]
[208 -594 50 18 -452 42 290 -547 -247 420 -360 -38 -349 21 766 361 -52 171 -215 -308 -131 365 -329 255 95 -283 -91 -182 172 526 -482 -100 180 -117 -199 150]
[-127 105 302 -324 285 -3 -134 -217 287 237 496 -207 154 -300 -499 -102 -49 107 175 387 -776 -1037 -294 42 -105 413 -345 -28 53 -105 173 -44 319 309 31 16]
[135 211 342 -74 -903 376 -420 243 -203 -251 103 313 120 373 247 186 465 164 -266 230 499 129 64 367 -122 677 -501 200 -388 -25 85 222 -33 36 -251 -172]
[610 -27 -392 490 3 -57 -68 184 292 403 -261 341 22 378 105 -370 860 558 264 264 297 551 -132 303 71 208 -208 67 -140 -247 -87 316 -32 100 -366 -443]
[-165 -144 -454 -502 -274 277 299 -42 -175 -204 14 -481 126 270 36 441 463 -649 -647 74 492 -199 303 -82 -139 -145 142 328 -488 -104 -26 276 -593 -57 616 71]
[180 470 201 -13 -151 -71 286 -15 -561 -700 -264 -258 198 -402 199 -454 -678 -9 351 -489 69 -522 238 -274 510 -459 97 65 302 -8 430 -230 -274 -584 -5 -96]
[455 17 -488 351 -292 -310 -97 322 -187 -372 -576 -172 -186 -410 -303 -548 -90 -237 55 -353 -192 169 262 -55 -70 -16 -178 -56 38 9 352 637 -327 55 245 170]
[-282 12 -257 -48 510 406 -220 510 -307 261 43 -515 -261 192 303 -198 -33 -93 361 204 286 269 -630 -34 157 293 -291 352 -197 10 42 -94 758 241 -102 -182]
[129 -410 -183 -456 -370 243 -43 -292 -43 -20 15 -408 -143 -282 256 215 10 114 -605 -162 -375 103 -716 509 0 378 -535 -189 -501 -215 8 -506 203 -266 -94 -287]
[226 618 51 438 223 14 -348 257 -131 276 178 737 32 353 59 102 -15 993 241 -141 8 477 673 222 -443 338 -123 110 -202 207 -247 170 -127 193 -101 -62]
[-302 -138 -136 226 14 -959 127 -84 473 -150 -120 -75 -318 154 -292 -101 345 -6 -101 242 383 215 20 -486 -148 -255 491 -83 -41 -140 -203 441 15 -52 -258 664]
[-458 122 -40 -463 269 -889 -19 -198 -392 178 45 46 -118 -447 -77 -96 -233 -63 -425 -193 -187 407 -353 317 -522 -219 130 51 -225 -256 313 -13 -239 -261 39 140]
[-48 -83 -197 47 570 -291 107 -225 3 26 -944 113 -54 -77 119 -43 -826 -219 -239 -7 12 -11 108 -623 85 -408 6 -20 -259 -373 -208 57 204 -139 137 553]
[-291 -279 -552 -17 -29 -281 37 103 157 -432 -341 -205 562 19 -233 -367 -57 -288 -22 696 103 489 658 331 319 -205 784 -573 -157 -297 -384 -50 256 -416 -175 -423]
[363 -696 297 -495 -1006 355 435 -240 -279 -266 -19 100 169 103 47 337 -67 -71 -164 96 -163 -496 581 15 -147 -300 352 129 -473 233 -413 392 638 125 -95 -129]
[-335 -196 270 -463 -127 -163 34 729 30 242 -466 -188 169 521 -507 -557 337 -256 113 157 214 -101 -293 -100 -239 -268 320 122 -200 -345 514 285 -81 -179 -168 -485]
[475 -253 -245 -171 -687 233 196 -586 -104 -567 93 -370 -426 77 154 -110 -452 698 -335 -420 344 -223 -708 -76 -61 -873 -37 347 -109 -118 537 -77 136 -23 -28 526]
[79 -316 -466 94 97 37 38 -87 324 -229 -131 -67 -77 -69 248 -66 -150 372 -118 -35 -267 593 284 -273 -512 749 189 -937 -457 -355 -535 -403 57 213 -112 -124]
[412 24 -341 -300 -563 -363 -346 -298 28 -492 -166 -420 -120 -101 -80 380 -151 -115 19 51 -274 -432 84 -4 495 390 -266 -626 -430 -319 -3 190 -244 -191 -455 50]
[-172 -25 20 368 -106 10 -34 -220 -103 -27 146 -306 461 357 -141 640 -362 431 -653 -50 -213 -208 9 235 -459 -207 -278 104 -738 52 -291 -152 -31 -363 -38 -138]
[-406 297 528 -671 -585 155 -316 376 -357 -38 -114 -477 407 456 108 -43 461 -450 -718 15 -346 348 -117 -458 -480 281 -116 -61 178 -74 -192 288 184 323 -246 -164]
[143 -106 190 15 198 35 -46 -395 444 39 162 399 -246 560 -171 -349 455 560 -166 102 400 465 -545 -34 -268 -264 -213 461 937 -26 288 -37 424 46 -403 206]
[-14 -132 447 233 -421 181 570 -989 242 -24 -268 278 85 15 -218 289 -41 -436 -302 296 49 -225 14 244 227 -382 965 -616 -379 -453 -454 -20 628 -169 -322 179]
[382 482 319 64 -359 -180 157 -195 -402 -438 -312 -3 -724 -170 287 646 -169 -153 -53 -19 191 -241 109 736 276 60 354 266 152 -340 602 -179 -23 24 -63 502]
[569 218 -133 -562 474 -217 -404 -20 -116 88 -426 25 365 -61 -65 -42 322 -286 -490 238 341 484 22 116 515 278 -620 -193 -167 -484 495 207 76 -175 -185 132]
[-178 249 68 -353 -181 -139 -666 192 283 527 -333 488 191 263 11 -234 -366 -556 -42 -160 468 430 160 153 -208 -203 131 -816 81 -206 175 61 -452 -135 51 296]
[-266 -862 -77 -82 -704 189 222 336 -36 803 305 -911 -406 197 300 287 -82 390 -115 -460 60 180 -112 320 -470 381 515 18 -135 278 57 366 426 482 31 217]
[-419 -471 239 -275 493 293 264 436 491 -87 369 45 -190 -116 89 -61 46 332 -342 -108 -116 67 328 -479 -199 -430 921 338 345 -7 14 -134 179 -149 0 -654]
[-99 64 338 321 251 284 -230 502 358 -32 306 243 177 -146 -101 -145 -587 14 507 307 -231 120 162 -319 -28 172 -47 -484 38 222 647 249 -236 -155 -875 -177]
[578 21 318 -636 -33 -51 -29 765 -631 -301 -93 250 -274 -134 454 238 -489 157 85 31 601 163 -374 -141 -122 -261 -617 116 495 433 393 -2 48 -4 95 210]
[-131 -415 69 330 -230 235 -553 219 -254 -43 -469 -157 23 71 -477 45 500 314 198 -138 -735 -174 -24 4 -94 -24 -85 -721 460 176 261 -520 414 398 -103 -133]]
