[[-152 -204 706 45 -272 -368 66 -162 -286 157 12 198 -520 -341 -167 -65 -203 212 -431 365 -168 -45 -130 87 -160 -291 101 -298 89 43 -125 -284 252 436 498 160 41 -171]
[-241 204 194 -192 224 -215 -331 389 -71 -7 -173 223 -338 -536 -453 -233 88 -42 -517 369 97 -447 260 139 -157 -132 296 -192 126 22 -237 -133 -203 228 287 -569 -173 -295]
[-373 391 -274 -186 0 666 -200 -139 -3 -263 394 286 490 -194 -64 111 77 -637 36 321 -25 32 100 -34 354 212 424 -293 42 -265 290 87 -117 -268 -486 -84 349 -187]
[-599 67 137 -108 -99 680 -222 103 753 -243 0 135 32 -368 449 105 207 -333 85 112 -183 -173 -164 215 307 203 166 -36 -169 -208 -258 21 -162 95 381 -86 -246 2]
[387 800 -252 -408 454 185 34 232 28 110 -31 -36 648 -111 70 -82 528 -282 -99 441 -304 98 269 -18 101 273 111 -397 173 58 -129 216 375 -227 -222 -310 598 -429]
[-212 -68 -270 402 -68 17 -89 -169 -187 -140 474 -349 -51 474 -420 -209 -240 -299 -193 131 202 500 62 -539 -279 311 684 13 147 -588 479 150 -582 146 -265 -200 199 -52]
[564 -19 -113 -475 -347 -775 133 -42 213 537 -299 132 366 132 94 59 -118 519 -50 -450 270 450 80 304 8 -205 -276 -140 -294 84 -441 407 252 -375 145 -241 204 -46]
[-177 133 28 230 404 789 312 -50 -49 -179 261 -37 290 68 744 -23 -51 -183 217 308 104 167 -418 -257 555 827 100 -628 89 -193 -188 -67 -37 14 48 343 67 674]
[39 -751 -254 -201 -235 632 143 -55 400 -399 -10 -28 -114 142 440 259 425 -235 553 -13 269 275 335 -167 282 121 -180 937 -164 -320 604 190 40 -65 211 301 39 -48]
[-274 421 -241 300 -4 -96 460 -89 326 375 -430 130 -48 538 389 121 356 -225 140 -281 -965 -424 -278 250 -137 52 -63 594 -102 156 49 -127 376 276 76 358 -328 -48]
[-519 -95 -473 284 381 381 -161 -74 198 -367 94 -92 73 -21 -319 284 -169 -57 330 119 -413 -340 -261 -495 213 -460 198 355 -213 477 -109 -451 -333 -89 -565 -304 -94 -286]
[-270 291 -412 -1115 33 8 -60 150 386 119 -535 453 607 -28 -45 8 -87 -300 184 542 -114 163 -76 296 398 -24 127 210 -332 4 195 -92 203 -376 -485 -594 -167 -616]
[-629 247 -460 265 313 -44 -232 -518 169 -110 -48 -18 78 428 -60 -251 -48 -633 -42 -315 -41 -397 -100 -239 423 308 305 198 -290 146 -508 -182 -168 263 108 -127 417 124]
[78 153 75 -154 0 -156 486 -54 -410 517 10 453 -332 -34 -279 -9 154 284 -325 531 -681 53 -337 -442 93 -157 -112 -300 -82 -322 647 38 922 -26 -324 605 3 -380]
[190 -125 78 -438 18 -59 357 -239 -194 126 22 -293 486 503 144 -202 -244 -141 -104 535 -717 428 -122 -96 370 393 392 -408 376 79 -195 -452 -29 -330 281 -65 77 8]
[-269 -266 -129 27 269 593 -82 374 -139 -309 195 176 -293 -27 51 563 231 -468 356 285 47 -27 414 141 -378 350 31 -168 626 -138 25 -49 -62 5 278 -263 516 184]
[812 -213 308 307 207 71 647 -158 -245 -346 -99 -512 -235 -54 131 -193 184 361 -294 86 -714 806 -35 -490 -242 -115 -233 -90 285 392 351 -134 -329 -23 -151 -45 12 -203]
[224 169 388 517 -471 -416 -40 44 250 -91 250 253 494 -750 612 448 63 -4 -141 -320 -406 226 -95 832 52 -160 -465 -505 -321 402 -205 -67 7 35 175 96 341 -217]
[-36 -145 -254 413 26 221 -109 379 208 229 157 -213 -155 -197 175 276 260 -840 334 -328 -462 258 84 -219 308 477 -21 -414 2 -118 -256 326 -260 -611 26 -176 236 -66]
[177 -410 291 -377 -466 -377 -279 31 327 -82 -740 -248 -698 -241 -453 -560 -119 119 362 196 309 166 -356 -167 35 -190 49 488 -223 -445 -702 31 115 282 406 -42 -105 -230]
[9 -250 -409 729 294 -406 -416 -237 -426 -66 436 -669 140 725 140 47 -387 -80 46 -345 538 -166 260 -376 -16 376 -25 -112 86 -211 -50 30 -222 -800 -196 -154 -4 84]
[104 -186 243 -77 130 205 634 245 547 -19 -288 -174 -526 -192 -186 -164 -174 449 281 -20 236 340 -203 -145 219 -31 -26 -219 -511 379 -423 458 -216 94 128 -873 -333 584]
[-109 -160 59 -472 -313 336 -450 -487 474 218 81 -207 -168 -29 -182 66 -687 -741 282 -667 -167 104 -293 512 522 -337 -214 -486 -74 133 507 512 233 -419 -347 279 -591 473]
[399 -69 219 95 250 -187 -336 168 -295 -527 -105 -97 -602 -497 -93 -77 128 47 -95 -311 111 74 -103 514 35 25 -638 -137 -428 143 -497 439 567 502 671 -87 9 385]
[-156 -1086 464 -81 -478 -475 -478 95 68 61 313 -243 -104 582 312 -101 -1 230 138 -320 412 -52 37 -194 -119 96 -607 16 430 -235 119 -80 13 467 366 282 136 439]
[-27 -394 43 54 -83 -111 94 -239 602 -401 -141 239 -662 -768 -274 -207 244 133 -383 632 -15 -321 -343 -188 153 -589 183 269 -173 -188 157 -423 32 -361 451 -25 -357 43]
[-311 -370 -258 -106 -112 -27 -396 49 628 -176 -296 198 436 -271 195 -214 245 8 -98 -274 -298 -236 75 -309 318 336 354 -76 -187 -514 -588 -263 -132 -591 -498 -507 160 -137]
[-1 -605 710 245 198 65 174 -148 -1236 -730 48 321 156 -252 -78 -66 124 246 -116 105 209 368 -4 8 -25 -40 132 -500 267 22 144 -513 -49 -11 -55 337 529 139]
[-83 247 199 -322 238 353 123 611 29 215 -683 577 -106 -345 554 -111 57 375 683 -143 422 564 -408 365 -252 278 -239 303 211 231 -133 192 -330 -500 315 -22 -428 250]
[361 -482 -423 218 -566 -396 59 141 49 29 -448 -29 257 477 177 -241 -85 -128 -122 -824 -18 238 682 170 -102 429 -3 -342 -256 40 -190 -170 -822 -47 -115 -67 217 473]
[374 -178 -277 -248 -68 -536 16 -83 -54 223 -173 -637 38 327 -263 -675 -213 272 741 -160 -225 -259 -402 -357 24 165 -295 -106 717 103 110 -137 571 117 111 395 -193 80]
[-516 322 146 -224 48 -193 -136 -394 -62 -232 -43 417 -382 61 -355 61 96 1 198 255 16 -214 -306 46 -440 -481 165 -79 -531 -47 -484 -621 -172 -92 -469 169 23 96]
[53 84 -744 661 -43 -83 -257 251 430 195 -361 -224 -37 212 -570 202 202 55 -133 -489 -8 279 155 -147 -288 -643 -205 -273 364 -16 -406 265 -482 334 -223 -549 -104 -673]
[-18 128 -544 9 -558 -631 -18 -125 357 538 -31 -171 96 368 -79 9 159 57 675 -186 -288 -221 -364 -3 -72 468 106 465 -728 236 -182 438 140 64 -331 -31 208 -245]
[-682 -278 -332 816 142 -5 187 -438 434 67 619 20 -284 -268 224 -49 -121 -278 -172 266 -413 37 51 -61 198 71 305 -299 -194 -17 -94 161 -386 -292 -802 -408 170 -16]
[-397 -271 -338 -429 -486 -73 249 -359 176 -433 -197 180 -110 111 -133 -272 -347 -54 90 -136 256 -313 143 143 403 350 430 741 -112 -186 251 271 669 -139 -265 250 288 -454]
[367 115 174 308 -9 47 120 489 189 144 -208 401 -291 -538 473 -359 282 151 -408 -152 261 -613 -101 646 297 415 -82 -466 241 272 -169 -51 312 114 31 -607 32 177]
[-358 -104 -417 209 -196 401 -688 -93 -403 -97 432 -526 -378 252 -700 211 96 184 3 127 -286 5 112 -616 243 130 -70 400 86 295 -372 -506 204 -319 5 375 597 127]]
