[[257 163 -362 -195 -83 25 -347 -450 -18 223 -211 -218 241 581 -391 -206 128 -104 -131 350 86 94 190 525 328 -317 137 187 -182 403 253 -189 257 67]
[-191 188 -122 458 16 -307 433 234 -646 150 -621 -298 59 148 -292 -428 -279 0 -459 208 -110 -123 208 -112 61 -107 56 231 -147 277 -86 -312 -49 -86]
[35 -170 -485 79 -641 178 -147 -309 296 -70 271 181 -189 -304 133 304 -172 87 173 42 85 -290 -2 275 21 -131 -614 -537 43 103 -76 423 -130 639]
[75 265 133 -213 -70 -349 206 -478 109 131 20 341 379 -74 62 -149 129 65 -116 -409 429 291 -54 146 -294 72 459 -237 -93 -297 398 -265 28 -844]
[117 184 119 83 60 -380 228 -15 -263 179 79 -119 362 -581 105 -309 -41 -398 -153 -338 -94 498 -878 -31 33 147 396 26 113 -398 442 140 416 -483]
[-399 198 10 2 -739 -71 -22 168 105 -15 257 408 -517 -570 235 -116 -88 -30 313 -160 143 448 -252 -136 166 -29 -507 -532 571 -213 488 324 452 378]
[245 -256 120 266 -298 -133 479 97 -201 303 -224 -243 444 32 -302 -295 159 -345 27 -778 -529 24 -235 63 65 123 247 117 -83 200 -563 157 -246 -372]
[-390 173 -144 -165 33 -61 55 650 101 -329 -176 -72 180 -179 288 193 -254 -255 77 483 -95 671 -333 -511 -9 148 243 -139 429 13 465 108 -215 72]
[-129 91 -277 758 284 106 -65 -233 -370 -88 -205 -401 427 -536 -128 -232 -234 223 -166 299 -15 -787 -285 90 -318 8 -333 211 423 224 375 157 -136 38]
[-104 9 -302 -5 413 269 -91 -378 88 371 -528 39 474 296 327 -110 190 271 176 -282 32 -97 152 -430 -3 161 714 299 -61 175 149 166 -633 -215]
[816 289 503 -221 -244 156 -398 -182 361 -76 449 -128 113 89 -176 -432 428 -216 -238 -234 -442 229 -257 472 -492 -132 54 151 -28 -344 -137 329 570 -153]
[-67 283 92 -358 -109 -194 160 30 409 -196 170 -53 -88 -121 -66 458 -248 -163 -236 84 127 484 -419 172 662 -57 -270 123 -235 489 228 -264 789 123]
[144 -36 -51 260 -93 -502 -206 37 -255 161 14 -44 220 -329 -613 -97 464 36 -482 8 -42 124 -223 301 -116 -149 -35 -248 160 -186 122 172 -666 -557]
[-22 18 -839 -320 -166 308 485 -81 -30 37 527 -51 301 -446 97 522 91 -551 419 -651 51 511 -363 37 67 309 105 -305 -461 -108 -135 194 -310 292]
[-162 -124 -77 309 -671 -447 105 185 -251 -534 -49 -344 58 358 -150 -222 -366 -486 -129 219 -533 -250 93 304 663 -66 109 172 506 530 -25 171 415 165]
[17 -119 247 -32 -230 290 182 -333 -88 -34 -584 148 567 174 -549 -380 -304 -384 96 -30 366 33 -316 168 -13 -49 137 -88 512 362 41 245 587 -625]
[216 -293 87 -108 170 196 -594 112 458 -357 486 254 -25 -68 511 -251 -229 622 287 392 -404 -245 -103 -183 -390 -31 -222 -98 486 -334 102 -465 539 -43]
[138 59 -179 -672 382 -39 -174 552 217 96 537 -302 89 -98 -481 637 291 3 -171 -400 -567 -30 -43 -112 195 1 -10 -339 -554 25 -246 -147 19 -185]
[-186 706 258 -372 -40 -241 707 398 -308 -614 -447 309 479 -360 -66 -343 77 -105 -167 128 -241 311 83 0 -287 -114 356 -273 390 -133 380 121 656 -546]
[-214 -19 -630 14 350 219 -299 -329 409 -177 757 -403 -272 161 373 -243 168 -187 464 -36 -124 -91 234 229 90 249 -435 630 216 163 -247 65 173 202]
[-21 112 129 -6 -475 204 135 743 -336 -382 -280 382 -338 548 -83 -168 -680 -81 -276 207 -273 200 247 -74 -34 441 884 79 106 -456 -324 -377 -84 -508]
[-269 550 76 -4 360 -325 214 -155 -490 214 73 -225 453 209 96 -507 596 160 -642 -456 -201 -339 -42 259 -69 -372 138 131 -341 416 -22 539 -148 -211]
[-91 -165 -216 73 75 117 157 512 -285 545 -439 -445 -212 27 -205 297 76 -388 84 -372 211 300 314 -509 298 0 -624 176 161 197 336 -125 40 -52]
[-610 -269 545 -525 -245 -278 705 -296 309 -696 35 368 272 -112 -87 -313 342 -195 457 -89 68 41 272 -196 -363 358 99 396 387 -9 -143 -74 -117 -550]
[-663 -362 -296 -240 730 561 -34 445 -151 -85 607 -135 -29 188 182 535 -52 -371 284 140 356 178 178 -403 -332 202 -83 -310 806 -109 -356 -154 185 213]
[75 -385 -517 824 -558 -210 -49 350 207 241 -873 104 -89 -146 2 54 -114 482 355 45 -193 199 -324 37 690 55 -11 -111 -470 376 -397 -487 -196 190]
[-504 56 114 470 -39 -225 402 210 592 -69 203 219 23 -82 -104 56 -290 -232 982 -73 380 -65 613 -22 -266 -38 -122 -548 9 -235 346 -286 -115 -16]
[-143 100 196 103 218 155 602 -8 -491 773 63 -289 -503 -67 -195 145 -186 -262 99 20 104 -183 132 -718 197 -242 283 669 -144 -46 394 28 637 340]
[-338 -338 246 -530 -232 86 313 -539 454 650 -51 390 288 438 277 -286 50 252 340 -73 448 -172 534 222 508 134 -329 -501 128 243 -8 176 320 429]
[-94 31 -134 105 -346 -69 345 -198 -126 -32 677 55 256 -69 -419 112 51 6 300 -312 32 -165 -222 188 -668 400 391 -581 -100 -545 403 308 594 191]
[-123 -511 -95 729 163 269 367 -260 -842 -49 477 193 355 -78 108 254 213 94 239 -133 -441 -414 -41 -284 101 90 31 -213 311 175 -77 247 -622 -256]
[368 82 -443 214 -412 236 -121 -229 181 -227 275 171 -236 172 -618 160 627 -311 -443 201 -68 -343 228 -129 44 -247 -394 59 -435 665 -608 -159 421 230]
[368 505 -6 626 -267 5 -117 96 -266 323 426 -141 -2 -382 -447 -114 67 -286 -192 -385 -323 -26 -114 -725 221 79 -371 234 -39 -142 -493 461 6 886]
[72 365 -72 -388 96 68 723 -132 -1 292 252 254 -404 271 108 -560 605 552 235 -733 -55 436 53 -232 51 -187 -375 -695 32 -346 -347 92 180 -75]]
