[[118 -26 291 128 -54 -386 298 215 -303 -101 -227 259 323 -41 -48 205 446 -176 -21 -50 -126 70 404 -166 423 -429 353 -428 297 96 -63 53 80 537 -582 -13 -226 -272 356]
[32 121 -259 -20 478 105 -134 96 132 -321 -165 -170 -429 138 -126 -419 -450 108 564 325 -109 10 180 361 -637 7 76 -2 27 35 -255 -144 -478 -1 -126 418 59 279 -393]
[-246 -453 146 88 -430 -221 -96 -493 -150 -35 -78 -85 10 120 80 479 -504 -215 -604 -259 -108 -40 378 303 95 419 132 192 -196 161 183 -87 315 -227 314 -158 388 391 532]
[293 -657 195 52 -40 -441 -266 -186 268 -664 -359 195 -54 19 -28 121 -407 -104 -195 -305 146 159 164 109 -483 -82 389 -551 -94 98 201 323 -215 747 -665 -98 -130 409 76]
[86 -994 196 288 657 -325 134 -7 -99 -441 -443 -45 110 86 175 -389 -394 29 -264 -226 349 -374 81 443 -140 60 382 -238 223 -2 -14 -308 -28 338 -603 -135 47 500 105]
[390 -251 -331 221 237 -323 29 198 270 97 98 434 343 -227 491 -231 290 173 -325 108 -51 -122 -30 -536 -155 4 -207 -320 370 -366 564 390 546 355 -576 -170 -893 -435 70]
[-132 -427 496 303 72 282 177 -55 -136 -577 -379 253 141 -126 -59 153 399 13 -281 -56 149 -23 -271 -286 197 -593 106 -37 168 -167 -198 -246 -828 266 81 -133 -43 -141 501]
[293 -119 25 -623 127 1 407 123 93 331 383 -26 517 485 245 -225 -70 90 -625 246 322 -310 -231 -68 -348 50 -591 154 -264 -127 -95 273 646 -165 -183 -307 -161 170 -66]
[-260 240 807 194 -654 211 241 -12 -452 88 241 338 407 295 -443 627 204 92 -166 204 -127 32 275 -216 360 -219 -109 117 -72 -67 -348 -329 611 -79 -363 -271 202 333 35]
[-430 -273 95 561 -9 413 -385 -326 -573 -106 -438 129 -459 -334 131 -141 -633 -91 -44 208 -18 -773 4 39 186 160 -322 -9 281 -162 255 -537 -7 -614 226 143 449 728 -53]
[381 194 403 -256 -885 183 419 260 -171 -323 323 144 -236 377 189 102 616 76 220 191 -56 -50 -296 -726 279 -532 -170 -2 87 331 -368 -33 291 89 -505 -47 -19 -214 24]
[873 -140 -475 29 391 410 206 71 59 -433 35 -311 -271 157 478 -246 384 126 -79 486 166 -364 90 -262 -44 -644 25 -317 270 161 25 413 -290 -206 4 188 -580 -176 31]
[648 -215 -102 -552 13 -126 156 -249 -324 -608 -372 69 -50 -86 114 -252 21 -680 284 -420 -74 -97 -505 -135 196 -233 25 105 -147 262 -303 -155 -178 585 -238 -13 261 58 243]
[-423 -700 -432 237 1 -164 240 201 -470 -46 -685 -591 -446 -431 274 4 127 -231 -107 254 315 -242 465 264 671 -395 319 -220 476 -131 -313 -346 -309 -182 359 316 263 -126 -36]
[-378 -222 -225 -314 -225 247 -296 178 593 -254 -120 -4 -632 -256 352 -65 46 -211 77 514 242 679 -380 -401 -819 -212 -622 -262 -254 -172 45 395 -409 -376 156 -282 115 -297 -61]
[-230 792 95 -112 319 535 -119 -524 -82 290 302 132 202 49 -300 415 -444 98 423 367 -236 -316 441 198 -81 -588 -423 -21 -20 339 -85 318 320 -354 364 -117 331 237 208]
[-33 720 319 -327 70 -129 258 221 150 -249 -226 -204 451 292 -626 214 93 -24 175 -77 133 255 -77 192 157 201 -15 71 -253 428 235 198 -511 -25 535 193 -260 257 -400]
[597 254 -593 -546 16 -42 640 -176 139 -505 235 -461 -127 216 -250 -458 279 139 3 -113 54 -194 -279 146 451 -50 183 347 307 183 33 168 112 38 -225 -231 -232 -24 -957]
[-120 -313 539 63 -269 317 56 211 86 101 -199 -415 -338 -372 161 269 -295 -75 -313 -98 754 -82 -672 -299 186 376 154 -109 -38 112 360 -103 -563 473 320 449 24 95 -366]
[251 330 -42 -27 193 -26 136 333 330 -3 -29 -516 123 345 377 -435 453 169 49 -325 519 -338 142 -232 414 -175 -672 -317 236 -67 223 239 -16 -470 156 86 -161 422 -165]
[464 74 -413 315 -76 3 -581 15 312 -322 -152 -40 -6 -38 402 -558 290 -230 334 40 221 -535 -728 -380 -62 278 513 -657 -120 389 416 531 119 -249 -13 192 -380 -60 -385]
[-253 75 439 190 653 -11 -94 785 -23 62 -71 77 -622 116 534 -430 174 598 622 -361 -19 85 -109 91 -6 209 -18 -116 22 83 184 -423 184 -309 -306 350 636 568 -105]
[20 27 378 -138 244 98 32 415 -744 333 72 -78 -223 52 487 39 163 -306 -81 -302 -74 461 -842 45 -100 -77 11 -122 -299 621 -22 -413 -434 81 -182 -59 155 33 270]
[-49 -156 329 689 529 276 -287 314 -554 -306 -162 137 708 377 -476 61 -65 260 42 -111 -167 343 -94 281 56 -73 300 349 504 142 -278 -397 -495 -350 331 -200 -278 287 -63]
[370 17 -10 433 41 507 -51 -236 -140 -22 209 203 -149 99 8 -474 -390 577 407 553 -312 -495 -210 -179 589 -683 -90 297 826 132 102 -464 -242 -507 -238 130 177 -349 -215]
[-381 2 62 -7 204 9 -259 677 -262 59 207 299 63 -790 844 383 -42 293 -26 -29 -210 -209 -336 -501 -93 -289 -176 -466 301 22 514 568 -52 199 552 -215 -336 -701 176]
[-426 572 -232 353 13 291 -236 88 -69 681 193 -461 -87 -345 169 633 -410 -41 413 83 -372 -2 -51 -137 27 147 -577 221 299 -286 387 -246 729 -395 257 -596 -317 -222 221]
[-138 -198 23 -460 464 -225 41 405 -65 730 -79 108 631 195 -403 -111 422 90 332 380 -492 333 713 -227 273 -426 -256 -178 141 -320 -559 236 475 119 -236 503 405 82 148]
[-189 -393 -238 -32 -185 541 582 100 -308 386 682 -605 234 546 74 -349 194 -65 -694 287 143 -309 -259 -149 -24 78 404 116 152 -37 -91 -254 -336 -485 625 177 -617 -121 393]
[-24 329 396 -69 571 -11 76 285 -147 324 -422 -231 26 336 -44 514 101 -245 -200 -266 134 46 187 398 -191 -309 447 157 -539 184 -168 175 -438 381 -568 586 -155 89 44]
[-442 -277 -81 -379 220 -27 -398 -762 -11 -205 -406 -225 653 220 -296 253 -104 -200 -112 -361 151 119 191 214 -1013 -236 -76 469 -56 241 -921 183 -477 -141 445 -32 57 1 155]
[430 317 129 333 -45 683 -19 -36 468 65 -33 304 -18 -344 -533 -10 187 139 -91 -159 81 -52 -297 267 114 -228 -399 513 -185 -551 499 1 -141 -154 31 240 -579 542 -323]
[261 -196 15 93 -82 -162 382 -546 -450 -326 -402 114 88 227 -217 578 -294 -688 -646 126 648 -81 -221 -40 -301 533 21 -393 -156 -30 208 432 591 -82 -169 -223 -278 150 308]
[8 571 -572 192 -210 165 -402 -272 73 387 237 282 11 -46 -488 -41 -268 300 237 313 -176 -273 -486 -127 -20 393 -547 402 -267 -259 218 -29 406 301 -55 484 355 -504 -68]
[256 337 -30 -373 -17 -151 -220 522 398 -99 788 327 -77 -80 298 270 582 -118 -85 -692 222 122 106 -522 236 135 19 393 152 356 -155 252 27 510 -3 -215 414 -965 157]
[-277 -103 471 -20 360 211 -417 -99 -267 -419 134 57 566 438 -322 421 -265 46 25 -359 -429 253 105 304 -60 -192 -182 -266 -742 -57 -34 -38 512 587 267 -372 -57 336 610]
[431 -101 -245 156 177 -152 3 297 672 -80 88 -224 422 -411 442 89 213 485 -65 -17 -68 94 -290 -505 -167 -435 72 203 87 621 256 339 88 -425 741 -202 -84 -545 -28]
[-236 244 218 72 261 1155 62 -33 -275 -282 -391 116 168 -401 -408 220 301 56 165 409 382 182 288 433 -3 -258 -496 -316 118 362 -188 -176 -243 66 -14 -471 -332 -79 -569]
[-456 -300 476 263 -685 469 -311 103 -155 244 318 -132 -427 132 583 185 -269 -370 -4 -271 -535 -169 279 -32 51 104 -217 -15 103 236 154 -339 -353 71 561 549 1020 -92 139]]
