[[340 -94 119 -302 820 -101 -395 147 -109 173 139 -511 238 -38 63 253 245 36 614 -43 421 108 226 -110 -68 468 -161 343 -160 -67 -47 88 -193 165 -78 -109 71 -451 7]
[-137 -75 479 -31 -326 222 408 -233 -175 -51 160 139 -55 -417 357 500 267 -551 -379 49 -396 -341 31 -202 122 -67 16 -485 102 350 377 286 -99 -69 -264 298 -436 249 -207]
[12 -90 60 208 240 -139 -272 296 29 -131 -159 -338 129 -34 -344 585 -57 68 400 -192 -33 570 125 214 111 -178 93 714 379 26 -417 93 231 -20 -568 -407 -158 328 -221]
[375 73 -263 159 -226 -275 -680 -214 -239 -481 -184 -266 114 -18 122 -544 -174 249 169 -68 175 98 -120 439 -424 -45 28 297 458 381 -533 -221 -120 93 -323 -455 134 423 -171]
[-373 -23 -228 407 443 7 -124 87 240 -167 -84 -189 92 0 -26 198 -423 179 109 498 -435 -202 -240 -114 47 -107 -117 67 218 -212 178 1 -215 -253 -245 -89 -669 -593 -40]
[-122 -370 -251 312 239 -165 -210 204 -175 -94 -265 -69 447 355 -110 446 -302 81 421 378 310 -52 -130 340 141 316 -333 669 473 -13 -18 137 -435 -147 -39 -1000 31 -87 -188]
[-102 -52 -111 -99 443 38 68 149 38 -438 -386 40 399 466 -310 578 -515 471 12 315 -376 -677 -208 28 111 406 194 -38 73 320 45 121 -426 153 118 -56 -9 27 118]
[34 -131 -305 71 -81 63 55 -138 98 -256 -612 218 -166 185 413 -727 -237 -470 -5 279 132 384 -107 75 -99 -305 -576 -110 364 -264 -281 -240 -489 29 224 -345 -499 -202 254]
[-203 212 -79 155 -449 -60 -20 182 -775 98 552 -227 -206 -125 165 33 224 -81 45 -232 279 -127 -35 301 -181 -573 -45 142 130 638 -600 257 -142 -222 -503 -8 335 274 -138]
[394 183 373 -389 0 63 195 40 125 -20 -384 458 -17 -432 49 -196 274 -358 -240 -132 -201 854 86 -403 134 -455 281 -392 54 455 356 -346 282 -139 42 -370 -226 359 -45]
[-681 -151 200 275 -366 649 720 -580 584 447 392 315 -46 -36 392 124 -89 -635 -595 365 -30 -417 -99 98 36 487 -299 55 -259 -341 416 333 -21 -515 342 165 137 -243 -319]
[79 320 -213 413 646 250 -304 113 340 -81 178 88 393 -326 351 227 -100 282 397 -88 -422 -282 -236 -109 115 345 648 39 -159 -234 781 136 325 -18 60 208 -191 -305 130]
[26 -74 -127 -39 -431 401 347 -452 63 326 127 152 -171 -85 419 -359 -263 -257 -70 426 322 -141 478 188 514 505 86 -89 -412 -599 649 254 192 82 227 17 575 253 -298]
[190 -2 276 -536 640 -84 49 319 47 157 -246 -31 -313 -173 -232 610 113 1 -393 627 -144 -585 49 -124 251 142 9 208 -356 1 776 -283 -334 -304 -119 -56 153 -408 -179]
[359 38 -395 -284 -307 -209 81 173 53 224 -87 -388 589 -228 40 -574 -293 248 231 -84 379 -102 251 -114 442 -228 239 -279 39 -52 127 39 136 -177 415 -465 534 221 56]
[102 347 -23 -247 -94 269 58 -456 260 -190 -454 166 -339 467 -451 438 -35 178 -235 -405 48 443 249 88 298 165 485 478 -9 -243 340 227 164 67 -288 -138 583 254 -527]
[137 216 8 -324 620 509 -191 -287 -469 -540 161 54 155 101 625 246 304 1 198 -351 -126 -79 64 196 -433 82 79 380 45 480 98 326 -252 -525 -307 -797 -298 -83 19]
[444 75 -511 123 28 142 -312 -162 -76 -826 -197 -179 621 -104 55 -353 -51 273 -24 -141 -93 -334 261 500 197 298 189 -113 234 -280 -390 -282 290 -212 451 188 -32 415 123]
[230 -216 66 -317 258 -241 -33 250 193 -20 -180 670 -15 158 272 13 2 -318 202 -105 523 154 -641 110 14 -604 -104 334 189 382 -242 -329 -280 45 -184 -181 668 187 379]
[1 -155 -184 -379 -74 222 351 20 618 -408 141 512 38 299 -355 -111 -385 236 -35 -48 -495 435 -521 57 -232 -5 50 419 313 26 1 -287 644 140 51 -664 75 481 496]
[-186 -413 43 -336 100 388 -317 -147 96 112 208 94 -21 822 -295 263 -339 667 176 -196 -32 -452 -167 473 -633 491 -55 898 340 180 33 -245 -117 103 -101 -41 266 -1 -40]
[107 279 -97 -269 -236 -249 13 -458 352 -500 -119 506 -469 180 158 -541 -110 556 -55 565 -304 149 -345 -376 -251 164 326 -248 -539 101 -156 -365 466 -431 -134 -65 -437 106 36]
[-140 -203 -232 16 58 -362 473 -223 -793 -129 593 293 -89 135 -620 -56 -157 536 -65 -165 193 160 -162 481 148 261 -110 -588 -194 -112 104 82 326 302 609 -76 511 398 276]
[-390 -219 399 719 -619 -177 -281 281 387 263 -41 880 -20 144 -223 275 113 -152 329 -195 174 337 339 344 -10 -546 -168 214 585 -25 -88 -179 257 332 391 -107 301 573 -22]
[290 -235 -19 213 -163 77 -209 -165 324 86 -15 -347 353 -68 -67 -565 -389 166 -433 48 -304 598 -636 -557 116 -781 -482 -378 556 82 -158 -506 374 62 58 -142 -237 -451 361]
[560 365 -58 -310 351 -95 -501 -160 -262 404 97 -360 233 65 -56 -274 -291 34 -90 -151 484 -624 667 336 -245 -247 -171 -28 -166 437 -240 124 82 35 77 426 778 110 89]
[665 135 104 -59 372 97 -71 31 -356 -246 363 72 175 -412 -186 -640 599 8 511 -114 -1 358 108 -52 187 298 489 41 -433 -409 265 -520 436 -82 -315 -271 350 433 348]
[251 -493 -525 66 -476 -51 -196 207 81 269 26 -136 290 287 -606 319 -206 307 -133 -575 300 -110 -740 420 -43 174 -423 -231 322 -216 -12 176 246 231 237 -203 440 114 162]
[-222 21 -267 296 -642 253 176 109 56 -429 -114 198 -485 -9 43 165 -80 -272 -769 -126 -211 606 -370 90 64 186 182 1124 -156 -225 -180 217 2 -170 199 -380 -15 385 359]
[86 420 353 -292 192 365 188 20 -29 965 53 -18 41 -518 -209 833 -55 245 -359 -596 -336 -200 233 -486 -364 -131 229 -401 -477 384 334 336 -177 -160 266 315 601 -185 139]
[-103 -270 693 12 -474 114 356 -124 -78 257 167 299 83 256 -174 -315 505 142 -272 -765 54 -244 -199 186 189 -590 161 -168 -119 -215 239 335 164 -8 -212 -434 70 -384 285]
[-83 718 279 -613 -66 -249 369 31 -81 147 -185 301 -42 242 -314 154 428 591 227 -154 96 101 201 -126 -221 547 30 40 -573 -556 105 203 38 245 65 -7 104 -179 -36]
[-311 -234 -303 170 63 -135 -103 -318 1 -438 98 92 39 66 -467 322 -437 401 368 789 -277 214 -84 162 42 218 -143 -281 -437 -992 539 -139 -214 353 1 -29 400 -19 418]
[-2 127 152 -272 108 73 298 -475 104 -83 381 329 -72 398 392 -58 207 -181 269 -401 961 428 -376 203 137 98 -480 544 -97 -208 -632 169 -116 109 834 -334 -267 -304 -68]
[67 -225 -1059 299 -401 -58 -301 519 -301 -133 -363 -155 5 -563 70 -330 -138 -375 292 283 436 -433 34 362 9 199 -352 -91 258 293 256 60 -37 229 434 113 397 348 286]
[120 102 209 146 363 -108 -96 703 -232 -55 9 -526 -23 -323 132 304 428 1085 267 -85 -95 -210 181 544 -223 -307 406 -79 -376 362 20 510 428 309 29 -141 61 546 187]
[65 175 -398 9 -34 201 -271 -713 412 -500 475 -322 -467 -156 -261 -313 -71 377 460 -308 727 972 505 743 -370 -153 237 252 27 328 -153 -49 356 165 -783 -241 249 105 -356]
[-57 260 -157 -189 -254 -46 -38 113 -238 137 207 -591 -88 -237 179 -103 72 -53 -205 378 836 -560 -210 -22 -122 -39 -365 -210 -361 114 81 61 -155 -14 353 -413 -249 125 522]
[78 286 150 -330 77 -51 510 441 -223 90 119 -560 412 -55 367 -465 -180 63 915 296 785 254 -90 -431 58 -161 439 -21 -3 -24 330 185 -239 -53 -293 -304 -222 -506 379]]
