[[249 327 38 338 228 348 319 -38 -472 -22 -137 59 -338 9 407 261 150 580 -207 315 274 65 -208 19 -146 55 448 245 262 18 153]
[-232 -272 -75 330 -140 -11 228 338 39 204 -610 -17 412 263 -421 43 -481 -55 196 -539 69 222 -200 58 -268 145 -36 -151 -363 78 28]
[-345 -237 -110 -548 -312 -383 -266 -410 -164 -114 41 -136 20 327 25 -340 81 -259 -347 176 -328 194 352 -117 413 -175 -340 -211 620 -393 241]
[94 -84 524 -349 -669 -320 -495 50 293 -147 236 541 -118 118 99 -364 -122 -44 110 507 -340 -259 -254 -48 13 6 -22 -403 152 73 -28]
[72 -251 235 269 -194 -261 -174 119 -284 75 -103 210 275 669 -165 -282 -251 -278 -60 -56 -1043 -543 99 36 63 -6 -301 -514 50 -392 39]
[-318 77 -289 -378 -152 -432 -368 -346 448 -103 53 190 7 -391 -324 -77 410 -299 -22 213 162 -129 -89 315 223 150 -30 -778 432 -13 405]
[87 323 -206 327 527 56 -30 391 -431 278 -725 -238 125 92 -171 283 -285 89 -447 325 220 -414 245 40 169 -65 -80 -299 11 83 489]
[-387 168 5 -95 451 103 -127 -334 -217 125 100 -406 -197 -206 -83 -603 162 -119 212 -583 61 128 -459 287 -157 171 456 168 -8 38 65]
[30 -46 -478 -20 -56 -341 374 252 118 167 -217 222 407 -93 -339 300 -23 213 324 -251 -280 360 528 -39 168 -83 -141 -305 -420 -153 840]
[185 -16 530 309 325 62 185 -345 444 265 -113 226 -28 -155 147 527 -281 -224 -199 193 299 -675 232 143 -50 63 295 -300 194 -174 186]
[574 -397 224 91 -485 63 182 -347 -71 -223 -333 82 -156 -503 329 229 -47 -137 -55 418 708 213 -142 253 138 -123 439 -445 365 -121 -43]
[134 -115 -349 -248 110 -38 137 477 -40 -82 -312 -651 49 -510 -101 416 21 -218 -265 -290 216 445 -167 -128 -120 -165 -181 -630 126 503 357]
[59 -16 -160 -270 -440 -329 -68 -499 212 248 -545 151 376 105 194 -332 -817 94 95 132 281 -267 -210 410 488 -160 204 -412 48 188 772]
[31 41 -500 -752 679 -32 126 424 -310 134 553 -69 -31 -538 117 -109 61 -38 -175 -201 -207 -447 223 -383 58 149 -687 14 -305 366 121]
[-98 -378 -26 -361 -173 192 -109 -248 -29 -587 -289 39 -219 354 158 -152 -378 -679 -35 71 597 -115 139 -1 466 -448 286 153 -47 56 -22]
[-133 197 -351 478 192 -147 -106 257 -104 -418 -163 -48 -230 -365 -39 -293 372 -155 262 348 519 483 -540 190 625 -191 722 203 234 118 590]
[156 -261 -10 -257 -340 -739 -535 290 -59 -88 261 84 -274 -560 330 -637 210 181 358 -133 80 -3 -268 -454 189 -160 -170 392 -362 -218 -248]
[-449 324 73 257 118 598 35 750 26 -103 429 -36 21 532 -212 -47 103 283 251 143 594 291 -288 6 245 162 322 515 -597 368 159]
[-160 399 535 228 298 -106 -348 684 -301 271 -24 50 376 276 -81 -370 -256 680 -279 353 -40 56 -54 310 215 373 284 -370 -63 269 -320]
[-127 340 -21 -244 141 345 -763 213 5 -239 590 -230 -257 255 -470 84 548 -518 -66 33 23 253 -325 -259 208 484 112 541 308 161 27]
[-861 141 -62 -289 -180 -456 -56 239 -165 -396 -98 128 15 395 -562 -532 -205 -364 -203 905 110 30 -75 -117 -58 -147 -82 339 -258 549 18]
[-626 496 490 380 67 -147 560 2 272 -192 80 264 152 -66 264 -23 -522 295 55 -202 749 -136 -427 77 -286 486 191 -183 -74 660 -12]
[-186 -44 23 66 16 -133 -514 494 102 284 321 -444 -108 -54 -320 -584 -26 182 -429 301 -304 -80 -42 -510 350 -419 -279 -610 -250 -142 -414]
[-557 53 -353 94 273 348 225 -91 197 488 43 -154 -74 -358 -387 297 -604 258 125 -376 465 -729 -137 88 79 -155 -508 67 -468 -340 -100]
[-1009 -10 257 24 6 142 433 -7 20 -126 -595 -47 -168 94 -146 509 128 -57 -548 -133 52 -10 45 437 -188 -49 723 39 420 -98 249]
[225 -668 -13 186 -59 330 -234 -89 39 -184 -55 387 -117 115 485 -119 -68 -456 -146 188 90 130 388 -331 -103 377 -68 494 254 -854 142]
[-71 -26 152 -35 156 74 -722 -625 -64 327 6 -86 -258 195 223 59 -461 132 -127 -525 20 24 49 205 450 -414 267 -114 272 319 -196]
[150 -411 -165 -448 473 414 -59 -526 100 73 313 136 -419 11 -110 364 356 -501 14 -525 -355 114 -354 -261 -90 37 -164 -223 -586 87 72]
[-192 -134 185 425 31 -40 -59 -193 192 -43 -274 -650 931 609 316 399 -91 -237 144 -181 240 -231 13 -363 170 77 -297 432 -246 128 91]
[-518 -526 -444 86 220 109 -337 -104 -5 -430 -391 16 -42 653 -368 -541 -105 100 101 -167 -252 -143 -159 47 -282 368 154 -504 296 380 -374]
[205 -37 396 -274 136 114 -265 410 -287 59 -399 -12 174 738 421 -54 -11 -370 327 -103 -516 8 -327 -275 -33 152 33 -496 165 115 -677]]
