[[8 80 26 188 -91 109 -96 411 202 130 -477 -101 -202 115 289 -220 264 334 303 -93 -169 652 -103 -545 177 -228 587 118 -136 -60 110 -362]
[65 -164 -89 -54 -51 -437 375 -63 167 105 115 -184 227 -388 -97 -297 232 -76 -311 286 -402 -641 -36 648 342 5 -332 82 -65 -282 -629 117]
[-235 -74 -541 -149 69 156 -452 -1 33 -94 -223 38 -203 -12 -372 -406 202 412 6 -102 770 354 -370 -342 -127 -120 119 238 -191 88 -108 425]
[-114 69 282 -468 -117 -296 -103 319 -295 223 -117 169 -182 -35 -106 -206 123 248 103 -92 415 306 -315 -598 -273 598 77 31 -391 -92 -697 62]
[-300 165 258 159 -313 -374 555 -150 61 -149 -84 200 327 -633 -333 148 351 456 -157 356 251 -805 -96 21 -241 554 -83 110 158 -308 -464 240]
[58 40 -443 -205 309 437 -306 -235 46 378 -62 93 -408 259 922 223 -178 116 -61 -315 -55 427 302 -31 54 -519 406 -152 -240 -272 -5 -366]
[-101 -13 67 187 456 -424 -223 -348 243 -110 55 39 1 378 -395 307 -247 -500 -277 340 -465 -219 -120 377 -250 -132 -299 621 325 291 716 -111]
[-141 118 59 200 -405 605 -118 -233 -524 -348 250 27 9 -570 -999 -308 -186 348 -203 450 450 143 -44 -86 -207 81 -111 -463 382 156 500 168]
[-462 27 -184 573 -211 500 -170 -46 493 -322 -181 219 438 203 479 199 350 -72 63 -267 -311 90 72 136 207 -188 -38 -518 336 -200 -126 349]
[359 497 646 325 -288 -326 50 -43 -135 -277 -349 -309 -313 -257 -91 129 -105 69 311 119 -128 -872 350 -133 -161 -151 -36 64 112 114 288 114]
[120 -253 -476 125 127 262 223 -470 -60 296 435 231 -394 -263 51 67 -867 -142 -143 513 -61 185 87 -243 157 -317 61 198 -445 -115 266 -36]
[160 -221 -316 -296 353 -634 -945 153 -307 -111 -359 274 -335 -17 -645 -454 17 50 -73 162 120 329 -173 174 193 -234 183 23 432 -17 503 56]
[-169 181 196 15 -219 213 10 7 289 -350 658 -21 348 -404 -184 239 -8 37 682 -320 -178 -126 -205 -472 -258 184 -278 -219 -178 313 -591 852]
[514 -453 -109 185 -216 836 748 56 -292 -37 260 -81 -220 109 220 -249 -445 131 -424 -239 -384 184 189 137 540 194 145 84 -346 -285 392 -252]
[-318 167 -128 374 -14 -423 -349 -363 -9 -182 -54 -49 166 -305 -14 68 250 -411 565 16 -14 -575 -676 -537 -198 34 -19 3 420 366 -302 513]
[-260 177 178 -350 304 -322 -336 425 86 -333 -219 607 328 -200 -18 759 -34 -474 455 230 -337 -24 322 254 -601 365 -221 -17 134 298 -191 356]
[-37 -256 -505 -66 18 291 -1 -55 41 -177 -144 20 -434 -46 -199 -445 -286 -526 45 -240 129 875 -439 -177 591 222 315 541 3 -328 -23 194]
[-7 108 282 124 33 182 -254 213 514 147 560 -149 174 479 58 -129 -300 -372 -623 283 -488 -500 32 476 -133 -184 -288 -661 -174 -95 168 4]
[29 617 311 -137 -106 288 77 -745 19 -175 565 -98 144 209 221 138 -197 -264 -188 -210 -394 -44 123 -3 375 -646 175 248 -134 -94 -46 -238]
[4 65 356 745 -235 -182 -132 -294 137 -145 -102 -401 -41 -229 -252 232 183 128 -223 -261 197 -496 -363 70 -53 652 -302 -5 128 274 -777 507]
[-35 426 46 -292 305 -75 -396 -11 -19 286 -886 -155 165 163 79 738 206 -100 27 -92 61 -7 233 84 250 23 -298 218 24 175 -163 -304]
[-257 221 -251 -319 -202 -66 -402 -185 319 132 -186 408 66 108 71 -68 -112 -554 -319 -187 -185 -161 58 540 403 53 -230 301 452 -198 770 227]
[333 -135 -345 40 178 -438 -549 -86 221 -135 -653 -898 188 290 212 -35 272 294 140 192 -350 72 232 -59 604 -723 134 -233 194 292 -268 -81]
[71 -31 -39 -263 420 -145 544 225 -553 345 -242 -147 -120 102 -407 35 -201 -251 758 27 555 94 135 35 -108 348 -231 -257 -174 256 -276 441]
[-147 37 -81 -250 91 -184 379 -9 589 -361 -20 -120 -368 -537 118 -201 343 211 262 1095 -68 -173 333 -417 -5 14 390 273 -436 -401 -77 -393]
[165 -473 -309 -87 157 -152 -183 -243 -1 142 81 -420 -639 -115 240 409 -203 502 141 497 -776 -274 74 -49 610 -497 -61 -294 -130 44 -55 -915]
[16 455 555 6 -265 -229 -108 257 24 -280 -19 -453 -473 369 -310 -492 -224 157 291 -70 -620 180 256 133 -13 583 116 -345 -516 -237 -154 -322]
[199 -121 -114 -476 112 -223 -571 162 251 176 -67 20 -134 312 121 242 -245 168 390 -296 172 -701 57 -230 -647 -106 182 -241 -51 -19 -651 -379]
[-101 -15 -214 -441 -221 26 -814 -440 128 67 108 -139 154 618 -445 241 649 -29 313 -382 -84 -201 -247 14 -151 -808 -411 -12 -211 376 -177 137]
[459 546 -334 -584 133 54 81 -253 -133 250 -191 -283 -401 -34 164 -291 -21 -35 -75 5 -344 28 671 9 447 102 -477 -350 20 -22 -682 182]
[551 -411 163 232 -318 569 401 148 -14 -361 -453 -467 671 282 293 -378 -48 -348 179 142 -87 181 -153 267 257 307 -385 484 105 90 -568 167]
[-33 -575 -125 -206 -87 535 -388 178 -179 238 777 511 154 150 538 -60 -387 171 -519 430 404 -77 372 188 360 844 -147 -316 -170 -210 -504 593]]
