[[-94 -68 -418 420 -180 -457 242 -424 459 405 220 98 -270 -168 -334 -208 404 66 -304 113 -494 -58 -289 -63 -146 149 260 -95 -34 -173 -186 -103 -541 -99 139 69 88]
[401 28 -7 273 165 -163 -682 -197 -184 254 -184 -194 541 115 -269 139 381 140 108 191 454 6 129 116 -221 -144 -83 -117 237 85 -342 -687 439 -1 -256 -136 -210]
[-162 26 95 -158 116 101 653 35 26 295 -510 -4 -216 -340 623 706 112 -400 -97 -209 51 345 170 83 -195 -214 -135 101 432 211 251 -12 182 -390 201 -60 -116]
[81 -222 -158 -457 -166 -448 780 -473 286 93 -479 569 -371 40 -90 55 -171 -232 30 255 -180 270 -152 -343 -221 206 -282 232 144 193 283 349 -375 -417 272 -137 -430]
[-185 -82 -140 -419 81 -364 -156 204 35 314 -134 428 -129 519 -73 -274 -77 477 57 378 -625 -19 -327 -532 -80 -70 41 407 -111 -634 214 279 -225 -321 216 -413 -31]
[572 -20 114 -114 -258 -74 -143 -354 -196 -130 117 -226 174 -115 -75 -393 38 103 680 424 669 -296 17 459 93 577 -21 -302 -172 87 249 -101 -17 -18 447 209 -366]
[-101 479 75 420 121 287 520 420 264 148 168 -460 -321 -127 419 419 -126 -729 -14 -424 -250 201 188 98 350 245 -398 85 286 384 -100 -96 -392 -224 -606 13 62]
[139 -168 227 446 122 -195 175 -666 333 2 365 253 -65 -32 61 -327 448 203 276 419 294 74 -284 18 -224 37 16 -452 -651 -261 88 -363 -227 448 467 -6 405]
[-342 -424 295 371 376 89 19 -14 -124 110 -399 404 -88 116 684 -25 -41 313 348 314 227 -368 311 397 -148 -412 223 77 562 -81 149 -255 604 -222 334 16 79]
[461 172 23 -175 316 88 -291 915 -118 -195 682 32 62 268 314 -32 -43 -42 -559 -361 -263 301 527 -458 109 -184 -138 -176 -502 96 9 266 34 525 -116 -279 184]
[-735 -174 381 59 47 494 -97 300 -111 265 -295 253 -469 -63 421 -64 -222 260 546 190 -12 140 -278 234 497 492 -546 -14 -217 -116 231 65 -139 -114 56 -446 321]
[53 -240 766 37 -108 61 250 -175 -46 -336 185 -234 -353 330 678 -601 70 10 -48 -185 -86 -364 672 -55 237 234 284 -243 -398 -52 246 327 16 324 113 573 345]
[-624 320 -451 -254 280 452 49 769 -56 343 -31 -748 212 -52 -163 116 168 212 226 346 74 -287 -297 588 -486 3 345 289 -195 -420 172 -90 242 -424 208 220 27]
[-524 -552 -429 -277 -59 -75 983 -34 215 196 -392 264 -448 200 -472 233 234 167 49 6 -415 -376 -161 -362 -407 505 182 583 436 -396 203 186 68 -379 85 65 169]
[284 45 332 -115 335 -45 -47 -1006 -175 -545 -203 400 887 277 -153 -497 -304 -255 -30 324 375 -372 738 59 -99 -454 -364 -288 -385 440 -59 -5 445 28 -120 197 -81]
[-350 463 -522 -708 605 -32 443 302 -374 182 55 377 -162 222 108 113 -227 -403 105 -364 -780 283 495 -423 -200 -282 -281 408 124 -47 99 595 5 -482 -206 -62 -610]
[352 -170 361 -155 -233 -227 98 361 -39 71 -22 -149 107 126 -448 -238 -463 -72 250 -211 -99 -380 -649 -586 104 -47 302 506 175 -452 381 -321 -6 -441 213 -148 -2]
[39 222 -18 252 -16 -142 394 102 132 -25 576 -544 316 224 503 -217 -290 -9 -211 209 -436 -250 195 -6 -21 372 349 -639 -474 566 126 295 -449 349 4 220 334]
[-28 687 -232 8 -198 266 453 -258 105 109 309 -543 -294 -213 -83 203 -128 -757 422 -348 -191 513 70 641 172 -68 142 15 103 -339 222 574 -318 -750 -67 523 151]
[348 -109 505 -124 68 -77 -690 -351 436 -136 144 526 38 478 -199 -242 363 180 -203 199 -302 153 -271 51 252 -437 1 -29 -295 -165 -103 26 -233 826 274 -51 -287]
[-616 -132 -2 -299 -168 60 98 -682 594 173 27 769 -198 -263 61 583 185 320 -294 118 -104 -226 -451 126 591 -52 -182 222 127 -263 396 -121 188 -354 903 -308 -38]
[414 532 677 215 377 -367 -906 474 -360 18 40 -230 253 549 188 225 -234 100 -369 -152 4 178 -246 -225 229 -106 -207 233 -64 146 126 -491 176 131 318 -332 -813]
[556 541 372 -96 -373 18 189 149 -715 102 -59 -432 621 62 468 373 -80 -295 113 -768 -179 -72 357 60 -226 100 -96 -126 455 -296 -257 -188 466 13 61 -23 -233]
[7 -320 -97 -116 300 -401 32 -391 324 11 330 380 86 -747 186 -386 -261 214 236 129 -132 243 -378 -943 413 514 -383 -415 -293 185 325 68 -229 181 173 -135 -227]
[-26 -137 219 -582 -516 -245 150 259 -64 -404 -308 172 -11 302 447 -190 -723 19 146 99 84 259 -644 -224 -852 -965 -85 541 -76 180 465 544 106 -375 245 -113 358]
[11 -386 360 -800 -245 127 -277 141 -105 29 -520 -22 775 65 21 4 -134 509 -481 -499 -72 354 218 -618 62 -355 216 135 79 -90 72 322 211 523 -187 -130 -903]
[-147 -280 213 -55 1 -158 133 -77 -140 -11 -411 580 181 -284 -22 -72 -474 -109 284 242 -166 1 95 520 247 -78 125 -661 -526 -116 182 578 409 243 329 -543 293]
[533 -136 346 456 -6 -230 106 -59 -218 -506 184 -667 589 99 -200 262 682 350 299 373 353 -564 -306 276 -103 285 -335 -487 -164 -14 515 108 -207 669 -240 213 172]
[153 -190 332 -39 488 -47 289 362 14 -351 -158 -375 473 -93 42 -188 532 -682 -382 -210 328 -673 541 68 256 -428 61 -523 -322 -148 191 -427 89 422 293 234 282]
[-248 38 66 668 -50 138 -65 -32 -374 -121 388 407 -211 -584 678 -115 131 523 -207 -71 481 363 322 199 69 99 -201 34 496 209 49 -105 369 629 -174 451 -278]
[-7 -444 381 256 -251 157 -195 -1024 173 572 -625 507 -195 372 -153 489 457 -121 266 491 270 22 422 -156 -151 -113 -41 518 485 -225 386 -245 420 40 -159 -345 168]
[-353 10 548 -487 273 1005 -185 106 -205 531 194 496 222 -455 36 329 35 -230 -111 -263 240 -76 -185 126 170 -422 373 280 -336 -626 474 12 151 -78 340 164 515]
[-443 51 -10 237 -243 132 577 -318 822 -261 -396 445 -723 -291 228 163 -292 -479 -355 181 192 294 -324 178 -337 -222 53 -306 278 -188 -108 -522 -412 308 -490 346 224]
[-40 6 364 162 16 118 271 190 212 -201 -433 -185 -487 706 560 229 -160 -127 -306 502 7 290 -554 -786 -288 -72 -905 333 -97 -120 -95 -84 505 -452 -95 25 -147]
[-28 -315 363 -212 425 379 -113 444 155 84 960 -323 125 217 451 -203 356 89 21 81 -90 598 -258 -309 8 8 -619 52 -423 406 -45 -284 15 63 -305 -43 -467]
[-90 -60 141 -306 14 -394 235 -67 -434 -10 128 -189 94 125 283 -671 -401 203 -369 146 -621 -137 -328 -109 -207 -567 151 -114 503 -94 26 472 36 118 281 121 -186]
[106 25 758 438 231 -194 -481 541 -96 -205 296 -553 293 336 553 -970 498 129 513 64 123 92 125 365 -206 -168 47 -545 405 -8 82 -182 171 271 -280 163 -326]]
