[[-140 -102 -78 407 157 433 -534 606 338 -26 81 -344 -661 241 -14 160 257 1 248 12 -444 -198 -28 237 257 -46 -262 -110 604 -3 -88 -23 67 -267 -238 -238 32 6]
[-97 -132 280 -939 -23 59 509 240 -60 40 109 -344 594 68 0 -202 -235 81 248 303 35 60 210 -156 -357 365 -214 243 -81 -67 -459 -215 59 352 -190 205 34 -229]
[-235 -407 -209 272 109 755 39 248 -319 165 -288 -435 -74 225 -282 -121 -307 -220 133 99 -455 107 400 -166 522 421 -245 -189 141 -326 -620 -173 21 394 -301 3 -103 -108]
[-323 292 390 259 177 -184 -586 273 -17 512 -90 418 182 378 604 -251 335 29 -153 -14 -140 -373 -39 309 -406 -33 149 145 457 -4 126 151 322 -163 -367 184 260 -43]
[-138 -113 -124 -412 81 335 125 410 53 12 241 -733 -449 103 74 504 -231 -248 304 125 -54 636 53 -698 -153 262 40 -335 -243 361 -215 197 -113 123 -296 186 -241 62]
[398 -80 254 -476 -9 -252 265 -78 -102 -591 15 40 -53 -225 294 -121 204 172 748 -78 -268 -45 -183 337 -57 -332 -609 232 236 189 -460 -27 -250 10 -286 -102 -523 40]
[-63 -344 -307 157 -200 367 125 -150 134 -263 97 -647 -195 -463 -279 -75 43 96 47 511 153 215 -86 -314 -663 483 187 -96 -4 252 -57 -107 448 280 -143 -141 130 -50]
[-811 206 -31 -288 497 96 470 289 200 796 48 -296 -251 282 -73 -110 -267 -208 18 64 -334 -150 211 -38 -119 5 -553 183 38 -289 -185 -2 -140 -95 190 -8 130 -385]
[176 -391 -178 -130 -21 -391 253 106 157 -431 -237 -166 641 -63 -275 -560 -282 445 -324 749 545 -107 66 -396 -185 713 -73 -28 -71 376 240 -160 82 -23 411 130 174 -3]
[-636 62 67 -132 -94 39 140 149 117 112 -158 -23 307 250 -27 -335 458 -110 -85 243 -398 -340 -185 118 44 -427 -428 82 178 -555 -780 -395 314 205 -199 322 -590 -224]
[-211 174 332 130 -230 -611 -46 -141 205 -2 -109 35 500 431 192 -786 46 -61 -320 -133 112 -830 298 -269 671 -37 119 307 98 -59 54 -238 322 -160 138 247 -349 -148]
[18 -329 46 35 -214 568 547 -199 -76 172 16 -413 -286 367 37 234 -487 -432 181 -138 -169 437 287 -164 490 -90 201 45 -309 361 346 -231 -25 -213 535 -104 -752 42]
[-442 50 497 -47 -465 296 272 75 -196 439 -262 165 278 554 66 -630 -253 48 -793 -391 215 133 270 309 298 152 559 143 40 -616 -332 -468 -34 172 505 248 -43 -192]
[119 347 238 -143 297 -313 -137 -110 124 347 -39 218 -355 514 539 658 35 -746 5 20 -322 -484 177 -375 -140 -652 261 252 104 -34 108 -101 -26 -158 -178 -173 -108 -313]
[831 -38 343 -372 264 92 -318 183 210 239 -185 208 251 329 125 969 -368 -262 -7 50 -158 223 -340 -4 163 50 349 -374 -85 -112 832 84 -25 52 236 -466 -140 124]
[-169 210 127 325 -58 -369 -99 -609 124 238 -138 -279 237 135 -117 -236 -313 -181 -306 -204 215 57 214 -298 -600 101 277 450 -53 -295 698 -388 660 464 -348 -67 371 98]
[77 -117 -429 521 433 -673 426 -576 -104 -625 -324 98 327 -418 -269 -96 -448 -452 -29 332 -238 257 -130 -432 123 -393 -338 -119 -143 -187 -124 224 17 924 320 23 -168 -104]
[234 -324 -432 429 -187 -105 -580 -164 -308 -427 -2 -165 -465 -328 -626 176 346 494 70 -404 -368 640 74 -317 32 -241 294 -207 -291 -14 -164 -70 -431 -166 -599 22 28 258]
[149 -524 -357 -413 -124 606 542 -48 446 50 -411 -245 -56 273 -193 441 137 -269 429 509 -588 -558 -495 -20 360 8 -691 -403 269 -82 -352 -98 -417 -148 -220 7 -458 -375]
[320 -56 289 -236 -637 415 658 -281 -105 296 63 -69 310 60 248 571 -112 -63 -71 -196 594 438 -314 -184 525 -120 70 61 -495 353 189 -27 179 -141 31 236 55 -287]
[95 -277 -190 307 -302 -262 -367 -696 -53 -640 267 634 214 143 663 188 -87 43 -64 174 345 -406 38 -372 -361 120 331 -186 186 537 106 478 -190 -156 239 136 479 391]
[258 -17 -156 445 -629 -362 -77 5 94 -180 -568 -56 68 176 436 -502 286 317 -172 -62 -576 14 -281 488 218 -226 -18 169 291 37 433 -370 159 -194 -476 -332 -417 -416]
[-637 112 -213 593 -269 197 206 -38 165 -289 47 -303 -30 -7 -143 -61 -177 110 -408 806 -169 314 -17 -9 67 119 -211 121 231 330 -135 74 -239 -52 545 -530 457 -138]
[-341 477 -153 11 170 -140 -191 29 -233 -132 -153 756 -345 -707 283 -405 482 262 -426 -20 314 175 -783 107 -419 -234 -369 -449 64 -138 -203 -15 368 3 -640 -186 -345 -347]
[-150 293 -45 -144 -83 -585 242 -40 257 376 -62 -238 -49 -158 413 -128 361 -258 -156 -225 310 -91 -87 526 9 7 382 -290 -254 277 143 -119 863 119 151 64 -681 455]
[24 40 -336 318 599 -136 -27 -286 -46 -94 -169 127 -100 83 289 501 564 187 82 -142 -720 -350 -476 71 -461 -210 -314 1 267 335 -366 457 -253 -45 54 -343 504 -15]
[-319 107 83 8 -12 158 115 -607 -604 136 -87 -47 69 182 -400 -692 245 455 481 -777 -167 275 141 94 226 -116 -336 175 -157 -314 -560 -166 -555 147 320 -645 -253 166]
[191 -32 -548 65 -62 203 -732 96 23 -556 204 -224 481 -296 -209 -125 405 453 112 260 -92 -191 -501 -121 124 -452 131 -305 199 342 303 101 83 -461 100 -206 -442 -355]
[407 -224 -4 159 -161 305 360 -48 487 -848 27 39 -166 2 -554 -617 -180 4 -319 51 4 -354 -510 -140 -31 168 453 -407 -138 -246 -283 345 -27 341 302 -42 -277 -98]
[-250 70 -101 -59 -17 422 237 340 44 365 276 -386 -45 -194 250 800 -833 118 -45 835 -104 21 -203 -561 29 434 -406 -307 -74 80 334 -142 125 76 616 -62 -347 -306]
[109 -138 -99 130 223 -1047 183 358 61 194 -486 -556 140 -58 238 72 -290 -33 116 -172 81 375 153 -430 14 -371 -269 -468 -506 -191 -39 341 -188 -95 -304 -304 -182 -267]
[-144 -290 -248 199 -143 292 -142 -118 389 -627 275 23 19 -140 -458 146 5 -795 166 -154 525 197 41 -409 248 83 636 -673 -615 -574 -216 -324 182 474 111 192 66 -12]
[-127 -223 -44 513 625 -245 214 342 443 556 28 127 -111 -153 14 134 -257 -267 -249 179 239 360 -408 129 -492 44 64 -222 573 456 670 556 698 -448 -161 181 -197 49]
[-54 -2 -96 161 223 268 358 150 455 -58 -321 -713 -245 -52 -406 -741 -129 -292 439 559 -88 -407 207 -56 -138 15 -141 253 -166 29 48 -880 155 189 -170 -764 123 191]
[39 -149 121 204 381 -360 -633 49 156 36 -576 408 -356 307 -81 169 607 96 -139 -70 24 -345 -564 -324 -361 -700 213 206 -77 -226 298 213 394 137 -725 3 -261 320]
[358 322 -313 -482 -34 106 0 -46 -10 -148 -507 281 321 -176 126 92 -115 281 9 -109 73 -538 -80 214 -137 -142 251 -8 170 -86 -333 -217 708 512 -549 212 488 199]
[201 642 304 -88 171 -359 -343 -75 -431 -290 -751 395 441 262 -200 275 360 32 30 117 -308 -854 -266 241 248 -437 456 -87 44 -691 -290 -114 -404 -247 -469 339 -74 113]
[104 362 -393 41 -162 143 397 -179 -367 504 235 -545 -266 86 -289 162 -463 -432 420 -735 500 245 -258 -42 20 18 494 275 -390 224 262 337 534 -44 323 167 396 -255]]
