[[-236 -173 -84 233 235 -191 143 173 -125 -48 180 507 -280 140 413 635 -293 -569 -251 100 -184 -375 -202 315 147 -248 498 -160 -94 -46 3 -211 76 -219 52 -361 224 -196]
[-199 110 -275 -102 -285 -198 -15 -461 174 18 314 -252 -55 308 -305 -277 148 316 -12 -267 -277 869 119 289 -58 496 -214 84 -83 301 312 147 23 -77 135 -49 -175 558]
[237 -155 416 110 295 221 -380 -171 -426 573 196 -179 111 204 -378 -335 -72 -20 -192 -239 423 167 -264 148 153 -329 -318 83 -452 501 246 92 261 -154 32 353 -135 -78]
[-243 -229 -112 541 -107 17 -299 167 -36 764 26 -31 -302 146 84 425 94 -195 -60 86 164 344 -430 64 -269 -557 207 -359 -422 0 214 23 -512 -613 119 -232 -25 -352]
[-353 391 386 222 -494 -221 175 519 336 -506 116 219 63 -364 495 90 -182 -219 -344 -185 -119 -955 67 184 197 -60 164 -270 104 -493 -44 168 262 468 21 -56 -13 225]
[-291 -110 -119 -307 35 -13 514 207 -441 -355 -3 189 -168 -295 -653 181 268 3 -367 -18 -443 386 239 220 181 64 220 390 291 -96 -295 -732 121 88 -145 17 150 -53]
[-80 -130 207 168 47 241 214 360 -321 415 -41 -46 -85 -587 -872 -516 -147 -179 -139 366 586 226 -320 -211 -590 -549 85 358 -399 31 69 195 148 33 -223 -47 5 -421]
[523 -185 281 -717 381 355 -132 -618 -113 80 203 254 -50 852 255 -281 222 -176 101 -127 339 15 35 -70 332 535 20 -163 -72 87 54 -14 -150 80 362 469 -309 -107]
[214 398 -210 223 -67 190 105 87 114 -40 -394 293 62 -115 201 332 -102 255 241 216 -201 416 840 -692 148 -295 -59 16 802 190 -215 -555 -280 -199 -462 60 503 -117]
[80 68 324 -349 84 -179 191 -50 36 -607 -26 578 -549 785 55 60 27 354 65 272 -216 -52 664 -216 234 -28 -134 -198 -135 -67 173 -215 268 -78 -199 175 -58 -25]
[8 -125 -207 117 126 348 361 -481 -153 647 211 186 175 616 -2 -697 -344 -117 -62 -75 546 -50 -187 -77 133 -32 -48 99 124 -79 219 354 48 899 4 112 -195 -39]
[203 -561 357 38 535 89 134 -49 -252 315 -158 -52 161 -160 520 401 -131 -184 64 -255 345 -236 -239 93 -37 166 -157 226 66 711 -211 -657 124 -868 437 367 231 -241]
[63 -228 -302 453 362 -12 123 469 -205 556 -215 -178 97 -181 -251 -136 193 57 -540 132 -228 102 -325 254 -222 -823 0 214 -331 -291 194 841 101 171 -294 -49 436 -339]
[231 209 -7 113 93 -25 116 -92 -142 589 -301 31 76 300 -440 -344 -644 373 572 203 859 -153 -165 147 208 -259 -137 -67 102 47 318 393 476 -93 -481 -279 -228 -121]
[268 141 146 158 335 202 -503 269 153 289 116 374 167 -89 409 37 -92 143 -1010 -105 -233 -389 111 197 487 -901 -78 -456 -68 189 490 -439 381 515 -178 465 303 28]
[308 -417 -593 -51 172 -258 -89 -259 241 544 -634 -557 -32 189 173 -471 428 710 146 94 32 -10 -437 -237 232 -273 -409 -68 134 137 -355 -160 266 -197 72 356 390 -382]
[679 -47 -318 -683 210 179 -177 -383 340 172 -22 146 469 -302 483 -313 -63 -541 -215 57 32 96 587 -245 -507 203 -1 -5 61 -100 347 148 -672 218 -317 462 -47 -64]
[318 8 136 237 320 368 329 -41 154 56 -535 -129 780 -66 780 313 -63 263 -292 19 -32 -897 47 567 -117 374 -203 -522 821 -112 -152 300 211 387 450 -236 125 135]
[129 72 -252 438 -310 -17 -753 -608 168 -134 -320 -548 -36 -30 361 -19 -67 -114 -50 -448 41 -664 63 -119 -275 129 -66 87 432 77 -661 45 -251 295 -118 -256 45 -146]
[-486 -433 -747 189 152 -416 883 -144 -479 185 458 430 77 -264 49 162 279 -538 -224 -205 70 423 16 -183 -89 -40 41 485 200 -435 -17 -241 -105 -182 55 280 454 255]
[353 -608 147 -358 261 258 160 168 -377 124 -630 -582 460 -768 -408 -580 -3 132 113 495 0 321 -390 501 455 89 -103 237 263 313 125 -360 711 172 -23 -19 382 -89]
[-231 -220 -681 -597 285 -569 559 -253 20 -73 432 -93 121 564 61 -153 692 -136 -239 281 -540 -109 361 -307 309 218 25 491 78 -611 70 -327 -20 33 87 234 314 -58]
[-538 477 -36 166 137 66 642 -115 419 -504 317 262 142 336 110 229 2 -725 -465 69 -225 -315 230 -437 85 703 213 69 390 342 -122 317 -129 226 178 -313 314 242]
[451 -338 175 -400 174 575 -139 -127 16 -234 -1 -109 902 -153 177 182 -85 284 181 4 233 -91 -514 -262 -597 743 -409 -403 -394 231 -133 -140 -345 -149 635 470 -55 -229]
[413 5 75 -107 181 -320 -106 -138 -74 -95 -982 -337 -24 -531 -494 -324 966 461 109 -305 -149 300 251 120 593 -219 258 44 134 -405 -364 121 -142 -8 -492 121 358 186]
[35 458 155 -259 -496 -129 -245 -828 433 -490 94 132 -20 -84 244 -215 -191 -291 -262 -533 -64 272 58 235 18 91 237 -464 360 -429 -512 259 -475 77 136 -473 100 414]
[242 -57 -541 69 567 -223 -393 -508 -101 -280 10 496 133 396 -162 126 -325 329 247 -60 -129 -20 277 56 527 180 -192 -115 -535 240 38 -340 -252 487 -110 289 -693 -253]
[12 -380 62 380 254 -69 72 -415 -80 226 165 541 780 533 200 628 -261 251 133 -329 -10 442 -102 -197 215 -89 -323 436 10 131 -168 -56 -507 80 51 384 -44 91]
[81 -317 -218 -362 -31 -409 563 -286 -21 -241 18 161 51 116 -130 249 523 26 -524 237 -482 231 -718 -119 -808 -57 -148 -349 -57 -525 -117 -166 32 315 465 413 172 -143]
[409 537 403 -54 -299 196 -2 -24 330 330 374 -113 117 233 171 -154 -677 -376 -303 307 521 74 443 276 -243 610 91 168 72 -66 535 688 95 658 35 174 34 -461]
[-522 -436 120 352 -317 59 -203 -189 -308 407 233 -421 257 222 -96 -168 442 105 -135 -64 -707 400 -948 353 -104 238 -711 30 328 126 -202 -853 280 171 511 183 131 73]
[-303 -357 -130 -243 305 261 660 -39 447 -584 -574 -101 -411 -5 56 -180 -210 209 390 498 240 -87 5 171 154 811 69 84 -113 -478 -423 69 558 -199 -235 -347 281 -606]
[-130 21 -184 -169 587 243 206 559 548 85 -297 291 -142 -155 -44 378 -139 484 572 -22 -488 -132 171 -159 -63 274 520 -726 44 73 343 306 -130 7 -104 65 -72 190]
[37 330 26 99 -281 161 427 -409 326 -442 511 252 -427 -353 -189 -179 -122 -468 -186 11 -7 199 -93 254 -674 605 4 -277 -376 134 -216 -599 -496 69 338 85 23 436]
[-748 211 -299 -186 -806 -54 203 -404 332 40 -19 104 -46 308 330 -431 26 -121 -10 -100 -401 125 878 208 -494 -95 516 -221 143 -25 38 76 -151 -173 235 -260 -50 -95]
[16 355 122 140 -483 542 40 -284 463 782 649 -240 -47 -416 -533 -468 739 30 -121 -304 -68 654 -185 69 -421 57 194 -93 -136 -114 494 4 111 301 417 366 503 -152]
[-260 -154 107 -425 -387 -794 551 30 -46 -218 -229 -214 63 -8 609 403 -289 621 261 -242 -632 -786 -193 -100 307 -193 -419 -80 -7 -141 -275 745 204 -232 -57 351 389 -89]
[64 242 102 -419 273 -152 -326 -67 -444 -174 186 -813 563 262 -350 141 432 -289 553 279 -102 592 205 -143 -487 -343 -252 96 -173 357 -222 -41 -213 -568 -495 -137 -714 171]]
