[[298 206 293 -92 353 124 -30 -98 -306 -222 -383 280 221 163 -343 119 367 -72 338 -448 -4 126 177 -685 32 244 -203 138 40 -107 -162 -172 -55 -26 -24 -342 716]
[-139 -595 -80 111 -54 332 46 76 -296 160 -297 40 63 111 -159 150 123 -75 165 -552 -92 42 532 -495 -139 570 -397 -494 -160 -444 87 154 -110 92 -346 -545 45]
[-567 208 57 -231 502 -171 213 -397 -146 73 -95 364 128 170 119 141 28 194 513 -55 517 56 -684 394 411 -267 -121 308 47 -76 -2 -191 25 -94 -140 264 -11]
[333 481 596 -420 661 -70 -611 -300 -19 24 -134 92 209 -290 81 401 216 174 76 -71 485 47 -116 432 -61 -171 -4 257 -3 -118 -39 -476 -103 192 -83 -480 654]
[270 -79 -273 264 54 258 -62 44 -195 -67 -630 -211 -533 99 -307 122 424 75 -80 -31 -888 263 153 -724 275 -52 -23 -364 135 282 343 43 108 -169 577 -208 437]
[186 -85 129 799 -41 -144 -207 -81 -392 57 -342 -83 55 -13 273 230 234 112 -268 267 -357 -452 80 -125 224 -426 212 36 335 776 -122 16 88 31 81 113 238]
[-171 -194 -123 90 543 239 -121 216 -60 -363 -474 176 219 395 -676 466 65 214 13 341 6 -365 -213 -310 596 -102 133 41 262 554 -60 -211 228 -217 171 282 36]
[172 99 -291 60 -37 570 -155 384 451 -318 156 -92 -470 205 -78 -161 -231 483 22 586 -130 42 -6 644 -84 122 220 -361 -75 -339 -197 -130 -166 -442 374 -100 225]
[-144 -101 -58 301 303 181 -408 -233 230 -187 -221 -46 733 -16 -47 -276 110 373 -34 563 142 -658 12 557 67 -635 83 57 71 164 -94 133 -28 -464 439 45 193]
[-22 148 -87 464 63 -537 -329 148 -32 350 311 -54 -555 -819 244 224 349 -238 45 -325 329 -65 -279 220 -151 -107 331 199 -176 339 261 -87 -108 322 -333 323 15]
[-162 -306 37 221 -62 208 -36 535 -74 -462 66 257 601 -444 -129 -220 273 -475 317 -471 -236 -427 550 127 -218 315 165 360 -211 170 -75 191 348 -414 -244 20 -167]
[568 571 -158 201 -25 29 -406 -302 210 202 61 -274 -351 -300 -19 340 -179 -187 -632 354 -88 578 -166 -192 177 -249 162 47 -358 629 589 128 -349 273 453 15 -432]
[346 689 -156 415 -87 -422 -32 210 -263 -316 -49 25 -930 173 88 -383 216 -128 292 348 -269 -486 -49 -114 -248 -93 137 -122 177 -194 -80 -294 -82 88 691 596 127]
[-1121 -381 -310 559 85 434 -42 -438 277 368 -152 -25 293 -399 -188 267 365 265 -6 78 -652 -112 -127 372 382 140 1 19 121 205 295 661 219 -367 -320 207 -351]
[-456 -586 79 76 344 -4 188 -28 -98 -29 194 212 903 -337 -263 437 70 462 120 389 208 -313 226 -156 122 233 316 53 -9 -160 -729 251 -198 160 -292 -170 369]
[109 -269 -110 342 -30 489 -101 1092 -389 -857 -167 -24 -649 257 -629 -472 32 184 282 -215 -189 -122 312 -457 -272 559 -357 185 -8 -62 76 -301 413 -212 -235 -58 110]
[161 340 -387 414 -39 -96 127 -269 -47 -546 163 192 -151 128 -476 -185 -102 -188 30 3 -230 -88 248 -366 -413 191 359 396 -171 -204 -102 -26 -177 765 737 81 196]
[325 506 619 -592 145 195 23 -431 43 -435 -247 446 373 344 -32 599 342 290 64 447 613 -323 -93 -24 -50 -44 -72 -280 374 -147 -474 -119 227 -87 -359 316 273]
[37 280 107 777 528 21 -767 -418 361 -94 449 -266 -620 106 271 269 -403 282 -44 436 -35 -277 -286 401 -372 47 71 394 -197 408 219 -485 -219 280 377 134 -289]
[-237 -80 -469 560 28 131 124 614 -303 276 24 63 -41 -447 446 387 -132 600 404 230 246 -296 -373 -97 481 -560 45 256 -95 -27 -245 -201 -488 -215 -150 40 99]
[103 97 -237 -357 -263 424 512 13 248 -185 -132 691 292 29 55 506 -401 -25 496 -227 68 48 -93 354 142 801 77 -194 157 -324 -428 -468 307 245 -239 -673 -153]
[-373 -120 -150 328 94 483 -169 30 -436 -137 -627 653 -57 -475 -63 48 324 -449 27 294 -606 -572 329 -211 215 -192 97 -301 -396 131 88 460 -384 -611 181 685 -192]
[-14 331 -79 -20 -146 -72 -250 -397 -6 -70 -81 272 63 -296 937 -14 -519 42 322 530 -165 255 -682 400 -179 -1013 -685 -89 47 160 270 -53 177 -283 156 -23 -310]
[-498 224 74 91 -559 176 -6 -187 -155 333 127 389 197 15 -170 -247 -55 -469 -898 -2 -297 728 194 257 -305 52 128 841 15 662 -250 251 178 132 -373 243 -325]
[331 503 322 296 -64 -114 64 74 598 -247 395 48 365 -410 -460 90 250 510 67 439 208 -769 -132 -194 -127 -381 259 433 74 259 7 103 72 82 -672 165 -298]
[-295 624 444 171 -297 -289 21 -471 -377 23 64 -172 69 286 -132 -295 -160 231 264 378 -388 247 147 -346 -193 -326 -748 288 216 -286 -345 -56 -291 -637 610 389 -196]
[249 -120 475 -312 115 151 -101 -340 -367 228 38 -118 -181 4 453 1040 -53 4 -361 213 58 -64 136 71 491 -50 -372 284 112 500 271 -600 -263 -322 250 -95 72]
[226 41 382 10 -308 1079 -155 435 -123 66 130 -178 222 314 19 487 -85 296 32 -520 -23 184 336 328 -289 208 -74 106 242 -90 -403 -206 113 118 -287 137 -253]
[544 -814 -187 -578 381 376 77 -359 -136 -140 -40 12 174 -411 -370 -24 163 -55 -351 -87 -119 -445 741 -532 -354 102 -351 -623 -203 292 19 -185 257 94 503 -459 97]
[17 115 -126 92 -116 363 -345 -78 144 -15 796 -31 10 -404 -569 235 -263 572 -354 -27 745 -608 -285 308 134 407 161 200 320 153 159 197 -341 305 -11 162 -104]
[-377 599 800 -285 -102 325 14 343 -539 55 -38 337 -339 422 245 -254 469 -48 126 -65 -63 -272 229 310 98 317 -154 85 632 129 -310 -449 -264 -81 -319 192 601]
[-92 41 62 -548 7 -59 45 386 -117 240 21 -244 -550 595 414 -351 337 146 8 -411 -467 903 -24 130 431 10 452 -879 285 -224 82 -248 -52 -514 -410 -318 137]
[68 168 153 -653 -247 241 -223 349 487 -122 66 -551 707 300 102 3 -490 40 -488 -698 -52 -547 466 421 -2 612 -182 -483 -379 -465 169 122 17 -334 259 -274 -338]
[27 350 251 485 535 -443 -419 -76 -295 -227 102 -218 -566 622 96 253 -323 837 -85 16 182 -144 31 611 520 85 -497 118 224 163 10 -10 -272 10 98 212 126]
[245 -43 -256 -149 -233 404 -314 -294 349 -497 -407 -70 -423 -640 193 -415 619 -92 183 -524 -154 -394 322 171 -786 492 17 78 465 -347 320 -45 -307 181 338 -476 391]
[-253 174 -257 -39 4 -129 163 -1465 111 372 -382 -157 403 319 -118 657 -51 -51 165 199 214 -429 50 129 -235 212 -438 -433 -343 148 375 38 -75 322 -110 -399 -214]
[-206 480 12 333 -88 741 180 -595 452 -358 102 -150 -165 681 -283 -234 253 155 427 -3 -256 -233 -508 63 265 -616 -213 151 -283 104 74 -82 244 82 469 165 -199]]
