[[199 17 -30 -48 153 240 -246 -413 236 178 87 -234 -358 -164 -41 104 15 24 201 -515 325 257 298 -135 -428 415 471 70 -232 -609 -423 495 304 -13 -113 -82 -249 328 -228]
[16 -519 6 -187 -383 -280 745 696 -354 -172 193 -263 14 104 -205 237 -421 -58 145 55 -79 197 -34 -35 442 -178 -287 152 -289 8 350 -41 -711 77 -111 -241 219 -362 -54]
[80 -264 207 -64 -52 -106 -127 607 -200 -277 -34 -122 348 -546 -92 -238 -455 -153 32 -67 -302 40 -445 -233 -308 -568 -466 58 -198 -392 -156 233 -313 -37 -32 104 539 -78 261]
[-124 -53 138 -232 39 -228 20 447 246 134 383 91 215 199 107 465 -251 -63 460 321 -349 0 536 -2 761 351 41 196 -390 753 454 -211 -564 -214 -150 -234 195 39 213]
[-119 540 -197 -3 223 49 -378 -4 209 132 45 42 420 471 -138 -130 651 -483 69 53 296 -44 485 -289 373 452 548 30 -617 108 90 360 95 -192 135 227 -382 294 -14]
[-182 -201 -118 421 291 117 535 112 -28 -107 337 51 -391 533 -410 -60 587 43 117 -602 470 48 -195 -345 -187 -203 783 119 -298 -379 -50 26 119 279 -46 -27 -376 190 -260]
[577 423 -383 -16 -463 -56 72 -392 -321 217 -211 29 -72 188 -20 -208 567 51 -222 45 124 -494 -88 -3 367 107 33 -100 203 -290 33 459 -121 -221 -448 25 -303 -391 288]
[211 377 -526 25 -448 -14 37 -419 232 135 -200 127 -64 -570 -125 242 -241 74 -340 215 375 -201 -31 309 -482 -532 -343 -361 656 -321 185 406 275 -62 -372 -340 62 -302 388]
[-211 -59 -438 501 112 111 232 -347 152 85 529 -46 -37 230 -7 407 234 537 222 -242 533 -86 29 98 82 -333 -310 -58 733 -44 112 -453 288 253 -435 -320 25 -676 22]
[-239 -90 695 -74 -103 -85 -58 -151 -394 -31 -695 -171 306 -194 -65 34 -294 370 -331 -9 -284 30 -420 175 -398 -36 -399 -474 266 264 -613 -434 -263 -81 431 -131 765 225 -21]
[-287 -54 -470 -395 -120 140 -314 239 -222 -248 223 -225 -15 -295 -209 145 -479 -15 212 437 -313 394 190 517 242 -86 -219 117 -13 759 668 126 -26 409 -84 -259 3 -368 176]
[-543 -436 126 -50 359 617 -518 64 117 -278 -23 -81 453 -9 -190 370 -321 26 690 -467 -39 29 -130 -285 -96 457 644 273 -212 -163 -374 -247 442 57 173 -68 520 321 40]
[321 -120 71 13 -43 209 -256 -318 -93 270 -5 -310 -344 -68 765 -815 -251 -224 -296 438 -425 -81 157 399 -326 -203 -506 -94 251 665 -36 -317 -55 -291 13 -57 179 -255 49]
[57 -438 -113 63 -340 59 49 21 -527 -124 -84 270 -5 312 -242 259 83 202 320 70 -408 -557 -671 24 -397 -118 365 -155 15 934 253 -628 -127 23 -445 -256 481 -25 -284]
[435 -499 -50 -23 -124 26 343 -71 -593 -134 38 -82 -133 132 429 -569 -162 -306 -503 113 116 623 151 19 397 -98 302 -53 -548 -684 16 101 -168 -247 480 -85 -656 -150 -175]
[634 -249 312 -107 -192 -436 364 -171 -40 167 125 -36 -269 -214 459 469 -404 56 -408 -48 -596 433 365 198 129 89 105 292 328 190 713 363 -447 106 -20 -216 -225 -47 277]
[902 182 23 289 -367 -507 -50 -264 -521 -428 -158 164 -192 -73 174 115 24 106 -792 218 -606 -77 -56 305 -7 216 -129 -334 577 382 -23 -60 41 42 -364 -65 175 -202 14]
[-377 -152 -2 367 -249 -114 646 -7 250 57 -541 -286 758 -30 19 109 -419 -225 -408 -182 565 2 325 -22 530 -327 94 -401 -207 106 347 300 -156 44 449 69 33 -70 -45]
[-52 192 -134 19 -338 50 637 -31 458 570 -329 -154 251 438 -196 218 -283 -280 -140 -424 -21 -101 471 26 68 435 679 81 -328 114 -111 -17 -352 281 -215 93 316 587 184]
[220 -508 186 388 -42 40 557 -172 -89 -52 742 -13 -640 341 473 298 -410 282 -77 13 -99 171 39 190 -275 -474 642 378 -73 121 19 559 -15 -220 12 -407 -154 -56 97]
[-554 165 -361 -474 -324 761 -272 159 87 -14 -399 -148 -81 -426 -551 -259 -243 -457 272 -88 -17 634 61 -312 -377 -410 134 28 -290 -474 218 212 253 21 -240 -157 188 378 -77]
[-137 -523 206 274 -151 323 303 165 14 -164 -94 -272 99 -139 97 -7 -86 119 41 -88 370 -309 -388 -25 -224 272 -499 -667 -142 -425 -687 483 60 -282 292 297 400 357 -312]
[114 196 -428 -504 -184 -367 -156 -536 -414 -150 -3 -256 -382 -102 -354 537 -235 963 247 -210 630 424 85 355 -10 -157 21 -73 251 -958 -90 375 19 -209 233 -498 130 -617 200]
[388 -382 -18 -49 -41 -54 247 250 668 277 -69 264 36 -1127 -246 405 -623 -54 504 57 490 -100 -205 -102 26 515 -27 11 -81 -384 289 583 -297 -194 120 -491 -62 440 -347]
[346 303 -269 342 -305 236 522 -695 12 647 58 -510 -408 -10 -319 -294 410 -153 -379 -72 455 -70 -14 115 107 365 -341 -25 59 119 -741 846 301 -385 71 288 -446 -48 -70]
[-9 277 -294 -307 365 289 -242 -409 439 -73 -579 -75 -268 -398 -710 -328 -407 254 -159 -75 534 274 -135 346 -401 357 -274 -97 20 201 -84 532 644 142 366 42 -575 132 60]
[-161 353 236 143 -181 -639 222 -123 108 235 -410 115 420 403 -189 -754 -220 248 124 193 -94 -646 -72 -187 -309 -76 -353 -229 -518 -54 -495 117 -142 71 -162 348 330 370 -161]
[-415 -21 -555 -10 487 623 275 404 124 194 673 -587 -674 -503 -152 2 -161 258 190 -234 237 114 -472 25 -438 -452 -338 467 125 -551 -456 321 -412 329 6 -347 -163 8 -254]
[487 -140 144 218 -344 312 253 -32 29 150 -142 -487 -234 -123 747 -155 -369 -26 -256 163 285 -4 199 483 469 832 332 -95 61 -61 391 -404 -385 11 217 -194 -193 -199 285]
[150 -190 -353 -595 84 -298 413 -289 123 584 -171 -303 -417 135 172 -30 -286 585 -52 -524 624 -155 61 -3 542 275 -221 -96 -141 -308 -422 140 268 -145 -112 26 -419 132 128]
[-265 -79 -297 -367 -693 265 -457 381 -164 -89 12 97 206 -329 163 -517 -499 -685 -67 869 -58 24 -656 90 341 -295 -106 -239 -429 14 481 323 -567 -14 -309 -568 70 209 602]
[292 -420 30 99 -116 -65 69 300 -179 134 137 115 48 0 232 -248 476 -451 206 -711 -445 -147 708 -350 -335 514 452 344 -844 -106 97 420 -625 135 -686 221 120 78 -148]
[467 -652 -672 -287 -813 -108 -144 -570 -273 -137 124 -366 169 152 229 509 35 -148 -69 -180 83 449 90 407 162 -298 130 557 -431 -125 -21 241 45 -57 -410 54 22 -838 59]
[2 398 398 -175 -309 825 -269 -204 116 674 -110 -82 463 -73 342 54 100 402 -234 186 -111 195 292 195 694 570 289 178 -535 -79 -336 114 48 -22 269 -89 0 153 -256]
[-238 -27 49 19 -32 327 -801 -23 252 -20 30 -212 -167 346 167 20 177 524 -292 221 -108 130 198 -83 -249 411 -538 136 331 493 700 -245 -374 -320 130 7 100 -96 -484]
[56 285 -64 174 -200 -200 -397 -180 403 210 -209 -164 -340 437 671 -92 729 656 -20 25 634 -7 285 219 56 128 -263 -275 264 -116 -537 162 -21 -243 -111 -151 -355 -438 424]
[185 -187 281 389 138 435 -214 234 -48 -377 -461 391 -211 365 -458 54 263 19 -45 -290 -46 -27 210 77 409 -45 295 -173 -708 215 -190 99 258 -505 478 167 500 339 -10]
[-23 -418 -243 -1007 595 -18 368 701 -68 128 -179 -96 62 738 93 -65 212 -178 234 300 -583 62 -320 82 367 224 378 34 -530 532 769 -369 -502 148 -269 349 -154 142 -31]
[-721 265 84 113 530 -473 -681 397 -13 -13 4 496 258 -224 -296 584 233 -411 -340 633 609 83 200 -294 221 -340 -274 -138 -8 566 -321 -412 -72 -150 466 278 131 7 496]]
