[[196 -379 -73 -13 25 416 -584 -73 -80 100 8 -413 335 -37 -144 141 56 -381 435 93 -108 -309 -133 111 -58 -46 88 -127 128 -85 -148 -269 -262 169 -509 -580 37 -517 275]
[-372 1 -470 -210 58 -341 -89 16 -334 28 559 339 268 -574 -400 -223 -114 -196 382 -14 17 -288 128 -158 -135 174 220 39 172 -460 256 335 81 9 -123 481 -2 103 17]
[-268 260 -171 -313 -443 -126 711 -41 176 -146 290 477 73 -52 82 -176 1 -323 54 -502 -64 -318 68 -33 297 82 -107 487 65 58 269 19 -721 159 118 353 -430 149 -96]
[-163 67 51 -199 -153 155 483 125 365 296 -213 -112 -184 127 223 446 -32 -405 -176 7 -241 -110 -670 164 575 -291 -136 804 4 333 -47 -547 106 -87 140 -202 83 -103 18]
[-83 -520 -563 120 350 2 -635 -275 154 320 8 -263 211 -365 -44 -257 78 340 224 155 389 -71 -230 74 -609 135 -324 -684 201 -388 622 120 -90 -307 77 -162 192 71 262]
[535 -25 442 388 -82 190 46 231 290 -227 -585 138 67 558 144 -227 129 -302 -95 -107 -93 -103 499 158 178 182 638 -65 -178 244 -464 229 -574 -399 127 289 -277 164 446]
[-59 -245 325 3 76 136 -274 -721 609 -87 377 112 172 699 4 253 490 560 -104 -18 217 95 -230 134 -59 -75 -509 -75 250 243 258 -78 -67 -190 205 -441 -246 -36 -547]
[-282 147 244 242 143 -207 -33 -133 87 56 -438 194 -488 -591 -68 291 -300 239 -218 88 -59 -2 -208 318 67 202 -619 -255 317 375 -297 -339 640 409 52 -25 529 -144 60]
[-509 -402 26 190 247 73 -454 -42 -6 -24 -298 -98 60 -858 -369 -568 -89 -44 232 -308 241 -128 -596 -56 -98 168 -304 -508 253 2 253 -147 -87 149 -290 210 -51 -440 -442]
[-638 133 -256 -193 260 177 -116 334 -64 -537 -443 -578 -97 -251 108 -73 -386 -464 248 189 -115 -1 -3 103 58 170 -158 -141 -323 256 -205 -594 62 33 -307 334 178 -451 -109]
[-252 -165 -363 -83 503 -128 146 -53 -34 -133 -52 -172 -198 18 197 103 -699 85 -121 121 -99 -16 145 -331 -423 391 202 -457 -43 -562 243 -171 -393 -74 -277 -376 351 -206 77]
[-497 -423 52 427 293 162 -722 -501 232 71 82 -108 35 209 -525 -427 -43 276 108 72 104 -212 -48 237 -281 705 177 259 -102 207 212 -151 24 180 -78 -70 113 -27 -466]
[575 139 470 7 232 207 65 88 -198 -66 221 214 169 117 -210 69 -168 -751 361 -721 -42 157 -174 84 -3 -55 608 110 -135 -685 -511 510 -617 -403 -289 -202 -161 -308 -80]
[207 -491 -161 -99 32 82 -16 349 -598 -716 -426 -194 -187 160 70 -265 -135 29 -22 275 -440 -120 2 -191 116 -382 925 -438 -47 -232 -205 21 57 -637 -501 129 -406 -133 -57]
[264 411 454 -154 127 152 -122 468 43 140 29 -141 203 208 230 423 -182 -23 194 -239 -676 856 -120 -64 76 -280 -485 -166 254 -75 -250 -123 -23 37 190 -629 558 -492 -91]
[-141 628 -144 -528 -166 -157 430 858 -51 11 -383 114 430 159 243 -95 -119 194 -494 2 -47 78 72 -216 193 -208 -270 142 -565 301 154 -53 390 20 117 7 578 155 -111]
[-359 281 601 231 -104 -280 176 101 -740 125 -336 -16 -47 -670 52 -442 -86 199 -253 -33 321 -698 -114 -482 -44 -312 616 -108 -37 128 -220 50 753 266 -109 258 364 243 -274]
[550 453 359 589 -503 465 136 -60 -64 142 -199 -263 449 -594 170 204 -3 -454 211 -497 230 -327 -34 257 452 -161 192 154 -177 366 -721 -392 -339 901 -82 -134 364 27 -19]
[-261 -44 260 -863 261 -313 365 467 154 -231 -334 -288 245 358 25 254 -203 -405 -442 69 -468 247 -262 -509 591 267 -266 84 173 223 738 -26 110 -128 -269 226 270 -537 -84]
[-257 55 99 -268 336 391 104 271 147 -855 137 156 302 373 -287 596 118 -156 -683 -4 -421 253 -324 459 558 -212 21 175 54 553 -45 -522 142 212 -444 43 310 -45 -424]
[85 981 774 -193 -309 13 -144 302 -312 43 332 105 290 76 24 786 846 479 -406 -200 -407 285 -395 -81 148 -435 -290 275 387 220 -67 66 769 -61 -19 -187 356 -29 -32]
[-267 -344 8 -63 -641 -11 -219 -608 532 -466 -41 -374 -430 -162 342 522 60 208 31 127 167 169 221 -222 149 281 -203 -527 -376 100 136 -582 -699 235 -409 -418 -569 -570 -125]
[236 -109 -286 -194 45 330 283 377 -16 -123 -439 -528 -617 469 22 -139 -146 297 -310 5 30 138 684 548 -590 -10 -121 -47 -154 229 -55 617 146 333 280 520 -310 551 660]
[58 194 -37 442 202 309 -574 355 -535 -629 203 -151 -433 -31 170 412 -202 -157 -245 83 -82 979 -257 -95 144 -441 382 -172 -602 -271 -327 -508 25 -376 -130 208 -16 -872 -366]
[-201 80 255 -131 166 248 189 512 102 -187 51 -477 -189 125 -187 0 -315 -420 491 -188 -672 350 150 -23 60 -702 16 -80 -176 -793 -658 -87 46 170 -270 -353 359 -182 4]
[-801 -90 14 -78 284 382 450 53 46 -11 274 85 -309 -41 288 647 -716 -199 -246 39 260 -90 -126 292 465 -24 63 -22 79 319 -75 -330 -514 277 -345 163 -326 -218 16]
[50 133 -397 -411 -465 550 798 389 -265 46 282 -50 189 -238 545 -70 408 257 -64 -265 -578 -105 394 -264 -486 -338 -214 238 303 239 -45 147 -158 -11 338 -233 -136 318 95]
[-22 -43 -560 -188 -128 -312 -227 80 79 -386 84 497 462 552 -405 359 -407 -37 160 376 240 -115 588 -212 -113 -72 859 -570 -142 -249 216 666 473 -200 505 179 270 314 -36]
[439 679 -181 304 -506 -141 9 604 -235 3 201 -204 -209 275 320 -198 270 -59 375 -94 65 433 346 -205 375 288 -164 317 93 224 361 477 -717 423 179 -281 -339 -101 474]
[-189 91 -550 3 -123 654 151 -841 -144 -391 467 -474 -190 -327 273 -68 -203 576 -329 -412 50 -214 628 67 -260 229 75 19 37 -252 554 -627 -366 451 -206 266 -294 17 35]
[182 123 321 -294 200 -142 -552 -357 188 -435 -174 186 396 130 225 251 -164 -253 -29 -185 -61 102 196 11 277 118 -193 -44 -208 -222 -137 -217 348 -176 531 148 527 -89 554]
[322 -15 -197 -562 360 -419 -99 137 -85 -127 145 548 -37 -72 131 -62 -129 43 -537 205 314 122 328 323 -287 213 -176 -226 250 -418 739 367 277 -857 -469 330 -203 520 101]
[375 208 -73 583 57 -237 -60 353 65 -262 291 520 330 -412 -487 -416 21 -376 -498 -499 380 -1 183 57 117 610 504 551 209 312 -535 158 -318 196 -628 127 -410 475 -99]
[-266 -155 374 938 281 -168 -293 -45 354 181 -164 -227 -150 -448 -267 -184 326 152 -72 -353 247 187 11 -76 21 -177 -210 -213 478 372 101 632 439 226 82 628 580 919 -250]
[620 78 -114 74 398 41 -365 -36 -216 -444 57 -605 130 -201 176 24 -5 -460 776 525 -414 -537 401 246 151 265 382 -684 170 212 -305 150 397 -406 -44 116 162 122 -144]
[-77 412 95 54 -98 -206 710 -272 -434 -162 44 297 685 -229 29 129 -634 -217 651 193 -337 -630 -19 -85 88 402 95 -232 281 -221 24 -426 95 701 -717 -202 294 -394 57]
[-598 -252 347 -36 -441 -90 303 -245 185 104 134 566 588 -181 50 -513 355 -588 359 -184 662 -712 -43 -256 -11 252 -253 -607 225 -93 -97 -104 178 -106 -403 19 57 -42 523]
[916 294 119 -34 -312 325 -123 31 612 -525 46 1071 281 454 281 1 11 124 225 -48 -178 -113 106 452 534 -38 -662 126 5 348 -175 -131 60 -170 326 309 215 180 327]
[-674 -257 -231 -311 -226 204 -23 -128 -107 -129 321 104 215 157 -509 641 367 -341 118 28 -213 -515 523 5 -297 573 194 97 355 410 -115 -775 -479 193 83 12 -376 -424 486]]
