[[-199 -76 187 -266 102 -162 491 -160 -408 116 -90 169 428 55 -149 619 34 -349 -101 257 93 -50 -44 -47 61 383 52 -593 -280 -384]
[29 142 46 -226 -34 -745 57 -373 -215 442 -112 152 -99 229 -550 305 215 -121 42 141 -10 -58 -224 -210 -224 535 -283 -251 -232 235]
[-44 164 147 180 9 -10 -6 -595 -478 -95 -63 10 111 144 227 288 -282 227 -159 98 -153 -379 -700 -418 -470 227 -265 -342 248 -12]
[210 -251 -455 182 -562 -238 59 333 -103 439 343 -178 -294 -628 -104 -391 466 -159 81 -215 95 -92 339 374 -398 -191 117 113 155 159]
[-124 10 -600 67 -203 -144 469 -86 -547 57 1 455 167 190 12 916 -154 135 67 -225 -361 -559 -208 -2 -504 249 -246 -15 221 -54]
[-37 517 229 -479 -71 -143 643 -382 394 129 -103 177 119 80 102 101 405 -302 -224 338 -99 414 545 -203 439 309 381 -103 -273 300]
[-94 -241 286 59 -51 319 -833 -225 315 108 -21 -228 -392 299 -377 -335 426 620 49 325 129 -479 -435 -31 -424 97 -70 217 -195 58]
[394 -357 189 -90 126 -144 246 441 -25 -113 -35 -417 169 40 -322 204 -235 -332 232 620 652 617 393 50 149 -207 -153 -584 -99 60]
[219 210 622 301 293 64 -925 -166 156 -315 -237 -549 -744 273 -313 123 321 302 -161 -367 -306 -176 -622 -180 -179 61 135 -32 105 104]
[-487 36 0 190 200 107 332 -272 177 -701 -39 -62 -144 -83 29 447 437 539 -182 32 -358 -300 -72 11 -130 139 238 -744 -67 104]
[-51 -268 58 104 233 -178 112 175 -507 -63 -89 -659 -389 -709 -352 270 22 234 154 -18 90 304 92 74 -475 194 232 35 501 62]
[-230 140 412 553 -66 -345 -641 -40 243 -768 138 -99 -795 195 -169 -403 51 -190 59 -28 -259 207 -450 -105 -134 71 -482 -31 130 -91]
[243 28 -92 -482 -357 -176 82 -111 194 203 253 -127 -421 -3 40 -486 267 -174 771 485 467 -17 339 -467 -769 171 41 591 -8 106]
[-162 -145 570 437 602 371 -90 420 -4 134 -223 -60 451 18 -203 -479 -248 343 -403 -277 -115 -174 150 -62 294 -6 451 553 39 -235]
[-526 -347 -311 8 173 85 -390 -6 -790 -68 131 -182 386 -133 482 228 -518 -159 -72 213 -364 135 -56 131 175 92 -742 560 334 -371]
[482 33 -83 186 52 -694 -134 458 663 163 272 -280 13 443 39 174 11 294 -272 -515 -717 122 290 330 359 -135 97 85 9 489]
[266 310 -129 -250 478 76 -168 -328 -39 -132 -155 -244 487 -205 -139 -52 -277 -90 178 208 571 -77 -513 -165 -370 -129 -726 -951 -588 -231]
[378 73 102 90 797 -556 -159 51 -68 -303 -405 -488 474 -22 -53 656 -537 217 307 53 -174 228 1 -410 -367 -458 219 -11 48 12]
[366 16 333 34 44 424 481 -133 649 -156 222 -218 -212 666 -499 -276 -43 238 -153 -201 -146 114 104 418 335 -124 504 338 37 590]
[202 -662 20 427 -102 -10 -371 68 -33 54 166 -346 260 60 56 -383 -257 -407 -310 -247 -125 -128 -813 141 316 275 -200 343 -15 131]
[238 395 -487 -172 71 26 399 -51 -48 166 -101 627 230 15 -363 -164 211 487 116 381 -201 -498 105 272 109 -314 -98 -77 266 541]
[444 -394 295 -28 -162 328 -225 385 -437 190 -520 -612 9 -291 417 262 -129 -1 415 -138 238 -191 154 -543 -11 -283 -120 -120 -298 162]
[-37 346 -240 144 -162 -382 -294 -199 291 173 -158 -506 173 -227 -26 301 289 493 -492 -613 112 -401 -378 130 -444 81 576 421 146 -97]
[262 331 299 616 75 -191 -9 -85 -48 242 324 391 -58 35 204 344 284 49 -172 436 -240 -303 74 419 -680 158 -270 152 260 -201]
[3 83 -285 -293 -115 43 416 -356 89 -204 -94 -152 424 -420 294 -694 -102 320 495 143 -438 -165 186 -104 -240 271 -242 -458 111 -456]
[-482 -71 463 488 474 -504 -279 460 255 -336 -290 -109 -231 170 111 -371 293 53 -197 308 52 433 -630 -44 199 65 -143 77 -470 35]
[169 -161 -159 149 812 -154 67 522 2 293 169 -273 -503 376 -424 -53 -259 588 509 236 -405 -18 187 321 316 88 -156 674 -382 267]
[138 -307 705 -9 82 743 -202 127 386 217 382 -420 704 317 -484 376 -85 4 -156 142 -5 425 37 -186 195 41 -48 -206 -132 -304]
[-324 540 -595 -473 -22 261 46 -217 104 -430 237 324 225 384 -254 599 524 230 -110 -463 -76 -56 191 -233 315 276 255 -276 -826 455]
[-438 -461 -67 210 -310 -579 -537 624 45 309 274 -20 -273 -335 45 -461 -297 -417 227 -358 -500 -353 45 186 -22 -11 -163 100 44 626]]
