[[175 -316 -185 264 192 -120 -484 24 252 -77 -487 -135 34 420 -12 187 335 -75 667 -413 -335 184 235 418 -44 88 156 356 34 -78 -128 -58 -366 318 29]
[338 -22 476 23 -228 63 -643 -165 52 -253 559 195 -112 37 -155 64 -356 20 6 313 259 -237 92 183 146 -334 -131 184 -401 -208 474 40 -73 415 -375]
[-7 34 240 -199 387 223 749 160 348 273 -166 -23 -484 -61 70 -128 16 -359 -589 -503 285 -76 197 154 -442 235 79 -438 33 158 -253 -294 -78 -426 -216]
[726 494 492 -60 -206 296 -186 152 -65 -173 332 -54 133 85 -201 116 -312 278 367 -185 2 210 -319 122 -16 135 50 -33 114 16 44 -549 564 194 127]
[-356 405 -87 -13 -150 -43 -119 -550 -320 354 212 70 -351 -300 447 -249 93 -253 19 251 471 -339 479 -79 147 -22 69 71 295 -465 -156 219 -270 -459 156]
[-523 167 -432 273 221 530 680 -145 25 -54 -78 277 -287 -725 65 -414 73 -401 -234 357 0 -245 8 92 186 -48 259 -117 346 -414 -343 -104 145 -100 539]
[139 -104 -155 -307 -437 -203 44 -20 -148 123 -371 -323 -315 558 99 598 -94 31 442 -291 -887 374 -47 -214 -397 413 -17 121 -130 226 -420 -332 -153 -291 330]
[213 -236 -234 367 457 435 -408 545 -158 -91 -292 231 -258 -158 -214 -352 652 -427 -161 -586 119 90 649 22 -107 -101 246 -59 48 190 125 14 -541 125 -179]
[2 165 281 -63 68 -565 63 -54 58 20 -185 181 100 601 -302 412 -281 136 -184 24 -293 239 -86 790 -88 84 -168 -400 -568 377 -97 -519 -208 124 -518]
[-325 990 -180 -74 -188 -544 297 115 55 180 236 -34 73 111 210 167 -143 -173 -3 800 -461 99 -353 26 23 333 -391 -29 153 -101 -397 -256 295 -615 644]
[556 458 136 79 -253 -345 -212 39 25 385 -541 66 -745 236 -183 452 253 101 309 -508 -305 83 -3 471 -187 140 512 -314 -344 47 120 -506 -145 -317 -196]
[540 -691 -76 71 -324 270 446 -262 239 -695 -94 61 -6 -168 253 332 -322 15 564 365 -207 -190 -109 207 49 -781 14 -7 -208 -130 369 144 300 465 -48]
[-58 269 310 183 382 71 229 -44 229 -46 -10 -335 -155 -582 441 175 -25 -490 187 391 -506 121 408 614 -162 -95 -62 38 -281 -150 146 -237 -419 63 240]
[132 -349 124 160 426 570 205 114 637 120 396 144 -277 -378 13 143 457 78 -450 -129 143 -315 -373 262 66 -229 -117 -67 -364 530 872 49 21 -51 -286]
[-292 700 173 157 -450 -278 -195 -258 -5 93 438 -405 490 -316 530 153 50 80 117 454 -418 -79 117 -222 353 166 -116 -66 483 28 46 -312 -82 -432 -270]
[-317 240 -553 195 507 102 -360 428 160 73 -513 316 -109 294 167 -210 547 197 -701 125 -210 -151 -111 -372 241 285 165 -309 74 501 -12 -336 -392 -461 -335]
[-787 761 6 -270 -326 -232 255 15 142 123 173 75 470 -201 -41 -404 -90 -169 -426 -294 159 324 -246 232 -1 497 12 -390 585 339 51 -375 182 12 -130]
[47 188 54 88 -424 323 -1101 51 101 -609 237 459 394 481 15 -12 -212 -5 480 538 -202 2 -113 169 -158 -273 -264 165 443 635 -40 -376 -90 -188 191]
[-657 -88 -242 505 316 -438 147 127 221 146 -539 514 -37 286 263 -416 227 287 -490 -593 476 304 253 278 108 338 83 79 -243 -157 61 -94 -69 196 -20]
[-10 184 58 138 -122 411 609 -77 -226 152 -85 288 -101 -348 -350 -204 -249 441 278 -433 332 -30 -330 376 103 857 294 -89 -360 -176 335 -182 435 -205 349]
[164 -358 -547 123 -155 -344 -56 502 462 -228 -14 88 841 -4 88 -14 -202 -226 19 -447 185 403 311 150 -1 558 -50 261 198 -164 -102 143 370 261 516]
[514 131 313 241 226 -192 450 -234 355 243 291 -230 -294 -535 441 42 -364 -263 -442 220 -195 -479 -174 -11 -512 -159 88 142 -258 -193 141 -340 647 -346 590]
[-135 122 -640 120 155 -584 -251 -419 -560 -152 -318 19 373 -109 633 146 516 581 -83 2 478 -168 146 -79 -302 -419 444 -11 485 405 -319 92 -123 -468 -199]
[204 74 77 -615 -217 381 650 138 -138 189 46 182 -387 -90 81 -111 -636 -71 192 -104 64 -247 490 542 124 175 83 -273 -32 46 244 151 134 293 415]
[44 353 535 -892 -17 192 -31 219 -718 194 585 -397 98 -178 266 14 -58 354 559 187 396 212 -68 -272 25 -410 178 352 323 -338 437 359 196 -359 22]
[303 -28 77 -141 422 -165 152 664 85 162 -177 -239 94 -160 -353 295 415 -148 87 -261 -431 547 -276 751 -17 374 915 -547 -339 -499 -249 -246 133 460 -106]
[66 187 14 -350 458 -182 -426 -369 455 342 235 -621 117 383 194 4 409 71 -25 130 160 563 385 53 447 83 46 345 -1 -235 -158 -340 -427 -258 -538]
[153 445 80 404 324 348 496 255 -238 153 175 60 208 -123 -272 -559 515 -291 369 -122 -794 279 152 415 -493 -87 -270 -166 -214 644 -755 -184 -112 12 492]
[-259 -247 -332 -76 -144 -103 -678 -808 106 -632 415 186 130 117 -259 140 149 221 522 442 157 -318 210 -344 616 424 87 185 -536 -347 -570 325 -331 159 -277]
[420 66 -170 113 -177 -331 -189 545 -433 -490 -159 176 402 -565 149 -99 -386 150 469 -110 -505 -258 227 -30 387 59 -35 -98 256 146 -182 -562 119 21 91]
[81 -320 438 -145 226 247 -259 -189 483 -605 -662 43 -199 225 -263 187 368 -302 -195 -435 94 117 11 -206 -42 404 308 20 142 -183 -393 290 -167 504 -710]
[-170 596 163 710 392 141 -195 292 35 276 446 -27 -213 62 11 -107 174 -126 143 -891 -22 99 74 -246 -105 228 -327 148 -113 617 42 -6 68 -159 -156]
[91 274 698 101 -293 -135 1096 -23 296 -24 -470 -134 174 -160 -47 76 147 104 140 397 499 -216 -8 -254 -54 -11 148 -211 -41 173 20 -144 475 -465 -128]
[-281 -282 -310 158 -310 22 242 283 364 -259 255 573 -239 -276 53 137 363 190 -213 -214 772 -410 293 201 -318 -188 -453 -602 205 40 717 254 232 89 -555]
[220 203 189 2 -554 -272 -135 -136 -285 -403 164 -502 638 182 -374 -127 34 -137 -339 327 148 -375 -248 -234 -89 -75 -406 569 -461 -329 -81 518 -15 136 -375]]
