[[218 -96 236 46 588 268 -155 231 -421 551 -7 -439 156 -21 -321 -323 213 555 214 323 290 -75 -198 -47 280 -96 36 202 409 -192 -254 -223 63 -352 402]
[75 626 -77 238 532 -214 42 308 169 -240 -97 -511 78 -185 210 -607 369 -119 -226 242 274 -174 -208 -194 -51 277 -236 18 669 -62 324 -141 -391 -193 171]
[-318 117 165 -211 -205 -143 -364 -51 258 158 25 -30 -281 235 313 -766 360 229 417 449 414 -84 -84 24 149 -255 631 -56 367 19 283 -182 -449 -274 177]
[239 193 -588 142 523 -2 376 -104 -34 91 224 268 45 -323 -598 -71 65 -394 -641 -190 -226 -45 -28 -261 107 545 88 -159 194 29 95 613 -230 -3 -241]
[257 38 -178 165 575 -104 20 -203 78 630 174 -236 -159 98 199 112 140 326 81 -124 915 -17 -346 -134 19 16 -399 -130 251 -24 395 -541 281 -24 294]
[59 -274 -233 121 293 -272 313 -425 263 404 229 -128 -182 192 -613 134 86 456 598 -353 218 -166 -284 158 119 -92 367 -273 102 -190 145 640 243 158 -263]
[243 191 -82 -59 338 -140 473 132 -61 -245 -154 -343 -282 -245 -183 -59 681 -268 -66 -176 -365 38 -85 207 -757 402 21 381 88 -136 358 593 137 354 -169]
[37 -438 -349 269 -154 151 343 5 625 -384 58 349 453 170 -118 41 -470 -58 32 -401 -366 152 323 -343 -73 -513 295 36 -126 388 -283 557 -26 -41 -228]
[-16 -297 32 -94 -329 -592 536 -268 96 -148 187 108 -643 454 266 -88 124 -1 238 -512 106 417 82 422 -125 -415 -287 411 -357 160 573 -259 485 366 -510]
[-7 -119 -122 -511 57 17 -186 -15 -473 339 257 -165 -1 -195 -503 -510 567 -22 153 81 -574 728 -173 576 429 175 329 321 682 -388 -156 -158 -248 -225 -138]
[124 50 782 121 490 296 182 -44 -675 -264 31 -216 -244 -69 39 286 219 184 74 303 332 -563 -96 593 -252 -56 -239 106 63 -531 472 -114 400 -120 432]
[-308 -400 -147 98 193 238 46 573 -28 496 66 -17 546 -167 -166 200 -341 176 -534 -270 -61 142 -71 185 265 100 -197 405 314 373 -766 -412 -56 -10 487]
[-426 37 212 -207 -618 184 59 327 221 -282 -300 340 -726 -90 398 225 50 10 164 -405 -10 -274 -157 180 346 -67 52 -4 -656 310 68 -395 -230 164 77]
[-359 -208 88 549 145 -222 253 496 -33 -627 -223 -452 -95 -4 -131 15 -282 -119 287 -157 -432 -582 192 232 377 85 -520 622 -153 347 -50 -169 -49 -354 124]
[-127 -301 -183 187 -49 -177 405 20 -207 -305 46 154 -450 24 -523 262 -278 -21 376 -249 -62 158 246 507 95 205 730 562 217 -382 164 369 -288 -121 -301]
[322 20 361 -612 -100 590 -137 49 -206 -117 264 264 -41 -530 -437 148 572 133 -380 56 23 -702 75 -16 -340 118 135 -393 -370 -494 278 418 453 3 -160]
[-576 -340 213 36 87 85 -480 432 420 376 33 -106 -37 265 -11 70 458 758 770 -28 -185 -100 -775 460 -103 -614 281 37 -293 -213 -449 -109 -14 -264 517]
[-345 538 48 217 -269 162 -322 39 234 -495 -251 -387 193 138 -169 317 -284 438 216 -211 -783 440 -82 254 106 -245 -239 118 -310 -691 -47 -19 -164 391 -390]
[321 -274 10 80 239 -94 312 199 98 422 360 265 166 -18 -489 679 52 175 -832 -72 407 53 -71 -272 149 -330 61 164 121 -60 -534 -233 405 -601 -45]
[100 -11 -28 95 423 -265 -38 294 -367 -410 -151 405 592 110 443 -517 221 -8 -233 24 129 -323 -86 -556 33 -373 -754 -83 116 -264 -133 -331 2 -580 -315]
[288 -187 538 328 -297 -366 -348 199 -49 175 43 -606 379 66 7 -654 -100 -43 656 399 71 -266 -362 407 451 182 -310 -36 103 -202 -167 -254 553 -272 -353]
[147 59 302 230 53 194 -498 453 -55 335 -50 127 81 -431 -212 -790 555 -396 -491 49 -481 47 -535 -151 -202 137 516 -319 -65 -93 -448 -88 -529 206 378]
[37 249 -125 352 202 136 -460 365 -80 -52 424 -74 524 -422 -351 -229 -60 -84 -340 222 113 -357 -11 -25 -330 -329 -329 -449 264 -1 612 -251 -302 76 51]
[-58 139 -33 2 -424 -395 373 189 -2 -52 169 -307 28 -494 -591 -369 156 31 -263 -543 -291 567 -124 -185 291 403 272 297 201 -594 -142 289 -512 290 90]
[130 100 257 370 -148 -218 560 144 125 632 -88 -579 -354 -121 546 -110 475 502 -61 147 419 257 -324 -236 -168 -256 -263 342 159 94 366 -526 -335 600 -164]
[149 335 -9 352 -396 -209 61 -130 148 426 158 -388 -303 -59 -296 8 190 576 -309 645 637 -159 58 86 -20 3 -463 -91 175 -244 157 -182 -26 10 187]
[224 330 5 -486 -230 101 -677 211 -536 105 -44 -424 -33 93 -467 110 -59 -174 126 479 -149 187 175 73 121 -188 -369 -8 352 -6 -660 420 22 125 -246]
[514 455 100 105 112 -23 -464 -187 37 132 171 -506 403 8 689 255 184 -43 -313 -1 -209 -87 13 370 -430 -349 -245 -59 53 -667 -29 -192 281 289 -169]
[71 483 181 -320 428 -499 -140 -48 261 155 102 -147 191 11 -156 348 359 136 1 -371 -21 -17 -209 80 479 15 -185 -522 -79 -774 10 252 -347 -380 273]
[8 338 -465 334 -122 -365 590 119 544 -534 483 -410 159 -69 -225 105 -146 -196 325 -334 239 -5 11 -705 -9 102 -105 -107 280 -348 220 -573 -170 102 -90]
[13 -14 -407 438 223 249 174 -186 340 544 284 20 -280 115 -66 -418 364 182 180 -82 416 68 88 -402 -269 -764 340 26 -502 -516 55 185 48 418 -376]
[84 -173 378 12 -216 77 329 13 321 -300 193 141 -451 868 -158 -245 -61 -345 -145 171 -555 -68 172 11 -223 -890 143 65 1 91 597 425 589 82 -108]
[-141 621 119 677 29 -38 203 -113 429 -424 209 450 -99 -37 -445 -120 -67 -498 58 -51 444 -474 318 -90 -348 -60 180 -915 309 181 60 350 -122 -35 -427]
[-183 -695 -75 132 -817 -168 -144 867 98 -90 188 -52 345 -37 480 -370 -27 -442 -122 62 -83 661 500 180 -136 361 88 376 1 455 108 183 50 -248 -310]
[32 -467 209 333 889 349 -534 -250 482 -211 -230 -202 299 38 6 -181 349 165 208 478 -599 383 -55 253 -234 -436 -145 177 301 -556 -211 602 479 286 163]]
