[[2 27 -17 240 33 134 157 301 -193 -89 -283 243 435 351 29 287 316 342 -34 178 -52 399 -142 622 -126 173 -318 -176 -281 -11 30 -465 326 390]
[484 -94 27 -416 -245 -194 166 94 256 -111 350 303 -473 -244 117 -250 259 -585 243 -348 45 -240 421 -106 164 -152 81 -187 92 311 -357 -239 -403 -340]
[-34 27 -487 -793 301 364 -40 146 510 -145 -30 579 55 -334 -295 46 -60 162 255 -173 58 -209 -9 120 -83 27 -132 237 343 -49 -417 -236 -25 -127]
[273 -455 -222 141 225 142 -117 145 295 -229 -422 228 -394 -551 -312 -117 -440 -79 163 -435 110 -325 305 -46 -437 243 115 602 -105 -305 -368 328 -313 -220]
[-150 321 468 -537 -587 -145 221 -516 -68 -77 -190 -308 -49 -310 -232 -155 -271 185 -787 282 -163 -145 65 -285 277 -133 457 70 104 -53 137 271 164 20]
[-219 65 417 -97 -102 395 378 387 40 -391 -361 425 -59 -413 -253 80 -353 404 321 16 -88 3 86 -413 -94 82 283 701 -354 185 -507 -119 225 -49]
[-377 -121 793 10 228 -161 390 -190 22 -348 -231 294 -384 -108 -387 -200 -131 -57 260 -210 333 -336 179 -146 -401 158 343 224 -152 -269 -172 -339 211 217]
[104 -139 -547 61 -13 162 -109 52 162 -178 217 -458 -518 -132 105 -73 149 -388 -379 149 251 -420 -256 -354 127 239 -489 -18 246 284 285 421 -561 249]
[-115 73 383 47 -330 -240 125 -152 -334 79 347 -468 117 -69 87 -289 -150 411 -376 -274 -403 238 -12 189 287 -513 679 75 843 136 -30 350 54 -256]
[409 -101 -254 -423 256 -214 -34 186 57 6 413 240 -147 679 275 101 310 -558 -107 745 419 -178 -78 38 249 243 -392 44 41 -103 271 -26 147 288]
[162 434 -32 -379 -251 -324 -304 -2 -270 78 104 -61 175 71 -122 372 123 -610 -120 394 -400 27 -359 289 457 -96 165 -524 140 -276 -45 533 394 -250]
[-115 282 688 10 -359 -233 -85 -103 194 -62 -470 580 411 94 -633 215 -35 -45 11 -138 316 -179 374 397 -40 -146 -318 -115 -397 -629 -293 218 488 63]
[-206 326 -79 -198 -46 -181 373 267 -694 -401 155 195 464 151 308 242 -132 87 44 165 -492 28 -419 -410 369 214 24 49 -477 -241 46 182 511 400]
[-683 -282 404 435 -192 -126 -431 -289 66 310 347 -235 298 394 -159 73 3 -245 -100 272 -28 -52 -467 305 696 166 -106 -301 758 137 229 675 -162 -398]
[72 467 -403 -36 166 585 -186 927 536 84 -285 187 -740 71 -433 396 81 -158 643 173 -464 -94 -115 95 -289 -89 -249 321 -702 205 -455 -178 -122 47]
[-387 -169 109 -39 96 -26 217 274 -432 266 504 450 474 607 255 80 342 -300 512 -66 -610 186 60 212 480 -462 -134 626 395 304 -342 243 -177 -122]
[-168 -575 266 66 -177 8 55 -66 -414 -255 -27 -33 78 -264 33 -585 -150 -228 236 -612 46 -340 531 7 -652 -265 -476 83 -29 -95 258 -315 -349 447]
[-29 -278 430 334 -670 -102 -168 -191 -16 183 -573 640 -95 -252 14 -168 220 -421 259 -29 -228 -69 353 71 -530 -297 -83 175 -137 -256 328 74 97 -220]
[314 -137 339 133 -641 427 -176 388 -393 304 -344 -44 -166 -525 121 -48 256 88 32 -122 -140 75 -27 -238 -441 -473 49 -122 -141 811 -57 306 531 -168]
[22 -118 313 685 168 -311 91 -4 -317 -197 -176 46 89 373 67 -235 -17 462 6 174 -319 -604 -731 140 -448 487 -95 -281 -400 -58 571 77 235 568]
[-262 -313 -944 -265 193 -27 131 -238 65 212 -379 446 320 44 -46 -155 -256 709 168 -134 -167 530 -418 47 57 367 46 -539 -139 -246 67 145 297 105]
[-201 -379 -135 212 78 42 -496 663 138 -14 -313 437 -71 207 83 -86 -730 298 609 361 -560 331 -374 243 -249 -137 41 494 583 -48 -609 308 -311 -489]
[-433 -162 -87 235 68 460 -69 135 -263 -538 -119 235 -155 41 55 -147 -1064 -35 -306 333 557 172 -131 -230 -44 539 215 272 -211 -331 -36 -32 -180 1]
[72 -131 -146 373 -258 -288 -296 -371 -309 311 94 186 -317 198 9 -303 -704 -287 227 196 697 73 126 -576 -31 178 -399 199 416 -388 539 240 -325 -120]
[206 -194 -286 4 -324 307 -905 -80 -200 400 65 -46 289 90 478 230 -1 -221 -252 -32 174 -295 129 -716 -412 -619 222 -214 8 -582 171 586 222 -459]
[-44 29 -237 429 213 -380 -6 100 184 163 -392 -466 62 193 185 553 -459 291 -351 288 519 381 152 -471 -51 604 -150 -242 -231 361 411 -204 -259 63]
[385 76 139 -204 -389 354 107 51 70 -163 -136 78 -671 -599 143 -222 19 -12 450 -364 296 253 59 -491 -315 -129 -188 356 -651 219 418 10 118 -418]
[41 51 -425 27 315 47 -105 -258 -162 507 -316 252 -93 46 102 -529 57 -234 213 -202 90 340 -233 -84 -649 -153 61 -17 -104 -16 -38 -502 834 -447]
[-386 70 -194 -41 -479 -111 189 -188 -467 -402 431 -604 -83 -173 288 -145 -546 519 -306 93 189 -61 15 90 168 -430 -212 -573 218 -46 638 681 -199 112]
[-266 341 -418 49 177 313 157 -402 -118 535 238 -546 -412 -228 366 32 584 -14 -567 290 -92 93 413 -59 186 412 219 -3 614 526 571 142 -644 -40]
[199 -76 -303 -209 109 1044 -495 -379 -516 235 -327 -286 -423 -97 -230 -48 -637 -128 287 -236 -170 300 474 -482 -248 72 -229 223 -508 24 -97 552 -326 -3]
[-67 327 158 496 -291 -441 -567 -436 -162 703 -316 258 4 360 206 -262 51 412 -600 -311 275 77 155 502 301 -466 -200 -354 -451 -21 218 -491 261 241]
[-135 237 -313 -867 12 102 119 540 -90 -412 -17 -498 297 404 -81 144 224 -464 127 105 -247 89 -337 869 -64 358 -357 492 305 -201 -173 -84 78 505]
[253 315 89 -581 763 126 -175 162 59 544 -261 -198 197 166 -140 121 -21 6 785 249 490 98 -42 754 32 71 -169 -753 327 -25 128 -188 662 411]]
