[[628 305 -94 -201 205 109 -374 19 -78 147 149 -2 -270 -353 -497 30 94 -185 -659 -145 480 -129 -214 196 -35 199 -151 379 328 -275 -230 30 6 118 -377 215]
[-489 12 -46 217 -127 166 155 -493 255 -122 47 137 34 -74 -151 162 78 -412 -254 -271 247 103 26 463 610 -66 207 123 438 -175 619 -23 303 440 55 228]
[62 3 -546 152 -245 123 -315 -283 80 52 71 -14 3 487 372 236 -149 141 182 -134 -467 242 -306 113 595 61 337 -256 282 45 386 332 -194 741 95 -281]
[38 -27 -162 414 -497 512 -82 -513 345 26 7 -41 413 -49 242 -32 7 -516 -21 -203 -95 20 -35 -626 392 -190 214 -36 284 -335 201 -380 -452 459 116 -183]
[-468 206 521 313 -239 45 331 46 642 376 -20 -97 658 -306 455 -81 -134 146 464 18 -55 54 198 471 100 204 -367 82 -48 -131 188 -166 -57 -180 556 281]
[-202 -90 281 647 155 -106 290 5 577 94 -188 219 478 -268 296 -146 257 -108 52 259 -303 -208 -21 -110 824 31 -535 22 254 9 326 -585 -124 138 111 -165]
[-92 -463 -607 -227 -188 -458 28 -188 -115 -127 160 39 -490 479 -67 131 -158 532 -132 -296 -193 -263 503 312 159 -269 25 44 304 -332 0 511 -44 537 -356 -83]
[-473 -280 88 -157 363 15 106 -84 269 -26 -248 252 -404 525 52 -64 566 -196 125 313 248 -177 -532 -76 -367 -230 365 -539 -557 119 88 -11 39 -271 28 -6]
[732 -360 -43 124 -170 265 183 -59 -65 -122 -201 -3 -391 -176 -13 -296 -418 -93 -551 -437 73 -80 386 -252 950 -146 -183 277 609 -398 -104 -588 -38 -8 -235 109]
[695 -106 103 378 74 556 -220 -468 184 1 -120 -156 33 127 -385 -250 -93 -20 -241 -85 -371 233 -675 72 571 435 7 462 491 -176 542 38 191 281 92 412]
[-620 -69 245 388 419 13 80 -416 159 -495 227 274 -764 116 -109 41 330 325 226 358 52 17 -133 73 -165 33 387 216 206 104 625 96 -21 -84 -72 85]
[-90 74 284 0 103 216 159 144 157 227 -85 207 285 -149 160 -320 402 -281 133 -227 -282 -296 -190 60 20 -121 -631 -749 -298 90 -492 -671 -537 267 388 -301]
[33 -110 -216 -407 -122 130 -57 -222 651 28 -329 -198 367 -172 -392 -240 181 -438 -737 549 185 130 -263 -328 -435 -189 -244 -122 -15 -500 -292 -10 -137 -268 -279 541]
[545 333 -82 -57 -253 128 -556 178 24 580 -5 102 411 20 -248 213 -470 -521 -344 829 105 42 -227 -41 -312 410 15 -44 -397 -139 -471 24 234 -105 65 377]
[-114 107 -448 133 -585 -307 55 270 -720 -152 336 22 -111 136 172 327 87 -371 -148 -664 656 577 -223 4 353 -157 102 258 -105 116 445 162 430 209 -126 -100]
[421 191 -283 427 91 -95 79 -366 268 -42 -553 90 124 -427 -722 -18 -116 175 -519 -54 159 -289 326 -114 455 -371 166 693 145 -113 380 -183 13 -217 -314 -40]
[514 -318 477 32 -555 -380 -76 75 -238 482 -55 -177 645 278 641 203 -556 228 399 -224 -425 -93 432 -590 15 0 -509 -352 156 -199 35 342 62 10 205 -539]
[175 52 -118 302 446 501 40 -22 255 88 617 -159 381 -657 256 319 90 -444 88 101 264 -317 570 -2 217 278 364 689 296 -167 449 -175 23 -191 357 -132]
[-46 271 -109 -260 -541 -335 345 34 37 377 -352 379 239 201 370 -415 -553 36 -25 234 398 311 -577 119 -209 275 -66 -222 -270 66 -211 -60 -82 -27 262 219]
[203 -74 507 -49 -130 146 -459 -182 643 454 350 -137 111 -502 -332 522 107 -7 -165 -101 521 -553 412 -265 135 16 -472 444 314 -503 435 -65 392 84 406 496]
[-526 -176 -251 -33 206 -205 -268 301 -7 344 244 -216 223 -449 -437 317 174 44 180 -363 516 -119 -256 1224 276 -73 -394 111 46 -88 97 -194 5 454 6 445]
[217 -572 -639 -170 -68 227 24 294 -167 228 14 -815 -397 267 -167 440 392 187 -342 -438 217 72 -70 -396 245 -125 57 -110 213 -414 -231 -71 -486 336 -15 -44]
[-37 -339 79 -610 370 19 140 306 -96 -130 135 76 374 -186 103 -531 -149 249 -93 -655 345 -188 333 966 156 141 122 361 175 -298 238 -60 574 -412 147 -328]
[65 -126 593 -392 132 75 147 -448 -17 -338 -238 -182 -192 133 677 -382 -217 234 370 -24 -531 -103 -229 403 219 190 -391 -39 -42 150 -564 262 -41 -21 143 225]
[-246 24 -137 153 -21 -457 172 582 -379 -515 -199 -202 -12 -609 43 230 -228 -19 -115 -37 -145 -378 154 373 446 -446 -418 -18 -357 51 -43 -590 -101 -62 -40 486]
[341 77 -49 394 -270 175 -167 -184 195 -564 -110 206 516 545 348 228 82 296 -2 -70 -611 141 217 -307 581 102 35 342 -197 -181 716 -195 -492 -338 319 -295]
[728 57 -206 -197 -408 523 -22 137 -441 350 -211 360 101 -119 -61 598 -403 -698 -469 -367 -7 -67 20 57 283 -23 617 33 -278 207 170 -409 -481 426 579 70]
[-434 321 360 140 110 198 -379 503 128 669 38 27 89 -865 169 169 -274 184 -158 55 3 275 130 -490 39 487 -211 141 169 232 -22 -381 76 -84 -48 -162]
[-329 -444 -46 -23 -484 343 -231 96 391 167 -37 -385 -274 102 -271 -411 -79 712 489 700 -221 -142 335 -334 -173 -409 -18 -143 285 73 -38 -100 -465 147 4 -344]
[-887 295 277 -33 -92 -61 253 257 9 -341 -494 -316 67 -69 284 -8 -75 -177 91 -479 -348 236 17 229 573 91 -799 -240 620 705 293 98 622 -209 403 470]
[100 -458 -337 215 469 451 -210 -364 366 -44 -329 -472 -24 220 161 211 158 -292 332 39 363 254 -222 -20 581 244 -25 43 -405 -562 554 295 -88 -11 -109 50]
[-291 -187 -797 -12 -394 479 -326 -233 260 133 42 -161 41 -539 157 -143 -206 510 944 171 -474 -62 421 -162 -128 136 -218 -434 16 -206 -295 44 -789 133 91 -237]
[-487 363 318 191 191 32 42 -30 -399 -358 733 451 -123 -530 -100 222 -306 -504 348 -77 266 63 92 390 -197 569 -329 308 -42 -247 -360 217 350 -279 86 -295]
[232 -19 631 -101 -12 -341 297 124 299 643 -421 -223 -107 -564 -215 -107 506 -696 323 -366 634 4 -712 68 687 -48 -431 -132 -22 -356 -313 -609 135 41 74 -32]
[-26 574 -259 -206 -324 -472 110 -234 36 392 157 415 -263 -528 214 451 -146 -269 -518 -131 383 -664 253 -36 -612 -319 -150 742 -375 -198 64 -431 114 132 -63 55]
[256 -29 -360 238 -745 -324 -41 -190 534 614 -632 -280 23 601 150 62 -896 57 -297 -214 412 137 -162 77 -429 523 -228 -311 -179 -436 -85 -116 -193 374 101 579]]
