[[-268 41 -416 234 -264 -160 -223 -91 320 36 133 238 200 -561 55 -559 212 160 -83 521 27 39 -320 -171 445 -192 -231 38 200 162 -240]
[85 -230 58 147 32 27 -92 -103 472 -152 8 -124 -554 293 75 220 -277 -298 -116 -543 457 -538 17 283 -572 168 244 219 -166 29 -148]
[546 191 422 -66 42 -327 169 -91 -229 305 -165 391 -657 217 -37 -42 17 -319 188 64 -383 332 -165 -10 -282 61 339 -354 -222 175 137]
[-157 -16 211 -365 -94 137 9 -23 -213 269 763 -160 118 -438 -143 -207 63 407 22 224 97 516 -138 -352 50 124 -732 -333 -88 467 -139]
[299 -125 158 151 73 135 156 -308 -739 540 27 -361 -310 -189 79 -98 -354 -89 546 -265 -402 285 -275 -175 -582 477 -3 -128 -151 552 -8]
[-258 210 -75 -273 44 -53 -61 334 631 88 337 290 34 497 314 -72 116 -140 -372 20 250 282 -57 -392 78 104 -284 99 -335 719 297]
[301 362 -26 -172 249 195 -301 335 -255 129 593 124 -547 403 6 265 -68 151 -124 -333 281 206 383 219 -133 -149 -86 -185 173 662 483]
[-320 464 -800 -80 313 157 -446 -158 -57 -322 -68 -97 419 -242 362 -415 -587 -137 -417 -195 237 109 254 165 137 -267 129 369 63 51 -262]
[-239 -29 -216 -266 -119 -201 -308 -96 458 -54 77 296 -364 -510 162 -33 -728 -355 80 17 184 186 -225 -161 -370 -333 -20 417 -486 403 331]
[-675 -77 -236 -71 171 -135 -291 87 -481 223 -343 -210 727 340 494 -112 -154 -662 168 -600 -279 27 440 177 196 197 386 -12 -146 -201 58]
[188 408 308 -165 323 -39 -71 -163 111 -435 117 470 -530 -315 -310 382 -571 -96 114 511 113 58 -138 -159 -233 -282 -354 -258 -217 591 -437]
[27 284 -270 186 554 61 101 -17 -487 -29 225 -153 -683 -264 362 204 -593 -150 -69 257 377 300 147 68 -696 289 -240 509 -178 428 -127]
[-161 -214 -627 34 97 -803 92 -323 174 371 196 280 -99 -100 20 -677 -101 -170 203 542 -474 200 -75 -5 -299 42 126 683 16 86 495]
[-758 26 -418 -13 284 -112 -599 21 -34 -23 161 -390 20 123 -327 -74 -576 250 303 -325 -144 172 434 231 -248 309 -13 186 -314 267 26]
[-394 79 -1 350 165 277 293 -20 -84 568 -78 -91 33 -451 152 -80 233 430 -108 357 128 -155 -1142 -668 -114 302 -532 52 -470 283 -110]
[683 -3 7 276 121 -69 436 -389 171 -458 49 -62 486 159 243 -272 10 -146 -398 -4 -545 426 -128 112 -276 -445 496 -76 17 -669 -90]
[-270 -264 603 -222 380 32 18 -155 194 -179 541 -508 301 -71 -354 656 489 321 207 -118 32 -274 -226 -85 455 -257 -301 -414 -667 99 31]
[154 369 480 -124 -305 296 188 -141 484 -73 -112 -400 56 -126 -399 -77 -355 -121 -242 -293 256 180 271 -79 673 70 82 288 -244 -308 -468]
[-447 -425 162 -409 -99 -322 21 -445 -672 263 -166 254 585 -283 -127 355 -147 -211 459 -289 16 -27 -99 -439 -645 -30 -178 -150 103 195 -390]
[-305 0 29 -554 294 506 -697 16 67 -128 231 480 210 71 -412 -438 -423 503 -233 -136 -188 70 639 450 4 131 -255 -125 168 381 -331]
[-160 -459 517 -478 -100 -38 264 41 523 -24 140 423 -32 285 -223 -130 55 -794 -18 30 -531 218 111 -241 280 420 63 371 269 -375 791]
[47 259 -530 -489 -125 -404 169 -281 -491 195 -98 68 -96 -70 495 -227 -98 -674 691 375 -67 -118 -316 515 53 206 -193 -49 -297 631 -89]
[-298 446 478 553 205 120 -57 171 497 233 321 413 60 314 314 -164 419 783 -348 209 304 -60 -126 -360 -129 -323 -492 -328 365 313 69]
[-290 84 231 181 -155 -417 -104 408 179 -56 -738 -51 -230 -150 -87 -22 528 421 419 204 311 -557 -340 -242 -108 -36 -649 -20 -191 -638 -314]
[61 -455 -287 85 408 571 -532 -324 -108 190 12 -104 -95 -408 224 210 -506 -246 -159 -761 -51 -240 -502 266 405 -139 -401 92 -245 142 -175]
[204 417 -543 270 96 -250 -71 169 389 372 -420 42 -93 154 427 91 419 337 -75 -96 -186 -314 -174 -312 -129 -741 67 -469 501 528 -56]
[-628 105 212 -218 -497 -179 -359 296 -184 -333 -1 85 587 79 213 272 685 -446 -347 267 268 -447 -295 -90 110 -283 -321 199 66 -411 182]
[-23 134 167 -286 70 -91 -172 -295 411 405 225 -1 192 101 317 -358 -220 -158 358 -471 -275 566 105 -686 -93 269 177 -193 160 -36 -607]
[572 450 87 178 -3 -212 -206 -62 -593 268 225 -31 -349 -557 311 478 -378 -469 330 119 -160 63 664 319 32 245 571 -361 -505 90 -131]
[297 -330 -56 -491 -467 -454 36 -135 -94 48 94 -258 -324 -479 -487 -643 -60 205 -81 -454 -258 423 -540 303 -573 207 186 -20 228 481 -665]
[231 -313 118 240 124 -112 -445 -152 429 -330 -601 -98 -754 -175 -199 21 -167 386 -94 736 356 54 -5 546 -150 -41 275 68 573 -26 163]]
