[[259 -233 -106 -129 -165 -466 503 -172 468 168 284 -100 -198 -299 -104 315 188 19 80 371 -81 122 -357 195 -89 167 155 44 194 470 -106 -121 -508]
[11 97 -782 160 -126 -134 516 -303 225 88 -26 -99 -102 268 339 39 52 124 -38 46 -491 -179 -71 212 -135 -412 -674 164 3 -28 -139 -134 -417]
[-441 449 -246 327 52 265 145 -180 46 193 -506 366 -562 -105 189 97 -42 34 167 308 -209 -247 255 288 -534 -133 103 191 -92 -638 290 98 -19]
[433 55 -175 -341 331 32 633 -287 318 -253 416 -324 67 -235 53 -210 143 542 -466 -99 -30 -87 -365 -121 350 -26 -515 190 159 389 -83 425 -176]
[-256 480 -203 -193 78 289 161 102 25 -360 -308 311 -216 -32 -159 -321 291 426 203 -163 621 -83 284 79 126 391 246 469 179 -341 416 -213 193]
[-663 -1 210 -148 -191 128 42 -66 267 -518 378 304 386 216 -251 168 -166 272 351 -340 84 -198 316 -95 515 9 257 197 233 -362 26 224 85]
[-365 476 -3 25 69 95 85 -247 -84 -401 298 589 58 -270 -47 -53 -532 -400 -54 -280 -37 193 -147 -170 -483 18 -120 -138 91 -60 559 482 227]
[-263 -41 254 88 87 -232 -139 42 -1108 -124 644 167 363 200 -342 319 -127 -653 -167 -273 340 535 240 -47 -10 161 148 -12 -135 36 19 -326 521]
[-773 709 169 47 -194 447 -539 289 447 -459 -96 877 55 121 375 -113 51 -188 470 -58 15 26 246 -307 114 263 105 417 -2 286 222 50 151]
[-255 258 380 -203 397 393 -44 338 -154 -278 181 223 359 24 155 14 282 815 96 -18 -458 186 636 48 69 -20 13 350 165 -323 -657 184 84]
[387 -354 23 -34 -90 -660 -219 -391 186 265 -526 -478 633 -26 -102 107 -136 169 78 -36 -522 208 85 -214 -471 -86 -438 -448 204 671 -394 -401 -563]
[-169 173 -898 -223 42 183 -129 742 237 -123 -147 -90 -713 248 -91 -181 -25 714 217 125 -191 49 -35 12 55 -254 85 200 51 -99 -247 -225 -266]
[129 26 294 181 296 -611 379 -579 -23 183 -3 359 -123 -703 1 -169 139 81 471 -89 173 -152 -255 -125 -176 437 1 31 -94 704 162 401 105]
[-457 -381 -9 -585 -154 515 -515 110 -504 -162 -267 96 86 22 -542 -201 -220 554 380 -692 150 246 398 -227 -164 520 16 -88 142 294 31 -139 271]
[346 -115 -17 -203 508 -842 240 -350 -425 -506 382 275 469 473 -110 43 129 -27 112 -536 131 92 9 23 -439 -35 -279 -32 21 -512 -119 354 -16]
[-60 -296 123 -262 -38 192 625 326 -32 -319 -222 -374 -72 -216 -111 -142 -516 321 43 -30 -605 -350 -116 436 -70 -582 -35 -408 127 13 -274 585 253]
[-621 221 207 76 500 -193 312 -250 -88 -333 -8 -14 -188 37 -401 -200 146 -50 -8 -187 -22 -455 -240 -198 -287 3 -314 671 243 301 391 78 498]
[122 -11 -388 -446 94 -575 567 -359 -153 -266 -75 101 474 -415 -291 121 127 693 105 -222 -387 102 -261 193 581 -27 -371 -281 -16 392 121 -153 -21]
[-487 94 -446 414 -99 190 79 -497 335 116 253 90 -598 -468 130 216 -25 261 -148 75 428 -178 677 132 530 -90 -6 380 -369 63 -414 -71 279]
[-220 -359 -255 -563 -259 299 -154 231 192 -115 427 -225 -251 564 -117 56 84 -213 510 -312 -422 -105 -32 -261 94 -365 243 652 -83 277 52 139 -608]
[-524 -192 196 454 -299 203 191 -562 -382 -525 99 157 -511 61 -283 51 -184 -581 -192 91 -78 -136 337 491 -304 102 -459 373 101 -96 114 585 346]
[526 132 -56 -132 -262 -307 -517 621 550 -64 79 281 163 -545 -360 404 -154 141 -115 206 150 526 274 -156 322 126 -268 -35 176 131 -131 -114 -229]
[233 225 319 122 19 -395 -285 25 -315 -277 339 485 -403 305 295 -131 -304 -192 52 631 -148 95 -705 235 19 247 15 -394 -442 785 323 115 141]
[63 102 -59 50 89 89 324 605 797 259 881 -40 -238 -25 -173 -377 -271 607 357 -18 -525 -540 -81 -182 97 -558 -468 -236 342 243 -944 -75 -335]
[-605 -493 127 495 64 50 -356 264 -203 1 -403 -624 104 -99 -647 232 -327 -265 -23 270 391 -44 546 99 -396 441 331 -46 -212 -512 -221 65 490]
[-161 -153 -151 717 -294 -941 364 -469 365 254 -152 60 -202 344 527 232 -369 -188 68 -216 -389 -237 6 -281 -59 40 158 -12 4 -156 -370 211 -117]
[-608 371 -637 -156 -97 417 196 240 -556 131 241 -407 70 19 -334 -360 469 210 -7 -146 -221 -366 35 329 919 -325 -406 280 -294 -196 210 318 -323]
[27 -476 119 -271 592 -22 -298 -274 205 -325 -44 -411 -17 153 198 -71 -103 259 605 -68 -356 122 -350 354 -426 -32 -236 -123 56 -10 127 88 296]
[181 -38 -17 -281 288 1 957 -23 153 240 241 419 388 -546 -148 -185 -213 153 -284 105 -184 -52 104 1 -711 623 269 334 637 -407 851 -154 -206]
[33 59 -103 798 281 -328 586 -572 -362 -206 147 -233 -189 -162 89 -362 215 109 -137 366 237 -163 -341 -329 -239 -23 -511 -82 -58 -203 -91 -56 -509]
[423 -428 -138 7 -515 -393 150 393 -637 767 437 -202 -428 -22 -617 331 158 175 18 -231 331 536 39 24 -266 236 357 -51 -247 666 423 -215 -40]
[164 -109 -199 -544 -279 480 -237 457 119 -201 125 -223 -855 -343 243 389 -47 379 15 236 459 133 373 60 -588 -66 354 -34 251 -129 331 190 -45]
[-289 682 367 -640 490 -413 -114 311 -175 -42 35 186 -153 277 -30 -52 212 315 19 197 352 230 618 -209 211 275 -154 23 -612 -248 103 -196 371]]
