[[400 49 -10 -60 -199 -284 254 -395 707 -579 -167 -101 260 -53 50 -35 36 -2 -351 -8 -559 43 143 -173 -315 -41 226 -48 -44 -31 295 -72 248]
[-298 -114 -227 -276 -459 17 225 93 -415 40 357 -112 -282 -264 -55 -202 173 137 274 -16 518 516 -282 608 -205 -106 -186 -10 665 129 12 -76 -270]
[-32 128 -366 57 106 279 34 -519 169 -336 -386 107 -533 4 265 -159 540 -30 -252 269 -253 -216 -118 75 -630 374 43 -482 80 91 51 272 -172]
[-117 651 -57 -174 306 169 145 118 329 -383 -627 -238 76 -65 249 -142 226 -10 -629 322 -58 -313 217 1 -155 207 622 -179 -341 262 -462 -115 -65]
[164 421 277 -117 -2 540 104 254 220 -4 -290 8 235 103 -67 6 234 549 -402 545 -16 307 214 -45 -200 33 -84 -687 -51 180 174 105 -294]
[51 78 45 -104 -360 70 94 -168 -589 277 404 -452 139 7 378 -60 -307 -223 858 -72 345 47 -357 -144 70 -202 58 435 -26 327 -395 21 465]
[534 320 -81 -64 -173 220 -290 384 -81 -116 -103 -774 302 99 -117 362 180 102 -361 185 124 184 457 -20 97 -470 -238 -164 -15 -92 -38 370 387]
[-35 -21 -19 182 293 -123 -601 371 113 379 -119 -77 -493 116 -256 462 367 -765 -38 372 -14 -426 241 -290 15 -38 172 -274 443 -473 256 171 -281]
[-340 350 312 -368 -11 90 455 -285 268 224 -607 -12 -223 344 74 -362 260 -79 102 360 168 153 -596 83 -240 -7 71 -458 929 353 -91 -129 23]
[160 -211 -91 338 605 -126 -492 -360 -345 416 43 -256 383 307 301 -185 -154 -67 59 -262 45 -238 -274 -237 -136 460 -249 488 39 434 -406 587 422]
[-122 35 -274 0 153 600 57 -287 -227 710 149 109 239 224 47 11 -333 303 -83 -113 -59 113 -352 18 -201 -730 -743 -26 134 497 -38 290 -52]
[443 -81 330 322 -90 251 -79 -226 -47 198 -335 59 -297 227 -76 626 -13 90 -22 100 -506 444 574 -129 764 -126 -471 -292 247 -20 258 40 945]
[359 -360 158 83 -474 -133 191 -499 158 -33 279 -35 -452 -278 346 -390 -36 -232 377 286 -386 502 -491 -318 207 215 518 -268 346 -231 -239 -488 724]
[168 -232 -395 364 -309 825 -27 -674 199 52 11 -249 -1 101 -66 -73 346 317 8 204 -685 73 105 -127 -331 -628 154 -520 834 -96 342 -96 483]
[-33 -76 -573 593 207 491 -239 98 -369 190 -104 -171 -805 -309 -242 97 343 -189 -274 -128 -226 -495 66 -667 -28 -327 484 -313 -11 103 255 -227 -107]
[280 330 404 -43 82 -282 132 -331 -575 -159 -497 -215 -265 -103 496 -244 -291 151 141 -189 -48 551 -81 -251 8 53 110 -210 224 206 -155 330 117]
[-215 175 488 194 -168 179 -178 -169 -147 332 -116 539 -19 328 271 -204 -734 -851 403 -233 -58 -111 -549 -336 347 -431 -316 106 -486 -345 38 448 -255]
[-795 -314 -176 -75 -129 525 251 357 159 305 -555 -102 5 -154 -182 352 473 -72 -268 206 -47 -335 617 583 -155 -306 56 395 -90 -12 -67 -95 -113]
[-164 -167 -93 -263 -14 -270 -78 -163 277 -856 374 -220 277 -427 -466 -108 431 201 -140 -767 217 -130 -72 -91 -3 291 82 -78 72 -492 171 -570 281]
[-104 -398 -212 296 71 275 -348 -115 327 201 402 550 -366 -617 -94 633 -384 -418 -598 -507 0 -362 -73 -63 -68 378 -333 639 -119 62 -174 56 -191]
[52 -73 -314 -29 -655 -373 -139 -414 -76 -134 202 -76 -187 370 66 326 -140 -968 -50 476 131 -194 208 55 561 -375 -353 -150 84 -293 549 109 -110]
[-389 304 -407 -108 43 -222 199 14 518 -182 407 442 -362 10 -270 73 -12 578 -632 242 -67 523 128 413 -193 195 -2 423 271 217 -3 -235 239]
[-238 -149 294 -191 441 -288 196 -391 -142 -149 143 538 112 268 195 -343 498 59 533 -200 -326 -354 178 -215 -210 30 40 105 447 -716 190 116 619]
[-355 -79 558 22 -292 -345 610 344 -183 23 -201 151 -484 100 -43 -1252 -79 -177 352 -128 320 454 -168 9 -167 -524 355 -162 -31 -99 -244 -200 330]
[-500 27 196 150 319 488 -169 75 216 100 -61 222 -785 153 -77 151 -185 95 611 75 -70 77 288 -242 -3 595 -723 -409 -878 -48 326 692 205]
[103 -250 209 341 -816 -256 801 398 81 -145 -312 303 -328 -402 418 -280 209 187 -819 215 92 266 -57 32 -137 -152 255 -653 55 111 3 -496 -584]
[-442 -23 66 102 326 -396 -127 -732 -753 -148 132 76 -491 -143 -348 -26 470 -74 -508 -239 449 201 -488 539 180 703 -323 142 91 537 399 60 62]
[-372 -541 116 -31 -124 548 379 601 435 -357 -400 374 435 -255 -650 -149 -377 300 88 86 -259 131 -90 362 534 366 158 152 87 -185 -548 -481 22]
[-302 -53 -126 -807 22 579 73 342 -278 914 -162 367 -489 -60 152 -171 145 431 -142 488 -109 -40 -35 -249 339 -107 13 -369 -127 221 53 -314 369]
[285 -22 123 322 -33 -244 -319 -383 692 -215 772 68 -646 283 473 -98 630 -608 -40 332 24 240 -72 67 -79 289 78 -282 359 120 -161 422 244]
[325 -520 -98 354 558 275 -412 667 -204 340 -98 -283 -31 357 -440 624 -472 280 183 434 172 110 557 -189 -386 366 -20 232 -121 81 170 220 312]
[592 46 -51 -336 235 171 -97 82 -238 352 -204 -667 65 345 238 411 -621 101 81 -220 -270 -275 -1 -575 113 207 -406 -22 -237 46 164 -134 -331]
[-314 110 85 -19 -77 -123 328 -8 -594 475 -197 -234 -2 364 -75 76 -94 -150 -211 -168 494 -74 -405 201 -319 448 427 -317 697 349 429 258 -660]]
