[[-88 133 22 -216 300 -15 67 -76 100 -233 -327 -35 -189 -212 -416 64 597 -434 256 93 -111 145 -160 -181 244 446 414 257 358 -320]
[117 293 102 0 -341 -401 231 -33 -455 255 -223 -11 203 -204 -474 -163 343 -87 201 199 126 300 223 -27 747 79 596 -260 104 -200]
[100 -393 -211 52 326 247 425 10 178 -664 -75 -353 72 558 444 32 -704 324 62 -133 -379 -256 -22 -54 -22 -115 -269 -193 -18 -279]
[114 565 97 108 91 -232 101 230 -298 649 536 -354 179 -230 -313 -191 53 350 -197 202 -21 -112 -247 -392 -251 141 103 160 -479 364]
[-606 68 121 345 -131 152 -81 295 -339 52 -116 -159 -417 -505 78 291 39 -297 479 -300 -283 24 -102 356 -267 -155 -248 -121 156 213]
[411 -38 83 -390 372 -135 -253 -147 -36 536 310 108 304 -58 -121 -194 476 320 -171 358 33 -50 38 -228 -851 282 143 -114 352 -344]
[-473 -119 86 -339 -560 209 -288 506 604 -98 6 -4 -95 136 -11 -114 147 -419 207 -697 60 219 -209 497 -260 -88 -48 148 -237 558]
[412 565 88 -174 301 104 -376 -241 429 -141 236 489 -264 -105 -45 414 -361 -484 -100 476 195 -35 12 11 -265 522 21 883 134 22]
[50 139 -124 264 184 -152 258 -134 -60 234 273 -564 -491 -264 234 233 -565 361 6 -20 -764 245 58 -275 -376 165 -279 -76 664 110]
[456 269 175 -161 -168 14 119 -346 -257 -150 117 -589 -75 -156 -90 263 -543 517 -201 407 257 -264 362 5 -24 -184 -220 -388 601 129]
[-84 250 -306 -88 -71 -365 24 98 -94 -36 -31 200 756 -186 -97 -89 398 -171 527 1 167 106 -82 344 -42 -301 390 352 250 -765]
[-366 -67 -155 89 409 -342 -166 -415 -532 -42 -138 147 -572 -42 -382 552 -331 -283 51 -417 -536 357 237 -116 231 156 -172 -179 300 -36]
[-106 24 89 -78 -775 312 -302 118 162 115 -425 592 770 -58 44 67 634 212 2 -24 228 625 -267 372 364 -183 700 304 -425 -95]
[219 38 526 179 -13 692 144 -86 49 63 -254 648 250 -60 -445 499 35 -102 40 566 167 -172 458 -377 192 368 166 741 -177 -218]
[101 104 -363 -418 -192 -408 89 -456 -95 102 -323 -320 19 142 -130 67 -155 505 640 -202 42 699 -107 450 453 102 -74 -370 165 -278]
[-263 -58 -314 303 -185 -24 -235 -174 1015 -403 -214 -28 312 851 -312 206 5 64 -431 -549 -739 104 -5 -328 25 -107 138 635 -45 -299]
[258 -195 -175 399 -608 -88 4 -174 -142 -128 -105 335 119 183 -387 -138 303 -785 335 83 -379 61 430 -428 137 211 114 -32 467 16]
[-205 -262 -45 48 134 74 -266 -429 353 -146 -374 129 -148 667 612 90 -313 292 -708 -346 169 166 213 -302 -438 -93 -401 -483 41 -801]
[409 -416 457 120 592 -110 371 273 -356 36 -66 -43 301 -155 -514 -126 278 -115 131 -69 -784 -101 -44 -579 410 -226 87 -56 376 -374]
[216 -51 -251 -22 -110 -105 348 -56 677 -483 95 -439 296 302 410 -168 -529 281 -169 253 154 288 -407 -376 -650 123 617 -183 0 33]
[215 573 549 408 -42 -378 450 587 12 -51 259 -64 80 -159 -27 -318 -48 -339 224 32 -208 107 -6 566 -584 -296 292 -226 -626 -315]
[-480 -146 -124 364 -20 -25 -514 -152 -16 366 188 355 -594 -536 389 -123 -257 -783 50 136 488 -66 240 391 431 155 217 498 -136 -450]
[-70 809 426 460 -116 -199 21 391 -593 188 601 66 965 -429 -218 224 -292 174 -200 396 -197 -223 -13 288 231 -92 -228 109 176 348]
[-200 220 -143 556 -975 -33 -227 -69 -281 266 -463 -453 -200 326 414 191 192 350 131 -768 363 108 -114 217 57 -332 -107 -95 115 639]
[129 -143 -263 -237 -215 -374 -631 104 -450 -185 -9 -50 -240 180 -77 20 -489 -309 267 276 -9 814 259 -48 -402 -59 36 -486 172 -48]
[730 -685 -10 -145 -182 55 135 302 5 -208 361 401 -351 542 -202 -185 -496 -295 224 -380 165 -267 112 654 231 -69 276 -339 -98 -274]
[-360 255 -75 -105 -557 -595 574 33 -162 -308 -162 -411 -664 -322 -336 97 531 -52 197 -101 12 193 -531 -497 271 -565 -201 -22 392 -134]
[-347 -207 172 -453 -11 -75 -619 311 269 -558 -646 29 334 717 40 202 55 -300 -746 -268 -577 17 -385 326 -15 -200 -316 187 -367 -42]
[-512 -14 249 -583 21 349 -245 -571 74 -537 -323 -215 -98 397 152 -640 -122 -74 139 -447 155 117 -343 302 493 -309 -348 -279 -123 -471]
[88 -475 -218 43 398 296 -36 188 -384 151 1063 264 320 690 -57 69 314 -602 35 -101 -62 -119 548 -48 -363 125 10 248 -45 -27]]
