[[25 -211 167 289 368 -34 -250 661 -677 205 216 -100 -329 418 227 -200 -224 98 -231 -228 351 6 -453 257 61 -140 61 -366 138 188 26 117 444 -181 202 139 208 312]
[340 -186 -141 347 420 126 -17 563 118 284 -477 95 323 139 96 -169 128 -186 -70 -57 -155 38 -192 384 -523 201 -100 2 232 -284 150 361 553 -475 429 -15 -2 257]
[-13 93 -81 440 -19 -110 -453 137 -693 -49 265 -83 -131 -269 -138 -382 -120 409 -398 -433 715 -45 265 -385 28 248 -393 -602 -117 -199 189 131 -177 24 23 -163 49 115]
[-334 34 163 162 81 21 530 -376 382 598 -130 -254 176 175 -216 37 -378 31 332 552 -504 -243 -58 115 -169 206 389 66 360 -19 319 -221 218 278 -15 669 -52 24]
[-144 -143 -290 464 -65 119 92 148 272 618 -432 478 300 -77 73 -136 -410 232 -167 147 243 -141 -334 -424 -119 747 -398 400 -68 -527 29 119 406 86 48 115 -39 137]
[-300 -178 328 255 87 -29 214 -126 141 497 -328 251 135 -208 92 -132 -605 182 623 326 -188 -339 179 -60 153 245 -312 430 192 -268 220 -157 298 -474 -168 -417 277 21]
[-324 -204 -240 -136 174 50 -334 -99 -382 -158 -157 134 119 -703 350 47 146 350 177 -6 -94 -461 248 -20 134 357 -303 457 -222 -228 -157 -438 97 52 -409 -393 270 -332]
[-8 159 671 354 -42 80 -65 -19 -369 255 -506 -648 -228 -115 -406 89 -157 212 220 -339 408 122 25 -207 -100 -228 -191 -46 611 420 170 229 174 -653 47 -77 -127 14]
[133 17 -255 -587 -433 -234 118 141 -518 -432 591 -118 -71 301 -448 -211 492 196 121 -306 450 -114 216 216 -190 274 331 -542 -360 -74 -29 -6 -603 381 70 -127 -294 -451]
[-69 -151 407 848 135 -120 -422 -170 -521 268 -213 -81 16 -245 86 -115 -576 -55 182 354 -446 75 -95 222 -496 -80 -132 -38 514 129 159 758 338 -402 284 -158 24 759]
[-83 -309 276 358 55 394 -422 -543 221 -442 -370 -48 99 -91 101 256 -65 -543 274 178 -384 -184 -315 612 -198 -153 96 62 348 51 322 34 310 190 189 562 -145 -11]
[172 -180 -376 -182 311 -3 -129 -49 41 -83 141 -849 9 -293 232 -589 448 153 -658 -292 24 138 747 -242 89 79 85 -518 -316 164 -414 -464 -592 496 4 -154 269 -343]
[130 308 191 309 -222 30 -358 206 -542 -207 -117 55 -479 -349 -427 -411 -250 127 88 158 514 -245 132 306 -389 251 -264 -201 200 385 580 325 596 -337 303 -123 -456 190]
[-331 647 24 238 -97 -172 -112 349 -537 -204 -92 126 -322 92 314 -239 -201 742 -64 -167 401 131 -89 -878 396 -84 -90 2 176 271 -100 77 450 -211 -388 -495 449 -262]
[317 167 -246 194 188 90 182 -120 712 242 95 468 267 -168 281 291 388 340 -13 3 -94 230 -487 -160 -166 -88 50 86 41 -731 157 296 111 -235 -438 -281 279 -428]
[-252 -380 124 -157 -365 191 -24 -889 584 194 223 525 -333 -150 537 -165 -373 65 -30 708 -423 441 63 525 476 -345 -563 660 -427 135 -521 9 -332 -50 -323 -253 228 -289]
[362 -297 279 354 241 -7 -94 -159 -184 627 598 179 3 -104 3 -566 316 -337 -378 -100 658 70 161 187 381 -246 -478 -453 113 -99 -55 202 140 -472 -113 11 411 285]
[-205 559 -62 73 107 -304 -21 -133 351 319 375 673 53 -121 -264 -648 -89 619 -465 187 358 -206 21 -190 238 662 -334 -593 -53 -256 -36 -68 791 -18 -44 117 393 -556]
[118 430 86 -229 -167 -97 -505 367 30 -219 -81 -255 -610 -261 -295 311 -679 221 62 -235 339 67 -324 -246 49 -192 127 -306 33 188 131 22 472 232 87 936 -156 512]
[-816 -23 336 -3 -80 -728 153 45 -251 -196 135 522 -40 -7 -147 176 -65 -310 527 493 -398 -436 -495 -839 29 112 -77 323 -65 320 -389 -166 201 160 -331 -63 186 175]
[573 289 -262 163 89 417 -204 359 -117 -248 200 134 -201 232 608 219 -145 458 -346 121 -482 125 -101 109 -18 65 284 127 -207 -76 116 572 63 -20 53 617 357 500]
[275 -459 -285 -137 132 71 -379 586 -444 -63 -111 10 -370 291 -203 -581 131 18 200 -12 412 -63 323 -422 -440 11 -297 -141 -172 507 -258 356 5 272 125 -157 362 522]
[600 -429 192 -268 -164 272 480 238 292 369 -469 143 -63 199 -34 560 720 -458 192 -427 536 373 -603 -105 -340 -365 -281 -145 321 -15 -29 -72 -300 172 -116 92 -134 162]
[-243 252 -113 246 -365 -586 -250 446 -262 58 546 192 -78 317 132 -565 168 377 -75 -167 752 259 324 193 608 55 100 -349 -484 109 -470 554 35 129 31 -609 379 -295]
[-42 127 164 213 125 -463 238 -125 -238 89 -434 -136 -153 630 -526 283 586 42 36 101 -159 122 -76 246 -748 133 526 -201 97 875 363 382 512 224 -29 349 -446 59]
[-2 -52 -409 8 804 142 340 706 112 932 246 -273 94 63 -125 -243 210 342 117 173 359 -795 -353 516 -506 -21 141 168 99 289 -231 -388 300 -432 -87 68 -222 -105]
[-116 205 229 468 11 178 317 196 -203 349 331 75 -443 311 19 -18 -339 107 -170 132 976 8 65 205 543 -5 -36 81 386 422 269 -176 248 -491 -771 945 -279 -150]
[533 -258 -38 -623 -339 -416 -89 408 -346 -176 287 315 -183 -375 551 308 -302 147 -386 526 -429 168 26 -454 603 199 115 -28 -242 161 -279 -38 208 -25 -400 143 108 222]
[-337 -26 305 -141 731 341 149 -280 607 18 83 146 236 129 362 188 -770 -337 -233 229 -309 99 -682 87 190 -49 23 341 82 -503 368 175 209 38 -1 -384 196 93]
[-161 13 189 -133 95 -269 -886 -204 -655 627 544 375 -426 -59 190 236 58 268 -32 -404 374 34 -211 -300 198 0 180 297 94 55 -140 258 53 -189 -25 -530 575 147]
[-192 389 -789 248 -209 67 221 184 435 -286 -143 60 548 201 -417 -32 119 132 -192 -503 58 -175 -11 -570 208 92 -684 -189 -456 -32 -132 -150 -572 517 223 -194 257 -466]
[-66 78 -47 -154 171 492 232 36 75 -363 -462 192 53 -353 159 -473 673 -328 355 253 118 -264 168 52 332 -278 -402 -197 -182 142 177 -538 -176 -210 350 557 -15 114]
[-150 68 357 136 17 -125 -170 117 501 355 263 114 426 410 -136 -591 -394 446 110 -84 362 -43 -134 -146 154 335 564 -455 -597 126 31 163 -538 149 109 -30 242 -387]
[-377 352 -283 270 -223 116 152 123 677 529 -544 331 -234 102 126 -292 542 144 31 -225 -139 -147 -64 -370 -26 -2 6 279 99 162 -44 -385 282 469 -737 812 82 142]
[171 564 361 -341 367 -88 -156 840 -696 237 216 -376 185 431 93 811 -272 224 304 -660 335 -127 158 -394 432 -757 122 144 39 500 117 -96 -36 -262 -215 -422 14 -333]
[502 -314 123 -244 160 -120 515 186 484 123 -605 -113 80 -197 -62 246 473 -289 -62 -344 654 382 261 -692 -108 94 -366 677 100 111 -103 -44 -1085 -97 60 -94 342 85]
[-58 -304 423 222 -122 -480 187 -22 -383 273 -27 -677 -460 450 -26 -176 30 270 458 107 -248 197 -212 832 -129 190 -172 182 339 467 -226 -339 736 512 541 384 92 -220]
[529 363 263 227 309 -180 601 -313 40 522 -137 -444 116 -27 -447 502 548 -80 -158 -130 728 -293 22 309 -175 305 640 -367 248 -370 126 -248 -533 -127 -23 273 -136 -45]]
