[[-632 -44 134 -256 403 -247 28 152 119 -241 -327 -193 42 489 -78 134 -137 -330 230 556 -316 -226 -15 -89 -108 22 190 -260 -413 -237 266 69 42 144 137 531 298 275 60 18]
[229 -302 -78 8 164 -227 44 40 31 298 444 463 -698 -209 299 -1 -105 -196 -302 -426 -36 312 -95 -346 461 98 136 -269 132 99 -465 -517 -235 252 -312 21 -164 43 -1 -258]
[-198 -187 164 -342 -31 -191 -310 -80 -157 -528 -300 -360 921 -197 224 -142 -203 0 -273 234 -15 -210 108 292 -126 -221 -234 245 -73 -376 536 72 88 134 306 589 -137 107 -339 -183]
[-94 198 144 183 204 -276 200 128 5 31 459 27 -159 509 427 113 -305 644 -64 -3 -397 213 -25 -53 -23 -116 140 -460 48 -92 -648 0 -419 237 131 -171 74 135 -203 320]
[-575 120 230 -31 418 -179 -213 -46 904 68 44 -251 -442 681 303 416 326 253 -38 69 -55 -93 69 -163 -292 101 2 -603 -42 2 -24 -206 -117 -237 20 3 -35 358 -460 -131]
[31 -21 -69 -463 3 -187 81 88 -65 -291 -467 409 432 -463 -419 -439 -124 322 78 229 356 102 -297 -66 532 -4 -193 85 -65 -465 84 14 238 -217 -470 344 -48 -331 507 -160]
[-67 87 -248 250 -443 -169 -325 -114 -469 218 -309 -44 793 84 -381 178 79 -276 -47 104 174 -57 515 102 -80 -154 281 507 4 -302 145 333 -7 627 530 241 472 291 -142 202]
[520 -132 -584 -92 173 -450 -490 -407 -194 431 193 244 469 113 137 -461 155 787 -378 326 264 258 -94 -416 95 106 -259 -406 352 -424 -468 182 14 153 -136 -227 -57 -64 -165 372]
[334 45 165 414 -412 206 42 -245 -123 -925 -424 -440 275 -361 176 461 237 183 -359 -292 478 -98 201 -121 -248 -4 -199 233 -36 -90 53 -134 -45 -648 -40 297 -9 -359 -193 -130]
[-43 194 -495 -283 188 -356 -268 268 -57 -185 -738 153 896 -311 -397 -426 -616 -223 146 727 -72 37 52 93 -283 58 304 -71 50 -289 528 566 -43 320 180 -117 -271 203 -50 154]
[259 -127 -477 -306 20 -965 -450 262 163 -226 367 372 289 -303 354 -260 -802 528 -121 2 -43 444 -184 118 -11 63 -268 272 266 -216 -343 -165 134 493 -5 -452 -320 354 130 37]
[-69 265 55 346 -120 357 282 -246 -243 90 546 765 -78 -328 -440 70 155 321 -104 -328 276 87 -182 -115 364 -96 -170 -439 -208 -28 -330 437 -160 -417 -114 -266 648 -496 -172 2]
[198 61 319 436 280 -735 197 -210 80 216 434 39 -465 682 9 -56 868 370 -251 401 -79 226 453 -532 -139 -17 213 82 -76 -69 -721 -113 156 63 -129 57 377 462 236 135]
[396 344 -396 656 168 46 -16 -87 -7 354 -219 -455 -36 328 -440 -115 378 -14 -366 -53 -145 -595 570 -78 -685 303 -41 368 46 108 -118 30 -469 -449 51 -371 -150 -37 -354 269]
[219 585 -239 709 -96 225 368 -15 137 -267 2 763 -299 220 -384 676 -303 459 -350 -623 -243 -27 -350 -434 325 -267 -78 -212 44 145 -524 -250 -503 -53 -438 -201 35 -329 -190 312]
[-121 203 12 -187 41 -139 357 178 -292 47 -152 -142 280 52 170 -1254 -449 1 88 737 -849 44 -38 -13 -157 175 379 -480 -248 -187 -6 78 -566 -74 443 268 -254 126 161 -300]
[-51 -641 -143 -147 -19 -435 258 -83 -844 101 475 -236 -244 248 182 569 -200 86 37 359 299 201 -317 -290 -76 62 118 162 -381 250 -193 295 194 472 658 -11 615 -126 -5 434]
[-49 -166 -90 -9 325 -685 302 184 -366 666 313 154 -66 170 -295 -431 207 403 -291 -80 -301 -87 199 49 95 -152 873 246 251 164 -290 11 -877 388 107 -567 490 71 252 182]
[-65 527 240 472 21 830 61 143 -2 -145 -917 -474 -20 -362 188 623 89 -66 391 39 542 371 105 168 -254 -233 487 -227 -34 304 -235 -303 46 -623 368 -179 -420 -345 -149 27]
[37 -71 322 454 -443 13 -78 -202 149 -732 -31 -145 299 81 98 -265 95 732 -848 -394 -89 -41 587 92 -423 372 -4 138 337 -259 290 -152 138 -623 -165 -224 138 232 -152 -167]
[-311 -393 465 -509 -85 101 492 82 -46 -269 -220 46 62 229 140 643 -222 -470 -600 22 23 431 249 -221 233 -237 237 534 -45 67 497 24 341 154 -325 204 41 -140 -38 -371]
[159 53 -497 25 -150 103 24 -29 172 -114 454 -137 -121 -186 577 787 -520 -284 198 -258 -461 212 170 170 10 -477 114 327 529 -100 -631 367 123 492 -110 9 -336 137 207 139]
[440 -230 -101 739 150 -449 -244 -255 -505 -26 532 -125 -462 -222 497 -122 -30 65 -129 66 315 337 180 -327 -382 162 256 -462 -79 -77 -203 327 -232 464 -218 -636 486 906 -112 83]
[-76 99 521 -565 -287 306 -62 -87 423 70 -185 613 493 -303 -343 -415 70 59 -398 -272 -377 -107 -4 9 84 -377 -432 826 268 -128 -242 -172 1071 -470 44 182 -368 48 393 -595]
[343 -858 -270 -22 224 196 -33 38 -303 110 284 -302 -548 116 250 319 45 -913 749 401 -325 -303 140 -259 567 -8 -277 -321 -125 310 -234 -319 537 225 219 544 -260 50 627 604]
[-315 -294 -235 524 -159 86 -199 124 145 -192 365 300 -475 -460 387 -294 -216 -499 -617 -519 -285 126 124 -55 -57 30 224 762 526 -45 153 -319 -211 17 -629 -153 -62 -164 309 -712]
[-160 -399 176 -529 102 -164 243 680 -170 -86 175 -360 -70 232 181 -493 336 402 380 684 -76 219 -117 184 267 25 -205 148 -440 -310 759 53 127 -88 -156 -111 396 477 977 247]
[-149 -49 -375 -364 -248 186 -161 100 531 149 -404 490 499 93 199 -123 -263 295 -372 -231 0 -19 321 -210 -174 -152 -314 244 879 -517 -76 -131 -543 162 -98 -215 -383 594 -242 -35]
[226 -176 347 350 259 1 -355 -342 418 653 459 31 -360 -58 -264 -296 811 -799 418 -292 355 -279 -3 -284 224 593 -284 -124 -71 492 -98 573 432 -86 365 -556 73 45 -540 38]
[34 92 548 455 581 -160 725 67 18 -237 -230 -162 -196 794 -166 163 -213 -424 327 181 -233 416 84 -397 -215 -182 458 -612 7 613 -224 -619 -383 5 130 60 -304 546 69 206]
[132 15 -311 27 -191 -180 -698 -63 29 476 -254 -158 124 298 673 -408 655 272 -50 56 374 -109 -91 228 -215 50 63 -201 441 -38 -788 -414 -168 -394 -424 -113 -213 -550 -304 -188]
[42 663 -258 -253 -752 68 262 -275 254 49 -257 -124 -143 -138 329 440 210 -559 -313 -534 128 -156 798 156 -208 179 -48 483 424 -269 223 -357 -427 185 419 251 -415 -285 -398 -266]
[-774 -401 -318 -48 454 -530 -558 90 -123 43 347 -800 8 -188 223 491 -388 2 -281 165 -534 42 -508 426 -190 -240 82 -658 -207 384 47 -149 -669 68 261 253 6 214 -562 -242]
[-60 -109 103 50 637 271 160 -953 -499 17 -375 -691 251 -251 156 288 562 58 -129 583 -46 -439 225 -5 -116 -102 -18 250 521 144 744 -428 244 64 -210 222 -256 101 -214 12]
[-299 167 -147 847 -183 242 -190 -97 -382 -368 -411 34 297 -126 -148 120 -429 -387 242 -275 111 172 23 134 -476 128 -609 -51 -426 194 125 -87 -138 80 -236 -1 15 45 344 92]
[90 -685 -215 -33 -420 520 102 -257 -1031 -230 469 -313 -299 53 175 -19 139 -40 -224 114 42 -253 -16 -134 64 -333 -213 -125 197 72 149 -423 -423 494 369 -257 94 -866 -65 485]
[-237 -435 -241 -543 161 -760 -29 155 17 488 -106 261 -138 455 -65 -702 -162 -107 443 383 -317 -84 -254 -317 82 551 -135 124 192 -831 -486 -882 512 -38 -29 552 186 122 106 140]
[-141 -46 -208 -147 549 -303 -564 -397 110 132 743 311 -453 -129 287 -262 206 117 869 617 -100 203 -207 360 254 -40 -241 -47 121 -102 -390 424 550 -443 -204 -183 80 -74 -176 -179]
[-257 -88 57 255 -195 511 440 -289 354 81 455 -456 -670 -509 187 201 -99 -154 98 -219 374 135 24 -35 -499 120 -110 383 641 685 704 424 726 -261 -85 -415 373 -342 -171 -342]
[-103 -113 499 -170 -17 -64 -110 -471 855 591 -107 139 -303 -17 -14 -342 555 -16 64 212 -7 137 -107 -232 265 -257 185 -461 385 -111 -195 431 40 -657 211 -308 523 -721 459 -389]]
