[[147 -73 189 498 -346 291 -127 -327 46 105 94 117 242 -188 245 302 139 -4 185 258 -611 -264 263 122 379 92 -277 -274 311 247 212 -281 -236 355 189 -347 32 -111 -68 175]
[-58 -554 -142 159 -58 -152 62 -163 -176 449 41 -191 -172 197 -180 -205 311 -222 286 704 -504 -148 472 606 260 157 -62 150 174 -48 130 50 180 64 7 -36 409 378 -31 242]
[-51 -83 -115 -267 226 219 -110 43 -334 -364 149 65 -447 -412 -67 -450 254 -340 122 -207 -116 -92 -495 81 -381 -203 -79 -245 76 -43 609 -362 28 -334 170 -478 -120 -18 272 91]
[-272 71 -669 279 110 397 135 -399 440 495 -215 -165 -318 37 369 -335 282 -153 -124 -44 -85 -188 570 582 575 35 -115 -80 216 -35 13 -106 261 18 -5 523 406 81 -47 -80]
[-61 -172 55 -118 -201 -185 -28 -172 -270 176 172 118 -104 -348 -57 -337 -40 119 644 459 -110 -345 492 554 -227 -79 157 320 180 210 349 -87 -282 54 43 -1308 -146 589 -15 408]
[-93 142 70 75 -145 744 8 165 -96 -149 -25 -507 -544 163 -112 29 423 -555 -375 -349 -144 -20 -84 36 121 -157 253 30 -335 -15 304 -58 81 112 56 489 -478 -423 36 40]
[-103 -295 153 -538 204 185 -206 580 -175 267 354 -328 -329 537 7 159 -384 -326 -212 327 52 -51 -778 -263 -241 -75 -60 258 -423 -147 -244 18 216 -220 5 -356 -607 -182 408 70]
[-120 203 23 -118 -165 -138 -78 -189 -569 216 48 -102 607 652 209 122 -3 -185 423 667 171 58 118 98 439 107 2 -60 -75 419 60 -291 -99 186 -37 -667 -462 26 422 198]
[183 154 85 16 198 -678 342 -472 -264 -469 -255 333 606 -247 -302 75 181 292 -130 295 68 -2 -9 -164 436 118 -26 203 770 482 -44 -317 54 120 -327 210 -84 102 -15 -78]
[384 -18 26 317 -6 288 122 -207 513 619 -269 -185 172 -238 33 162 -244 -25 370 -148 180 -90 747 406 140 -214 169 81 53 -673 -63 -71 267 -216 306 -224 495 -84 -338 202]
[-371 -143 164 405 -296 8 74 146 394 140 397 -56 -543 511 526 74 -207 325 -263 -91 -286 -436 6 -70 107 -374 -269 -317 -448 92 -290 -32 -123 159 286 466 477 -599 -436 33]
[-680 244 -18 -220 280 300 -30 239 68 227 121 -392 -292 310 678 214 -186 462 -362 -193 202 -81 184 -284 375 -567 -370 -457 -114 143 -446 306 -293 -142 3 653 -91 76 115 -244]
[155 -457 100 -33 207 639 -144 17 -191 -140 -188 243 751 1 -312 -34 -77 71 95 -344 -384 193 4 57 132 -234 -375 -572 197 -72 224 -30 -55 44 250 4 -490 101 413 -140]
[-231 145 -224 133 240 -230 -82 -222 334 -135 223 177 21 -625 454 -22 110 293 -448 -258 1 311 -1006 -452 -527 326 197 169 327 409 -118 94 509 135 -268 -160 160 -237 219 -64]
[-434 -18 -544 -353 185 -51 -287 74 163 292 -157 -73 265 423 386 -159 -234 -128 -248 -331 -263 -335 57 -19 525 564 103 -454 -396 -426 -397 413 -82 -94 -178 701 86 359 547 -432]
[121 -17 7 -26 463 419 -82 229 303 605 -353 -269 -370 426 -178 -110 -131 -336 220 520 200 58 -250 288 543 69 -481 88 -258 -612 109 -42 -25 -216 -366 99 618 -243 -183 143]
[-399 -4 60 565 621 -117 506 -182 136 -51 -732 136 62 -489 320 64 -45 347 82 -120 -291 -493 101 352 421 0 257 -125 536 132 49 -353 132 -162 -203 -173 333 390 -13 98]
[-175 542 -35 -148 -163 -18 198 -504 -12 -111 -364 276 478 -235 -15 171 -207 465 -275 -258 -129 318 314 -484 270 -9 441 -570 486 696 -114 -133 87 459 -485 495 3 265 484 -544]
[315 -142 172 447 377 452 -306 318 -21 234 -319 372 -406 -624 309 442 -279 439 290 -109 -255 215 259 -133 -237 -581 -344 -345 68 -23 573 -363 -250 235 -104 -331 600 -81 151 279]
[86 -787 184 69 339 266 317 580 -78 352 164 -288 97 -126 -397 300 369 163 382 532 -18 337 -548 -220 -581 181 78 -408 324 -651 -176 518 295 -283 -111 69 585 224 -464 251]
[253 -331 -285 292 -15 -5 -163 224 17 -127 115 338 -172 98 -325 882 -291 -337 77 239 -265 -139 158 -301 -397 635 -195 -383 -104 -242 -231 -48 356 56 -417 301 835 294 -229 -240]
[9 107 17 10 -305 -61 -416 764 -624 -94 241 61 342 141 -186 -256 14 -251 -162 -120 637 576 -207 -268 -709 64 635 377 -359 96 99 -176 -153 99 267 136 -391 -475 13 377]
[306 -727 62 540 327 415 -470 -36 263 889 433 420 72 -132 14 -313 -468 -285 78 187 -319 94 -168 -85 57 77 -166 -345 142 -513 364 -95 480 -78 -305 -84 518 -404 -179 152]
[417 396 125 234 -453 44 267 308 333 -350 -168 -11 505 345 334 -27 22 -62 79 -398 375 463 214 96 125 84 -142 -814 59 -118 -574 -575 45 -14 442 876 510 109 -301 -165]
[365 -43 -539 4 -175 224 267 -133 202 215 -395 514 -502 -528 -308 -24 -310 183 -396 -788 44 -379 418 -180 29 294 474 416 -263 -67 -203 -349 105 -36 -427 -20 -865 17 -250 -775]
[76 -494 238 423 120 3 290 -280 -96 -184 -383 155 303 110 316 -731 -113 125 432 -580 239 -73 223 442 382 -210 -260 -113 130 -147 168 -230 -150 -564 46 -715 504 427 -455 -212]
[-236 5 425 -250 -154 172 -304 26 -438 -644 156 -583 514 -319 -325 1 317 -361 197 -565 -715 364 -179 -537 -64 238 70 -516 -213 298 265 79 -4 35 954 -444 -105 -362 104 51]
[40 211 -399 -152 186 -322 -202 428 534 -212 -250 480 -160 -431 8 147 12 314 -305 -417 160 -88 -774 -232 13 -135 347 -110 72 -521 -398 333 -298 -128 -540 -24 -358 184 308 36]
[194 -40 -161 -206 267 -196 348 65 -237 -382 147 538 -380 205 271 -330 -227 106 -631 -352 -412 -23 -316 322 -319 -156 -100 118 -36 -190 434 -371 200 -375 -8 225 318 -183 535 -411]
[-28 -652 -40 304 -371 -163 372 -465 351 337 -208 -224 178 -346 -454 31 133 -106 -181 -64 -224 -222 106 106 220 243 -452 -225 403 52 26 -288 805 -103 178 145 476 287 44 -495]
[349 -186 129 369 -539 471 -75 -210 293 -72 825 399 154 -9 -85 149 70 174 352 -9 6 223 596 216 -541 550 426 880 156 134 -43 546 -79 167 201 -114 3 414 -537 -68]
[-928 -155 -225 450 -414 592 -278 -323 67 88 -9 -196 -244 -504 -116 -286 497 -668 -58 90 -282 319 954 367 28 -439 -318 -278 -26 250 516 54 -333 -147 47 -297 251 394 -13 -150]
[-11 -478 100 -6 304 179 85 -328 167 1130 191 -449 329 -51 483 220 202 -140 -233 387 -63 231 463 413 -21 203 -274 -45 407 -746 -567 80 -200 -408 379 -202 -49 274 -399 -300]
[-269 -161 285 -158 502 -271 -230 309 -310 313 -212 -510 289 -131 15 288 -109 264 6 110 -373 411 55 158 -487 585 260 310 -9 -455 -208 122 -403 -856 -117 -74 166 518 63 183]
[346 343 16 448 280 -145 544 232 240 460 -339 -31 -108 418 -38 -218 253 143 85 -172 591 140 176 184 -237 171 -4 682 -64 49 380 183 112 -391 -139 199 532 235 -34 161]
[433 158 356 2 -535 210 302 219 -380 103 358 -396 -433 725 -206 -113 -212 -433 463 286 127 613 8 -74 -140 -256 -137 -38 -331 -41 -337 -66 -56 -730 294 -746 -347 145 513 184]
[-324 -19 -147 -15 630 483 669 138 618 -54 -122 -509 -49 -376 455 262 153 178 -499 -121 201 130 -794 -144 -26 281 -216 -766 -54 195 38 55 142 -260 193 284 -138 -547 234 -148]
[135 -577 286 -599 386 883 -358 53 -40 -54 -276 46 -926 199 -683 -190 -124 -209 -25 180 -246 105 -86 -8 -133 82 -443 306 -223 -112 480 -260 392 94 9 -27 51 664 -79 -103]
[217 91 -251 -404 246 389 -154 122 -352 194 177 -721 40 225 194 -142 -190 58 522 -283 233 390 -194 317 -42 -322 -69 -55 -470 -150 193 -543 50 -84 681 32 -626 155 235 -204]
[-115 410 -57 375 -188 -135 165 -460 316 -204 -485 -177 165 729 -492 -130 300 357 -590 -236 66 -254 220 287 280 -119 399 -165 240 -6 -440 -145 60 -191 54 478 88 -791 48 -158]]
