[[395 -552 97 -89 -42 -86 180 -13 -178 -209 -286 18 -516 -310 -27 -470 -467 245 19 12 17 408 -114 -59 483 319 82 -111 125 8 81 175 -626 117 249 139 565 -25 -287 419]
[52 253 818 254 -420 -207 197 7 104 -184 -109 0 -80 -27 319 -610 34 -364 119 -69 39 -22 -97 -314 578 -227 -87 40 49 -178 353 365 -441 -527 208 -58 184 289 -230 364]
[-652 3 425 336 -298 -307 131 -87 -169 73 259 365 218 -180 -284 -66 -93 -22 -27 -649 200 -634 125 -337 -209 -30 -106 91 49 -23 -366 93 326 -554 -44 175 52 462 -169 -27]
[108 279 -346 -209 84 380 48 218 473 -266 -159 -92 140 437 498 -429 -274 -550 -304 187 54 362 123 -101 142 -653 114 -200 -245 -83 218 108 -516 -355 -171 209 664 151 55 -26]
[251 87 172 522 -120 -19 -194 97 -271 24 146 -103 58 -39 4 24 986 175 191 373 47 -251 70 -92 -80 -541 106 25 -116 -271 -350 -71 -222 44 -42 -558 -582 -693 321 -27]
[216 -145 -402 132 -19 -39 -289 43 -117 611 -222 45 289 -150 -613 367 386 122 291 239 -279 -197 -213 158 -630 -122 -289 716 286 21 -115 227 138 -7 -341 -423 -130 -409 -70 -114]
[-16 -129 -19 -528 535 -372 -230 194 658 -104 -4 197 -382 4 336 -54 -267 -291 185 187 -15 262 158 509 499 79 -303 372 -364 6 473 215 -441 -430 -139 105 352 -46 -71 95]
[-208 195 232 458 234 -504 -182 472 -2 147 63 475 129 -393 221 1 435 45 193 683 -14 -419 243 -132 -585 -259 -142 507 -532 204 -254 240 100 -194 -9 153 289 -288 -186 82]
[469 212 -458 -140 284 251 -221 53 -385 296 -1 166 233 0 -160 61 592 -164 -364 750 -17 -6 -249 -566 -714 -345 95 118 123 218 124 120 -393 668 -599 -6 -256 -173 144 -574]
[-422 302 -601 41 378 458 -132 504 278 -610 -49 -61 -286 219 347 -213 93 79 -30 29 -212 234 45 -72 36 -61 176 -483 -303 457 -230 -23 54 -162 475 -219 -37 -449 212 492]
[209 165 373 307 -8 -521 329 -227 659 238 -205 -941 22 -48 128 424 127 -389 523 -138 -148 -35 -137 744 345 -407 -485 529 61 110 48 123 329 -422 -359 -276 -344 -102 119 -294]
[554 -91 226 195 -134 142 504 -263 -596 -57 -249 -603 91 -54 -57 60 -456 -571 -421 94 165 496 -62 -197 917 101 64 -624 90 -363 78 155 -576 59 -352 237 -33 446 513 13]
[-596 479 51 -167 -602 22 -59 -188 291 383 -37 -23 253 412 324 -215 137 -49 -117 -452 -535 -339 -308 200 -248 -249 -322 114 502 105 -34 434 99 -201 421 -144 606 -224 -202 415]
[153 -70 -254 118 743 36 -120 479 -530 121 -275 -85 -527 -452 -182 -3 -359 -373 459 393 51 576 -268 323 201 671 -470 710 46 123 581 214 25 24 396 -412 19 -292 -58 164]
[-246 261 240 -468 138 83 -685 45 386 201 242 34 683 292 275 -122 439 -156 106 590 138 -70 -31 11 -15 -654 -123 -133 -255 -505 -206 200 -970 -453 -773 -236 166 74 -34 56]
[492 69 183 516 -303 82 360 -237 -73 -277 -117 307 -173 -353 -144 -614 -395 -283 291 -791 -154 -17 -126 -58 -215 312 -29 -58 805 -70 -138 18 147 -233 520 -29 203 215 -5 67]
[103 397 39 37 438 -49 -127 190 -143 -153 146 -524 428 -214 -273 571 137 203 -39 191 188 553 192 698 343 -199 -352 352 -101 -394 84 -294 496 -185 -232 -537 -526 37 18 -663]
[128 242 -319 -718 -187 562 -162 465 -243 -15 136 -96 -75 -239 178 -459 -289 382 -520 255 304 43 -389 190 36 -53 136 16 274 55 93 119 -876 136 -154 -144 649 -362 -202 131]
[34 142 297 483 214 12 -247 -102 -236 -198 286 913 -287 -296 -407 -735 99 -246 -154 203 -30 80 114 -929 139 261 35 -149 -241 -244 -282 873 -245 -307 310 160 265 -161 -164 -55]
[248 454 274 -395 -149 35 -138 -13 432 -65 41 -455 143 -184 192 -723 98 67 -316 512 87 -139 -81 -654 273 235 158 -540 82 171 -76 183 -2 68 72 -145 -262 -257 271 288]
[-512 -425 235 148 59 -266 -101 218 302 4 -395 366 649 -160 -203 -548 -366 -405 182 47 252 -133 -42 -490 -119 -202 -192 -4 -276 119 -236 419 -431 -105 -261 91 912 -138 3 916]
[124 -298 -273 -293 187 22 -230 396 -11 -249 197 52 -747 191 -9 472 272 409 397 454 46 -39 -69 177 35 494 378 427 -176 -236 634 130 441 -89 620 261 -259 -338 163 137]
[-95 -421 305 -506 92 -417 -118 -186 664 -85 317 63 26 -161 210 -458 -490 70 447 -539 -123 -158 -42 -275 -138 69 -2 -252 470 362 212 141 62 80 -538 259 652 577 378 167]
[65 90 285 -178 630 265 -386 -185 670 329 -218 272 146 339 -80 177 352 229 -54 361 118 438 -693 -252 -136 612 262 41 -56 -133 417 116 33 713 75 -150 -434 60 -644 -118]
[-565 -178 -170 -523 500 122 -187 -644 -430 -228 -41 352 -16 87 -352 245 -251 49 -280 -11 206 122 557 230 519 -323 2 -198 -320 -370 -369 -198 -52 4 24 -230 197 -155 12 51]
[512 -426 -208 -28 172 45 7 -619 181 -216 430 -317 -333 343 -4 -388 -354 -603 286 -332 145 104 -510 59 39 10 -302 291 374 -96 -15 12 -328 -2 273 625 -104 660 -55 -601]
[-121 200 76 11 -40 136 177 764 102 -429 621 551 342 201 -95 176 266 374 -493 -121 56 -318 360 -76 117 -183 223 208 -867 -203 -14 -242 -143 -426 -490 168 179 796 642 -133]
[229 -119 162 616 -15 9 65 30 103 -491 444 339 -332 327 437 16 661 -566 394 298 -200 -50 -204 -365 110 -686 -27 -331 120 213 307 146 37 -475 -267 65 -536 -121 226 -500]
[217 -113 -465 134 -143 -406 285 388 579 -99 -211 -260 -70 -171 177 -561 19 -330 -145 201 55 43 414 -80 68 -344 304 301 -475 -171 300 315 -151 -7 -882 22 62 -39 586 -186]
[382 -172 -43 -237 269 -204 329 -379 -285 -90 116 312 -512 -460 -294 -162 358 -53 -352 825 -280 314 393 704 18 790 28 -225 -261 -109 -64 203 -596 258 -118 676 248 -328 -83 -382]
[516 51 -918 100 634 -370 -368 365 -75 64 -184 -6 295 245 285 34 -1 -388 198 954 247 344 -333 309 -306 -87 -281 -22 -81 -167 -381 208 237 -13 -84 429 126 -161 134 -64]
[264 29 -262 250 96 496 -113 348 -37 -218 96 -75 -92 528 -318 -176 218 263 -248 -50 155 -82 -402 -539 -248 -735 -327 -29 -152 216 -61 387 68 -638 -421 22 -123 103 -831 -241]
[-1 120 -220 392 103 -24 -336 -41 -602 -53 59 1 528 337 314 -362 194 -428 -311 -380 -7 9 -47 -269 -242 16 -133 -2 621 -6 -551 7 -186 236 -232 -328 -709 -118 558 272]
[140 295 353 -153 57 126 -88 -100 -160 -511 159 -175 -266 165 528 -480 6 17 -25 143 -217 619 -46 -545 -476 112 -200 -59 -161 -207 -118 -172 237 277 743 363 377 -493 227 241]
[-88 -11 350 432 310 422 -459 130 -722 2 497 135 357 309 427 -162 143 -300 -587 238 213 185 264 -54 161 -505 248 -203 -270 -317 38 -735 248 394 -170 -75 266 14 -352 227]
[69 502 9 180 -512 138 -188 336 -129 572 -453 -105 352 290 808 -146 -627 -11 65 444 -203 104 -200 -17 224 120 -240 388 90 229 377 -285 35 -43 -291 391 734 347 -188 474]
[372 -455 -189 102 -23 -305 -330 -165 -216 -201 218 327 -235 -739 11 -11 -265 389 -340 -192 -74 -420 221 -135 525 -198 -50 404 -477 -6 298 224 -519 566 -211 -108 447 -630 -506 -278]
[-411 122 -238 -149 412 352 -830 362 275 -213 52 345 -330 -146 123 271 113 -53 -271 293 539 -453 -49 -229 -317 -751 -30 673 -218 -225 -140 -38 -23 -263 -274 -317 -90 265 -638 -668]
[279 541 -215 -180 -110 176 448 -31 416 299 -469 -603 554 -100 -32 -136 -322 -238 -418 -500 187 133 -118 367 493 -287 -346 107 258 -349 -135 -66 508 255 -423 299 -279 26 -43 187]
[170 -553 228 -216 -6 -255 179 -6 -447 6 259 222 -139 -339 466 -465 -291 387 -166 -570 325 -498 304 166 -91 -589 17 -690 -81 135 -396 -149 -84 -132 131 421 451 -437 -134 -551]]
