[[-154 233 -7 -192 285 -126 -361 -85 -88 112 -334 -663 -144 -200 -30 353 -137 -215 -82 -49 234 -10 107 240 92 243 379 150 462 -219 -1 -216 305 438 -744 -370 -217 -40 -151 -215]
[336 -281 414 -115 -172 306 -126 66 -73 34 -105 -157 278 -214 130 -111 216 -157 18 277 -583 288 449 -399 -193 95 -177 -190 146 -168 72 569 -503 -120 31 -407 214 -315 -244 426]
[-136 -531 -21 150 78 258 794 251 -191 -90 103 6 274 139 132 158 502 105 247 331 -467 -62 65 -193 -123 186 -110 -482 123 200 122 409 -478 157 334 -245 -482 -377 90 341]
[351 304 -230 384 50 -233 -189 -126 425 78 157 13 -44 604 -181 -275 37 -399 -169 172 340 -82 -424 -156 -106 -644 176 268 294 509 -460 -330 428 -42 309 236 291 -146 -115 -127]
[-256 -252 -494 -139 -2 202 393 63 -428 32 489 77 -211 -513 -64 -392 39 -123 268 99 206 105 145 130 213 32 -104 -653 106 -112 589 94 -139 97 470 -301 -99 -192 15 -356]
[-116 -40 261 -63 -281 204 261 -108 -620 -269 -154 -246 314 231 347 702 69 172 -121 -352 -310 -185 -216 -462 203 145 -446 -148 -683 214 -184 111 62 191 242 22 171 247 169 95]
[149 -454 -136 -67 -7 516 -234 56 -82 184 -389 134 95 -262 -558 -350 -227 417 75 301 262 395 261 140 -215 518 175 -334 164 -337 83 310 -116 462 -595 54 55 234 -122 71]
[644 24 -392 439 19 -86 -475 6 493 -11 247 108 -303 51 -124 -681 -235 524 -19 -38 -131 -146 -53 77 -331 31 489 365 -421 105 -564 315 -67 -38 117 385 69 -158 -229 258]
[-353 114 -46 -563 145 -268 22 -26 134 -24 -222 93 -506 121 91 -190 -467 -128 -114 75 136 396 -510 705 300 -353 359 3 462 -464 -130 -553 261 -247 -119 -114 -44 -71 -133 -870]
[160 -205 399 -293 -147 83 -483 45 229 -330 -87 -57 -74 -58 310 -370 -576 394 -444 -115 304 241 212 474 240 49 302 -492 -123 -453 -388 143 -8 -11 -391 -65 282 -116 -536 348]
[408 -628 265 231 13 285 -35 -268 92 119 -619 -203 12 437 -326 449 266 -258 -103 277 -81 61 -175 223 -101 -71 72 -79 252 313 -125 -236 -88 67 -252 251 511 436 497 -554]
[-145 328 77 236 -561 -223 -51 -61 -251 -75 41 298 101 64 74 -149 442 -401 -38 -123 -136 -346 366 -546 -50 75 -394 714 -700 182 144 -348 -36 -88 35 234 345 -49 -461 -167]
[236 72 61 -260 142 111 52 -39 30 307 348 70 557 203 -683 41 55 -29 -69 -95 -157 356 -215 -518 -209 -531 -125 509 -101 377 -366 -482 -59 -54 367 543 159 517 306 390]
[-324 392 -188 105 -851 -52 409 -55 -311 -411 666 -169 -261 -91 124 -130 205 224 115 -196 14 49 488 -191 219 -39 -235 127 -595 -195 548 -112 245 61 378 84 -157 -159 -114 734]
[146 267 -557 404 -318 -115 315 -442 -171 -166 561 -38 -114 158 -188 -33 157 -206 -135 -263 -91 -187 -169 -205 -27 -1033 -641 171 -89 360 -2 -530 77 214 357 51 -324 -134 48 346]
[323 -654 -288 -55 108 375 587 95 -166 293 -201 107 295 -182 -481 -317 472 -410 131 112 -176 403 -488 -805 -287 107 810 -332 31 357 -439 312 -437 148 826 -207 168 -72 -200 60]
[119 732 436 -21 4 -239 258 354 -67 -168 -643 373 76 142 -341 -79 417 -321 -49 98 -380 -194 514 -363 -136 138 167 261 265 -62 -46 -340 -545 -177 -367 -451 -587 -99 -435 592]
[-534 -604 682 -226 127 268 205 298 -442 106 -530 33 581 187 -127 221 -128 -146 346 -466 175 488 -349 -671 -163 515 -193 143 -363 -187 -160 376 238 111 -96 -461 329 -270 -124 43]
[-413 -463 -306 346 -168 49 672 332 -195 -232 -172 560 440 -13 -324 -303 -139 699 477 552 -434 491 -242 -258 -418 318 -394 -101 -152 -637 333 478 358 -352 -37 -117 -121 -298 494 -34]
[191 109 310 29 356 -65 173 295 117 242 -124 80 -460 679 -85 -87 345 -61 13 -97 -86 444 -409 117 287 -198 619 147 468 166 17 -206 -549 -114 143 -45 219 -519 391 -20]
[-2 -276 486 -32 -77 -344 -216 -35 453 -154 608 472 330 -614 333 -166 -344 217 120 -333 -25 110 485 -104 -302 712 -365 283 -689 -276 -453 393 -31 -600 268 -431 37 -283 278 380]
[-58 474 -443 38 120 133 42 -579 -31 103 -60 -114 -256 233 -156 -88 -458 -277 -5 138 131 83 -59 -185 23 -216 -46 -263 557 378 -415 -102 -106 317 1166 -8 -210 80 167 -325]
[-490 -455 364 -320 222 -65 389 391 -358 -324 408 95 218 328 103 256 238 -146 634 -189 -421 168 -215 279 129 -139 11 246 -265 43 628 -41 -81 -12 -278 128 -337 145 1 -942]
[-236 129 -270 723 449 -4 -29 -81 75 -168 -396 323 -172 -381 110 -139 -120 597 -385 -185 74 -413 87 -52 -254 173 -440 437 2 267 230 -101 -105 -417 -333 233 239 87 395 -364]
[534 -345 157 -392 77 -7 -157 582 -142 395 -475 152 431 271 -299 -373 77 140 140 165 -59 -72 259 -74 121 308 274 -95 338 -293 -275 -387 -8 28 -935 109 329 -515 -212 -418]
[4 -515 687 47 -24 11 205 -40 278 78 452 256 -75 -579 140 -32 52 53 904 229 115 -64 147 823 198 209 -703 -478 345 -587 391 151 213 -653 323 -126 -235 -349 595 -218]
[-262 131 149 -538 -43 501 -139 18 75 90 402 -268 157 -212 -7 -394 -551 616 360 -421 577 -438 -376 194 -88 109 -379 128 -49 -318 227 485 652 303 -361 272 161 574 -86 349]
[-183 -328 48 -178 -339 -259 389 -439 502 411 -479 278 -597 135 495 499 525 176 -292 86 -149 277 495 -277 -136 207 -556 -248 422 -28 377 -83 -561 38 -376 50 -272 -127 98 -25]
[286 -313 -351 36 -160 -549 -195 -63 156 -162 -412 -611 -45 -524 271 -205 216 -31 -70 26 -443 632 297 51 -111 -433 334 -99 717 -636 -207 139 -167 392 -211 -10 -122 -398 -478 -148]
[-4 -281 -204 -303 -461 -463 530 131 -125 -203 367 -239 -203 -148 197 110 683 -388 -365 -130 178 -349 115 -202 423 -167 -245 -221 -245 254 624 -80 -546 72 751 132 196 102 -660 392]
[339 -7 206 354 122 -274 -124 180 -188 -89 166 -80 -397 -279 -502 384 486 -444 131 -269 419 330 241 -520 332 312 449 -407 204 -369 -122 -419 278 56 -254 -27 192 69 730 16]
[-584 31 -406 245 62 -283 34 134 -43 -39 360 324 -165 63 -40 -171 459 -240 523 -90 90 -130 -763 -103 -317 -459 408 182 331 340 -370 329 -259 -1 818 681 -365 -71 -324 -224]
[132 304 374 -899 -723 -132 -59 -124 148 245 755 -98 124 102 -12 32 289 -203 -58 258 -50 472 -46 -52 -182 -845 -106 -334 -36 -135 569 357 46 -400 812 106 172 237 317 -278]
[124 156 -445 98 -97 -323 -524 70 -447 255 -395 -559 185 -321 53 241 300 -196 -644 -220 -276 -178 36 -639 -49 306 -228 -89 -540 45 -230 82 -39 -448 -810 -325 208 341 -831 187]
[-164 75 -573 -92 -540 -562 122 -192 -318 -92 -305 -292 -132 -150 494 -548 231 -672 -335 -140 -293 -56 106 232 479 -115 440 -422 -245 71 -87 -216 -406 -60 163 194 478 -168 217 -83]
[26 646 -46 -798 -247 189 51 164 -89 -297 337 -132 -640 142 65 39 -655 -61 -411 499 -178 266 -94 325 137 -669 -108 269 389 -30 -157 21 -94 122 -560 150 -148 -97 -408 309]
[-87 52 -320 -33 -411 -978 281 109 -692 -333 81 -563 -283 230 533 255 -336 -129 40 -38 5 -590 -115 263 -109 -425 -159 -145 263 -27 232 -19 694 290 -219 -412 27 -377 -559 -280]
[-89 297 -504 -151 -218 -269 -453 -238 568 -40 129 -355 284 -111 12 -282 -292 -139 -21 -391 -343 -273 1 -339 -29 -638 158 592 414 -1 -423 1023 62 -216 321 269 38 -4 -353 151]
[-267 375 -530 288 87 17 297 118 -260 40 104 436 260 -27 -283 -372 836 614 -343 53 299 -340 -358 92 170 269 41 -899 -562 -225 32 226 80 252 202 434 55 -106 -471 -105]
[795 -238 576 477 68 209 -315 -221 -697 -212 -218 751 363 881 99 42 -103 307 125 82 -86 -206 -176 109 256 -422 -482 -57 -315 101 -646 194 -296 -76 -54 -190 435 110 284 -92]]
