[[-473 -132 -234 140 -95 -8 -466 56 -50 207 64 649 523 -5 293 -117 260 162 36 452 -100 46 201 191 2 255 -50 300 -64 41 252 183 -305 -65 -35 -374 453 298 174 -102]
[408 -191 -157 253 617 -446 296 -66 37 32 527 522 270 -256 -200 -200 147 -305 318 -19 -239 -441 280 222 205 -73 -91 67 -521 59 -98 -274 56 257 -302 84 271 -118 45 -41]
[163 -138 -18 262 730 -520 141 -330 300 -222 -167 239 -14 -85 -478 130 131 -117 -47 141 248 212 -20 -391 447 207 232 -119 47 -17 300 -602 -352 338 -328 483 17 43 -56 29]
[165 -193 -234 45 -278 -198 136 -30 1 -127 890 636 -62 -47 -57 57 93 185 -153 -463 -127 70 166 193 -202 -135 234 -115 -475 150 -246 -6 268 437 314 -565 -319 112 212 120]
[101 -484 63 300 365 521 302 68 206 319 -721 294 106 -161 255 -113 -43 133 163 245 -25 -208 185 -102 -83 552 145 477 -211 200 -14 263 -84 135 -163 466 221 -151 428 -118]
[-72 183 248 -249 -111 -254 143 -82 96 -186 276 -113 -40 86 661 -160 -197 126 -95 -403 524 -350 -212 286 -28 -797 308 -175 11 -284 180 201 -116 -456 537 -629 -101 166 11 -30]
[389 446 211 -22 13 176 -10 -149 121 98 746 -386 -589 639 -220 -51 218 -110 73 -37 -776 -514 306 223 -145 -195 -114 -469 -137 24 -296 -220 498 247 -461 181 -51 -24 -415 62]
[-262 -275 197 25 9 370 145 16 -417 177 -35 -480 -83 808 -350 -135 -6 -389 134 113 -252 -130 337 -456 -127 -11 -468 -50 -537 -2 191 -51 -22 95 -433 427 4 -28 -139 240]
[-341 565 354 247 -403 11 -504 -33 -450 -54 59 475 -264 511 155 -215 -20 -139 -471 65 413 129 39 -135 -177 -265 -160 -119 68 -102 437 6 -404 -287 -329 -225 -271 141 316 -74]
[-111 398 297 -118 -449 191 23 -105 -89 -88 -146 -58 -278 75 575 -51 -156 -176 -103 479 -86 -503 -586 182 -185 -81 -209 -134 851 -51 -153 -270 470 -706 -248 108 -177 -239 85 -730]
[130 73 -21 462 -267 83 198 297 177 -737 366 423 -104 360 -135 72 -79 -340 -302 -389 118 -9 -71 -331 40 -359 99 -750 -99 56 -291 -367 268 372 -207 451 -89 -75 147 -145]
[-2 302 -148 -396 345 -265 -438 -31 -311 -124 -310 -547 -155 650 -366 -10 113 -76 615 399 139 -25 579 -221 -3 447 -170 -201 322 -204 447 -48 -33 494 -131 304 169 116 -669 98]
[309 538 110 -179 19 -324 150 -104 -388 -137 113 -13 -228 230 -308 -133 -167 -144 168 -114 -133 447 240 -116 -751 -21 -73 7 -690 150 -237 159 665 104 25 721 -68 -323 -304 232]
[65 -57 119 -182 115 -193 204 -47 182 33 -686 -377 -600 -280 391 22 -576 -2 -19 -178 216 -36 -116 -12 -101 309 -105 238 901 -186 182 54 -568 -15 -433 56 -902 218 63 -519]
[-28 -321 434 336 81 568 -399 -640 -62 192 -215 -200 -95 127 133 -217 78 340 247 -224 185 73 200 51 237 -553 390 564 -322 191 329 67 -754 -208 -182 35 -107 325 374 118]
[178 -286 -229 -321 -144 238 196 -208 152 666 204 -264 -398 181 -387 425 424 114 -561 -49 -606 95 -399 -198 -195 65 -186 -157 -588 -381 62 -124 606 261 217 76 -647 100 -17 701]
[-9 -38 -253 461 524 83 52 -64 18 -18 213 554 234 -184 -85 20 -278 571 108 240 -449 279 435 401 -157 68 662 326 -395 291 -314 -86 -594 -41 -509 231 -178 269 95 -130]
[114 -181 -529 376 272 479 -327 54 532 170 -490 403 350 127 90 -133 -350 284 169 -68 -113 -320 175 487 -518 -261 109 322 -199 -387 67 335 -359 114 -454 55 255 280 -213 35]
[220 28 15 534 -37 789 -147 -324 391 -188 -354 -576 -158 70 -72 653 -521 498 -414 -388 230 -93 194 -256 560 -111 592 -600 476 185 -73 -140 -252 -193 -94 59 70 93 -239 413]
[-130 53 246 -653 -185 -234 528 431 121 -503 -323 -194 -418 62 316 -7 75 224 -242 195 154 315 315 -441 -496 207 226 0 -173 120 456 475 -351 -97 202 39 -425 -151 -8 -121]
[-86 119 -529 333 100 -14 35 57 8 -749 22 303 -149 756 -500 7 188 -92 28 74 -104 25 -59 -223 -168 -78 -603 -402 -93 -172 -60 -538 -192 12 -592 941 -596 -405 26 -242]
[146 476 -206 -60 519 -757 -352 -234 -88 588 -44 -377 -290 119 287 -173 -343 -593 -35 -28 8 -673 127 80 -546 -318 -371 176 -490 -128 439 494 34 -108 -511 -340 578 353 -302 137]
[103 48 -802 223 376 -202 301 -203 -101 -42 35 624 -99 235 -86 -24 -424 -161 28 201 132 -73 421 40 -290 96 160 -591 -568 -311 -138 245 99 279 -129 -31 513 587 -418 43]
[450 24 -220 -482 232 -861 326 113 -313 -275 66 -362 315 -379 -558 33 129 -494 220 -153 -281 -435 -505 -315 218 762 -214 -80 622 -59 43 -651 97 500 -61 -127 83 -576 -657 106]
[-337 -326 139 -84 -136 -60 -208 -549 -680 176 -388 416 -375 521 -208 -591 106 -462 16 7 138 108 131 132 -137 304 226 299 346 -257 203 -222 -96 481 -820 104 -211 96 -202 -308]
[-106 -444 -100 399 197 -521 -63 294 18 173 -183 494 82 -601 -117 124 -242 -413 54 -59 279 87 790 380 769 939 198 165 3 287 -297 -225 -122 425 180 52 176 201 -12 -142]
[98 168 235 -394 -66 -774 420 -34 334 53 -328 413 176 -636 312 226 -248 676 -292 -212 502 618 -253 -91 24 -104 282 3 -2 -225 73 -179 572 -339 2 73 -655 249 352 -201]
[-56 -248 388 -220 34 269 -15 30 16 85 -371 -553 402 -544 -159 303 -908 500 366 -220 -24 440 76 -690 257 -320 -40 200 -72 -218 -62 26 -629 -306 -479 591 224 125 -262 158]
[38 610 441 95 -119 -479 224 253 93 -260 -704 -31 -103 -397 -341 -62 -167 7 -309 -214 640 122 111 181 252 43 28 47 0 21 604 59 379 -62 15 148 -127 -145 -288 558]
[233 -274 -477 355 -395 40 -519 -97 354 -282 -264 190 -155 -456 -166 -92 314 488 -235 12 -57 -17 266 -27 -338 205 -212 188 -189 468 46 -208 473 382 301 115 -175 341 687 59]
[513 696 376 -104 527 -423 -196 408 574 505 -184 -397 -211 -69 -580 -219 -105 97 -260 87 374 200 -341 223 -189 -139 159 317 375 -677 131 -417 355 -440 -46 -71 76 37 131 514]
[586 -446 -104 407 367 21 -17 -493 417 -33 -336 -327 193 -41 142 445 -347 -322 125 -793 -235 -561 235 157 203 -197 155 274 -524 73 687 282 -461 714 -24 17 -367 191 264 -85]
[20 244 41 150 195 381 -380 -82 253 385 -1050 82 321 562 -295 -153 63 211 -93 111 -110 77 174 262 -234 579 92 -271 -167 -189 88 -191 -258 101 -256 731 8 -456 277 490]
[660 -2 -72 670 -661 -113 571 329 -55 72 378 79 -64 -143 75 -332 -318 -503 11 -600 -360 -268 -115 157 462 229 -379 207 191 188 -845 -170 -45 -102 -213 73 -191 -483 -12 -716]
[399 775 148 337 761 297 -105 -181 -169 -41 -306 -367 -27 -75 -509 -225 122 -222 -50 -269 368 -383 -161 -123 109 521 65 -575 830 -44 106 372 -327 135 395 81 97 -55 55 -10]
[92 985 -32 -259 104 488 -72 -379 -565 -104 205 -420 -755 257 -176 148 -162 -23 -553 195 291 -418 -292 40 303 142 -228 -200 771 -112 284 -199 -138 325 -89 -346 -48 -280 -295 -20]
[-212 -189 -156 -270 -444 573 -322 249 -404 347 -186 3 -48 687 157 -152 136 -870 -145 792 353 -356 -352 235 -330 466 -387 271 151 352 -280 280 338 422 126 -714 -139 -58 -169 -192]
[76 338 346 145 362 -331 427 65 -404 -161 255 -380 77 -56 -770 75 -302 -514 254 279 842 -73 -337 678 537 197 101 -286 168 -133 34 -464 -191 -50 -108 67 -242 -239 -5 -354]
[186 229 515 -196 293 -496 775 288 345 134 311 -310 -163 -177 269 -531 -181 -42 270 -219 -777 -239 -56 260 379 -293 -129 -830 96 344 -63 218 224 41 -69 9 274 90 -626 -193]
[14 -397 59 -33 -363 -222 -255 250 -518 244 -269 267 56 133 535 100 217 57 -406 143 -205 -799 166 -82 126 -569 -339 -53 -305 285 -46 -281 139 -575 63 43 499 -65 35 -311]]
