[[74 -153 -208 -78 482 -129 182 -12 -144 -357 368 -156 348 -48 -239 328 -588 -45 -124 -321 311 65 -587 93 199 21 149 -269 113 -100 110 26 139 17 419 225 129 311 -251 -509]
[177 -121 212 -569 -483 281 -27 231 -470 -382 77 1 258 -4 298 -144 255 41 -306 105 -150 -13 398 123 151 -140 -83 305 -56 -193 -258 -440 -120 -28 -638 -183 -80 -226 -341 682]
[109 -259 86 -586 -6 -261 -15 478 -589 -159 -28 110 160 -129 -959 -176 -29 -80 -527 194 -2 47 -290 177 -79 405 -32 -41 -322 -417 -199 -433 318 59 -279 272 111 248 -91 6]
[457 -223 -399 -11 249 22 257 -49 -452 -17 223 15 570 177 424 -79 -41 -99 -18 -336 -356 -291 99 -226 21 -745 -341 481 -130 335 387 256 -126 382 -87 -234 1 -101 -420 -115]
[-278 -78 566 -156 -288 -287 509 58 344 -4 56 44 -273 151 399 -66 -633 184 241 -353 501 -112 156 -88 390 -207 358 -131 20 -340 -276 -110 -170 -262 -166 -197 283 -301 -192 37]
[-221 133 -36 -42 61 -487 176 -141 93 -230 465 291 28 173 404 -487 -252 -30 -22 -526 354 -438 145 -207 77 -364 293 311 -281 112 458 449 -117 216 423 -246 195 324 239 -60]
[-8 -373 430 344 -267 406 313 277 353 -157 131 199 268 112 404 396 -212 159 -90 -270 74 -178 -118 -98 499 165 292 -24 -341 185 -722 -592 -248 -268 -336 148 -142 -595 -338 -108]
[436 -12 -595 62 153 45 382 128 -156 -257 832 286 327 -199 347 136 -41 -121 126 -616 56 -263 308 92 -126 213 167 560 -390 297 3 262 -397 289 271 -22 -591 228 -341 347]
[129 -22 -323 175 33 -387 196 36 319 115 -9 327 364 -89 -1190 -479 -474 -192 78 -389 536 -400 -51 -448 -402 -157 39 -184 -519 143 -29 578 41 69 323 156 53 -191 -171 -541]
[-190 -78 458 -289 -98 208 -30 392 -195 56 467 34 -175 541 -31 -157 -58 6 -1041 43 -15 -216 93 -239 543 520 -31 -137 -151 135 -101 -47 -56 207 -243 138 -65 -93 222 492]
[-13 -90 144 89 100 -105 897 91 108 479 -40 273 -450 619 -270 480 -333 -289 -97 -3 39 11 -399 -144 315 427 301 196 -97 44 463 -283 196 186 -102 364 -4 110 -642 -83]
[532 43 -183 -243 -11 -130 -162 17 -95 -94 -4 -73 -87 -3 -524 -282 -282 -141 -756 -19 -299 -343 117 -55 -547 -111 -635 204 -250 267 -297 401 -748 -118 168 136 -248 -319 332 -284]
[67 -483 596 -239 -229 291 -141 411 23 131 233 605 -20 232 132 -39 832 54 -470 179 136 329 -151 -384 522 483 136 -3 421 -2 243 -634 446 -307 -717 434 8 -139 70 536]
[-334 314 67 503 -527 308 -488 107 -239 -995 268 -180 86 73 263 -47 -186 310 -561 71 -112 -328 302 151 161 497 -19 -131 135 49 -419 447 -569 281 187 36 -801 -350 357 366]
[-320 215 -24 -100 64 -385 -199 151 -106 -40 -426 -122 -169 76 -123 -535 -399 159 217 492 218 154 -180 -104 276 30 -30 -318 630 -56 -214 143 1047 258 -95 154 -180 194 -35 -38]
[-15 403 611 127 -304 -2 26 162 2 16 -193 113 -222 -153 487 -378 179 342 -239 63 -151 170 61 647 294 169 229 219 -275 -255 -133 -249 -958 89 -251 -370 574 60 452 178]
[-49 201 -166 212 -103 -382 -65 192 -82 -774 262 -147 436 153 -629 -241 -501 59 -228 -500 -630 -933 322 30 -150 -209 -521 77 -541 -273 108 327 -229 -171 336 -224 135 -208 140 -476]
[237 -8 -43 -46 -722 189 -113 -317 -626 -141 219 -9 -181 54 -355 -155 493 -100 -765 527 113 -539 169 -334 -701 -125 -525 150 -291 -231 295 553 -25 438 -39 -34 -231 8 317 332]
[-627 -167 303 450 789 -208 173 290 -297 -265 169 -162 -184 122 -75 472 -387 294 -37 -103 -181 82 43 260 -23 707 -251 9 -320 -68 -784 -355 -212 -291 318 -180 -432 -72 -110 -89]
[-205 -273 -199 -329 -154 -1 -44 296 -416 -340 -367 -39 446 547 -675 -224 62 59 -388 596 112 -185 502 -143 -14 133 -662 248 252 147 314 215 890 -110 -340 104 -39 -68 -625 -149]
[-351 178 -568 -501 89 148 363 339 -68 -34 5 -103 -46 292 -392 197 -719 -160 753 -50 279 150 302 94 183 316 280 118 179 -635 -252 -220 532 -55 -131 -269 420 91 -549 -350]
[-428 -45 -481 553 493 -364 128 134 -134 34 -361 -23 206 81 -251 377 100 104 232 -563 29 -259 168 309 -320 -199 -37 -23 -184 -300 645 643 708 495 293 272 -141 581 -350 -299]
[-290 3 -262 -76 -384 7 461 138 14 -288 -822 58 732 256 -376 90 263 10 277 -177 391 276 340 264 -169 38 -170 482 -196 -620 -2 -110 -621 203 -152 -340 -325 -206 -822 147]
[454 543 -494 -19 -13 -71 65 348 -225 -701 380 -350 139 -452 150 186 101 121 -959 -352 22 -178 -116 -49 313 -71 -225 145 -82 -230 -45 -181 19 162 446 188 -451 472 -54 418]
[241 13 -290 328 197 657 -677 -109 -53 -52 -28 -239 -108 -327 531 608 -614 36 -465 384 256 31 -598 172 545 -193 224 110 84 418 -645 -655 127 112 17 108 302 -203 -32 -162]
[419 97 -154 453 468 97 49 -161 -459 615 125 439 -666 8 -585 513 85 -423 -206 251 -19 168 -579 -113 113 718 -175 122 -76 469 98 -385 -106 -212 -195 -46 -111 133 529 -73]
[-5 364 -772 298 304 266 -305 -411 310 -154 -138 -272 25 -21 125 71 -214 -168 4 10 -293 -677 -484 -395 -20 53 -743 -197 53 147 5 -98 -97 -261 56 98 -141 -322 762 -487]
[500 -71 294 -394 606 -182 458 72 -46 -343 94 -253 506 -551 506 -116 -476 -124 478 -626 352 51 -319 -307 482 2 -158 -8 376 -231 -361 -356 -359 -164 -323 -512 -247 -260 -304 -317]
[194 0 62 303 -471 326 257 -245 -688 -234 82 352 67 -417 117 741 220 -525 594 57 -905 71 -36 -72 -374 16 -78 670 -275 138 128 -77 -208 579 -205 -457 -470 8 268 97]
[-65 363 83 267 146 346 84 96 -131 187 -822 -49 -146 247 895 -87 86 48 40 70 208 485 28 153 491 77 223 100 1102 -100 731 -23 258 -198 -73 -186 -499 207 -201 78]
[59 -527 -648 94 131 -573 -99 -369 198 396 -100 509 65 -354 -782 390 1054 -98 340 112 144 -214 -345 -51 -377 -10 495 -155 -377 320 540 -424 36 113 61 61 -291 -127 282 280]
[-107 330 268 36 -116 -126 301 61 117 -389 35 -376 -330 253 -83 -249 -228 -45 -997 384 -136 -361 -360 226 886 129 560 153 -144 -269 -259 -786 -212 358 -203 442 277 433 19 534]
[-428 261 -297 -14 -279 139 -460 -187 645 -99 -266 -375 24 -134 -214 -306 746 41 380 339 363 -312 228 296 -479 -358 316 -381 240 -278 470 -207 663 -409 367 474 53 -13 650 684]
[51 58 -442 465 -443 321 -329 263 238 -640 42 -182 -47 -590 186 516 -178 -311 164 -373 -128 -227 194 -44 -344 424 40 -199 383 -94 76 277 -91 -478 404 199 95 -905 160 -394]
[292 -93 18 -273 322 100 268 404 -377 246 150 135 -451 643 388 -69 281 -162 190 -792 -498 -166 -35 -40 -179 196 -20 184 143 233 126 334 -708 209 -317 -473 83 -277 64 126]
[-74 392 239 -234 553 238 -245 144 38 144 115 31 277 573 78 -615 452 263 -485 96 -478 -34 282 -449 -117 50 -658 712 321 -15 76 359 -225 -382 19 411 63 -150 680 32]
[-285 -534 -34 73 330 -102 183 11 164 307 -62 575 335 665 -45 -7 11 -253 864 48 86 -152 -322 -96 858 197 -39 382 137 133 357 -507 555 -532 125 520 212 -123 -22 -809]
[841 -518 473 202 250 503 554 -147 -258 -915 -141 179 387 83 522 307 -221 52 -498 -173 -469 -221 -190 185 415 -76 9 -2 510 522 784 -147 -442 111 -218 259 103 -132 -233 -207]
[-466 -159 -58 -284 -552 -232 -44 -454 646 191 -103 -376 -613 -487 105 67 -578 61 228 -64 183 -176 432 -121 -349 284 -108 -110 396 -109 -427 25 -187 162 418 -381 40 -417 381 -311]
[388 121 387 -598 -53 -131 759 317 59 361 -194 -49 27 481 -665 166 -439 124 -163 -446 273 -18 -150 155 -54 391 -385 -612 501 -396 173 -293 -214 -366 -297 978 14 311 -231 -36]]
