[[-440 -231 -236 -92 -75 -260 173 307 198 -257 -296 -66 69 379 -451 284 215 232 110 73 290 -68 -31 -532 171 204 -461 -59 157 -7 -51 298 -318 151 -202 -462 377 182 209 96]
[-87 -63 -209 371 40 416 -207 -311 125 -124 -237 622 91 138 270 -251 495 350 -340 -62 -115 510 -3 543 253 56 -78 89 384 126 177 -58 178 -348 311 86 141 163 -32 -79]
[430 -427 -356 -22 -341 -371 248 132 357 68 -187 -175 109 291 -111 -368 -182 119 -219 371 -186 -158 0 -277 -382 -112 -776 117 283 -129 -205 -45 -206 520 -492 -229 282 199 -47 293]
[12 -156 -200 37 -305 137 114 -473 279 -32 -359 -263 205 551 680 -9 162 50 145 -328 137 76 245 -18 333 -106 -605 -120 417 -190 -322 -170 386 325 -483 -305 31 403 13 -123]
[-35 634 355 -291 515 -197 113 186 -172 -59 66 106 -196 100 118 88 12 126 -175 -317 -263 215 -449 -201 58 -716 487 339 -424 161 47 -238 -143 170 364 31 -479 90 -259 -449]
[18 -236 -4 -437 468 -480 620 129 -300 -221 55 426 -41 129 -711 -195 505 262 -422 560 183 255 -62 119 -360 -524 -555 81 315 354 -90 -230 -282 -72 -73 -227 376 334 131 -212]
[-409 -10 82 86 -506 218 -370 337 308 -292 164 227 -229 413 -211 13 -152 265 -103 -498 399 460 215 -41 363 442 -58 183 384 -25 419 414 532 -14 430 -365 295 -53 -236 282]
[-47 238 315 422 19 273 -250 444 109 -494 326 195 -11 -519 -446 368 -122 -345 -209 -372 -35 -293 125 -70 -37 283 186 447 -327 -407 577 -116 -339 -149 180 -392 100 -16 -326 201]
[-80 162 89 183 -261 419 -57 266 367 -621 -677 -93 38 500 162 166 16 -343 -316 -466 371 215 88 103 496 -627 -185 379 -57 -72 27 -190 -207 905 -254 -470 19 -166 -105 82]
[70 -36 665 104 142 300 235 8 -272 -842 -153 190 -260 -73 -96 73 15 -302 -176 312 -233 485 73 405 -150 -543 16 454 392 118 -3 -328 264 198 277 -215 -405 -149 -747 -309]
[126 -104 -196 40 113 -576 131 591 505 -9 766 -255 29 -371 -82 -608 -504 -48 107 -377 -96 -3 13 63 -648 187 -104 560 -186 205 326 -241 -372 97 148 -423 85 440 -208 166]
[-210 -223 -170 443 -46 618 -74 -21 397 -700 -204 116 57 54 175 344 3 -323 706 194 104 -173 -233 502 192 666 -3 468 -113 224 325 167 -59 18 406 -483 400 -283 257 335]
[-120 -174 -9 -258 323 -334 364 -507 -29 -33 -339 -226 -73 34 -433 32 -216 45 289 224 -340 -446 -340 -740 62 -586 -450 -246 -135 -23 -288 -382 318 -275 -87 -573 293 598 53 -65]
[-214 -469 -38 253 -393 275 -362 300 672 -415 -780 -104 -160 48 -10 241 -409 136 107 -197 272 728 -35 281 569 -57 128 591 304 151 180 10 178 99 -78 -979 -137 502 -381 -73]
[-427 -646 -260 -91 -235 -101 -244 372 433 -356 260 33 -369 267 -8 -3 -153 611 249 -131 -110 388 454 213 -265 105 62 53 762 67 -142 524 86 171 -296 -407 -262 372 122 -420]
[399 -226 276 -133 -385 -161 37 -133 375 358 -348 134 97 -26 621 261 -151 460 167 425 -1013 194 -356 -557 -464 -403 220 -352 -26 -21 -349 42 115 -15 -515 -200 -354 -65 -164 -191]
[-326 249 -74 242 -596 549 25 -308 302 325 121 -421 78 180 328 -196 -364 -499 -195 -435 -428 -487 328 -68 215 -350 161 -567 319 -152 -149 -1 2 -238 -327 -47 -177 -455 -74 304]
[-162 -251 -359 -49 -105 266 -251 95 734 155 101 -50 43 872 -146 -477 -493 -54 96 -408 -66 -206 -147 -10 28 11 -123 -207 415 319 236 -12 -59 165 48 388 -109 263 464 397]
[205 -250 518 134 -112 614 74 -47 -577 -331 50 -333 47 154 -70 -110 -508 -1023 -367 -151 32 29 202 -67 -82 -387 -115 213 253 -806 21 -310 -162 12 13 598 -494 -393 -472 215]
[332 -358 611 -84 167 -112 -629 -312 -201 446 -109 -293 -73 -212 -77 227 218 -348 -186 -413 -67 -371 184 -378 -28 43 -62 -388 -531 -701 27 -734 153 -325 -370 -93 -460 472 289 -233]
[-235 488 203 116 -148 -122 -102 151 555 34 -17 424 49 66 -683 -85 -482 116 -19 -538 215 -343 -366 -647 814 214 -152 618 -91 -93 221 -209 92 -370 142 166 74 646 -479 228]
[-521 23 -260 35 207 618 195 -124 90 -232 -272 -237 42 -28 784 -9 -597 -159 375 -115 -386 -165 -190 411 412 -66 -40 318 -317 -63 -393 379 -121 -50 -116 111 -326 441 -157 -146]
[-101 361 320 -199 611 -267 64 74 -415 -219 149 -583 84 232 438 -365 -125 310 754 -236 374 -17 212 -446 136 -155 446 209 12 -330 -407 -110 298 113 -60 606 -558 -167 -247 -840]
[-340 -128 425 -375 515 19 84 -320 -428 -206 -77 154 19 -105 -411 308 211 769 -252 10 264 21 -101 -418 397 -224 56 272 -330 -307 -278 -230 378 -501 -211 -157 -217 56 575 -506]
[-337 -235 -211 -358 163 121 203 -296 194 -129 129 -235 -408 -485 -471 468 -457 56 637 64 584 -687 114 86 212 8 162 389 -40 282 -36 460 523 422 -361 -317 -54 -191 -38 99]
[-134 -305 -575 522 -286 -255 125 272 156 -101 -253 473 -192 -132 322 314 130 263 576 -73 262 289 -124 -200 98 563 397 -103 503 -504 -696 483 -352 -151 -176 21 151 181 160 -287]
[40 -515 -166 -88 15 352 137 -117 309 18 -608 64 -62 284 51 281 242 -453 -35 -465 832 -242 29 224 522 219 -190 -258 -127 155 1 -59 -493 -332 60 -571 -42 682 240 -198]
[-603 -419 -156 -94 413 126 -24 121 74 71 503 -190 14 301 -600 -317 373 -336 -78 -186 239 -583 -343 167 -83 -454 -460 7 -108 70 513 -511 -470 -476 -127 -315 393 721 104 -362]
[105 -289 -654 1 473 487 274 -38 -9 -463 101 16 28 464 376 -164 -137 -514 15 790 -182 99 -181 831 -237 -553 127 -1 516 5 -464 -145 388 -183 -202 -73 4 484 117 17]
[325 -227 -201 137 725 -272 20 11 -272 -946 245 -452 -265 20 310 -159 -240 -58 212 -364 -735 -232 -18 -176 -88 -264 -394 734 -196 -238 -354 -404 542 -88 340 -526 -201 218 -113 -118]
[-330 32 -171 393 -112 -79 194 -133 -341 376 -995 -405 80 -291 -343 252 -783 -323 -218 97 -193 100 -107 50 274 176 381 -81 -508 -308 -458 90 -70 563 -108 217 -240 128 -83 13]
[347 -295 399 223 367 132 -17 357 -459 -173 -63 -669 175 -557 862 77 -218 123 -156 -440 833 386 327 610 79 299 70 108 81 -232 -161 89 183 -208 317 151 -288 408 -138 -144]
[-824 -417 557 307 -391 -160 21 -385 107 -306 -157 142 261 313 1 -34 269 310 240 -104 325 520 -162 -154 221 1377 -309 -718 -64 44 -57 -353 243 -199 -106 7 226 -56 54 -89]
[197 443 -295 -622 624 -338 -736 310 -74 348 119 -169 -406 -213 -213 -203 -286 268 92 283 246 -131 -310 -296 377 -508 136 155 -438 372 -402 -28 477 204 -111 79 665 226 -133 -261]
[-472 343 -435 127 12 215 -478 290 393 -31 -396 149 -497 61 -696 74 -80 125 -548 -399 133 -6 -389 -241 -108 57 958 -24 -240 305 469 -17 -153 -208 212 8 -476 795 -1 -276]
[99 67 -36 723 345 37 7 -409 552 127 377 494 192 156 295 139 -352 363 -125 111 -608 -465 2 446 -221 151 -87 294 252 -408 44 -326 -505 -141 85 438 -35 50 -86 -533]
[391 508 1 185 -112 -218 201 685 55 -46 -112 -158 377 -607 27 -624 -102 2 -1001 56 -408 -168 -524 -57 258 -436 155 -75 -119 -401 -81 -30 -194 -32 222 247 -156 -299 -464 386]
[569 -590 -304 160 257 -19 169 -243 -68 -659 -139 151 -495 58 276 -365 58 -137 -30 291 -368 344 388 697 216 -233 69 410 -10 127 466 -470 587 582 181 -753 -32 409 -364 -141]
[-19 -440 -796 337 -694 -504 -414 -262 243 338 100 178 400 333 430 64 246 583 -442 -326 -410 -480 193 -16 -315 142 -188 -85 -6 131 29 278 -165 -194 -94 -580 -234 286 59 323]
[-66 -339 359 -168 -180 36 -261 -124 -316 -280 654 230 -111 79 -393 -348 148 32 -513 901 -141 -226 559 -401 -354 111 -298 -816 708 72 370 383 447 -339 119 -459 -69 -129 168 -153]]