[[270 20 462 376 -454 31 -227 153 9 132 56 386 -24 -206 -236 -225 -485 -258 363 -62 -138 -142 -543 -65 338 -505 293 517 -210 95 -94 -336 341 -105 43 272 134 17 -28 195]
[-48 188 -101 57 -152 -453 358 -175 226 346 -172 -300 217 -351 334 228 -191 -16 -11 216 142 -194 496 240 22 633 -75 -235 189 80 371 941 -104 -52 259 -470 -30 139 -208 -261]
[-168 -114 -12 97 520 493 -431 180 -85 194 -77 222 -180 247 654 -1 566 -171 -388 650 -109 -71 161 -410 275 -360 261 -139 -66 -347 -72 -590 -167 -93 121 93 13 -3 143 -173]
[-216 -77 12 -201 -431 457 -307 188 163 198 -239 181 -99 -412 98 202 18 36 -409 166 -375 -103 515 -413 290 199 -43 -662 315 271 246 576 -106 306 166 3 -50 -488 -186 -351]
[258 565 -853 9 -6 -191 -154 -118 265 245 -414 -59 -1 -456 466 -178 217 -403 -148 -27 -144 110 242 206 432 213 -3 62 -500 -468 47 223 25 -32 335 202 145 292 -42 -40]
[110 -229 528 2 52 589 239 399 -146 466 365 471 -277 202 -412 27 -155 -397 32 198 230 128 -322 214 45 313 -82 -144 8 822 258 -154 -25 253 -15 298 108 -244 -120 301]
[-724 -336 403 19 219 -136 209 -197 162 -378 74 -29 139 -183 -159 177 74 613 4 -785 -576 162 202 -211 48 -171 -174 -257 420 414 -232 -357 16 -132 -550 -213 168 -423 -285 -212]
[226 -355 120 212 392 213 734 -5 -561 308 76 -752 -120 478 267 -280 93 -31 13 648 233 -206 353 484 -325 545 -78 -57 36 38 -100 567 -102 391 17 149 121 171 391 29]
[-510 105 290 297 -574 -109 412 23 483 -238 -78 828 73 -38 -39 399 -377 -484 -170 -656 -153 -93 -383 172 18 338 -6 -65 21 614 -48 -184 -164 364 39 -222 -31 -118 -407 11]
[-43 101 179 -241 -698 -152 -133 138 -284 138 121 -568 352 25 -311 161 -584 790 92 416 255 222 241 -516 7 -233 113 -187 357 89 -382 275 312 296 -517 77 -261 -364 93 215]
[-350 44 450 67 -258 545 -117 -60 483 -42 20 697 -151 168 -318 130 -195 -300 -7 -114 -139 295 -855 444 -184 67 -78 -250 50 575 358 355 186 37 409 -503 407 -46 -377 -78]
[397 -29 -335 99 12 274 -635 -211 732 -256 83 669 -236 179 -16 -187 163 -590 -48 -343 127 228 -802 -42 -316 -462 125 436 -480 -21 -165 26 -337 425 141 239 164 419 125 666]
[172 -247 436 -135 154 345 -302 -230 -34 549 48 -89 -16 95 484 -174 81 -519 81 640 93 57 222 -205 -465 673 269 -691 222 142 97 1018 293 386 265 20 446 202 46 -126]
[-388 -76 -189 418 116 396 804 -40 -754 13 -27 52 -329 1015 -292 72 22 91 -598 324 465 -160 322 70 -470 234 -241 -51 159 -272 -317 -311 -336 -176 11 -298 12 188 8 101]
[-400 206 -379 -547 -361 168 -343 242 704 -497 72 -165 144 -219 14 170 574 -203 -185 -333 -300 39 -104 -280 -33 -77 11 -398 -22 -346 -195 365 -738 336 110 -594 -314 -136 279 -597]
[-651 237 -390 -505 966 370 -21 404 -168 37 -105 381 -294 -145 -190 72 342 -400 -45 125 -55 15 202 -480 -72 -264 -428 -505 -132 -423 448 -257 -401 -588 -136 -197 66 -54 -27 -580]
[18 -580 201 61 -257 -233 -146 60 -68 282 390 -45 36 194 -550 127 504 -501 -195 -235 -126 54 -73 -93 -195 588 -126 -63 -135 209 -333 -614 -139 350 -530 72 202 -428 142 281]
[36 -507 -416 -100 599 -154 -562 -633 257 262 -341 -281 2 -463 247 -7 181 134 -335 -248 -657 191 77 -197 384 107 -597 -343 -7 -440 522 370 230 224 203 22 126 -142 -335 -252]
[30 -174 -105 -104 -525 -250 -677 233 -99 51 214 -38 423 -275 201 596 114 -37 -316 322 -262 56 -174 -756 67 -419 -87 -109 112 -133 -290 236 -540 624 -29 -631 -414 224 66 91]
[-77 -576 85 225 -722 -206 -194 -34 222 -468 -49 36 -320 -192 51 -499 520 92 27 101 -228 -585 32 -104 304 -398 -222 328 97 152 -240 -404 -8 333 -8 654 148 -601 451 -159]
[-211 -132 -184 267 303 898 274 527 -309 -399 294 117 -444 30 -497 -40 105 518 66 -298 -409 -140 105 -201 -214 -278 -154 -321 684 -64 32 22 44 -687 -274 -278 -223 -73 69 -25]
[-86 -759 63 424 373 -49 -589 -176 353 142 -342 -157 -315 520 52 -36 407 671 -102 -321 -742 -246 -246 -529 171 -190 -103 228 389 -40 37 -170 -172 -158 -67 -388 -184 -300 41 283]
[464 178 -164 -475 -144 52 -198 471 62 -256 67 37 152 162 -459 330 23 -148 -51 -755 -165 275 -269 -309 134 18 -462 814 -724 -172 -208 -574 -67 119 127 -6 -174 26 -63 421]
[463 -81 -325 -613 -118 571 -551 135 -460 578 333 177 10 -42 -298 135 88 -218 -749 356 207 9 503 -263 401 -385 -69 315 -126 -198 -165 -187 -30 680 -95 -68 -14 -111 -224 355]
[-13 -995 750 247 480 530 194 -96 57 -359 -119 -96 116 508 610 -76 276 -207 290 94 97 -99 -471 -129 43 -537 68 417 -80 -65 -769 -555 -245 -97 731 17 -321 493 348 -337]
[62 -148 -629 -127 -766 -60 493 228 -450 -395 -291 199 -287 -134 -57 374 -135 65 -524 -472 -314 179 403 167 532 302 -720 105 312 -200 -406 293 557 445 69 540 -636 3 67 165]
[398 -46 708 -236 720 -492 -18 -256 -221 -117 -249 -207 -261 425 -447 -110 144 -188 227 -156 340 151 -885 248 33 222 152 140 -87 -326 481 -174 76 -344 183 281 121 -297 43 220]
[-564 -247 315 389 217 -61 -230 -310 479 175 -50 539 -273 80 335 -59 4 -143 565 -36 87 261 270 348 16 509 89 -581 425 933 140 495 44 -300 296 -500 193 97 157 58]
[-38 -168 -64 85 181 -294 -22 -187 147 -240 -189 -284 -176 -417 756 -14 -190 -131 330 -555 -606 -596 449 -77 43 36 -688 443 -25 -185 246 -44 -130 454 -113 -413 -56 -406 -232 -729]
[15 -488 -343 -23 3 658 102 62 -168 -117 -4 -12 -157 250 -777 -401 184 201 -404 -548 486 -426 58 70 -149 549 -182 -543 -321 186 130 217 -937 686 -250 237 -61 -488 615 69]
[74 -507 615 520 570 107 5 -441 58 -234 10 -352 -384 188 360 -611 32 102 8 61 286 113 -107 -175 -419 -19 115 76 -127 202 47 -74 158 -116 -263 325 878 7 -759 37]
[854 57 174 -49 -217 -344 -568 -165 290 297 124 71 31 -6 -409 368 -331 322 452 -123 134 190 -481 769 -33 -42 -776 157 -510 850 289 -128 28 -24 496 -83 188 -69 -147 63]
[-136 -24 -721 -69 86 -768 -441 -365 595 -104 58 -524 313 -31 -291 480 340 444 20 -815 -95 -239 -189 -115 152 309 138 -47 -574 68 -48 -150 -738 408 -435 -58 -598 -6 -271 -49]
[-242 -84 -767 -338 512 -422 -28 -43 263 -209 326 195 140 -123 423 -169 -30 271 -189 571 -212 949 -173 167 288 -367 -297 -416 -247 -305 -249 -166 -52 -125 -250 537 -5 523 69 378]
[-34 146 -214 408 412 -399 32 65 106 201 292 605 303 217 -98 -514 -413 300 271 -4 -166 247 -71 -103 567 -876 -174 215 -291 -163 -3 -446 -372 -67 -215 -68 456 444 -233 125]
[-386 554 136 -60 -173 -429 423 -225 596 198 -351 385 386 258 -362 143 95 -626 274 -507 -77 104 265 -122 125 200 -86 -16 -487 58 -374 242 -317 -276 22 565 -164 8 -124 158]
[206 232 339 154 268 293 199 234 -551 197 444 -316 0 608 -53 -149 -674 -28 419 352 208 -658 -220 -450 -205 -283 -6 297 -10 423 -369 48 -217 -37 -63 577 222 75 363 841]
[187 421 -791 -100 -41 -437 33 236 -45 432 -336 -562 -172 182 131 16 -208 -189 354 -366 190 -166 271 321 -758 389 44 142 -97 53 -568 336 701 103 -293 835 -141 -71 -70 300]
[302 62 20 232 62 608 -141 328 300 27 597 -102 -284 -287 209 -414 166 579 -530 105 -338 -14 311 -65 -90 -516 408 83 228 6 -503 388 -183 200 -178 54 -158 -183 587 -419]
[12 267 -614 422 716 295 56 67 548 -64 124 316 84 347 295 351 262 -539 -115 -276 137 421 -686 595 275 -286 251 -450 -758 -109 175 -383 25 56 575 -22 -307 -147 173 -2]]
