[phase 0 initial]
[[-58 142 43 536 107 267 94 11 -812 30 172 124 -255 -302 578 24 -384 140 -384 -237 151 -27 272 334 -299 -97 -102 553 -202 104 228 387 19]
[-506 -695 -133 49 160 308 -5 61 581 -65 115 257 286 731 200 -164 229 -80 493 -377 -197 143 3 -462 312 -167 -488 -436 -151 348 -580 -195 1]
[369 -72 -382 -409 -682 -195 192 67 189 362 -667 240 49 414 -11 -380 66 -120 392 363 -39 20 -138 -232 485 -488 -292 356 -599 6 248 -338 -15]
[209 1 -409 -664 -103 -471 10 613 73 478 -173 235 -424 260 -517 -507 -196 496 -260 247 251 450 -417 -146 273 -710 399 -68 -108 -221 -87 -302 -20]
[155 309 -53 -219 227 -693 589 343 -633 528 -528 145 -313 -496 125 -336 183 8 -904 -303 119 360 -35 249 158 110 496 746 -421 29 111 -67 -75]
[325 -122 206 414 -541 136 -284 -39 -169 241 -298 370 -225 169 -711 -202 371 278 249 484 171 -64 -141 8 -237 -134 -492 -329 422 73 152 -63 61]
[254 417 -246 -311 -791 67 266 369 -129 -309 -371 120 119 -466 306 -45 101 -3 -42 -309 22 -355 130 -288 0 202 1083 836 -687 82 73 -258 -74]
[-370 -230 -112 -734 -55 241 -784 337 -18 -514 560 349 -26 -175 -134 172 -192 552 459 81 -201 116 -632 -619 129 -364 222 153 -164 -93 -777 -98 26]
[-245 164 73 569 452 -207 -448 -128 -184 119 -580 -130 168 -455 387 -9 -467 -273 -565 -346 -180 -343 341 36 177 -351 -389 -81 108 -90 519 256 -1]
[727 265 -711 150 -11 -298 -110 420 221 -23 59 1 -140 -376 -258 -227 -519 741 -423 227 -61 -529 685 2 53 -681 796 277 -267 48 438 -105 -20]
[-322 499 -285 -248 21 467 217 87 216 -509 193 9 14 179 771 72 266 -517 -385 -394 148 487 278 275 571 310 -59 45 -14 -2 -200 73 18]
[949 152 -850 112 -621 66 262 -85 -55 -10 -68 -514 295 -15 -309 146 -127 319 524 405 299 -450 -277 105 -672 -86 136 270 -744 -209 192 -2 0]
[-236 -264 -305 -504 656 159 -167 211 500 -112 150 -653 173 -425 -184 -270 261 439 -211 -39 87 -151 -127 -30 -58 337 108 1 -348 53 -517 -332 -136]
[-88 331 -48 527 183 119 234 -167 275 -754 488 530 -398 -112 206 250 -203 412 -223 -112 72 -201 -98 101 -278 84 321 273 262 71 -207 108 77]
[397 212 -96 73 -383 64 142 -697 48 -212 24 -10 -269 405 -118 319 -69 -460 478 314 270 -92 -175 706 239 415 17 246 482 -853 600 -29 144]
[270 -116 244 -58 -941 244 -637 121 84 -170 -421 750 232 -418 -193 431 143 -172 300 16 -312 -129 308 -721 322 -355 -338 373 258 636 9 387 -322]
[-528 294 -120 797 391 103 599 673 -472 3 -407 529 -167 -108 753 0 -126 146 -371 -526 161 318 -70 -432 -15 -112 342 -551 170 322 -127 76 -91]
[65 429 -365 -269 -310 130 104 -501 500 -322 233 -605 -80 177 40 110 135 514 -75 287 189 -179 -349 501 -297 -63 284 -512 162 100 -313 138 351]
[-412 29 -803 -86 685 -564 53 -135 711 214 -213 -265 198 -377 -451 7 -86 -95 -282 -250 -243 -352 -335 5 382 -166 283 205 172 362 -336 305 22]
[-223 49 324 -764 -195 380 -333 -46 -251 -607 38 -261 -376 355 -94 34 -523 425 -20 -70 -118 170 -273 -232 319 -434 228 -266 -117 -246 -150 -292 358]
[-117 963 458 118 -589 599 -482 30 -169 -579 -193 -619 -188 -227 275 215 -375 -243 -198 -465 197 -597 303 63 -300 -62 -13 290 79 73 318 -233 -221]
[183 196 126 165 -68 19 353 364 -244 144 -179 -177 -353 539 550 253 -125 -225 -194 -150 466 650 96 237 -396 -277 265 532 -456 44 174 -43 -286]
[-554 -222 592 268 -275 31 384 -353 423 24 -674 109 -72 663 230 3 -308 289 -59 40 -240 318 -149 -625 150 -651 144 -643 22 -180 -129 130 69]
[573 -467 -60 -610 -246 -297 106 46 477 -256 -253 -148 204 519 -224 401 -412 -143 -44 659 -33 -328 469 -34 410 -49 121 225 -229 -180 381 -149 -74]
[468 155 -103 -70 -405 87 227 261 -748 410 -662 -1 -199 130 143 79 106 158 -562 334 259 285 -15 -12 -79 -128 429 340 551 -15 494 42 -310]
[-32 198 41 -263 -339 -310 -186 98 324 277 -273 -349 200 -143 351 -52 -197 -195 -280 74 -874 -751 444 -159 -401 -115 -79 385 -142 -24 10 33 -515]
[-516 -165 760 165 -68 69 25 -115 -416 -104 -402 -351 -396 384 67 -361 -178 -496 305 88 -99 -485 146 -232 -402 247 -538 316 -270 -232 -195 60 25]
[449 26 592 153 8 -219 -351 -469 -442 256 703 148 -414 55 -42 323 -268 492 -183 289 455 416 -670 -73 -875 83 234 305 310 -279 450 737 -278]
[4 224 -327 -173 196 -68 176 298 -203 -481 159 372 -552 281 -86 377 771 45 -435 -330 26 464 -185 -309 -237 344 335 -240 81 -301 -342 -424 -545]
[-48 134 684 105 840 -536 22 -71 -276 177 174 -390 -814 -941 -147 332 107 613 -735 6 -99 -195 -134 -249 198 -278 428 30 66 406 -254 311 -144]
[-147 -359 572 546 183 -24 424 -191 -231 -86 431 752 -287 518 292 -452 -3 -417 -99 -649 193 -322 19 -161 -353 424 1022 19 -311 27 -304 -89 71]
[-112 -428 -7 337 331 -182 146 -102 -430 -713 -208 264 -144 -323 396 114 -325 -164 -130 -250 56 -34 -147 -402 618 -168 -43 391 -258 -134 -395 -644 -281]
[106 -210 -656 130 -394 191 282 -57 534 -373 -174 169 -227 1038 -241 13 32 547 308 414 -26 79 23 242 247 -663 -403 -164 -439 589 -204 144 -772]]
[phase 0 refreshed]
[[-293 -60 150 254 135 -342 262 205 -135 91 208 165 259 251 -238 -4 -49 112 196 -66 403 -148 149 -299 622 -127 157 82 -290 -5 -260 -380 -3]
[-58 142 43 536 107 267 94 11 -812 30 172 124 -255 -302 578 24 -384 140 -384 -237 151 -27 272 334 -299 -97 -102 553 -202 104 228 387 19]
[-506 -695 -133 49 160 308 -5 61 581 -65 115 257 286 731 200 -164 229 -80 493 -377 -197 143 3 -462 312 -167 -488 -436 -151 348 -580 -195 1]
[369 -72 -382 -409 -682 -195 192 67 189 362 -667 240 49 414 -11 -380 66 -120 392 363 -39 20 -138 -232 485 -488 -292 356 -599 6 248 -338 -15]
[209 1 -409 -664 -103 -471 10 613 73 478 -173 235 -424 260 -517 -507 -196 496 -260 247 251 450 -417 -146 273 -710 399 -68 -108 -221 -87 -302 -20]
[-58 -326 -336 -424 252 -43 322 199 83 372 -621 237 -286 -16 563 -496 461 -184 -607 -614 -481 651 -181 86 -152 70 -149 228 -282 382 -209 118 -71]
[325 -122 206 414 -541 136 -284 -39 -169 241 -298 370 -225 169 -711 -202 371 278 249 484 171 -64 -141 8 -237 -134 -492 -329 422 73 152 -63 61]
[-322 499 -285 -248 21 467 217 87 216 -509 193 9 14 179 771 72 266 -517 -385 -394 148 487 278 275 571 310 -59 45 -14 -2 -200 73 18]
[254 417 -246 -311 -791 67 266 369 -129 -309 -371 120 119 -466 306 -45 101 -3 -42 -309 22 -355 130 -288 0 202 1083 836 -687 82 73 -258 -74]
[-370 -230 -112 -734 -55 241 -784 337 -18 -514 560 349 -26 -175 -134 172 -192 552 459 81 -201 116 -632 -619 129 -364 222 153 -164 -93 -777 -98 26]
[514 -370 -994 -55 14 352 -377 276 937 -179 -34 93 -113 104 180 -387 -241 549 -126 -84 -661 -238 539 -161 -257 -721 151 -241 -128 401 118 80 -16]
[-245 164 73 569 452 -207 -448 -128 -184 119 -580 -130 168 -455 387 -9 -467 -273 -565 -346 -180 -343 341 36 177 -351 -389 -81 108 -90 519 256 -1]
[103 563 -367 974 21 48 -277 -38 296 -460 -50 -464 717 17 -667 359 312 -101 11 -43 729 -511 216 23 275 197 -253 -922 283 -343 -73 -165 71]
[-236 -264 -305 -504 656 159 -167 211 500 -112 150 -653 173 -425 -184 -270 261 439 -211 -39 87 -151 -127 -30 -58 337 108 1 -348 53 -517 -332 -136]
[-88 331 -48 527 183 119 234 -167 275 -754 488 530 -398 -112 206 250 -203 412 -223 -112 72 -201 -98 101 -278 84 321 273 262 71 -207 108 77]
[397 212 -96 73 -383 64 142 -697 48 -212 24 -10 -269 405 -118 319 -69 -460 478 314 270 -92 -175 706 239 415 17 246 482 -853 600 -29 144]
[270 -116 244 -58 -941 244 -637 121 84 -170 -421 750 232 -418 -193 431 143 -172 300 16 -312 -129 308 -721 322 -355 -338 373 258 636 9 387 -322]
[65 429 -365 -269 -310 130 104 -501 500 -322 233 -605 -80 177 40 110 135 514 -75 287 189 -179 -349 501 -297 -63 284 -512 162 100 -313 138 351]
[-309 367 -247 439 304 34 408 503 -138 180 689 360 -210 452 -648 -204 136 -310 66 288 100 462 -164 9 -137 84 42 -416 490 210 -213 157 139]
[-223 49 324 -764 -195 380 -333 -46 -251 -607 38 -261 -376 355 -94 34 -523 425 -20 -70 -118 170 -273 -232 319 -434 228 -266 -117 -246 -150 -292 358]
[41 260 143 504 229 527 164 0 240 -427 577 -441 -218 293 166 49 80 206 -165 -510 -35 -375 902 250 -227 59 -302 190 -73 727 -218 -296 -220]
[183 196 126 165 -68 19 353 364 -244 144 -179 -177 -353 539 550 253 -125 -225 -194 -150 466 650 96 237 -396 -277 265 532 -456 44 174 -43 -286]
[-335 -287 224 93 107 88 -177 46 553 348 455 -267 -284 789 -474 132 -25 366 304 -9 130 428 38 -71 38 -413 223 -485 613 -451 -502 -73 -421]
[573 -467 -60 -610 -246 -297 106 46 477 -256 -253 -148 204 519 -224 401 -412 -143 -44 659 -33 -328 469 -34 410 -49 121 225 -229 -180 381 -149 -74]
[158 319 -149 269 -735 702 -51 54 -840 -179 -9 109 464 173 -129 -138 -129 86 152 95 593 323 -346 -683 86 -377 32 247 -279 -458 212 -26 79]
[218 -342 -367 556 -394 222 -1 -369 -551 127 -401 129 -103 59 516 -257 565 -450 653 -31 -71 57 140 204 -524 47 -362 137 -368 572 -105 898 547]
[-276 185 723 236 184 -418 -414 6 8 -78 54 15 -497 -83 -589 -112 -47 458 -10 252 57 -766 -130 -272 -63 259 248 309 -324 483 177 -185 -8]
[277 -99 -580 -135 173 315 292 157 401 -531 -66 515 -40 -289 476 277 603 359 468 306 -919 258 -248 -523 -236 258 17 -273 6 663 -493 67 -76]
[-129 65 229 131 -12 -248 -302 -766 275 240 -114 -315 59 -121 -4 144 547 -426 -285 63 584 -38 -118 206 -512 -15 -297 -442 122 258 546 195 -117]
[56 -620 -192 -850 758 -176 -495 155 614 118 150 -305 -372 -166 -448 -197 -147 -583 -128 209 -194 192 -251 -41 591 -813 79 310 116 -193 64 -257 200]
[-224 73 192 398 465 -256 -453 -689 -124 345 -482 15 -185 -342 -231 146 268 -369 15 -305 -396 -449 -840 533 -84 244 23 -25 -379 -39 -175 -153 -54]
[246 -56 -332 -68 -363 -700 -455 -491 564 -22 -152 -387 -265 289 226 133 -473 -370 438 642 -181 -495 -518 -116 5 -518 70 -387 -36 253 253 33 -240]
[106 -210 -656 130 -394 191 282 -57 534 -373 -174 169 -227 1038 -241 13 32 547 308 414 -26 79 23 242 247 -663 -403 -164 -439 589 -204 144 -772]]
[phase 1 initial]
[[-293 -60 150 254 135 -342 262 205 -135 91 208 165 259 251 -238 -4 -49 112 196 -66 403 -148 149 -299 622 -127 157 82 -290 -5 -260 -380 -3]
[-58 142 43 536 107 267 94 11 -812 30 172 124 -255 -302 578 24 -384 140 -384 -237 151 -27 272 334 -299 -97 -102 553 -202 104 228 387 19]
[-506 -695 -133 49 160 308 -5 61 581 -65 115 257 286 731 200 -164 229 -80 493 -377 -197 143 3 -462 312 -167 -488 -436 -151 348 -580 -195 1]
[369 -72 -382 -409 -682 -195 192 67 189 362 -667 240 49 414 -11 -380 66 -120 392 363 -39 20 -138 -232 485 -488 -292 356 -599 6 248 -338 -15]
[209 1 -409 -664 -103 -471 10 613 73 478 -173 235 -424 260 -517 -507 -196 496 -260 247 251 450 -417 -146 273 -710 399 -68 -108 -221 -87 -302 -20]
[-58 -326 -336 -424 252 -43 322 199 83 372 -621 237 -286 -16 563 -496 461 -184 -607 -614 -481 651 -181 86 -152 70 -149 228 -282 382 -209 118 -71]
[325 -122 206 414 -541 136 -284 -39 -169 241 -298 370 -225 169 -711 -202 371 278 249 484 171 -64 -141 8 -237 -134 -492 -329 422 73 152 -63 61]
[-322 499 -285 -248 21 467 217 87 216 -509 193 9 14 179 771 72 266 -517 -385 -394 148 487 278 275 571 310 -59 45 -14 -2 -200 73 18]
[254 417 -246 -311 -791 67 266 369 -129 -309 -371 120 119 -466 306 -45 101 -3 -42 -309 22 -355 130 -288 0 202 1083 836 -687 82 73 -258 -74]
[-370 -230 -112 -734 -55 241 -784 337 -18 -514 560 349 -26 -175 -134 172 -192 552 459 81 -201 116 -632 -619 129 -364 222 153 -164 -93 -777 -98 26]
[514 -370 -994 -55 14 352 -377 276 937 -179 -34 93 -113 104 180 -387 -241 549 -126 -84 -661 -238 539 -161 -257 -721 151 -241 -128 401 118 80 -16]
[-245 164 73 569 452 -207 -448 -128 -184 119 -580 -130 168 -455 387 -9 -467 -273 -565 -346 -180 -343 341 36 177 -351 -389 -81 108 -90 519 256 -1]
[103 563 -367 974 21 48 -277 -38 296 -460 -50 -464 717 17 -667 359 312 -101 11 -43 729 -511 216 23 275 197 -253 -922 283 -343 -73 -165 71]
[-236 -264 -305 -504 656 159 -167 211 500 -112 150 -653 173 -425 -184 -270 261 439 -211 -39 87 -151 -127 -30 -58 337 108 1 -348 53 -517 -332 -136]
[-88 331 -48 527 183 119 234 -167 275 -754 488 530 -398 -112 206 250 -203 412 -223 -112 72 -201 -98 101 -278 84 321 273 262 71 -207 108 77]
[397 212 -96 73 -383 64 142 -697 48 -212 24 -10 -269 405 -118 319 -69 -460 478 314 270 -92 -175 706 239 415 17 246 482 -853 600 -29 144]
[270 -116 244 -58 -941 244 -637 121 84 -170 -421 750 232 -418 -193 431 143 -172 300 16 -312 -129 308 -721 322 -355 -338 373 258 636 9 387 -322]
[65 429 -365 -269 -310 130 104 -501 500 -322 233 -605 -80 177 40 110 135 514 -75 287 189 -179 -349 501 -297 -63 284 -512 162 100 -313 138 351]
[-309 367 -247 439 304 34 408 503 -138 180 689 360 -210 452 -648 -204 136 -310 66 288 100 462 -164 9 -137 84 42 -416 490 210 -213 157 139]
[-223 49 324 -764 -195 380 -333 -46 -251 -607 38 -261 -376 355 -94 34 -523 425 -20 -70 -118 170 -273 -232 319 -434 228 -266 -117 -246 -150 -292 358]
[41 260 143 504 229 527 164 0 240 -427 577 -441 -218 293 166 49 80 206 -165 -510 -35 -375 902 250 -227 59 -302 190 -73 727 -218 -296 -220]
[183 196 126 165 -68 19 353 364 -244 144 -179 -177 -353 539 550 253 -125 -225 -194 -150 466 650 96 237 -396 -277 265 532 -456 44 174 -43 -286]
[-335 -287 224 93 107 88 -177 46 553 348 455 -267 -284 789 -474 132 -25 366 304 -9 130 428 38 -71 38 -413 223 -485 613 -451 -502 -73 -421]
[573 -467 -60 -610 -246 -297 106 46 477 -256 -253 -148 204 519 -224 401 -412 -143 -44 659 -33 -328 469 -34 410 -49 121 225 -229 -180 381 -149 -74]
[158 319 -149 269 -735 702 -51 54 -840 -179 -9 109 464 173 -129 -138 -129 86 152 95 593 323 -346 -683 86 -377 32 247 -279 -458 212 -26 79]
[218 -342 -367 556 -394 222 -1 -369 -551 127 -401 129 -103 59 516 -257 565 -450 653 -31 -71 57 140 204 -524 47 -362 137 -368 572 -105 898 547]
[-276 185 723 236 184 -418 -414 6 8 -78 54 15 -497 -83 -589 -112 -47 458 -10 252 57 -766 -130 -272 -63 259 248 309 -324 483 177 -185 -8]
[277 -99 -580 -135 173 315 292 157 401 -531 -66 515 -40 -289 476 277 603 359 468 306 -919 258 -248 -523 -236 258 17 -273 6 663 -493 67 -76]
[-129 65 229 131 -12 -248 -302 -766 275 240 -114 -315 59 -121 -4 144 547 -426 -285 63 584 -38 -118 206 -512 -15 -297 -442 122 258 546 195 -117]
[56 -620 -192 -850 758 -176 -495 155 614 118 150 -305 -372 -166 -448 -197 -147 -583 -128 209 -194 192 -251 -41 591 -813 79 310 116 -193 64 -257 200]
[-224 73 192 398 465 -256 -453 -689 -124 345 -482 15 -185 -342 -231 146 268 -369 15 -305 -396 -449 -840 533 -84 244 23 -25 -379 -39 -175 -153 -54]
[246 -56 -332 -68 -363 -700 -455 -491 564 -22 -152 -387 -265 289 226 133 -473 -370 438 642 -181 -495 -518 -116 5 -518 70 -387 -36 253 253 33 -240]
[106 -210 -656 130 -394 191 282 -57 534 -373 -174 169 -227 1038 -241 13 32 547 308 414 -26 79 23 242 247 -663 -403 -164 -439 589 -204 144 -772]]
