[phase 0]
score=7.666281576554671
squared_norm=1790212
coefficients=[0 1 0 -1 2 0 -1 2 -1 1 0 0 -1 -1 0 -1 0 0 0 -2 2 -1 1 1 0 -1 0 0 0 0 0 0 0]
vector=[-293 -60 150 254 135 -342 262 205 -135 91 208 165 259 251 -238 -4 -49 112 196 -66 403 -148 149 -299 622 -127 157 82 -290 -5 -260 -380 -3]

[phase 1]
score=0
squared_norm=1790212
coefficients=[1 0 0 0 0 0 0 0 0 0 0 0 0 0 0 0 0 0 0 0 0 0 0 0 0 0 0 0 0 0 0 0 0]
vector=[-293 -60 150 254 135 -342 262 205 -135 91 208 165 259 251 -238 -4 -49 112 196 -66 403 -148 149 -299 622 -127 157 82 -290 -5 -260 -380 -3]

